estFinal_msm11	sdFinal_msm11	X1	X2
9.31504717580572	0.170939813267773	8.98000514180088	9.65008920981055
9.1419790003683	0.168007027171088	8.81268522711296	9.47127277362363
9.14013066834969	0.157501061166137	8.83142858846406	9.44883274823532
8.89599563553109	0.167776451604877	8.56715379038553	9.22483748067665
9.2437367682359	0.179844894512707	8.89124077499099	9.5962327614808
8.93869821361266	0.178711241972506	8.58842417934655	9.28897224787877
9.13873131486927	0.175727620802089	8.79430517809717	9.48315745164136
9.20123301275236	0.175973119267084	8.85632569898887	9.54614032651584
8.92420813745086	0.161102626819758	8.60844698888413	9.23996928601759
9.10282603571514	0.168737876289573	8.77209979818758	9.4335522732427
8.85335622613278	0.156648575432951	8.54632501828419	9.16038743398136
9.21652653990504	0.173857185815626	8.87576645570641	9.55728662410366
8.9623988327428	0.165603121601749	8.63781671440337	9.28698095108223
9.16185335247495	0.177765252981082	8.81343345663203	9.51027324831787
8.96558359591207	0.161472760678781	8.64909698498166	9.28207020684248
9.22484085822884	0.170409716032662	8.89083781480482	9.55884390165286
8.88037019211765	0.16062270792393	8.56554968458675	9.19519069964855
8.86757931304553	0.158625906872171	8.55667253557607	9.17848609051498
8.74836449245909	0.159381082692791	8.43597757038122	9.06075141453696
9.00118265081162	0.163758215953893	8.68021654754199	9.32214875408125
9.13794742350838	0.17287805436786	8.79910643694737	9.47678841006938
8.91440409497792	0.157453397029949	8.60579543679922	9.22301275315662
9.00726442306366	0.175521399672979	8.66324247970462	9.3512863664227
9.12645353083473	0.169312185300937	8.7946016476449	9.45830541402457
9.01490066303744	0.175011014205024	8.6718790751956	9.35792225087929
8.69510211412069	0.159256799321758	8.38295878745005	9.00724544079134
8.92116302115623	0.156838389689025	8.61375977736574	9.22856626494672
8.80184138450959	0.155335753775924	8.49738330710878	9.1062994619104
9.29241973222563	0.177385724504099	8.9447437121976	9.64009575225367
8.94431875825683	0.167683335717272	8.61565942025098	9.27297809626269
8.7885496964993	0.16231503300031	8.47041223181869	9.1066871611799
8.88453165375696	0.160467360336777	8.57001562749687	9.19904768001704
8.95603816106061	0.157250943162566	8.64782631246198	9.26425000965924
8.6712055246721	0.158775988371588	8.36000458746379	8.98240646188041
9.49757180544228	0.178456073733896	9.14779790092384	9.84734570996071
9.0969482011896	0.179922728458714	8.74429965341051	9.44959674896868
9.02278882267037	0.182733888772891	8.6646304006755	9.38094724466523
8.63452512063389	0.157640606909897	8.32554953109049	8.94350071017728
9.08571939963748	0.159624553869838	8.7728552740526	9.39858352522237
9.24194419057747	0.161807006107382	8.924802458607	9.55908592254793
8.84640782823756	0.163020545106621	8.52688755982858	9.16592809664653
9.12890495459465	0.173586737828241	8.7886749484513	9.469134960738
8.80138929007904	0.160539211586953	8.48673243536861	9.11604614478947
9.00850457597072	0.173393856748186	8.66865261674428	9.34835653519716
8.85722469180422	0.154342775546528	8.55471285173303	9.15973653187542
9.19656266950272	0.160505397899492	8.88197208961972	9.51115324938573
8.66253118123472	0.159317574811412	8.35026873460435	8.97479362786509
8.97148814409518	0.166386518887034	8.64537056707659	9.29760572111377
9.3260422501496	0.172304907017801	8.98832463239471	9.66375986790449
8.9268039941446	0.154391183649219	8.62419727419213	9.22941071409706
9.18087694345328	0.163536828793164	8.86034475901868	9.50140912788788
8.78426063757708	0.161816021833439	8.46710123478354	9.10142004037062
9.07866396819959	0.151438919329582	8.78184368631361	9.37548425008557
8.96058690855993	0.170712270443698	8.62599085849028	9.29518295862958
8.97184638122234	0.167734331803954	8.64308709088659	9.30060567155809
8.86491494642464	0.170577582027415	8.5305828856509	9.19924700719837
8.71235068946219	0.15303117585084	8.41240958479455	9.01229179412984
8.90903328404682	0.148867164865442	8.61725364091055	9.20081292718309
8.98099025249045	0.166968344062671	8.65373229812762	9.30824820685329
9.27282455805412	0.167393473902267	8.94473334920567	9.60091576690256
8.99535449736654	0.173811052667125	8.65468483413897	9.3360241605941
9.09555255470261	0.15830594383557	8.78527290478489	9.40583220462032
8.83022651366063	0.164054663756844	8.50867937269721	9.15177365462404
9.13584286315074	0.167678401375449	8.80719319645486	9.46449252984661
9.00532118561102	0.170089941962678	8.67194489936417	9.33869747185787
8.78474359924566	0.156096283135209	8.47879488430065	9.09069231419067
9.15203301171431	0.163023253599001	8.83250743466026	9.47155858876835
9.05472970814378	0.162005937680039	8.7371980702909	9.37226134599665
8.71732834388609	0.164139335841912	8.39561524563595	9.03904144213624
8.88034826735521	0.159320288164288	8.56808050255321	9.19261603215722
9.26008189115161	0.170685694738029	8.92553792946508	9.59462585283815
8.86860848788543	0.165110432534712	8.54499204011739	9.19222493565347
9.16356349368029	0.182626606468012	8.80561534500298	9.52151164235759
9.20409327317565	0.176857126725569	8.85745330479353	9.55073324155777
9.1541396494995	0.17930594096239	8.80270000521321	9.50557929378578
8.93871292540148	0.170804518708378	8.60393606873306	9.27348978206991
9.01211165941684	0.162727133206396	8.69316647833231	9.33105684050138
9.01953168455119	0.180295768938404	8.66615197743191	9.37291139167046
9.00279908505982	0.167821405916315	8.67386912946384	9.3317290406558
9.13456565364987	0.172144611646246	8.79716221482323	9.47196909247651
8.73958869236797	0.161709038799367	8.42263897632121	9.05653840841472
9.1060420730137	0.167363691687642	8.77800923730592	9.43407490872147
8.98897172974124	0.168870756027182	8.65798504792796	9.31995841155451
8.8937524593678	0.173609026390859	8.55347876764172	9.23402615109388
9.03647679439467	0.171314673752083	8.70070003384059	9.37225355494875
8.8538446340995	0.154035369812539	8.55193530926693	9.15575395893208
8.93924774378375	0.155041603929401	8.63536620008212	9.24312928748538
9.00633079740372	0.155773443318901	8.70101484849867	9.31164674630876
8.90494194878262	0.155367127670395	8.60042237854864	9.20946151901659
9.19621737055315	0.171769213555689	8.859549711984	9.5328850291223
8.87137580086746	0.151271504555847	8.574883651938	9.16786794979692
9.20440330229793	0.174838803065679	8.8617192482892	9.54708735630667
8.96152342149128	0.163486569180389	8.64108974589771	9.28195709708484
9.18248384513666	0.169979583099701	8.84932386226125	9.51564382801208
9.05463706827024	0.168719160210392	8.72394751425787	9.38532662228261
8.96845605842665	0.174116187218718	8.62718833147797	9.30972378537534
9.00325071243125	0.172966397684712	8.66423657296922	9.34226485189329
9.06770390673903	0.175095074325305	8.72451756106143	9.41089025241663
9.01625839477589	0.160988482225161	8.70072096961457	9.3317958199372
9.13672319927919	0.171189972148989	8.80119085386717	9.47225554469121
9.00667019163681	0.16914869701124	8.67513874549478	9.33820163777884
9.20371765346501	0.15633356039656	8.89730387508775	9.51013143184227
8.85215652165935	0.15247054921036	8.55331424520705	9.15099879811166
8.87046092434878	0.167631062916132	8.54190404103316	9.1990178076644
9.31588780052225	0.178446481978843	8.96613269584371	9.66564290520078
8.69442927657125	0.153614953471204	8.39334396776769	8.99551458537482
9.13399931668973	0.168366761178745	8.80400046477939	9.46399816860007
8.93589889401435	0.163605849166289	8.61523142964843	9.25656635838028
9.04593644647017	0.162923990994556	8.72660542412084	9.3652674688195
8.99318340110484	0.184225565316637	8.63210129308424	9.35426550912545
8.9029475476713	0.168978419289492	8.5717498458639	9.2341452494787
8.80744206946567	0.158834652481549	8.49612615060183	9.1187579883295
9.00492462989401	0.16440393704463	8.68269291328653	9.32715634650148
9.04944791211169	0.172189870763267	8.71195576541568	9.38694005880769
8.92783276449878	0.168625408328147	8.59732696417562	9.25833856482195
8.83975814603638	0.169528032955303	8.50748320144399	9.17203309062878
8.87909076104444	0.154195494855166	8.57686759112832	9.18131393096057
9.01800329068383	0.174887411492576	8.67522396415839	9.36078261720928
9.05146290697439	0.169255052667389	8.71972300374631	9.38320281020247
8.92940349849513	0.164318979148238	8.60733829936458	9.25146869762567
9.02296333848703	0.183474381898214	8.66335354996653	9.38257312700753
8.61068785909982	0.15593567974428	8.30505392680103	8.91632179139861
8.96303844937548	0.169902615480151	8.63002932303438	9.29604757571657
9.14065892174452	0.166213369349727	8.81488071781905	9.46643712566999
9.09428490749838	0.164770075125272	8.77133556025284	9.41723425474391
9.14210545376701	0.168850705069788	8.81115807183023	9.47305283570379
8.79927958442249	0.159648078982473	8.48636934961685	9.11218981922814
8.89484691200718	0.159117469771123	8.58297667125578	9.20671715275859
9.29463656683083	0.1697847135384	8.96185852829557	9.62741460536609
8.90517869713913	0.160252918242152	8.59108297738451	9.21927441689374
8.70778966322808	0.165594179135332	8.38322507212282	9.03235425433333
9.11636569365644	0.165836424280571	8.79132630206652	9.44140508524636
9.06998808724018	0.161910010934683	8.7526444658082	9.38733170867216
9.00053517906391	0.165132125329405	8.67687621341828	9.32419414470954
8.90434033867602	0.153810209223583	8.6028723285978	9.20580834875424
9.02671749655247	0.170322370947948	8.69288564949449	9.36054934361045
9.00003394485012	0.163653152079159	8.67927376677497	9.32079412292527
9.02914530042216	0.178680270867003	8.67893196952284	9.37935863132149
9.04600303135211	0.178610441579584	8.69592656585612	9.39607949684809
8.96171426914872	0.157046787671503	8.65390256531258	9.26952597298487
9.0260383813321	0.167991465248933	8.69677510944419	9.35530165322001
9.22623288039893	0.160952460615548	8.91076605759246	9.54169970320541
8.95173246126748	0.162355831934046	8.63351503067675	9.26994989185821
9.01977751348867	0.182279434198727	8.66250982245917	9.37704520451818
9.02816437615581	0.156308507878135	8.72179970071467	9.33452905159696
8.83409468465838	0.158517020391284	8.52340132469147	9.1447880446253
8.90746595612613	0.172507198388373	8.56935184728492	9.24558006496734
8.82016122880649	0.15561804831668	8.5151498541058	9.12517260350719
9.03290967275537	0.169898154842501	8.69990928926407	9.36591005624667
9.31838090241509	0.176776296485302	8.9718993613039	9.66486244352628
8.93405135202796	0.163603745392881	8.61338801105791	9.254714692998
9.04367329785062	0.179708807861628	8.69144403444183	9.39590256125942
8.92833742424502	0.160482396226593	8.6137919276409	9.24288292084915
8.77336104125989	0.155018834001382	8.46952412661719	9.0771979559026
8.85186419223391	0.165997680827466	8.52650873781208	9.17721964665575
9.25156703485232	0.165988015119801	8.92623052521751	9.57690354448713
8.93334243422802	0.169448675833675	8.60122302959402	9.26546183886202
9.06022065452189	0.164935123163968	8.73694781312051	9.38349349592327
9.14605404326966	0.178392024408262	8.79640567542946	9.49570241110985
9.42401894745958	0.173216814945823	9.08451399016577	9.7635239047534
8.93793605720978	0.160889586827682	8.62259246702753	9.25327964739204
8.87051442058856	0.16585254263508	8.5454434370238	9.19558540415331
8.92688537755093	0.16529416086037	8.60290882226461	9.25086193283726
9.24837563758551	0.170696162719475	8.91381115865534	9.58294011651569
9.09230541122706	0.169083658920964	8.76090143974197	9.42370938271215
8.98862954177704	0.169499703797854	8.65641012233325	9.32084896122084
8.92502903859752	0.168846287026208	8.59409031602615	9.25596776116889
9.24125976015086	0.18816219703245	8.87246185396726	9.61005766633447
9.43826481389755	0.187028985909448	9.07168800151503	9.80484162628006
9.18719230341547	0.169110955985176	8.85573482968452	9.51864977714641
9.10185988954711	0.167599146502621	8.77336556240198	9.43035421669225
8.96714685090823	0.159481343182316	8.65456341827089	9.27973028354557
9.04493265613183	0.166677510095992	8.71824473634369	9.37162057591997
8.74216457053078	0.161421987340845	8.42577747534273	9.05855166571884
8.62122275853324	0.16853466666851	8.29089481186296	8.95155070520352
9.45914103797177	0.187895311799304	9.09086622684513	9.8274158490984
8.86714730373459	0.162694499835616	8.54826608405678	9.1860285234124
9.06934808373672	0.180713822143351	8.71514899233575	9.42354717513769
9.20026046394923	0.168427779821702	8.87014201549869	9.53037891239976
8.78158308595314	0.160587639148739	8.46683131322162	9.09633485868467
9.05221534746377	0.16513176939137	8.72855707945668	9.37587361547085
8.98815765566794	0.173189012082843	8.64870719198557	9.32760811935032
9.06970668739128	0.160192874351235	8.75572865366286	9.3836847211197
9.20778705126141	0.161352492456169	8.89153616604732	9.5240379364755
8.8225317697718	0.168829215545701	8.49162650730223	9.15343703224137
8.96497979441927	0.161544763184508	8.64835205857764	9.28160753026091
8.9284963539126	0.160187494682751	8.6145288643344	9.24246384349079
8.68373454969346	0.172082692140306	8.34645247309846	9.02101662628846
8.84332646044892	0.162640241405209	8.52455158729471	9.16210133360313
9.38248615119292	0.174833479854893	9.03981253067733	9.72515977170851
8.67742901347115	0.165765786017986	8.3525280728759	9.0023299540664
8.76214661297669	0.169583071763433	8.42976379232036	9.09452943363301
8.80122975386007	0.15657963949448	8.49433366045089	9.10812584726925
8.80648228759278	0.151990403142172	8.50858109743413	9.10438347775144
9.07596108503147	0.170670503211013	8.74144689873788	9.41047527132505
8.92630872966486	0.170235636871756	8.59264688139622	9.25997057793351
8.82055372253894	0.158919293983961	8.50907190633038	9.13203553874751
8.56216790300142	0.150960380405194	8.26628555740724	8.8580502485956
8.5795890364592	0.160034911024869	8.26592061085045	8.89325746206794
9.02665819565986	0.165581962215126	8.70211754971821	9.35119884160151
8.88333047239944	0.171945925343468	8.54631645872625	9.22034448607264
8.75015886904123	0.165353669754625	8.42606567632216	9.07425206176029
8.83730379042343	0.155450606914746	8.53262060087053	9.14198697997633
8.89623282440234	0.167778013326086	8.56738791828321	9.22507773052147
9.14261751007929	0.160808862171757	8.82743214022265	9.45780287993594
9.3313041788497	0.173487290115384	8.99126909022355	9.67133926747585
9.14832482230998	0.171183981575058	8.81280421842286	9.48384542619709
9.33931225947135	0.181274604774797	8.98401403411275	9.69461048482996
8.9746336997618	0.174284308060996	8.63303645596225	9.31623094356136
9.02750873266741	0.173541804877987	8.68736679510655	9.36765067022826
8.80967283158317	0.156703492754297	8.50253398578475	9.1168116773816
8.96131558232786	0.160857021064	8.64603582104242	9.2765953436133
8.80335815573067	0.178552353116611	8.45339554362211	9.15332076783923
9.11983763960882	0.164840615487011	8.79675003325428	9.44292524596337
8.83932349862091	0.163044987149065	8.51975532380874	9.15889167343307
8.87697300631049	0.165500174433362	8.5525926644211	9.20135334819988
9.15950074700749	0.169027599573119	8.82820665184418	9.4907948421708
8.94266675478346	0.168389065954137	8.61262418551335	9.27270932405357
9.16493510241511	0.186676788749007	8.79904859646705	9.53082160836316
8.92532645248123	0.165641381630345	8.60066934448576	9.24998356047671
8.96466430444099	0.181401904546604	8.60911657152964	9.32021203735233
9.01406413710118	0.15960392039122	8.70124045313439	9.32688782106798
8.78917683115396	0.163461264587129	8.46879275256319	9.10956090974473
8.79642414296679	0.160666717723623	8.48151737622849	9.11133090970509
9.13544090380369	0.186511187127292	8.7698789770342	9.50100283057318
8.9523978720353	0.164108929352344	8.63074437050471	9.2740513735659
8.97011474392493	0.171589910867616	8.6337985186244	9.30643096922546
8.86824953095222	0.153526406050371	8.56733777509349	9.16916128681095
8.9595223801787	0.173280593759938	8.61989241640923	9.29915234394818
8.6527513983802	0.156722025924803	8.34557622756758	8.95992656919281
8.74036432724431	0.168571865158913	8.40996347153284	9.07076518295578
9.01633833578537	0.167420615449311	8.68819392950472	9.34448274206602
9.06460300703497	0.168770962579864	8.73381192037844	9.3953940936915
8.91305299553254	0.164446420260377	8.5907380118222	9.23536797924288
9.00096471526887	0.154615903698876	8.69791754401908	9.30401188651867
9.19454879767789	0.172940185045146	8.85558603498941	9.53351156036638
9.20112470448533	0.167566131650069	8.87269508645119	9.52955432251946
8.99385667615191	0.16599486106118	8.66850674847199	9.31920660383182
9.14916268645931	0.169459450875075	8.81702216274416	9.48130321017446
8.99030436451813	0.165749873112064	8.66543461321849	9.31517411581777
9.1766343903438	0.170237402040173	8.84296908234506	9.51029969834254
8.66171277009818	0.164610762543059	8.33907567551379	8.98434986468258
8.96335137592331	0.165250778918857	8.63945984924235	9.28724290260427
8.93504592167509	0.157124687136146	8.62708153488825	9.24301030846194
8.84767146282807	0.155885375555581	8.54213612673913	9.153206798917
9.06512393021751	0.167602482823531	8.73662306388339	9.39362479655163
9.09216704513941	0.165424366021095	8.76793528773807	9.41639880254076
9.11595635205238	0.162949010177853	8.79657629210379	9.43533641200098
9.41076186991402	0.174908361957567	9.06794148047719	9.75358225935086
9.21108820541823	0.163473996945845	8.89067917140438	9.53149723943209
9.11334928171578	0.173977511541318	8.7723533590948	9.45434520433676
9.29929476098716	0.16404193221495	8.97777257384586	9.62081694812847
9.14161498137731	0.169560622145046	8.80927616197302	9.4739538007816
9.15707502658317	0.166946796562512	8.82985930532064	9.48429074784569
8.98255294777087	0.169828073902257	8.64968992292245	9.31541597261929
8.95705482334198	0.159816786002049	8.64381392277796	9.27029572390599
8.90137759862814	0.159109541577343	8.58952289713655	9.21323230011973
8.72409751563545	0.177078573465453	8.37702351164316	9.07117151962774
8.96615613835454	0.163756238140271	8.64519391159961	9.28711836510947
9.2705450302284	0.174093530047967	8.92932171133439	9.61176834912242
8.99919612373206	0.165996210169685	8.67384355179948	9.32454869566465
9.18804363106721	0.166261757929045	8.86217058552628	9.51391667660814
8.99676029287058	0.167127612988294	8.66919017141352	9.32433041432763
8.6457539698567	0.172371205051469	8.30790640795582	8.98360153175758
8.85633284701965	0.15832914442925	8.54600772393832	9.16665797010098
9.07106214912303	0.166772072433852	8.74418888715268	9.39793541109338
8.88033909067158	0.166765412630471	8.55347888191586	9.2071992994273
8.85836246127657	0.168560681479454	8.52798352557684	9.1887413969763
8.99902652977358	0.16455415139625	8.67650039303693	9.32155266651023
8.98828866190357	0.159177154066548	8.67630143993314	9.30027588387401
9.02156453438594	0.159042736461267	8.70984077092186	9.33328829785003
8.84879673673958	0.175187608914774	8.50542902326662	9.19216445021254
9.09678467007239	0.168298911335018	8.76691880385575	9.42665053628902
9.13419086354829	0.16037010519844	8.81986545735934	9.44851626973723
9.20668032115461	0.180252487371057	8.85338544590734	9.55997519640188
8.91541720043603	0.156677669094578	8.60832896901065	9.2225054318614
8.75541766882578	0.157770659210948	8.44618717677232	9.06464816087924
8.91267628077053	0.153395455146972	8.61202118868246	9.21333137285859
9.03487993022935	0.174445355473008	8.69296703350225	9.37679282695644
9.02612197806216	0.161513437043991	8.70955564145594	9.34268831466839
9.01613081210306	0.168081793746419	8.68669049636008	9.34557112784604
8.76395676587835	0.162563405008112	8.44533249206245	9.08258103969425
8.97926069860973	0.164048717894864	8.6577252115358	9.30079618568366
9.0296969951421	0.170156393055916	8.6961904647525	9.36320352553169
8.90655804238619	0.167981627890199	8.5773140517214	9.23580203305098
8.84113523098435	0.17220390539354	8.50361557641302	9.17865488555569
9.02863952577671	0.172335179248241	8.69086257445016	9.36641647710327
8.75436448868581	0.15412665436416	8.45227624613206	9.05645273123957
8.98604802109514	0.169519035920537	8.65379071069089	9.31830533149939
8.9828369603864	0.166489977513616	8.65651660445971	9.30915731631308
9.35327780298644	0.169005370583824	9.02202727664215	9.68452832933074
9.0710651674239	0.173888882911755	8.73024295691686	9.41188737793094
8.87774754076612	0.164642113377029	8.55504899854715	9.2004460829851
8.92828719397553	0.177519973317196	8.58034804627382	9.27622634167723
9.19954163392858	0.171597934787082	8.8632096817459	9.53587358611126
9.01344058114612	0.165878070128951	8.68831956369337	9.33856159859886
8.98297699100183	0.173700012705187	8.64252496609967	9.323429015904
8.93976132514272	0.165190842777033	8.61598727329974	9.2635353769857
8.95830709440484	0.162056328171647	8.64067669118842	9.27593749762127
9.07289202597441	0.165663170962502	8.74819221088791	9.39759184106092
9.04333042948282	0.183727725478048	8.68322408754584	9.40343677141979
8.98706546262436	0.169936793815462	8.65398934674606	9.32014157850267
8.79567218760419	0.156653068125191	8.48863217407882	9.10271220112957
8.77858573577464	0.145960330295959	8.49250348839456	9.06466798315472
8.89723458466188	0.172384953057308	8.55936007666956	9.2351090926542
8.66087748244258	0.160937185850418	8.34544059817577	8.9763143667094
9.12012091020972	0.157580426810368	8.8112632736614	9.42897854675805
9.31898114721747	0.174079457421001	8.97778541067231	9.66017688376264
9.03414016236765	0.168964906479707	8.70296894566742	9.36531137906787
9.28632755597395	0.172835006638477	8.94757094296254	9.62508416898537
9.01583849863099	0.159344851088129	8.70352259049826	9.32815440676372
9.02674331165371	0.175224620056215	8.68330305634353	9.37018356696389
8.99051281161696	0.162892831908063	8.67124286107716	9.30978276215676
8.89098076711006	0.165250598743656	8.5670895935725	9.21487194064763
8.88982533055704	0.163632959181837	8.56910473056064	9.21054593055344
9.11631879180148	0.169180040638956	8.78472591214913	9.44791167145384
9.04131328525536	0.168553992225404	8.71094746049357	9.37167911001715
9.16135187219572	0.163577571823189	8.84073983142227	9.48196391296917
9.15312534384379	0.177557016908301	8.80511359070352	9.50113709698406
9.09214730308343	0.161338991861488	8.77592287903491	9.40837172713194
8.98720084232362	0.165639161402136	8.66254808597544	9.31185359867181
8.99117308128089	0.166972529360315	8.66390692373468	9.31843923882711
9.00860508330191	0.170996008117866	8.67345290739089	9.34375725921293
9.25370872954427	0.168496034891455	8.92345650115702	9.58396095793152
9.09229215613638	0.165735786909895	8.76745001379298	9.41713429847977
8.86671001290772	0.159126687032109	8.55482170632478	9.17859831949065
8.94546427544212	0.164820978303179	8.62241515796789	9.26851339291635
9.07153440714486	0.167598135681642	8.74304206120884	9.40002675308088
9.00240472427708	0.168669967162225	8.67181158863912	9.33299785991504
9.25984790771203	0.166212964780001	8.93407049674323	9.58562531868083
9.0258114004482	0.167775777599519	8.69697087635314	9.35465192454325
8.94281192296976	0.15675109684454	8.63557977315447	9.25004407278506
9.24199748065323	0.168376251393978	8.91198002792103	9.57201493338543
9.1661696873764	0.169950155937258	8.83306738173937	9.49927199301342
9.14803091308992	0.171090470801562	8.81269359031885	9.48336823586098
8.86239796951863	0.153284553930256	8.56196024381533	9.16283569522193
9.16588490747049	0.177524883437153	8.81793613593367	9.51383367900731
8.94910119530282	0.175717084854812	8.60469570898739	9.29350668161825
9.06665474433575	0.164845747217636	8.74355707978918	9.38975240888231
8.8249053275757	0.173739539017768	8.48437583110088	9.16543482405053
8.90915204489067	0.163668537798637	8.58836171080534	9.22994237897599
9.08642234352596	0.161381409845587	8.77011478022861	9.40272990682331
8.9348333498784	0.159856954832144	8.6215137184074	9.2481529813494
8.72978882655237	0.157566518958131	8.42095844939444	9.03861920371031
8.71349596350329	0.163596406490062	8.39284700678277	9.03414492022382
8.80380223832532	0.156627320064366	8.49681269099916	9.11079178565148
8.96308309160277	0.153475333138909	8.6622714386505	9.26389474455503
9.20812333252689	0.162313627955106	8.88998862173488	9.5262580433189
8.9853660053896	0.171215379651078	8.64978386127349	9.32094814950572
8.9452236457111	0.164302586399011	8.62319057636904	9.26725671505316
9.10492448318117	0.173281528288553	8.76529268773561	9.44455627862674
9.07358864699454	0.179839936305746	8.72110237183528	9.4260749221538
9.15255074234847	0.17762755216629	8.80440074010254	9.5007007445944
9.2833199887319	0.173857028200775	8.94256021345838	9.62407976400542
8.96088760424377	0.176320193546877	8.61530002489189	9.30647518359564
9.09035073127939	0.16731186274067	8.76241948030768	9.4182819822511
9.0886356831075	0.170589425156927	8.75428040979993	9.42299095641508
8.95158994806094	0.163749507065231	8.63064091421309	9.27253898190879
9.09685603158003	0.186307695910496	8.73169294759546	9.4620191155646
9.13642494659218	0.164291651606814	8.81441330944282	9.45843658374153
9.29811077341056	0.170125455875272	8.96466487989502	9.63155666692609
8.65759347492054	0.166969424176465	8.33033340353467	8.98485354630641
9.33553854567975	0.174334944046629	8.99384205534836	9.67723503601114
9.1389341906792	0.18103330831716	8.78410890637757	9.49375947498084
9.12117554857618	0.172185082007286	8.7836927878419	9.45865830931046
9.04546690199667	0.167169943483358	8.71781381276929	9.37311999122406
8.95034477198312	0.170422948274501	8.6163157933651	9.28437375060114
9.06661207932798	0.160437952435043	8.75215369255529	9.38107046610066
9.11256531815128	0.176279853859138	8.76705680458737	9.45807383171519
8.72569123249639	0.146517979241839	8.43851599318239	9.0128664718104
8.93802583124092	0.162044730657125	8.62041815915295	9.25563350332888
9.08472082951401	0.164748770535205	8.76181323926501	9.40762841976301
8.96089545381383	0.162709887411998	8.64198407448631	9.27980683314134
8.95352107847807	0.160423036012078	8.6390919278944	9.26795022906175
8.83494560164568	0.160946715327985	8.51949003960283	9.15040116368853
8.79470677091427	0.16258597912574	8.47603825182782	9.11337529000072
9.07707003445826	0.162402441670083	8.7587612487849	9.39537882013163
8.99307935062981	0.172532918428161	8.65491483051061	9.331243870749
9.11091626827316	0.163796574158859	8.7898749829218	9.43195755362452
8.85808636074968	0.168477666312588	8.52787013477701	9.18830258672235
8.92593654930868	0.173462145223991	8.58595074466966	9.2659223539477
8.98461610663698	0.169515437193614	8.6523658497375	9.31686636353647
9.02100067972816	0.157094010182601	8.71309641977026	9.32890493968605
8.97969145952582	0.156159951660656	8.67361795427093	9.28576496478071
9.33262505348594	0.179589882500341	8.98062888378528	9.68462122318661
9.04465603719612	0.176106687723644	8.69948692925778	9.38982514513447
8.93509514631444	0.166815319227324	8.60813712062888	9.26205317199999
9.0838074174209	0.169739105842997	8.75111876996863	9.41649606487317
9.10895330877506	0.174835935402392	8.76627487538637	9.45163174216374
9.30046910475123	0.180358067658764	8.94696729214006	9.65397091736241
9.04421742636891	0.163523008148211	8.72371233039841	9.3647225223394
8.86594333444733	0.158069670221645	8.5561267808129	9.17575988808175
8.86863782228965	0.161070941343255	8.55293877725687	9.18433686732243
9.01190791729187	0.182913304280306	8.65339784090247	9.37041799368127
8.8302459642631	0.169134096062824	8.49874313597997	9.16174879254624
8.88099551959897	0.165450571489032	8.55671239948046	9.20527863971747
8.96202818473478	0.16627972283169	8.63611992798467	9.28793644148489
9.03521059267035	0.155815135243224	8.72981292759363	9.34060825774707
8.87475517255517	0.16165003623979	8.55792110152518	9.19158924358515
9.00057704511734	0.175782275978753	8.65604378419898	9.3451103060357
9.1244574104168	0.179539517179913	8.77255995674416	9.47635486408943
8.81473464336916	0.177250601204346	8.46732346500864	9.16214582172968
8.99217568423894	0.175720747675746	8.64776301879447	9.3365883496834
9.11735353716533	0.170426420431833	8.78331775311894	9.45138932121172
9.04760220732951	0.157114072895414	8.7396586244545	9.35554579020452
9.12083137004725	0.166923352257809	8.79366159962194	9.44800114047255
9.23629419542874	0.181030375185292	8.88147466006556	9.59111373079191
8.56163005942704	0.149118951482872	8.26935691452061	8.85390320433347
8.78594900800249	0.158709535627738	8.47487831817213	9.09701969783286
9.08098017479513	0.163534137825173	8.76045326465779	9.40150708493247
8.8698605340844	0.171520268133886	8.53368080854199	9.20604025962682
8.81218641420316	0.154377750448871	8.50960602332337	9.11476680508295
9.16758726157491	0.180853734829071	8.81311394130993	9.52206058183989
9.21810954687093	0.180190816676077	8.86493554618582	9.57128354755604
9.11108057432404	0.175736313413809	8.76663740003297	9.45552374861511
9.04588324048901	0.166684541673999	8.71918153880797	9.37258494217005
9.18462617464444	0.166008466164635	8.85924958096176	9.51000276832713
8.94247749900017	0.172807265500815	8.60377525861857	9.28117973938176
8.96399363204346	0.162234377367869	8.64601425240244	9.28197301168449
9.23024835750497	0.185755253067955	8.86616806149178	9.59432865351816
8.71950373821521	0.163816264370801	8.39842386004844	9.04058361638198
8.8279150987992	0.160849249670408	8.5126505694452	9.1431796281532
8.88967816519567	0.162554797511892	8.57107076207236	9.20828556831898
9.04654480748913	0.168646646292686	8.71599738075546	9.37709223422279
9.10543639337881	0.161184909295191	8.78951397116023	9.42135881559738
9.19400499509735	0.165297598555328	8.87002170192891	9.51798828826579
9.0950102942237	0.165251163698634	8.77111801337437	9.41890257507302
9.1424161560115	0.179230942421734	8.7911235088649	9.49370880315809
8.61387111153064	0.158992327694577	8.30224614924926	8.92549607381201
8.90598936170676	0.152898490786248	8.60630831976571	9.2056704036478
8.82012722607626	0.169175257252751	8.48854372186087	9.15171073029165
9.19039809016621	0.161441371725398	8.87397300158442	9.50682317874799
9.05399915601401	0.174640348192806	8.71170407355611	9.39629423847191
8.93523036286244	0.163475440750701	8.61481849899107	9.25564222673382
8.78588334477099	0.167874324925804	8.45684966791642	9.11491702162557
8.94669632938824	0.171241577634848	8.61106283722393	9.28232982155254
9.05913621792965	0.160178471527217	8.7451864137363	9.37308602212299
8.84696904494854	0.161759332764194	8.52992075273071	9.16401733716636
9.27765738186098	0.16633903498402	8.9516328732923	9.60368189042966
8.99254270873993	0.16363313821273	8.67182175784297	9.31326365963688
9.05845784392992	0.16767362583967	8.72981753728417	9.38709815057567
9.13588845591088	0.154088991423484	8.83387403272085	9.43790287910091
8.9874219310787	0.168462248350723	8.65723592431129	9.31760793784612
9.04369659792382	0.173000501768069	8.70461561445841	9.38277758138924
8.76795849761036	0.157790770166286	8.45868858808444	9.07722840713628
9.21060481403512	0.176345898868396	8.86496685225306	9.55624277581717
8.99001777870876	0.163991264159791	8.66859490095557	9.31144065646195
9.24665321404209	0.166858927892623	8.91960971537255	9.57369671271163
8.82261421271864	0.157787604458501	8.51335050797998	9.1318779174573
8.56920394885098	0.156119750257896	8.2632092383455	8.87519865935645
9.01671018814982	0.179413878334498	8.66505898661421	9.36836138968544
9.18810856296244	0.177978297183069	8.83927110048362	9.53694602544125
9.12799635698734	0.171555319604263	8.79174793056298	9.4642447834117
8.95333508907831	0.156635657726644	8.64632919993409	9.26034097822253
9.24732574097135	0.176073429887259	8.90222181839232	9.59242966355038
9.10322268346564	0.157822364230244	8.79389084957436	9.41255451735692
8.96223472823889	0.157710696538515	8.6531217630234	9.27134769345438
9.28208326114853	0.174390185809578	8.94027849696176	9.62388802533531
8.44214388458214	0.152186106307133	8.14385911622016	8.74042865294412
8.60008859275643	0.154417088557719	8.2974310991833	8.90274608632956
8.92179497996314	0.167720502413744	8.59306279523221	9.25052716469408
9.15933987651938	0.165071938008422	8.83579887802287	9.48288087501588
8.81770975828455	0.156080769466736	8.51179145012974	9.12362806643935
9.04329432801353	0.164774468373828	8.72033637000082	9.36625228602623
9.02559466986179	0.164998829213154	8.70219696460401	9.34899237511957
8.94807780954389	0.166588984316618	8.62156340028332	9.27459221880446
9.20780711657651	0.1725248348099	8.8696584403491	9.54595579280391
8.98192108489343	0.154833154205578	8.6784481026505	9.28539406713636
9.00107334387879	0.170254454736325	8.6673746125956	9.33477207516199
8.97458198596745	0.158361897308994	8.66419266724182	9.28497130469308
9.20518708820277	0.18056461926054	8.85128043445211	9.55909374195343
9.04323766122549	0.155448584434884	8.73855843573312	9.34791688671787
8.80411004943537	0.166203511113314	8.47835116765328	9.12986893121747
9.01901825086577	0.165496420546912	8.69464526659382	9.34339123513772
8.87667307165652	0.178606112569875	8.52660509101956	9.22674105229347
8.93531915141688	0.151169689046686	8.63902656088537	9.23161174194838
8.86749825389913	0.178787279252029	8.51707518656516	9.21792132123311
9.16011419837036	0.1782399902753	8.81076381743078	9.50946457930995
8.9243313519665	0.157371417073727	8.61588337450199	9.232779329431
8.86224904669786	0.159378560731579	8.54986706766397	9.17463102573176
9.00457146088493	0.164096130897874	8.6829430443251	9.32619987744476
9.18680431109725	0.181525114409851	8.83101508685395	9.54259353534056
9.05913006637477	0.173392827950162	8.71928012359245	9.39898000915708
9.33144762941856	0.166789802092572	9.00453961731712	9.65835564152001
9.28555797780694	0.190815110975738	8.91156036029449	9.65955559531939
9.00193161152299	0.16036930123469	8.687607781103	9.31625544194299
8.96276584217919	0.158899628844946	8.6513225696431	9.27420911471529
8.93448578001114	0.167089385426008	8.60699058457617	9.26198097544612
9.10991619293869	0.182329325884538	8.75255071420499	9.46728167167238
9.30568900270879	0.173165107295345	8.96628539240991	9.64509261300767
8.68146389552629	0.154043494074725	8.37953864713982	8.98338914391275
8.99425991821636	0.162457851469028	8.67584252933706	9.31267730709565
8.9605002327905	0.171316516298802	8.62471986084484	9.29628060473615
9.3457124259764	0.180386272403708	8.99215533206513	9.69926951988767
9.28412526453607	0.174810126156029	8.94149741727025	9.62675311180189
8.95947244845836	0.176242234451271	8.61403766893387	9.30490722798285
9.1009172904911	0.163028439668193	8.78138154874144	9.42045303224076
9.02100856820925	0.165665640870662	8.69630391210276	9.34571322431575
8.71788340858053	0.159670814062696	8.40492861301765	9.03083820414342
8.71273606745619	0.163363436339431	8.39254373223091	9.03292840268148
8.91032499129735	0.163630609150409	8.58960899736255	9.23104098523215
8.81120473344787	0.165492811547829	8.48683882281413	9.13557064408162
9.00657552221345	0.176806988583394	8.66003382459	9.3531172198369
8.74363227710001	0.153899192778661	8.44198985925384	9.04527469494619
8.96339363183259	0.161362273249798	8.64712357626298	9.27966368740219
8.79962513948977	0.15986520504415	8.48628933760324	9.1129609413763
9.01803711602315	0.166032929254831	8.69261257468368	9.34346165736262
9.0253669574915	0.168367296112532	8.69536705711094	9.35536685787206
9.06926246167851	0.180813227867363	8.71486853505848	9.42365638829854
9.08368884137147	0.16771509829188	8.75496724871938	9.41241043402355
8.89866366180754	0.158442387064009	8.58811658316208	9.20921074045299
8.78772058182202	0.179841301414937	8.43523163104874	9.14020953259529
8.97632887404614	0.165150456143665	8.65263398000455	9.30002376808772
8.94017253121242	0.173458747966687	8.60019338519772	9.28015167722713
8.86665846295489	0.161705937812159	8.54971482484306	9.18360210106672
9.21384059373367	0.176428341132563	8.86804104511385	9.5596401423535
8.86928895814937	0.1651427718932	8.54560912523869	9.19296879106004
9.10283563082648	0.177803559768875	8.75434065367949	9.45133060797348
9.04025953150814	0.160344849462479	8.72598362656169	9.3545354364546
9.13149837100539	0.164191862313153	8.80968232087161	9.45331442113917
9.18082516046555	0.16226954027406	8.8627768615284	9.49887345940271
9.23347915394739	0.170994802385726	8.89832934127137	9.56862896662342
9.06814461183006	0.1754676776895	8.72422796355864	9.41206126010148
8.92289781278447	0.165078352893729	8.59934424111276	9.24645138445618
9.08937781721571	0.176360567071121	8.74371110575632	9.43504452867511
8.76533233410444	0.150216614415917	8.47090776984925	9.05975689835964
8.83620745667296	0.164093878898019	8.51458345403284	9.15783145931308
9.08541677676439	0.184865194248022	8.72308099603827	9.44775255749052
8.93977213353728	0.177253065033267	8.59235612607208	9.28718814100248
8.88220366564172	0.176330938926502	8.53659502534578	9.22781230593766
9.14972268894315	0.185109825030569	8.78690743188323	9.51253794600306
9.28743790300499	0.157457098377963	8.97882199018419	9.5960538158258
9.17427597015935	0.179930834798329	8.82161153395462	9.52694040636407
8.87242017371804	0.171490646743819	8.53629850610015	9.20854184133592
9.0287673582288	0.158558446577901	8.71799280293611	9.33954191352148
9.36166125638878	0.16367522896452	9.04085780761832	9.68246470515924
8.99356133383097	0.168765849942735	8.66278026794321	9.32434239971873
8.8838368507053	0.15592314357063	8.57822748930687	9.18944621210374
8.81346644863262	0.157097919480393	8.50555452645106	9.12137837081419
8.84895268299646	0.157463474100212	8.54032427376005	9.15758109223288
9.07263203505482	0.163342331277067	8.75248106575177	9.39278300435787
8.81628689819845	0.168725685254919	8.48558455509881	9.1469892412981
8.79156540870235	0.15019541600528	8.497182393332	9.08594842407269
8.70677057396473	0.163405418917168	8.38649595288708	9.02704519504238
8.81368375686941	0.165303359198353	8.48968917284064	9.13767834089818
9.05953565376223	0.159232939584495	8.74743909217662	9.37163221534784
9.27189610620128	0.175983147314426	8.926969137465	9.61682307493755
9.01380756853276	0.155154864374528	8.70970403435868	9.31791110270683
9.12880879799032	0.179237617733358	8.77750306723294	9.4801145287477
9.10766919838703	0.180044934167118	8.75478112741948	9.46055726935458
8.88601137847152	0.164407766417804	8.56377215629263	9.20825060065042
8.94035697415413	0.173658726058577	8.59998587107932	9.28072807722894
9.19186965791331	0.166357930046991	8.86580811502121	9.51793120080541
9.02321575502625	0.168982303948152	8.69201043928788	9.35442107076463
9.02816146849234	0.166957262687755	8.70092523362434	9.35539770336034
8.78953945717664	0.163096645037404	8.46987003290333	9.10920888144995
8.81727436415608	0.174073305910578	8.47609068457135	9.15845804374082
8.98716514433297	0.168643997370024	8.65662290948773	9.31770737917822
9.12174364837431	0.175450702398725	8.77786027167281	9.46562702507581
8.89694040113802	0.172082997238909	8.55965772654976	9.23422307572629
8.96106770985903	0.16680965893871	8.63412077833915	9.2880146413789
9.0093565855223	0.15491463041689	8.70572390990519	9.3129892611394
8.75564137555013	0.168115916938783	8.42613417835012	9.08514857275014
9.02819445482781	0.168040418982201	8.6988352336227	9.35755367603293
8.81303057987505	0.162185800567993	8.49514641076179	9.13091474898832
8.97681293640864	0.165222704386749	8.65297643581062	9.30064943700667
9.38997476191019	0.173003679633765	9.05088754982801	9.72906197399237
8.99021113065957	0.160233848290366	8.67615278801045	9.30426947330868
8.82722445279942	0.151903207395529	8.52949416630418	9.12495473929465
8.93836311764304	0.167963059340648	8.60915552133538	9.26757071395071
8.858543203293	0.161822879643348	8.54137035919204	9.17571604739397
8.95017860932332	0.159474008545594	8.63760955257395	9.26274766607268
8.98709362682014	0.161899012454869	8.66977156240859	9.30441569123168
9.13582034379712	0.172833824886166	8.79706604702024	9.47457464057401
9.33923515407221	0.175016631859258	8.99620255562807	9.68226775251636
8.96675717540779	0.168494742198311	8.6365074806991	9.29700687011648
8.65778022559179	0.155273400693081	8.35344436023336	8.96211609095023
8.90490719274795	0.178837858540806	8.55438499000797	9.25542939548793
8.85846000098394	0.162854796504435	8.53926459983524	9.17765540213263
8.6712476478913	0.171625806553922	8.33486106704561	9.00763422873699
8.96918250184124	0.167760308748861	8.64037229669347	9.297992706989
9.01750831163391	0.165954649708363	8.69223719820552	9.3427794250623
9.04305934525286	0.179721115668035	8.69080595854351	9.39531273196221
9.11728203975448	0.17008580248118	8.78391386689137	9.45065021261759
8.983182743051	0.179765040185146	8.63084326428812	9.33552222181389
9.09469927746406	0.156566769624794	8.78782840899947	9.40157014592866
8.92472504490709	0.169597237342134	8.59231445971651	9.25713563009767
9.11639901556189	0.176690349373861	8.77008593078913	9.46271210033466
9.25388523856392	0.174925837395411	8.91103059726892	9.59673987985893
9.06615866983715	0.180580370675577	8.71222114331302	9.42009619636128
8.92051793364618	0.1563438752482	8.6140839381597	9.22695192913265
8.93242312125498	0.156638185065893	8.62541227852584	9.23943396398413
9.07187642310342	0.155575433732221	8.76694857298826	9.37680427321857
8.86339558069431	0.169280348583709	8.53160609747024	9.19518506391837
8.57396979716962	0.165403296921123	8.24977933520422	8.89816025913502
9.10909070929665	0.168835731635789	8.7781726752905	9.4400087433028
9.09808929413276	0.179254579648352	8.74675031802199	9.44942827024353
8.96118210779218	0.171485242014976	8.62507103344283	9.29729318214154
9.1159842178765	0.172730221948006	8.77743298285841	9.45453545289459
9.09437040122898	0.175226182055943	8.75092708439933	9.43781371805863
9.14766851896962	0.163260291067576	8.82767834847717	9.46765868946206
9.24160237050463	0.157330572327515	8.9332344487427	9.54997029226656
8.98380716471389	0.171606097684674	8.64745921325193	9.32015511617585
9.0744974705858	0.183522328094893	8.7147937075198	9.43420123365179
9.12295679541763	0.174772441413985	8.78040281024622	9.46551078058904
8.84147148463983	0.160088771609309	8.52769749228558	9.15524547699407
9.11673046104267	0.165852171766862	8.79166020437962	9.44180071770572
8.94224083663278	0.174200125175694	8.60080859128842	9.28367308197713
9.12943855486255	0.161643381690255	8.81261752674965	9.44625958297545
9.61014426838982	0.171220396910662	9.27455229044493	9.94573624633472
9.31179860979578	0.174527603199663	8.96972450752444	9.65387271206712
9.1725478511499	0.175943797254787	8.82769800853051	9.51739769376928
8.88550426195615	0.164232771454908	8.56360802990453	9.20740049400777
9.04148683659129	0.168592913291087	8.71104472654076	9.37192894664182
8.85796832684598	0.175624926074897	8.51374347173918	9.20219318195278
8.96231924783318	0.170959940755687	8.62723776395203	9.29740073171432
8.94571910553516	0.160018634059882	8.63208258277779	9.25935562829252
8.97722059499585	0.15919520112759	8.66519800078577	9.28924318920592
8.92275157883711	0.168247910847557	8.5929856735759	9.25251748409832
9.3412402054004	0.174262288634122	8.99968611967752	9.68279429112328
8.83330562068577	0.163908901898201	8.5120441729653	9.15456706840624
8.88105149145222	0.168403677075446	8.55098028438435	9.21112269852009
8.89693853021853	0.162095114396242	8.5792321060019	9.21464495443517
9.16380451271073	0.170130428957199	8.83034887195462	9.49726015346684
8.88521248723004	0.179597052911633	8.53320226352324	9.23722271093685
8.97589437235342	0.173125982778771	8.63656744610703	9.31522129859981
8.94036338457726	0.154861623172746	8.63683460315868	9.24389216599584
9.40644258570109	0.179925255744566	9.05378908444175	9.75909608696044
9.13871130309012	0.162461073084198	8.8202875998451	9.45713500633515
8.86118162655533	0.160306946935283	8.54698001056217	9.17538324254848
8.84765550819926	0.162495500271949	8.52916432766624	9.16614668873228
8.9159731211264	0.157478232286479	8.6073157858449	9.2246304564079
8.86231119357969	0.158635276409906	8.55138605181627	9.1732363353431
8.9077043040083	0.178108290697078	8.55861205424203	9.25679655377457
9.0108500219174	0.163119583302368	8.69113563864476	9.33056440519004
8.80443886819773	0.149126669816291	8.5121505953578	9.09672714103766
9.00327674703999	0.174566633583882	8.66112614521558	9.3454273488644
8.86992514663321	0.161101599918117	8.5541660107937	9.18568428247272
8.99986333433329	0.155206536427183	8.69565852293601	9.30406814573057
8.84061836624892	0.155892041374908	8.5350699651541	9.14616676734374
8.89116115750206	0.171302517931068	8.55540822235717	9.22691409264695
9.18045166781668	0.168334217715987	8.85051660109335	9.51038673454001
9.03356292105578	0.16768576276585	8.70489882603472	9.36222701607685
8.92505526851307	0.161655314523737	8.60821085204654	9.24189968497959
9.08419489927988	0.155841159305187	8.77874622704171	9.38964357151804
9.27510024021361	0.17601877540792	8.93010344041409	9.62009704001314
8.75545780107983	0.163199178116828	8.43558741197085	9.07532819018882
9.13039891652321	0.161528457379072	8.81380314006023	9.44699469298619
8.98792533468799	0.163607930291115	8.66725379131741	9.30859687805858
9.08687779631727	0.162476279581062	8.76842428833839	9.40533130429615
8.97302751102878	0.176758632627423	8.62658059107903	9.31947443097853
9.06457646477785	0.166996451883609	8.73726341908597	9.39188951046972
9.113315117679	0.172540570471274	8.7751355995553	9.4514946358027
9.13643909954898	0.158399727846297	8.82597563297024	9.44690256612772
8.92787619809434	0.167591075303431	8.59939769049961	9.25635470568906
8.73749519581929	0.16077404925852	8.42237805927259	9.05261233236599
9.02826737830186	0.159554657975668	8.71554024866955	9.34099450793417
9.09940961481024	0.160510761845773	8.78480852159253	9.41401070802796
9.00876957548348	0.162582147488123	8.69010856640676	9.3274305845602
9.23143639893958	0.176179083672428	8.88612539494162	9.57674740293754
8.64358068356848	0.154591110330823	8.34058210732007	8.94657925981689
8.7649013321632	0.16536845679801	8.4407791568391	9.0890235074873
9.20070027131284	0.177060886727462	8.85366093332701	9.54773960929867
8.97957763726946	0.159970242091181	8.66603596277075	9.29311931176817
8.84668035402266	0.156932926214456	8.53909181864232	9.15426888940299
8.94830643723268	0.159808611019651	8.63508155963416	9.26153131483119
8.68256502119252	0.165760899475789	8.35767365821997	9.00745638416507
8.6775863194013	0.163610276819052	8.35691017683595	8.99826246196664
8.995858859332	0.170322799910389	8.66202617150764	9.32969154715636
9.09241386398207	0.184985996354975	8.72984131112632	9.45498641683782
8.69556274306583	0.149521599675757	8.40250040770134	8.98862507843031
9.33795773848522	0.167670059291835	9.00932442227323	9.66659105469722
8.91134676460655	0.154938179579088	8.60766793263153	9.21502559658156
9.2023036199115	0.184033719545819	8.84159752960169	9.56300971022131
9.22725354000134	0.175193426545709	8.88387442397175	9.57063265603093
9.16377270234191	0.164978517071651	8.84041480888147	9.48713059580234
9.16165503442453	0.170109464944725	8.82824048313287	9.49506958571619
8.71528352323753	0.155876192448656	8.40976618603817	9.0208008604369
8.70235238814431	0.155659396080184	8.39725997182715	9.00744480446147
8.86570683945468	0.155180193175084	8.56155366083152	9.16986001807784
9.00207386544913	0.170170293368754	8.66854009044637	9.33560764045189
8.79456944275137	0.163876844333976	8.47337082785678	9.11576805764597
8.90820138937615	0.170530134377243	8.57396232599675	9.24244045275554
9.35038831166931	0.186737559181855	8.98438269567287	9.71639392766575
8.83369450228033	0.161268285198562	8.51760866329115	9.14978034126952
9.16491982477145	0.158417992571272	8.85442055933176	9.47541909021114
8.99283850519812	0.170617201232958	8.65842879078153	9.32724821961472
9.22460110415764	0.17986629702041	8.87206316199764	9.57713904631764
8.79186351702047	0.154611851854957	8.48882428738475	9.09490274665618
8.9619017989979	0.165570253038874	8.63738410304171	9.28641949495409
8.89404273845827	0.156413216003796	8.58747283509083	9.20061264182571
8.90787059710403	0.167585962202604	8.57940211118693	9.23633908302114
9.02122660136708	0.157125705215434	8.71326021914484	9.32919298358933
9.09329434666574	0.161356530824587	8.77703554624955	9.40955314708193
9.2007624765996	0.162172520871007	8.88290433569243	9.51862061750677
8.80006917249579	0.167608726664839	8.47155606823271	9.12858227675888
9.26508949199937	0.16574076083147	8.94023760076969	9.58994138322905
8.72580248812889	0.167816515267538	8.39688211820451	9.05472285805326
8.84225326661207	0.16075733433101	8.5271688913233	9.15733764190085
9.03565423147754	0.175912286219212	8.69086615048788	9.38044231246719
8.99202787148872	0.16777580881416	8.66318728621297	9.32086845676447
8.96261714259855	0.165595949643174	8.63804908129793	9.28718520389917
9.10236626374792	0.181391350478189	8.74683921681067	9.45789331068518
9.03920757084403	0.174391994713688	8.6973992612052	9.38101588048285
9.00126592587094	0.176045594035522	8.65621656156132	9.34631529018056
8.89520892935502	0.16958994046913	8.56281264603553	9.22760521267451
9.12971765510433	0.170716491290001	8.79511333217592	9.46432197803273
9.02071995486033	0.164947473973443	8.69742290587239	9.34401700384828
8.7632785743143	0.151643741728398	8.46605684052664	9.06050030810196
9.09334050947333	0.168763492482215	8.76256406420818	9.42411695473847
9.11197028800295	0.16670745215563	8.78522368177792	9.43871689422799
8.91308181233264	0.155233717610169	8.60882372581671	9.21733989884857
8.72344614245161	0.164450331638059	8.40112349244102	9.04576879246221
8.81032621045585	0.163905044718023	8.48907232280853	9.13158009810318
9.09684094714392	0.168098192446288	8.7673684899492	9.42631340433865
9.0806885489721	0.165331622284466	8.75663856929455	9.40473852864965
9.22156702284892	0.174150483737075	8.88023207472425	9.56290197097359
9.16760657227092	0.170371431309178	8.83367856690493	9.50153457763691
9.27771977397406	0.159400757535872	8.96529428920376	9.59014525874437
8.79548617151268	0.173272626613648	8.45587182334993	9.13510051967543
9.07090960038792	0.176964465167481	8.72405924865966	9.41775995211619
8.93368807480899	0.165683626048595	8.60894816775375	9.25842798186424
9.34427788338797	0.170067340646917	9.01094589572001	9.67760987105593
8.90506835927706	0.16901094262103	8.57380691173984	9.23632980681427
9.11878810659032	0.172010452179492	8.78164762031852	9.45592859286213
8.50100909210412	0.151385656142839	8.20429320606415	8.79772497814408
9.03195193686913	0.173242445955208	8.69239674279692	9.37150713094134
8.86525115403718	0.156671819457616	8.55817438790025	9.17232792017411
9.21591861514207	0.178938164370794	8.86519981297531	9.56663741730883
8.81304836867595	0.157570450488589	8.50421028571832	9.12188645163359
8.97244190739681	0.15545370406253	8.66775264743425	9.27713116735937
8.91392666048231	0.173415601883454	8.57403208079074	9.25382124017388
9.00215461158799	0.165058700492163	8.67863955862335	9.32566966455263
9.38294936567038	0.172024854300051	9.04578065124228	9.72011808009848
9.24287307477107	0.169027252126345	8.91157966060343	9.57416648893871
8.89258559849801	0.171594668297647	8.55626004863462	9.2289111483614
8.97348563454189	0.1622887708226	8.65539964372959	9.29157162535418
9.03105836973758	0.15797674031132	8.7214239587274	9.34069278074777
9.10102955165578	0.170432306042229	8.76698223181301	9.43507687149854
8.87638014109256	0.160551122565773	8.56169994086364	9.19106034132147
8.9215580227923	0.16620897055251	8.59578844050938	9.24732760507522
8.69142366162645	0.158240210152323	8.38127284972789	9.001574473525
9.10793102674105	0.172158396621787	8.77050056936235	9.44536148411975
9.15402871268913	0.169458593743953	8.82188986895098	9.48616755642727
9.04821314936307	0.181519835427707	8.69243427192476	9.40399202680137
9.14396747753415	0.158926611357203	8.83247131927403	9.45546363579426
9.18852345549878	0.171359470687064	8.85265889295213	9.52438801804542
9.03455605910392	0.169688708975509	8.70196618951192	9.36714592869591
8.80240803078476	0.166323615175439	8.4764137450409	9.12840231652862
8.74239316888456	0.162419450936817	8.4240510450484	9.06073529272072
8.94159604184788	0.164898833219679	8.6183943287373	9.26479775495845
8.86668171158514	0.172077969524971	8.5294088913162	9.20395453185409
9.27655754233077	0.171043461281166	8.94131235821968	9.61180272644186
8.90562967983027	0.153038632551129	8.60567396003006	9.20558539963049
9.19899433178389	0.17544651979796	8.85511915297989	9.5428695105879
9.1626337171784	0.157216014470606	8.85449032881601	9.47077710554079
9.4266653702392	0.181027792342609	9.07185089724769	9.78147984323072
9.26312696362727	0.174726305649224	8.92066340455479	9.60559052269975
8.86133412349725	0.149446265015471	8.56841944406693	9.15424880292757
9.12181891331718	0.170466352146816	8.78770486310943	9.45593296352494
8.82604284608296	0.159294332318743	8.51382595473822	9.1382597374277
8.91018613249738	0.171800850832308	8.57345646486605	9.2469158001287
8.84240040548412	0.162579296745906	8.52374498386214	9.16105582710609
8.86342537405215	0.168021256543754	8.53410371122639	9.1927470368779
8.93973785647976	0.168021682815223	8.61041535816192	9.26906035479759
9.09659776609607	0.165520196392397	8.77217818116698	9.42101735102517
9.15310698812344	0.165154383154935	8.82940439713977	9.47680957910712
9.15721645152831	0.176037358717568	8.81218322844187	9.50224967461474
8.8173838674511	0.173991607959187	8.47636031585109	9.1584074190511
8.94352933489892	0.16969338386192	8.61093030252955	9.27612836726828
8.67481717459802	0.165930726808431	8.34959295005349	9.00004139914254
9.18710706394215	0.163123076464223	8.86738583407228	9.50682829381203
9.07248699798524	0.184600283499552	8.71067044232612	9.43430355364436
8.96840829096432	0.1612747187716	8.65230984217199	9.28450673975666
9.02254070385728	0.167175852986117	8.69487603200449	9.35020537571007
9.09454644164826	0.17759664420849	8.74645701899962	9.4426358642969
8.87911660719048	0.163969037709923	8.55773729327903	9.20049592110193
8.98066754145118	0.154703277132462	8.67744911827155	9.2838859646308
8.88765951535492	0.153724104403579	8.5863602707239	9.18895875998593
8.82225016411222	0.162750801455959	8.50325859325854	9.1412417349659
8.81395022921374	0.162264676464849	8.49591146334263	9.13198899508484
8.78749173232563	0.14871084084944	8.49601848426072	9.07896498039053
8.90997518315851	0.161475803505877	8.59348260828699	9.22646775803003
9.22157822059658	0.184541407248707	8.85987706238912	9.58327937880405
9.19025080488264	0.164473957786248	8.86788184762159	9.51261976214368
8.80914197609459	0.177031631534336	8.46215997828729	9.15612397390188
8.91944061887203	0.164704936264305	8.59661894379399	9.24226229395007
9.21656679210248	0.173020226509393	8.87744714814407	9.55568643606089
8.67059724619935	0.163757919890191	8.34963172321457	8.99156276918412
8.75806944530913	0.172049334193218	8.42085275029042	9.09528614032784
8.98667699305676	0.173865235427294	8.64590113161927	9.32745285449426
9.30359216234747	0.182402594163027	8.94608307778794	9.66110124690701
9.14687818600097	0.178372895086222	8.79726731163198	9.49648906036997
8.84262929423369	0.16271690475434	8.52370416091518	9.1615544275522
9.09095177548126	0.16479997126201	8.76794383180772	9.4139597191548
8.54002468057115	0.163757089547054	8.21906078505892	8.86098857608337
8.99484263413497	0.1639336465371	8.67353268692225	9.31615258134769
9.22535820368548	0.169586405514093	8.89296884887786	9.5577475584931
8.90577180073061	0.1596757152227	8.59280739889412	9.21873620256711
9.01800614347406	0.187628720961002	8.6502538503905	9.38575843655762
9.00418432222508	0.157141078231356	8.69618780889162	9.31218083555853
8.84824250678356	0.15693034079078	8.54065903883363	9.15582597473349
8.84659194813713	0.165003284391866	8.52318551072907	9.16999838554518
8.89878683879778	0.168729789729401	8.56807645092816	9.22949722666741
8.95766160861532	0.165328518024984	8.63361771328636	9.28170550394429
8.74930219517338	0.163483619715174	8.42887430053164	9.06973008981512
9.29773020683327	0.171926427624859	8.96075440868855	9.63470600497799
9.03430761628942	0.166615822470979	8.7077406042463	9.36087462833254
9.06679243936052	0.1650531803295	8.7432882059147	9.39029667280635
9.11214788261477	0.16174489879824	8.79512788097022	9.42916788425932
8.9868219744716	0.161983527137513	8.66933426128207	9.30430968766112
8.85989510191335	0.16010990871354	8.54607968083481	9.17371052299188
9.00340356974485	0.172263581974128	8.66576694907556	9.34104019041414
8.89564141542141	0.150275402002259	8.60110162749698	9.19018120334584
9.38590038143724	0.178037566158939	9.03694675176572	9.73485401110876
8.95006035357073	0.176065689700517	8.60497160175771	9.29514910538374
9.27671318594041	0.159382803144411	8.96432289177737	9.58910348010346
9.00474319460269	0.168184305291533	8.67510195623129	9.3343844329741
9.05095147984277	0.164929493409145	8.72768967276084	9.37421328692469
9.02764316055084	0.164174411405122	8.7058613141968	9.34942500690488
8.87437431109055	0.169799642573712	8.54156701164607	9.20718161053502
9.00247914371917	0.193476613198146	8.62326498185081	9.38169330558754
8.99844749547731	0.161418402181338	8.68206742720189	9.31482756375274
8.76980150123743	0.170065556205385	8.43647301107487	9.10312999139999
8.94859564469252	0.156206686540419	8.6424305390733	9.25476075031174
9.32231728730125	0.160728612489446	9.00728920682194	9.63734536778057
8.95793209475938	0.162919289140563	8.63861028804387	9.27725390147488
8.82760347193885	0.153799318860634	8.526156806972	9.12905013690569
9.15488981880512	0.181938452997083	8.79829045093083	9.5114891866794
9.11168436206435	0.169294283953125	8.77986756551623	9.44350115861248
9.19134455451725	0.155520575869352	8.88652422581332	9.49616488322118
8.72378985815975	0.160033420865236	8.41012435326389	9.03745536305562
9.33960138943258	0.181058821972874	8.98472609836574	9.69447668049941
8.97714427001763	0.166064810780481	8.65165724088788	9.30263129914737
8.85545233142492	0.154799609741651	8.55204509633129	9.15885956651856
8.7617247034571	0.164680392447448	8.4389511342601	9.08449827265409
9.11907391410871	0.164553046609776	8.79654994275354	9.44159788546387
8.90561459740633	0.16512298034383	8.58197355593243	9.22925563888024
8.94904849588246	0.162722462887799	8.63011246862237	9.26798452314255
8.92007816139106	0.173430385506082	8.58015460579913	9.26000171698298
9.02727587419296	0.159659820171208	8.71434262665739	9.34020912172853
9.08858202212208	0.152242432226589	8.79018685495796	9.38697718928619
8.57183517925919	0.162509476174023	8.25331660595811	8.89035375256028
8.98524955329442	0.168424414174993	8.65513770151144	9.31536140507741
8.78816861458911	0.158281591306919	8.47793669562755	9.09840053355067
8.77345516714616	0.150573876066573	8.47833037005568	9.06857996423665
8.94077329957492	0.164419944356522	8.61851020863614	9.26303639051371
8.85191798735323	0.17279702172331	8.51323582477554	9.19060014993092
9.11956705761425	0.18423368495938	8.75846903509387	9.48066508013464
9.06525663490913	0.176310469235056	8.71968811520842	9.41082515460984
9.21555668606791	0.176848304530548	8.86893400918803	9.56217936294778
9.19314751903367	0.180247787202417	8.83986185611693	9.54643318195041
8.78134005275086	0.148267256954174	8.49073622912068	9.07194387638105
8.99403521755762	0.169242244506787	8.66232041832432	9.32575001679092
9.01304880233678	0.169417518805988	8.68099046547704	9.34510713919652
8.9322117333781	0.168437270005003	8.6020746841683	9.26234878258791
9.10748836616065	0.159881378860298	8.79412086359447	9.42085586872683
9.36759985722227	0.174961706525717	9.02467491243187	9.71052480201268
8.9928328241732	0.173071432752829	8.65361281597765	9.33205283236874
8.79878044704444	0.167706833158966	8.47007505405287	9.12748584003602
9.00915701643317	0.165169922460454	8.68542396841068	9.33289006445566
8.79653323793692	0.169433289721386	8.464443990083	9.12862248579083
9.08195442635819	0.172542737539122	8.74377066078151	9.42013819193487
9.30652889885806	0.166888576200362	8.97942728950535	9.63363050821077
9.02545255094462	0.175432895212369	8.68160407632838	9.36930102556087
9.00137606036403	0.165453445758381	8.67708730667761	9.32566481405046
9.1463509267467	0.157444844872632	8.83775903079634	9.45494282269706
8.97433802208006	0.175371676615903	8.63060953591289	9.31806650824723
9.18221483700484	0.175512727587907	8.83820989093254	9.52621978307714
9.30010136803012	0.179103022992992	8.94905944296385	9.65114329309638
9.10217583752511	0.168376447044571	8.77215800131775	9.43219367373247
8.96018387384826	0.159436060009226	8.64768919623018	9.27267855146634
8.99810882932461	0.162138368944208	8.68031762619396	9.31590003245526
9.4502833243418	0.188124434043028	9.08155943361747	9.81900721506613
8.78542494660517	0.160757445340898	8.47034035373701	9.10050953947333
9.02270985305217	0.163118518237926	8.70299755730584	9.34242214879851
9.1233722895104	0.166667056970749	8.79670485784773	9.45003972117307
8.8663345712073	0.158146318543379	8.55636778686228	9.17630135555232
8.99718660603564	0.160853238831765	8.68191425792538	9.3124589541459
8.90764862273263	0.158762968185087	8.59647320508986	9.2188240403754
9.03925512526529	0.168909951973394	8.70819161939743	9.37031863113314
8.97094177573471	0.167771621221911	8.64210939813977	9.29977415332966
9.09150377734443	0.16640086193315	8.76535808795546	9.41764946673341
9.15313655076476	0.169476691304055	8.82096223580881	9.4853108657207
8.89909574326233	0.18199131516235	8.54239276554413	9.25579872098054
8.72480614840069	0.154911288059846	8.4211800238034	9.02843227299799
8.76055670690331	0.153339510366021	8.46001126658591	9.06110214722071
9.05205947481542	0.158837778222568	8.74073742949919	9.36338152013165
8.894127374409	0.170368229072315	8.56020564542726	9.22804910339074
9.06782688658148	0.162646597314498	8.74903955584507	9.3866142173179
8.93393867699852	0.161977225322617	8.61646331536619	9.25141403863085
9.05029844857725	0.162119088202645	8.73254503570006	9.36805186145443
9.00302213433874	0.164378808425734	8.6808396698243	9.32520459885318
8.86298696045048	0.173673183351713	8.52258752108112	9.20338639981983
8.93926076957062	0.176325644203668	8.59366250693144	9.28485903220981
9.17047332060305	0.178008824093364	8.82157602538006	9.51937061582604
8.83295602389028	0.159923715720746	8.51950554107762	9.14640650670294
8.85500696107117	0.171207922707203	8.51943943256505	9.19057448957728
8.86910428132855	0.173596075182008	8.52885597397182	9.20935258868529
9.130004640584	0.15516454316219	8.82588213598611	9.43412714518189
9.24378233407739	0.168204087943169	8.91410232170878	9.573462346446
8.85320283435193	0.167511313659856	8.52488065957861	9.18152500912525
8.98682034964883	0.169547258339052	8.65450772330429	9.31913297599337
9.17700375295508	0.161952513280011	8.85957682692625	9.4944306789839
9.0111425646454	0.157422333607361	8.70259479077497	9.31969033851582
8.77639064982615	0.164853342238932	8.45327809903784	9.09950320061446
8.95979489181097	0.169702417496149	8.62717815351851	9.29241163010342
9.04804424748902	0.166019457532745	8.72264611072484	9.3734423842532
8.87539575277557	0.162826941921639	8.55625494660915	9.19453655894198
8.79844878850569	0.168835932981491	8.46753035986197	9.12936721714941
9.17994043684319	0.171302105030309	8.84418831098379	9.5156925627026
8.90848874459606	0.164156689432198	8.58674163330895	9.23023585588317
8.88144514099054	0.170452281589038	8.54735866907603	9.21553161290506
8.82258416318236	0.170898388607377	8.4876233215119	9.15754500485282
9.18237538216287	0.159851993645579	8.86906547461754	9.4956852897082
9.28896488392381	0.175882736445533	8.94423472049057	9.63369504735706
8.9283900214251	0.152403540550088	8.62967908194693	9.22710096090327
9.03548908676843	0.169024220798512	8.70420161400335	9.36677655953352
9.16704005638511	0.178493157619214	8.81719346745145	9.51688664531877
8.83021360485873	0.165116549715676	8.506585167416	9.15384204230145
8.73851266226391	0.168224693220425	8.40879226355187	9.06823306097594
9.26174186101223	0.176229778618496	8.91633149491998	9.60715222710448
8.93603271421532	0.173883256918869	8.59522153065434	9.27684389777631
8.93121807570403	0.162137472938483	8.61342862874461	9.24900752266346
9.05185795692278	0.172570500866138	8.71361977522515	9.39009613862041
9.18217419143333	0.195923598061422	8.79816393923294	9.56618444363372
8.78878750166952	0.169836395271945	8.45590816693651	9.12166683640254
9.21505066651244	0.165486852841858	8.8906964349424	9.53940489808248
9.08388145756582	0.179874543949019	8.73132735142574	9.4364355637059
9.19655286664679	0.173194178692008	8.85709227641045	9.53601345688312
8.9539351788375	0.162117602989441	8.63618467697819	9.2716856806968
8.91229546310042	0.164729088676937	8.58942644929363	9.23516447690722
8.95279404285915	0.166877065445876	8.62571499458524	9.27987309113307
8.71846540368209	0.165916846210907	8.39326838510871	9.04366242225547
9.13627071105836	0.16840159637569	8.80620358216201	9.46633783995471
8.70711635984436	0.161278440375271	8.39101061670883	9.02322210297989
8.98965049493383	0.160641380797355	8.67479338857101	9.30450760129664
8.77185942533821	0.168262899224836	8.44206414285753	9.10165470781889
9.4615432729731	0.170018799759837	9.12830642544382	9.79478012050238
8.90095438544749	0.162684056120297	8.58209363545171	9.21981513544327
9.33018981146612	0.164988146794665	9.00681304374857	9.65356657918366
9.28116003641884	0.160725240481545	8.96613856507502	9.59618150776267
9.06064409073587	0.173225328405986	8.72112244706014	9.4001657344116
9.18613395016576	0.173175596001932	8.84670978200197	9.52555811832954
8.89577441009541	0.165721366525545	8.57096053170534	9.22058828848548
8.87402164045197	0.161326443328649	8.55782181152782	9.19022146937612
8.96406095697264	0.160921668022418	8.6486544876487	9.27946742629658
9.0118256713251	0.163694396252012	8.69098465467115	9.33266668797904
9.11964739065458	0.167380928750448	8.7915807703037	9.44771401100546
9.14202254649026	0.16564078412163	8.81736660961186	9.46667848336865
9.34669890988391	0.174893704072738	9.00390724990134	9.68949056986647
8.96496033330925	0.156761644318279	8.65770751044542	9.27221315617308
8.93326181457362	0.179219597709599	8.58199140306281	9.28453222608444
8.79841856515985	0.165937471040495	8.47318112192048	9.12365600839922
9.14051526976053	0.171782567842712	8.80382143678882	9.47720910273225
9.11111294286564	0.164383379460529	8.788921519123	9.43330436660828
8.97272270454303	0.163318288382364	8.6526188593136	9.29282654977247
9.30257235759946	0.185607158161364	8.93878232760319	9.66636238759573
8.85204115311474	0.167117361834367	8.52449112391938	9.1795911823101
8.76443480948963	0.16074168294751	8.44938111091251	9.07948850806675
9.26588868560288	0.167917055778358	8.9367712562773	9.59500611492846
8.64180543347612	0.161983516957412	8.32431774023959	8.95929312671264
8.98079902563784	0.163815182100347	8.65972126872116	9.30187678255452
8.96810428502639	0.167921446048479	8.63897825077137	9.29723031928141
9.19647301984771	0.169788866168401	8.86368684215764	9.52925919753778
8.77327724262854	0.168823134013236	8.44238389996259	9.10417058529448
8.83878057447167	0.158456899198245	8.52820505204311	9.14935609690023
8.58301483618451	0.160496914357418	8.26844088404397	8.89758878832505
9.12929681602643	0.171962362918072	8.79225058470701	9.46634304734585
9.2182608056772	0.176035530650752	8.87323116560172	9.56329044575267
8.90471403683216	0.156059710739587	8.59883700378256	9.21059106988175
8.96021497878546	0.151518771730476	8.66323818619373	9.25719177137719
9.16570689643449	0.166543219549053	8.83928218611835	9.49213160675063
8.9210599962681	0.167965640711131	8.59184734047428	9.25027265206192
9.19137173206322	0.156419141767152	8.88479021419961	9.49795324992684
8.92291846684673	0.170715840578253	8.58831541931336	9.25752151438011
8.95649399539447	0.161526273700182	8.63990249894211	9.27308549184682
8.79682462106159	0.169376415013182	8.46484684763575	9.12880239448742
8.92817225798241	0.151417893257182	8.63139318719833	9.22495132876649
8.79093116743254	0.171329955157963	8.45512445532293	9.12673787954215
9.01119882440607	0.151973677680165	8.71333041615295	9.30906723265919
9.07713458208336	0.16587303855192	8.7520234265216	9.40224573764512
8.75160147013651	0.166326264202669	8.42560199229928	9.07760094797374
8.68993865930876	0.162040172720899	8.3723399207758	9.00753739784172
8.83497197378641	0.163923866617608	8.5136811952159	9.15626275235692
9.33827301815748	0.184502808553461	8.9766475133927	9.69989852292227
8.92523971903128	0.164802271539188	8.60222726681447	9.24825217124809
9.16249880797409	0.176038070262448	8.81746419025969	9.50753342568848
9.1259680716436	0.170107754338024	8.79255687314108	9.45937927014613
8.88303266777226	0.169604993647056	8.55060688022403	9.21545845532049
9.17780063557645	0.179378307141998	8.82621915357813	9.52938211757476
8.8146658131055	0.153722324933051	8.51337005623672	9.11596156997428
9.0913980551132	0.154268441714304	8.78903190935317	9.39376420087324
9.03703958861741	0.160071065319088	8.723300300592	9.35077887664282
9.2018758244881	0.16776041827787	8.87306540466348	9.53068624431273
9.1975428085508	0.183416279018496	8.83804690167455	9.55703871542705
8.94640810162449	0.161024417983439	8.63080024237695	9.26201596087203
8.81326307549119	0.147803902376459	8.52356742683333	9.10295872414905
9.10093931074991	0.169333821720533	8.76904502017766	9.43283360132215
8.8838580543848	0.161293342437679	8.56772310320694	9.19999300556265
