estFinal_msm11	sdFinal_msm11	X1	X2
8.9950383531533	0.149711652453935	8.70160351434358	9.28847319196301
9.1317494602765	0.16099341190812	8.81620237293659	9.44729654761642
8.92288396712518	0.148283762683098	8.63224779226631	9.21352014198405
8.95109671897965	0.160321387223859	8.63686680002089	9.26532663793841
9.18745111247062	0.172078179707647	8.85017788024363	9.52472434469761
8.83876510888899	0.145690831852582	8.55321107845792	9.12431913932005
8.96822211182251	0.160283936645325	8.65406559599768	9.28237862764735
9.0110404056649	0.147520217135116	8.72190078008007	9.30018003124972
9.02285517303839	0.15798984768847	8.71319507156898	9.33251527450779
9.19389072824554	0.162053309994359	8.8762662406566	9.51151521583449
8.99312689870017	0.166882385484041	8.66603742315145	9.32021637424889
8.95443995751203	0.147302162770127	8.66572771848258	9.24315219654148
9.0635193500024	0.160850052206184	8.74825324767828	9.37878545232652
9.07059519487101	0.157214372789738	8.76245502420312	9.37873536553889
8.80873725103273	0.170245403160081	8.47505626083898	9.14241824122649
8.86155408398773	0.157452417179367	8.55294734631617	9.17016082165929
8.81955357598009	0.138435989448975	8.5482190366601	9.09088811530008
8.99172911538993	0.163381632792745	8.67150111511615	9.31195711566371
9.10810622712517	0.157423466047595	8.79955623367189	9.41665622057846
9.06437830011906	0.160658195889334	8.74948823617597	9.37926836406216
9.02810398106305	0.158886500114928	8.71668644083779	9.3395215212883
8.61589270117767	0.145402005686069	8.33090477003298	8.90088063232237
8.98566854660778	0.149172163294459	8.69329110655064	9.27804598666492
9.21897046407283	0.158680860846152	8.90795597681437	9.52998495133129
8.93019624286329	0.149730096475965	8.6367252537704	9.22366723195618
9.15142454232151	0.15903377208941	8.83971834902626	9.46313073561675
8.70225274047685	0.146307574635014	8.41548989419223	8.98901558676148
8.9311300438962	0.142164068736519	8.65248846917262	9.20977161861978
9.11464767260955	0.158432634126901	8.80411970972082	9.42517563549828
8.90065217475333	0.149803548285899	8.60703722011296	9.19426712939369
8.67381362856148	0.147132056882534	8.38543479707171	8.96219246005124
9.01914940652513	0.149940650825296	8.72526573090755	9.31303308214271
9.00647864218461	0.152357450500802	8.70785803920304	9.30509924516619
8.9491543726474	0.149684751854303	8.65577225901296	9.24253648628183
8.93263943012912	0.159965959950966	8.61910614862522	9.24617271163301
9.0698944637446	0.16965551908315	8.73736964634162	9.40241928114757
8.86613723746687	0.145170781841633	8.58160250505727	9.15067196987647
8.98866157316986	0.157097319280591	8.6807508273799	9.29657231895981
9.12251013291056	0.160545985092294	8.80784000212967	9.43718026369146
8.84887677152712	0.152546503278527	8.54988562510121	9.14786791795303
8.92035283770292	0.154580949437003	8.61737417680639	9.22333149859945
9.20007023986298	0.158309491876045	8.88978363578594	9.51035684394003
8.82981416554984	0.153197874917011	8.5295463307125	9.13008200038719
9.01232669134976	0.157698555765412	8.70323752204955	9.32141586064996
9.00978312576131	0.140292907456513	8.73480902714654	9.28475722437608
8.94431951705603	0.150766352409105	8.64881746633418	9.23982156777788
8.93089557407865	0.155673648732426	8.6257752225631	9.23601592559421
8.78435367864674	0.156036667070978	8.47852181118763	9.09018554610586
8.98690937989845	0.153723604216819	8.68561111563349	9.28820764416342
9.23361749864286	0.156672630246674	8.92653914335938	9.54069585392634
9.03834356706032	0.158092468649112	8.72848232850806	9.34820480561258
8.98490203681015	0.156260364610393	8.67863172217378	9.29117235144652
8.82910634786882	0.145696654427098	8.54354090519171	9.11467179054593
8.946259944111	0.146540544115443	8.65904047764473	9.23347941057727
8.82706565304212	0.164000932411877	8.50562382551484	9.14850748056939
9.25777733998664	0.161636339867925	8.9409701138455	9.57458456612777
8.92995123137291	0.153536572808536	8.62901954866818	9.23088291407764
9.0286603623786	0.151757929950961	8.73121481967472	9.32610590508249
9.16555994581441	0.15236655400363	8.86692149996729	9.46419839166152
9.37248658171606	0.154585211672254	9.06949956683845	9.67547359659368
8.89816939034806	0.153888879628952	8.59654718627531	9.1997915944208
9.00743267662887	0.161879135939871	8.69014957018672	9.32471578307102
8.98280675369506	0.166078804711882	8.65729229645977	9.30832121093035
9.16284696565575	0.146734931612542	8.87524649969517	9.45044743161633
9.01687222633647	0.158168824827062	8.70686132967543	9.32688312299751
9.04431982481395	0.150629851472632	8.74908531592759	9.33955433370031
8.81729463065497	0.1521037079894	8.51917136299575	9.11541789831419
9.25228419178275	0.158696270313288	8.94123950196871	9.5633288815968
9.43937915108913	0.168056323911104	9.10998875622337	9.7687695459549
9.0592612059664	0.159644339938099	8.74635829968773	9.37216411224508
9.08014243763354	0.15769600556761	8.77105826672102	9.38922660854605
8.89455780656253	0.140547861568815	8.61908399788765	9.17003161523741
9.08331576163648	0.161159580531683	8.76744298379438	9.39918853947858
8.64588736314629	0.149346005978942	8.35316919142756	8.93860553486501
8.66126545029038	0.152125480116447	8.36309950926215	8.95943139131862
9.32837923797745	0.154439394852622	9.02567802406631	9.63108045188859
8.8200933741525	0.146325040915367	8.53329629395838	9.10689045434662
9.08315695044382	0.152714739130441	8.78383606174815	9.38247783913948
9.1714278620585	0.154873130333845	8.86787652660416	9.47497919751283
8.72169210767292	0.143892971324413	8.43966188387707	9.00372233146877
9.03305993715287	0.152968817371845	8.73324105510405	9.33287881920168
9.19903309165389	0.149553036450171	8.90590914021156	9.49215704309623
9.06908322143258	0.152402587364303	8.77037415019855	9.36779229266662
9.18171942249028	0.153765474755423	8.88033909196965	9.48309975301091
8.84382983189588	0.148459941530986	8.55284834649514	9.13481131729661
8.98318849002111	0.158032102706149	8.67344556871706	9.29293141132516
8.9091705784342	0.150756843420832	8.61368716532937	9.20465399153903
8.76500777114718	0.159282498786852	8.45281407352495	9.07720146876941
8.95405309574879	0.14256612355665	8.67462349357775	9.23348269791982
9.47097037088925	0.157769861048544	9.16174144323411	9.7801992985444
8.89511682529267	0.149517045491046	8.60206341613022	9.18817023445512
8.93876375294363	0.17096205584076	8.60367812349574	9.27384938239152
8.7808201461429	0.144637205338994	8.49733122367847	9.06430906860733
8.76778238705984	0.141538317360598	8.49036728503306	9.04519748908661
9.02841122874687	0.155136063181345	8.72434454491144	9.33247791258231
9.04832712184598	0.155523696713852	8.74350067628683	9.35315356740513
8.77993157821698	0.148874383769192	8.48813778602936	9.0717253704046
8.62339376320491	0.139615117991239	8.34974813194208	8.89703939446774
8.71425970360392	0.15668273813339	8.40716153686248	9.02135787034537
9.14127504774999	0.159489733051629	8.8286751709688	9.45387492453118
9.32038189841094	0.160548649160233	9.00570654605689	9.635057250765
9.08337674220753	0.152865805089591	8.78375976423194	9.38299372018313
8.96100070148571	0.147370438150935	8.67215464270988	9.24984676026154
8.90797068219123	0.160535417093891	8.59332126468721	9.22262009969526
9.22113547267786	0.154423712589063	8.9184649960033	9.52380594935243
8.8944377207602	0.153263299311507	8.59404165410965	9.19483378741076
9.02547848286294	0.154351647881359	8.72294925301548	9.3280077127104
9.24082656121743	0.164160336155963	8.91907230235174	9.56258082008312
8.94541651801097	0.146502882019501	8.65827086925274	9.23256216676919
9.17620761106762	0.168129864813816	8.84667307603254	9.5057421461027
8.97404087498573	0.141268549285994	8.69715451838518	9.25092723158628
9.23183948389062	0.164066779695545	8.91026859568735	9.55341037209389
8.92634379130596	0.165515733270245	8.60193295409628	9.25075462851564
9.09705943038365	0.159843664227299	8.78376584849814	9.41035301226915
9.00304044084055	0.152599799809229	8.70394483321447	9.30213604846664
9.07573418172472	0.159778655402273	8.76256801713627	9.38890034631318
8.7947909598495	0.156275680793748	8.48849062549375	9.10109129420525
8.92924626201109	0.147960647371311	8.63924339316332	9.21924913085886
8.83410364885602	0.145323732616764	8.54926913292717	9.11893816478488
8.83905869120825	0.152234770486323	8.54067854105506	9.13743884136145
8.89218341155882	0.154311360398561	8.58973314517764	9.19463367794
8.85605096152249	0.142158016472946	8.57742124923551	9.13468067380946
8.93351714510634	0.160105973209465	8.61970943761579	9.24732485259689
9.13317790193265	0.159157472958858	8.82122925493329	9.44512654893201
9.0083042147206	0.163150124793357	8.68852997012562	9.32807845931558
8.78187225995554	0.14349132523114	8.50062926250251	9.06311525740857
9.02478232941293	0.145353935403354	8.73988861602236	9.3096760428035
8.84860915386682	0.151150014689417	8.55235512507557	9.14486318265808
9.23243731073833	0.166813775371975	8.90548231100926	9.5593923104674
8.84089361633739	0.145923331855787	8.55488388590005	9.12690334677473
8.87685850139519	0.154713859549119	8.57361933667892	9.18009766611146
8.88884127906871	0.161860104525527	8.57159547419867	9.20608708393874
9.01343799148735	0.140253000677199	8.73854211016004	9.28833387281466
8.64511925901056	0.15249586484254	8.34622736391918	8.94401115410193
9.36627252776968	0.176192633139848	9.02093496681558	9.71161008872378
9.00184857514267	0.165931981768797	8.67662189087583	9.32707525940951
9.1488005875706	0.16311773137832	8.82908983406909	9.4685113410721
8.84110045701837	0.149576327948025	8.54793085424024	9.13427005979649
9.05778694261202	0.15941183267046	8.74533975057792	9.37023413464612
9.04451080642608	0.152496964347161	8.74561675630564	9.34340485654651
8.96025750470477	0.156599628829546	8.65332223219886	9.26719277721068
9.03483801635321	0.16170625289759	8.71789376067393	9.35178227203248
8.93976734927804	0.148842068004124	8.64803689598995	9.23149780256612
9.04500131018299	0.170636178297035	8.7105544007208	9.37944821964518
8.8727297805228	0.13481604689866	8.60849032860143	9.13696923244418
9.06156658278237	0.158709187462068	8.75049657535672	9.37263659020803
8.68110180109905	0.158567267888793	8.37030995603702	8.99189364616108
8.8845119286486	0.150776079719683	8.58899081239802	9.18003304489918
9.20124863171594	0.160371977521606	8.88691955577359	9.51557770765829
8.86417920285486	0.148435501695139	8.57324561953239	9.15511278617734
9.00129696316573	0.156421624103085	8.69471057992368	9.30788334640778
8.73330551356476	0.149118571760844	8.44103311291351	9.02557791421601
8.82065312942151	0.147975150394498	8.5306218346483	9.11068442419473
8.81022946450743	0.154830092218305	8.50676248375955	9.11369644525531
9.04386568328125	0.143567723926871	8.76247294438458	9.32525842217792
9.29269079538008	0.152861338262189	8.99308257238619	9.59229901837397
9.05205967300509	0.167102995741996	8.72453780135078	9.3795815446594
9.15326101734094	0.161103211878438	8.8374987220592	9.46902331262268
8.9491537683925	0.157477813766073	8.640497253411	9.257810283374
9.10620492776517	0.157531541975236	8.7974431054937	9.41496675003663
8.84078122911256	0.144081636927842	8.55838122073399	9.12318123749113
8.9552057744673	0.155797485179064	8.64984270351633	9.26056884541826
8.76914321827753	0.16384074511498	8.44801535785217	9.09027107870289
8.9989759099911	0.154386777815299	8.69637782547311	9.30157399450908
8.88534837707514	0.14451040100433	8.60210799110666	9.16858876304363
8.91773193819384	0.1432524314912	8.63695717247109	9.19850670391659
9.19921950826681	0.170488644116267	8.86506176579893	9.53337725073469
8.99220968063454	0.164116352634881	8.67054162947017	9.3138777317989
9.22443657215146	0.169868749187469	8.89149382374403	9.5573793205589
8.95047473389356	0.162298965086956	8.63236876232313	9.26858070546399
8.92386423778486	0.16031349953677	8.60964977869279	9.23807869687693
8.95367176579621	0.149419199758848	8.66081013426886	9.24653339732355
8.78552928669127	0.168098154572562	8.45605690372905	9.11500166965349
8.8692243958829	0.146727854872704	8.5816378003324	9.1568109914334
9.17759776713138	0.163767020782516	8.85661440639765	9.49858112786511
8.9990843004943	0.151997430836123	8.7011693360555	9.2969992649331
9.01859981753673	0.149076814810742	8.72640926050767	9.31079037456578
8.90479626942693	0.155813892006594	8.599401041094	9.21019149775985
9.06068005811385	0.157161156671158	8.75264419103839	9.36871592518932
8.65855495743003	0.144700930250249	8.37494113413954	8.94216878072052
8.84156079480732	0.146702113356345	8.55402465262889	9.12909693698576
9.07122178246095	0.159918844597191	8.75778084705046	9.38466271787144
9.02242665313657	0.168493616214266	8.69217916535661	9.35267414091654
8.87508199279731	0.143254866758813	8.59430245395004	9.15586153164458
9.0449826563395	0.149024823648343	8.75289400198875	9.33707131069025
9.10562951707722	0.159272386524985	8.79345563948825	9.41780339466619
9.11110060325244	0.156262323396582	8.80482644939514	9.41737475710975
8.84844681195509	0.147813333909347	8.55873267749277	9.13816094641741
9.17951340468156	0.145587059390965	8.89416276827527	9.46486404108785
8.97422746042234	0.149017031171945	8.68215407932533	9.26630084151936
9.13679634244113	0.148989906424596	8.84477612584892	9.42881655903334
8.70912085352202	0.155709592933703	8.40393005137196	9.01431165567207
8.94421376339783	0.158611927075004	8.63333438633082	9.25509314046484
8.98601932006138	0.142758367800775	8.70621291917186	9.2658257209509
8.85215479885882	0.153472144936237	8.5513493947838	9.15296020293385
9.08741186723581	0.154799999540749	8.78400386813595	9.39081986633568
9.20782399824482	0.158085529869258	8.89797635970107	9.51767163678856
9.0507239259109	0.156989993887894	8.74302353789063	9.35842431393117
9.3612940249428	0.171026332814258	9.02608241262685	9.69650563725874
9.12642396045327	0.159232903437682	8.81432746971541	9.43852045119112
9.13674549154183	0.169459321508965	8.80460522138426	9.4688857616994
9.17245290671232	0.163612513956435	8.8517723793577	9.49313343406693
9.03464833731078	0.160603993358969	8.7198645103272	9.34943216429436
9.22915753033128	0.16498382510443	8.9057892331266	9.55252582753597
8.98540430466006	0.155049680191387	8.68150693148494	9.28930167783518
9.08965609997283	0.148567936152285	8.79846294511435	9.38084925483131
8.84687363740858	0.150406215081723	8.5520774558484	9.14166981896875
8.93602032385777	0.156486511399677	8.6293067615144	9.24273388620114
9.03562664003811	0.142135330346169	8.75704139255962	9.3142118875166
9.24903258976598	0.161553714031074	8.93238731026508	9.56567786926688
8.97229114264823	0.155510555385459	8.66749045409273	9.27709183120373
9.27488135360515	0.159015925460737	8.96321013970211	9.5865525675082
9.02010772293159	0.166835160482891	8.69311080838512	9.34710463747805
8.63916989380998	0.142895685723785	8.35909434979136	8.91924543782859
8.87126612289089	0.15386227352808	8.56969606677585	9.17283617900593
8.96892125817922	0.16083782045574	8.65367913008597	9.28416338627247
8.99855240219626	0.145840181352529	8.7127056467453	9.28439915764721
8.9438487572844	0.155842243451712	8.63839796011905	9.24929955444975
8.99541212556735	0.146386027251507	8.70849551215439	9.2823287389803
8.8346559231845	0.155954213932728	8.52898566387635	9.14032618249265
8.94446937291115	0.147722980557007	8.65493233101941	9.23400641480288
8.85600522653693	0.157430823066407	8.54744081332678	9.16456963974709
9.10192875733718	0.159349498074198	8.78960374111175	9.4142537735626
8.99380151506699	0.154205558356068	8.69155862068909	9.29604440944488
9.19347081542192	0.170992290885331	8.85832592528667	9.52861570555717
8.86920016895227	0.151662346852984	8.57194196912042	9.16645836878411
8.65732926157543	0.1425430744352	8.37794483568243	8.93671368746842
8.90697095309311	0.147091125035709	8.61867234802312	9.1952695581631
8.95038387590148	0.158806745894375	8.63912265394851	9.26164509785446
9.03412775274206	0.156671747096863	8.7270511284322	9.34120437705191
8.98177729203403	0.155177244510615	8.67762989279322	9.28592469127483
8.78974955607316	0.137277315534859	8.52068601762484	9.05881309452148
8.99316755235875	0.153053749474665	8.6931822033884	9.29315290132909
8.98948060698237	0.141377042242332	8.71238160418739	9.26657960977734
8.97134747062069	0.148432787501569	8.68041920711761	9.26227573412377
8.90735159816023	0.15275375359368	8.60795424111661	9.20674895520384
9.16649449570495	0.16211312458593	8.84875277151653	9.48423621989338
8.73456742091644	0.142685513897799	8.45490381367675	9.01423102815613
8.96692880313871	0.156052508743552	8.66106588600135	9.27279172027608
8.99949378414554	0.16122692645185	8.68348900829991	9.31549855999116
9.1836243676667	0.165302549552865	8.85963137054308	9.50761736479031
9.10033246836416	0.162012798153169	8.78278738398395	9.41787755274437
8.99201653005155	0.153099115251069	8.69194226415946	9.29209079594365
8.90557547372598	0.152588941629145	8.60650114813286	9.20464979931911
9.25205287211324	0.160688608083098	8.93710320027037	9.56700254395611
9.12063370610899	0.16623725141655	8.79480869333255	9.44645871888543
9.05296642894757	0.153924839997116	8.75127374255322	9.35465911534192
8.93728952345863	0.1536170787582	8.63620004909256	9.2383789978247
9.01340121395966	0.152101305258798	8.71528265565242	9.31151977226691
9.15875961321628	0.17154781184249	8.822525902005	9.49499332442756
9.06571976671972	0.149523840411841	8.77265303951251	9.35878649392693
9.15083130168216	0.163486470453318	8.83039781959365	9.47126478377066
8.90587068425744	0.15039007956914	8.61110612830193	9.20063524021296
8.73993911280129	0.146564980050384	8.45267175190254	9.02720647370005
8.90141882265439	0.139389803185533	8.62821480841075	9.17462283689804
8.74554514856976	0.148021041732013	8.45542390677501	9.0356663903645
9.11096192254792	0.15725090673487	8.80275014534758	9.41917369974827
9.13933825533147	0.163305295877154	8.81925987541225	9.45941663525069
8.97601754836159	0.145000524198594	8.69181652093235	9.26021857579084
9.29033669860877	0.158725616092514	8.97923449106744	9.6014389061501
9.13304560188813	0.150827522685336	8.83742365742488	9.42866754635139
9.11864177838537	0.150888862006261	8.8228996088531	9.41438394791764
9.02728370219028	0.158317634771378	8.71698113803838	9.33758626634218
8.97704117343522	0.149611222051596	8.68380317821409	9.27027916865635
8.87595826554461	0.157973558173095	8.56633009152534	9.18558643956388
9.06782485770831	0.152311049737853	8.76929520022212	9.3663545151945
9.0057342468702	0.160325590301959	8.69149608987836	9.31997240386204
9.03670107834222	0.150293503222672	8.74212581202578	9.33127634465866
9.114803146359	0.167488182324543	8.7865263090029	9.44307998371511
9.06954051696598	0.163527464326325	8.74902668688638	9.39005434704557
9.13464498243701	0.144183141773678	8.8520460245606	9.41724394031342
8.92086130046743	0.141376542059114	8.64376327803156	9.19795932290329
8.99848466659366	0.150688961692336	8.70313430167668	9.29383503151064
9.14591465712593	0.166557695188484	8.8194615745565	9.47236773969535
9.04407521025464	0.148198581956362	8.75360598962017	9.33454443088911
8.93070052905687	0.147654297042805	8.64129810685297	9.22010295126077
8.95941099830543	0.156898544785179	8.65188985052648	9.26693214608438
9.02097201928672	0.153143647126917	8.72081047091796	9.32113356765548
8.89052253490367	0.153628160394057	8.58941134053132	9.19163372927602
9.18080119062399	0.156281721865416	8.87448901576778	9.48711336548021
8.93943175704109	0.156729026439673	8.63224286521933	9.24662064886285
8.98534053843766	0.149002149791956	8.69329632484543	9.2773847520299
9.20332256529112	0.170480302481345	8.86918117242769	9.53746395815456
9.08649387836859	0.157854108316913	8.77709982606744	9.39588793066974
9.04590241841011	0.155722763405	8.74068580213631	9.35111903468391
8.85208762575524	0.151664626224276	8.55482495835566	9.14935029315482
9.18704961578109	0.16287130176472	8.86782186432224	9.50627736723994
9.03922480084286	0.158932153003622	8.72771778095576	9.35073182072996
9.06208220914941	0.154758947243692	8.75875467255178	9.36540974574705
8.78160959735282	0.143855029202205	8.49965374011649	9.06356545458914
9.01270746940441	0.150407127688488	8.71790949913498	9.30750543967385
9.13392564865269	0.149187306429916	8.84151852805005	9.42633276925533
9.00603209829658	0.142386955427356	8.72695366565896	9.2851105309342
8.70539200589533	0.146984810481019	8.41730177735253	8.99348223443812
8.68657807267689	0.14530360529864	8.40178300629155	8.97137313906222
8.8537784517492	0.150899844220016	8.55801475707797	9.14954214642043
8.89805319741072	0.148963849125921	8.60608405312392	9.19002234169753
9.09848742501973	0.158340902396285	8.78813925632301	9.40883559371645
8.80274997042299	0.162368781114912	8.48450715943777	9.12099278140822
8.90116760757052	0.162277220027627	8.58310425631637	9.21923095882467
9.07073712002956	0.151472904785258	8.77385022665045	9.36762401340866
9.01093122705472	0.172193880495369	8.67343122128379	9.34843123282564
9.18447470325787	0.171704736960152	8.84793341881597	9.52101598769977
9.23017017388704	0.163668310297648	8.90938028570365	9.55096006207043
8.93032115499544	0.164018632849065	8.60884463461128	9.25179767537961
9.04792159835864	0.155731076936494	8.74268868756311	9.35315450915417
9.16065344585523	0.153293603036714	8.86019798390327	9.46110890780719
8.98797883460772	0.154315272251632	8.68552090099452	9.29043676822092
9.15321835297119	0.157862238187079	8.84380836612452	9.46262833981787
9.05776273312739	0.15889717659386	8.74632426700342	9.36920119925135
9.33052117990185	0.157662944099995	9.02150180946586	9.63954055033784
8.77313073196477	0.155489967089001	8.46837039647033	9.07789106745921
9.35727497408665	0.153104192573625	9.05719075664235	9.65735919153096
9.05051221510188	0.156639907170255	8.74349799704818	9.35752643315558
9.14247322150371	0.165054470626929	8.81896645907493	9.46597998393249
9.0665415280733	0.15800522552743	8.75685128603954	9.37623177010707
8.94667808782411	0.155994515942608	8.6409288365766	9.25242733907162
9.06438499127177	0.151542419860818	8.76736184834456	9.36140813419897
9.1181282131616	0.167594113324403	8.78964375104577	9.44661267527743
8.8232201720713	0.139449240983057	8.5498996597445	9.09654068439809
8.98401306034063	0.145222643571775	8.69937667893996	9.26864944174131
9.23733541465413	0.163593930288271	8.91669131128912	9.55797951801914
8.91713631144248	0.161212184666394	8.60116042949635	9.23311219338861
9.02728032441199	0.150296012565094	8.73270013978441	9.32186050903957
8.78713515473405	0.150917859469908	8.49133615017303	9.08293415929507
8.92436734368443	0.159180363087986	8.61237383203197	9.23636085533688
9.08834652808205	0.147946037485342	8.79837229461078	9.37832076155332
8.97946517661644	0.153039473242212	8.6795078090617	9.27942254417117
9.00036510718621	0.150453014198285	8.70547719935757	9.29525301501485
8.85898113165275	0.149319472074404	8.56631496638692	9.15164729691858
8.96570201053627	0.153682778951915	8.66448376379052	9.26692025728203
9.06263642338236	0.152060995891166	8.76459687143568	9.36067597532905
8.881169235668	0.141137653276103	8.60453943524683	9.15779903608916
8.94992348068601	0.151101455337411	8.65376462822469	9.24608233314734
9.22179845421077	0.147137774486447	8.93340841621733	9.51018849220421
9.05472445266146	0.157300806615421	8.74641487169523	9.36303403362768
8.95217079837357	0.150138302069024	8.65789972631828	9.24644187042886
9.0315895553089	0.162480024242004	8.71312870779458	9.35005040282323
9.08131160915963	0.166145376699456	8.7556666708287	9.40695654749057
9.0645751848431	0.149812749515216	8.77094219579328	9.35820817389292
8.94701698003842	0.143309572338215	8.66613021825552	9.22790374182132
8.9827553556089	0.147918783114597	8.69283454070429	9.27267617051351
8.89337726129166	0.152210508658224	8.59504466432154	9.19170985826178
8.96736511464836	0.152971221107489	8.66754152127769	9.26718870801904
8.84078284674376	0.164418852576611	8.5185218956936	9.16304379779392
8.95837992268362	0.145611163091455	8.67298204302437	9.24377780234287
9.02363646235249	0.162819866807641	8.70450952340951	9.34276340129546
9.05496119403118	0.151646202825519	8.75773463649316	9.3521877515692
8.8962581433912	0.146804391755259	8.60852153555089	9.1839947512315
9.13017548933446	0.158525144801502	8.81946620552351	9.4408847731454
9.09233755824799	0.162545668695073	8.77374804760565	9.41092706889033
8.81478731667413	0.152433572299509	8.51601751496709	9.11355711838117
8.92469523997998	0.157649596486903	8.61570203086565	9.23368844909431
9.13728711253895	0.155416898187523	8.8326699920914	9.44190423298649
9.00543612068292	0.153277389369226	8.70501243751924	9.30585980384661
9.11029014529273	0.156079658197564	8.8043740152255	9.41620627535995
9.15878786497148	0.160204596048503	8.84478685671641	9.47278887322654
8.43716618085671	0.139715702631896	8.16332340369819	8.71100895801523
8.79337933792939	0.145161630128316	8.50886254287789	9.07789613298089
9.21132542230157	0.159474785405821	8.89875484290616	9.52389600169698
8.87582909953943	0.156191965719703	8.56969284672881	9.18196535235005
8.83081630898284	0.144836292634334	8.54693717541954	9.11469544254614
9.19130358948254	0.15659632546013	8.88437479158068	9.49823238738439
9.21703409152693	0.175027696099613	8.87397980717169	9.56008837588217
9.05681355863816	0.167639047239358	8.72824102604902	9.3853860912273
9.04844247212681	0.160256971641971	8.73433880770855	9.36254613654507
9.10880276745128	0.145730929765375	8.82317014511114	9.39443538979141
9.0064100108402	0.16989752931151	8.67341085338964	9.33940916829076
9.04840952733195	0.157249403424532	8.74020069661987	9.35661835804403
9.21196214854181	0.171843602180853	8.87514868826734	9.54877560881628
8.81009871639692	0.149500334507726	8.51707806076177	9.10311937203206
8.83583842181069	0.148050070472535	8.54566028368452	9.12601655993686
8.90898711515464	0.15571198725194	8.60379162014084	9.21418261016844
9.04249886911914	0.155448006203605	8.73782077696007	9.34717696127821
9.06324117821846	0.150542074615643	8.7681787119718	9.35830364446512
9.05861242635942	0.150007843302481	8.76459705348656	9.35262779923228
9.13382990343088	0.146560758972286	8.8465708158452	9.42108899101656
9.05407059362912	0.155912440851527	8.74848220956012	9.35965897769811
8.74260841188255	0.140248775076998	8.46772081273163	9.01749601103346
8.91466757254108	0.144438194713261	8.63156871090309	9.19776643417907
9.04552551173322	0.152920039074605	8.745802235147	9.34524878831945
9.09431628304818	0.154749692346484	8.79100688604907	9.39762568004729
9.16605122242718	0.159321533178235	8.85378101739784	9.47832142745652
9.03716914461284	0.152793315555896	8.73769424612328	9.33664404310239
8.74900043192898	0.152961240180057	8.44919640117607	9.04880446268189
9.00817722506878	0.159800699033765	8.69496785496261	9.32138659517496
9.03178737526527	0.158210403091578	8.72169498520578	9.34187976532477
8.8325929806325	0.147531705835845	8.54343083719424	9.12175512407075
9.11904497174033	0.146879023368441	8.83116208593819	9.40692785754248
8.99712048434856	0.145844340165971	8.71126557762326	9.28297539107386
9.1147537641029	0.157438577391123	8.8061741524163	9.4233333757895
9.14755190171717	0.153996588835649	8.8457185875993	9.44938521583504
9.02837216906784	0.163170051074393	8.70855886896203	9.34818546917365
9.07165725158539	0.14734720230378	8.78285673506998	9.3604577681008
8.78948802086035	0.149004599011745	8.49743900679733	9.08153703492337
9.20557313949516	0.157511153291049	8.8968512790447	9.51429499994562
8.96370484010677	0.15578835337316	8.65835966749538	9.26905001271817
9.1415806219735	0.141588438777933	8.86406728196875	9.41909396197825
8.82607916462351	0.153146309167411	8.52591239865538	9.12624593059164
8.61375241060194	0.144784408636199	8.32997496967499	8.89752985152889
9.00060062588481	0.148806590517024	8.70893970847144	9.29226154329818
9.22628149338945	0.161309936799627	8.91011401726218	9.54244896951672
9.09999672563229	0.164517084543745	8.77754323992655	9.42245021133803
8.82533911421412	0.147968903971859	8.53532006242927	9.11535816599896
9.27241512765345	0.15716102446199	8.96437951970795	9.58045073559895
9.03364474061199	0.158806228704741	8.72238453235069	9.34490494887328
9.06838885965912	0.163484628168686	8.7479589884485	9.38881873086975
9.20449910020093	0.161697743128415	8.88757152366924	9.52142667673263
8.54293289791518	0.142353086743045	8.26392084789881	8.82194494793154
8.67206003661726	0.145526490070447	8.38682811607919	8.95729195715534
8.85745992150582	0.153221847475848	8.55714510045316	9.15777474255848
9.16542111684343	0.155233214654305	8.86116401612099	9.46967821756587
8.78647118872252	0.151395444935357	8.48973611664922	9.08320626079582
9.00111954185407	0.151152419938921	8.70486079877378	9.29737828493436
8.89316985064114	0.149069365207076	8.60099389483528	9.18534580644701
8.94751680021295	0.15360696205558	8.64644715458402	9.24858644584189
9.19535832625613	0.171872221896323	8.85848877133934	9.53222788117293
9.01792294725168	0.165964262030196	8.6926329936725	9.34321290083087
8.93338079747429	0.157004708975414	8.62565156788248	9.24111002706611
8.92224706125624	0.149648089996786	8.62893680486254	9.21555731764994
9.19069977232056	0.165280403278685	8.86675018189434	9.51464936274678
9.06266566448083	0.154951742167047	8.75896024983342	9.36637107912824
8.87066954222921	0.15744653490467	8.56207433381606	9.17926475064236
9.0322334147092	0.149533864286077	8.73914704070849	9.32531978870991
8.95190836711352	0.152488866236409	8.65303018929016	9.25078654493688
8.88634643989399	0.148435309657588	8.59541323296512	9.17727964682287
8.82242053651286	0.158503285357438	8.51175409721228	9.13308697581344
8.96437796623944	0.166810609283954	8.63742917204289	9.29132676043599
8.90998041764559	0.157496762803983	8.60128676254978	9.2186740727414
8.89318159539989	0.145004852541297	8.60897208441895	9.17739110638083
9.10236875066142	0.154660329809348	8.7992345042351	9.40550299708774
9.22904559234022	0.163210268736581	8.90915346561652	9.54893771906392
9.09044440208848	0.164169898514721	8.76867140099963	9.41221740317733
9.20830991039736	0.159513212750619	8.89566401340614	9.52095580738857
9.35736091002931	0.179913284295528	9.00473087281008	9.70999094724855
9.07613465275126	0.148255477272821	8.78555391729653	9.36671538820599
8.92761573568627	0.148797060273473	8.63597349755026	9.21925797382228
9.02932490362282	0.147178766996053	8.74085452031056	9.31779528693509
9.09559725536247	0.163032004046896	8.77605452743056	9.41513998329439
9.09981958425167	0.164387697109008	8.77761969791801	9.42201947058532
8.72158455125519	0.140725826012119	8.44576193227144	8.99740717023895
8.97570886621663	0.151429151607804	8.67890772906533	9.27251000336793
8.91432132376501	0.161563821584093	8.59765623346019	9.23098641406983
9.15360782261298	0.173958830571389	8.81264851469306	9.4945671305329
9.25888307364001	0.167119279119122	8.93132928656653	9.58643686071349
8.89311789806748	0.15084109116499	8.5974693593841	9.18876643675086
9.05325731302508	0.140307066044905	8.77825546357706	9.32825916247309
8.99196551856279	0.159143277522568	8.68004469461856	9.30388634250702
8.85531040164479	0.15356189843519	8.55432908071182	9.15629172257776
8.83919854995327	0.150444751657072	8.54432683670541	9.13407026320113
8.88416902790756	0.160033830160947	8.5705027207921	9.19783533502302
8.87263235596005	0.152912465785834	8.57292392301981	9.17234078890028
8.95446637038653	0.15121893895304	8.65807725003857	9.25085549073448
8.73992865324415	0.142704855774096	8.46022713592693	9.01963017056138
8.96842852179354	0.154949279567012	8.66472793384219	9.27212910974488
8.69355246920143	0.143190244705201	8.41289958957923	8.97420534882362
9.12204953166147	0.161285658319488	8.80592964135527	9.43816942196766
9.02952074783465	0.162172162511813	8.7116633093115	9.3473781863578
8.90276703564175	0.153927887244766	8.60106837664201	9.20446569464149
9.12501428024516	0.162377268051073	8.80675483486505	9.44327372562526
8.88224012044308	0.151693369172619	8.58492111686474	9.17955912402141
8.81757878167654	0.149921593528925	8.52373245835985	9.11142510499323
8.91955817577277	0.135511199352255	8.65395622504235	9.18516012650319
8.99071814346373	0.168123185568077	8.6611966997503	9.32023958717716
8.84887858991678	0.137634725923444	8.57911452710683	9.11864265272673
9.24422639901169	0.159912824001531	8.93079726396869	9.55765553405469
8.92279930799343	0.155152741900409	8.61869993386863	9.22689868211823
9.0243076110733	0.162161448299538	8.7064711724062	9.34214404974039
9.03202420687504	0.147637907027661	8.74265390910082	9.32139450464925
8.98860132567875	0.159688427699073	8.67561200738857	9.30159064396894
9.01468183679097	0.141711720086206	8.73692686542201	9.29243680815994
9.11535810712851	0.169924124340652	8.78230682342083	9.44840939083618
8.96295505677029	0.16471136123762	8.64012078874455	9.28578932479602
9.02857271511515	0.156263001305541	8.72229723255628	9.33484819767401
8.89572766654977	0.1592653504763	8.58356757961622	9.20788775348331
8.7760279593652	0.149007077063804	8.48397408832015	9.06808183041026
8.93912281265247	0.153592095930444	8.6380823046288	9.24016332067614
9.15017015802662	0.15884575250505	8.83883248311672	9.46150783293651
8.91851484716729	0.161064732744293	8.60282797098848	9.23420172334611
8.95512389178649	0.162774231880806	8.63608639730011	9.27416138627287
9.13577358503124	0.169904887043275	8.80276000642642	9.46878716363606
9.15588763931471	0.142274907582693	8.87702882045263	9.43474645817679
9.12622646022407	0.16777049897962	8.79739628222402	9.45505663822413
8.87777944776802	0.178231813063096	8.52844509416436	9.22711380137169
8.98299119970715	0.162321525044337	8.66484101062025	9.30114138879405
9.30553257560656	0.165769825573452	8.9806237174826	9.63044143373053
8.95570134929797	0.154206233846132	8.65345713095955	9.25794556763639
8.79906772317688	0.144479342018305	8.515888212821	9.08224723353275
8.78544567754311	0.145551980102569	8.50016379654208	9.07072755854415
8.85596388979356	0.142777466323439	8.57612005579962	9.1358077237875
9.06663258609428	0.152905053154212	8.76693868191203	9.36632649027654
8.89277631479073	0.152235135736632	8.59439544874693	9.19115718083453
8.82990151123959	0.145072523757441	8.54555936467501	9.11424365780418
8.87090715487208	0.153521322646157	8.57000536248561	9.17180894725855
8.94730805679407	0.144966189469215	8.66317432543441	9.23144178815373
9.03565987742221	0.15434292650418	8.73314774147402	9.3381720133704
9.23549123968749	0.158913705232814	8.92402037743118	9.54696210194381
8.87319827231807	0.151533944679352	8.57619174074654	9.1702048038896
9.06128821938053	0.168826666690428	8.73038795266729	9.39218848609377
9.12562614151608	0.160802322859019	8.8104535887124	9.44079869431975
9.22457014532855	0.154184039573597	8.9223694277643	9.5267708628928
8.78403523033759	0.156487504731923	8.47731972106302	9.09075073961216
9.0103081629888	0.157644127056745	8.70132567395758	9.31929065202002
8.90820790431939	0.158028511805113	8.59847202118137	9.21794378745741
8.92286104412215	0.158090851199909	8.61300297577032	9.23271911247397
8.82960678300141	0.159403521425637	8.51717588100716	9.14203768499566
8.78304679441476	0.139411200422716	8.50980084158624	9.05629274724329
8.92032399423468	0.137198538820943	8.65141485814563	9.18923313032373
9.00303980696652	0.155930571375734	8.69741588707008	9.30866372686296
9.20604249233539	0.155989702578074	8.90030267528236	9.51178230938841
9.04238191027111	0.165210734341186	8.71856887096239	9.36619494957984
9.05412042634814	0.153845387999261	8.75258346586959	9.35565738682669
8.82025665629092	0.147129544293127	8.53188274947639	9.10863056310545
9.09834769253885	0.151437737651736	8.80152972674145	9.39516565833625
9.0420129561201	0.158603185089071	8.73115071334552	9.35287519889468
8.78416137840496	0.132631100705091	8.52420442102298	9.04411833578694
8.98579129295944	0.147526227473164	8.69663988711204	9.27494269880685
9.01801374556841	0.150503590448789	8.72302670828879	9.31300078284804
8.66635845060678	0.147554040225947	8.37715253176392	8.95556436944963
8.80170367261399	0.144570202330803	8.51834607604561	9.08506126918236
9.18298050200577	0.166999562036784	8.85566136041367	9.51029964359787
8.95351412796605	0.153317235860627	8.65301234567922	9.25401591025288
8.98030832825119	0.151447702315077	8.68347083171364	9.27714582478874
9.27184245714557	0.16066758616973	8.9569339882529	9.58675092603824
9.26106511931812	0.15947117540694	8.94850161552052	9.57362862311573
8.98393368916176	0.147143197320593	8.6955330224134	9.27233435591013
8.92505710069257	0.14713284511693	8.63667672426338	9.21343747712175
9.15464722882316	0.165848502678139	8.82958416357401	9.47971029407231
8.84859920136855	0.165219933775636	8.5247681311683	9.1724302715688
9.10641962134141	0.160224035634309	8.79238051149816	9.42045873118465
8.78012614288017	0.160171969555142	8.46618908255209	9.09406320320825
9.04646691893162	0.161128808051544	8.73065445515059	9.36227938271264
8.87847810735819	0.155230548180178	8.57422623292504	9.18272998179134
8.87476058090127	0.162534820435829	8.55619233284705	9.1933288289555
8.98789347240996	0.157264146092547	8.67965574606856	9.29613119875135
8.82696956597752	0.143163852684934	8.54636841471505	9.10757071723999
8.95630297534841	0.152483576002866	8.65743516638279	9.25517078431403
9.0145621991236	0.140717322873769	8.73875624629101	9.29036815195619
8.76450729653034	0.150676897269415	8.46918057788229	9.0598340151784
9.1623476132645	0.158575117547568	8.85154038287126	9.47315484365773
8.84944589556588	0.143443107291159	8.56829740527521	9.13059438585655
9.19012542992255	0.171829417511558	8.85333977159989	9.5269110882452
8.93140103980876	0.160774186277602	8.61628363470466	9.24651844491286
9.21313529792499	0.156337917678631	8.90671297927487	9.5195576165751
9.09149612887039	0.173147483757839	8.75212706070503	9.43086519703576
8.8741834256938	0.15527489118583	8.56984463896958	9.17852221241803
9.0347010932092	0.15687111052704	8.7272337165762	9.34216846984219
9.10971953514681	0.165001585852701	8.78631642687551	9.4331226434181
9.07749122493504	0.159802222666353	8.76427886850898	9.39070358136109
9.11079477539014	0.15868362209598	8.79977487608202	9.42181467469826
8.95701544947324	0.16398234890066	8.63561004562794	9.27842085331853
8.98993479057894	0.15371204140108	8.68865918943282	9.29121039172506
9.22758056190568	0.156683421580853	8.9204810556072	9.53468006820415
9.01340956618859	0.164070275473718	8.6918318262601	9.33498730611708
9.13871907769045	0.163208621714742	8.81883017912955	9.45860797625135
8.83582650206924	0.148957020930977	8.54387074104452	9.12778226309395
8.81354107291961	0.155516594989166	8.50872854674085	9.11835359909838
9.09767578548654	0.158988728084403	8.78605787844111	9.40929369253197
9.18931471536312	0.163572809916187	8.86871200792739	9.50991742279884
8.83406091646321	0.146092124147876	8.54772035313338	9.12040147979305
8.92028633094005	0.153779541509918	8.61887842958061	9.22169423229949
8.98841313118315	0.150174990604427	8.69407014959847	9.28275611276782
8.85206593736219	0.157387757089907	8.54358593346597	9.16054594125841
8.96336660891705	0.163020345472805	8.64384673179035	9.28288648604375
8.8865630392213	0.152127139531291	8.58839384573997	9.18473223270263
8.8721500103219	0.153659043154559	8.57097828573897	9.17332173490484
9.18906449268063	0.166673004858583	8.86238540315781	9.51574358220346
8.94210262922232	0.153725896533493	8.64079987201667	9.24340538642796
8.76808331077901	0.135546998973351	8.50241119279124	9.03375542876678
8.9581205392275	0.149875322895886	8.66436490635156	9.25187617210343
8.88226619157029	0.151369593883611	8.58558178755841	9.17895059558217
8.94984851670692	0.161522932807145	8.63326356840491	9.26643346500892
8.96717980662667	0.15668798252093	8.66007136088565	9.2742882523677
9.17747351418943	0.153265594974734	8.87707294803895	9.47787408033991
9.11964394111974	0.171793862981465	8.78292796967607	9.45635991256341
8.98207229918554	0.144928498521953	8.69801244208251	9.26613215628857
8.68483732834867	0.148587504361531	8.39360581980007	8.97606883689727
8.95849202944946	0.158192017468715	8.64843567521078	9.26854838368814
8.78514811397925	0.149150218269528	8.49281368617097	9.07748254178752
8.71529565907296	0.150489271832335	8.42033668628159	9.01025463186434
8.97060591416298	0.159027746947175	8.65891153014652	9.28230029817945
9.08435365822692	0.160766577114334	8.76925116708283	9.39945614937102
9.05909139287047	0.168601554695417	8.72863234566745	9.38955044007349
9.08301471481388	0.157158833257876	8.77498340162844	9.39104602799931
9.08184907563193	0.162605608454177	8.76314208306175	9.40055606820212
8.94764948029872	0.15013738265509	8.65338021029475	9.2419187503027
9.02991121767606	0.146426592410468	8.74291509655154	9.31690733880058
9.1243265666622	0.15752928102456	8.81556917585406	9.43308395747034
9.20515486734015	0.14956817049219	8.91200125317546	9.49830848150484
8.99357911130116	0.160130993221688	8.67972236458666	9.30743585801567
8.94196673570138	0.15746262160496	8.63333999735566	9.25059347404711
9.02864589632534	0.15310651735936	8.72855712230099	9.32873467034968
9.10869783009758	0.159913554053162	8.79526726415339	9.42212839604178
8.92717837496532	0.157517332004639	8.61844440423623	9.23591234569441
8.63718424558029	0.138280687147488	8.36615409877122	8.90821439238937
8.98906569860235	0.166704297845237	8.66232527482568	9.31580612237901
9.01380800278552	0.147099079839552	8.7254938063	9.30212219927104
8.94013692702286	0.152143479005176	8.64193570817271	9.238338145873
9.08813433581806	0.159999353263503	8.77453560342159	9.40173306821452
9.05034744575344	0.158029849530849	8.74060894067298	9.36008595083391
9.09515523592686	0.149930876451798	8.80129071808133	9.38901975377238
9.21651891695645	0.162781985412934	8.8974662255471	9.5355716083658
8.85419373392598	0.158765532630418	8.54301328997036	9.1653741778816
9.15181813410519	0.158665873189013	8.84083302265472	9.46280324555565
9.14100476805405	0.150568223282071	8.84589105042119	9.43611848568691
9.01713329103314	0.156164596532911	8.71105068182863	9.32321590023765
9.17474557947506	0.142346857796938	8.89574573819306	9.45374542075706
8.97338484925894	0.159017143572842	8.66171124785617	9.28505845066171
9.10277806265374	0.146343916503896	8.81594398630611	9.38961213900138
9.55472333016669	0.165566844866193	9.23021231422895	9.87923434610443
9.16109929258071	0.158194058466127	8.8510389379871	9.47115964717432
9.17302424564812	0.157730129135952	8.86387319254165	9.48217529875458
8.86441850660045	0.149243863330134	8.57190053447339	9.15693647872751
9.02402910203655	0.162418983154261	8.7056878950542	9.34237030901891
8.81124381529463	0.154166241943518	8.50907798108534	9.11340964950393
8.95098666090071	0.141972679770718	8.6727202085501	9.22925311325132
8.97607503821535	0.151823686398509	8.67850061287427	9.27364946355643
9.10629722628531	0.157918233391807	8.79677748883736	9.41581696373325
8.89365856657595	0.155373129948985	8.58912723187593	9.19818990127596
9.23897488288017	0.153878561253843	8.93737290282264	9.54057686293771
8.81401405004929	0.137103235505751	8.54529170845802	9.08273639164057
8.86096534184644	0.154222635393479	8.55868897647522	9.16324170721766
8.92656626200373	0.158976544492678	8.61497223479808	9.23816028920938
9.16043010344101	0.151643334931197	8.86320916697586	9.45765103990616
8.92941871422487	0.156187367191102	8.62329147453032	9.23554595391943
9.05869651507016	0.158816655174147	8.74741587092883	9.36997715921149
8.94743536658201	0.149888688070442	8.65365353796394	9.24121719520008
9.33718570793844	0.173954555458192	8.99623477924039	9.6781366366365
9.08072253756153	0.156450008717397	8.77408052047543	9.38736455464762
8.89020469789747	0.150288872153091	8.59563850847742	9.18477088731753
8.88249642160697	0.155801773091132	8.57712494634836	9.18786789686559
8.90071965523983	0.143537963856362	8.61938524608136	9.1820540643983
8.80954345419696	0.147327691011608	8.52078117981421	9.09830572857971
8.99658348548348	0.157659836410004	8.68757020611987	9.30559676484709
9.0695859254757	0.153909007816491	8.76792427015538	9.37124758079602
8.90879642383035	0.140415665631644	8.63358171919233	9.18401112846837
9.1420202048488	0.163519349618622	8.82152227959631	9.4625181301013
8.82388937160745	0.151347426708329	8.52724841525913	9.12053032795578
8.97802601978873	0.152010556027112	8.68008532997559	9.27596670960186
8.92615917057676	0.144179424033487	8.64356749947112	9.20875084168239
8.94930808472657	0.150373842975508	8.65457535249458	9.24404081695857
9.10439854201284	0.160918837201543	8.78899762109782	9.41979946292786
9.07591505954094	0.153633677568474	8.77479305150673	9.37703706757515
8.93305768487817	0.14161689138829	8.65548857775712	9.21062679199922
8.97128746930595	0.149184757365384	8.6788853448698	9.26368959374211
9.26438567371056	0.153528460905582	8.96346989033562	9.5653014570855
8.80380180999007	0.161144735347652	8.48795812870867	9.11964549127147
9.11117697210764	0.149894082423649	8.81738457055728	9.40496937365799
9.04263541172871	0.154454678603229	8.73990424166638	9.34536658179104
9.02178411482133	0.161411103120787	8.70541835270459	9.33814987693807
8.93946973757834	0.159098414742368	8.6276368446833	9.25130263047338
8.96032382727604	0.152224123863868	8.66196454450285	9.25868311004922
8.97069180100744	0.165912898451384	8.64550252004273	9.29588108197215
9.10814728253621	0.154076325884121	8.80615768380333	9.41013688126909
8.94712319656817	0.153129291518047	8.64698978519279	9.24725660794354
8.81614985125588	0.158281810252622	8.50591750316074	9.12638219935102
8.9649994018242	0.152472294934626	8.66615370375233	9.26384509989606
9.04239338673529	0.153879992043496	8.74078860233004	9.34399817114054
8.87636299639222	0.144986771482587	8.59218892428635	9.16053706849809
9.18291363835396	0.163321836731126	8.86280283836096	9.50302443834697
8.73873192007963	0.145947175692197	8.45267545572292	9.02478838443633
8.88820428631147	0.1656745588431	8.563482150979	9.21292642164395
9.04987214183091	0.162945800512342	8.73049837282672	9.3692459108351
8.9250694881547	0.155931738232911	8.61944328121819	9.2306956950912
8.82819342292314	0.142185107222611	8.54951061276682	9.10687623307945
8.99825024671194	0.149084403723143	8.70604481541458	9.2904556780093
8.77573686478528	0.150462899343098	8.48082958207281	9.07064414749775
8.83538913795699	0.167192147042941	8.50769252975283	9.16308574616116
8.95479873408233	0.158852649858117	8.64344754036042	9.26614992780424
9.09082227619984	0.158598321525004	8.77996956601083	9.40167498638885
8.81548081822305	0.139640748786831	8.54178495060086	9.08917668584523
9.21709249273733	0.149089868751286	8.92487634998481	9.50930863548985
8.86495266544543	0.152037294573743	8.5669595680809	9.16294576280997
9.22899293415162	0.165345553472128	8.90491564934625	9.55307021895699
9.27187412978097	0.164173469856329	8.95009412886256	9.59365413069937
9.02502093484437	0.13369793274303	8.76297298666803	9.28706888302071
9.2181817415779	0.147278300805051	8.929516272	9.5068472111558
8.73157489818215	0.148031509590984	8.44143313938382	9.02171665698048
8.70148895469477	0.137710399129289	8.43157657240136	8.97140133698818
8.92184638092324	0.148719971202325	8.63035523736669	9.2133375244798
8.86409453597375	0.153241744326868	8.56374071709309	9.16444835485441
8.87614491618416	0.148354966408209	8.58536918202407	9.16692065034425
8.89982305073901	0.159176986179952	8.58783615782631	9.21180994365172
9.19749949125227	0.161865379692978	8.88024334705403	9.51475563545051
8.87610074211327	0.149307456425666	8.58345812751896	9.16874335670757
9.1154768381415	0.154668216678261	8.8123271334521	9.41862654283089
8.96468275300879	0.149251687244708	8.67214944600916	9.25721606000842
9.23444714984956	0.164067516334319	8.91287481783429	9.55601948186483
8.75655350027407	0.150436229611745	8.46169849023505	9.05140851031309
9.03438920358001	0.149705496617651	8.74096643020942	9.32781197695061
8.83166305454413	0.13718606542842	8.56277836630443	9.10054774278383
8.9018615027695	0.165000867889078	8.57845980170691	9.2252632038321
9.00321724592857	0.159529227488455	8.6905399600512	9.31589453180595
8.9906570917767	0.167049729780437	8.66323962140705	9.31807456214636
9.07695040389436	0.160517087298586	8.76233691278913	9.39156389499959
8.737064096373	0.145969654150905	8.45096357423722	9.02316461850877
9.17890203449037	0.162351222332611	8.86069363871845	9.49711043026229
8.7996345838971	0.149142857067147	8.50731458404549	9.0919545837487
8.82399379506314	0.143036505207349	8.54364224485674	9.10434534526954
9.08310711023688	0.156106875320511	8.77713763460868	9.38907658586508
8.98367604082314	0.149268474860797	8.69110983009598	9.2762422515503
9.02285914316136	0.146666555057719	8.73539269524823	9.31032559107449
9.09437983850631	0.160819862566521	8.77917290787593	9.40958676913669
9.00050587640618	0.147041457404029	8.71230461989428	9.28870713291807
9.01622066907754	0.153903698194269	8.71456942061677	9.31787191753831
8.97615058200063	0.148504337160849	8.68508208116537	9.2672190828359
9.29006565414842	0.155738428142566	8.984818334989	9.59531297330785
9.02625531678181	0.153640694253421	8.7251195560451	9.32739107751852
8.91540909684039	0.153264138783322	8.61501138482508	9.2158068088557
9.15768138215846	0.156023966558584	8.85187440770364	9.46348835661329
9.07927660716063	0.158583156584229	8.76845362025554	9.39009959406571
8.94333872408663	0.144580837960103	8.65996028168483	9.22671716648844
8.85339008333349	0.163545212214834	8.53284146739241	9.17393869927456
8.80303701643644	0.147885943519701	8.51318056713783	9.09289346573505
8.94733010419205	0.148993245635289	8.65530334274689	9.23935686563722
9.07865829385202	0.155678426875103	8.77352857717682	9.38378801052722
9.04937546915198	0.154948387665773	8.74567662932706	9.3530743089769
9.16223578392561	0.162353756655428	8.84402242088097	9.48044914697025
9.14144511319787	0.157791431849309	8.83217390677322	9.45071631962251
8.95223705487101	0.170604936151562	8.61785138001395	9.28662272972807
9.04848033557658	0.1604723233092	8.73395458189055	9.36300608926261
8.91969927027305	0.152187627548511	8.62141152027797	9.21798702026813
9.32753286563356	0.148701584889165	9.0360777592508	9.61898797201633
8.91861592838284	0.156610304205848	8.61165973213937	9.2255721246263
9.10769430730025	0.160896308591725	8.79233754246047	9.42305107214003
8.52425212488936	0.136308082164163	8.2570882838476	8.79141596593112
8.99229697680918	0.158029088283806	8.68255996377292	9.30203398984544
8.96900459519342	0.149648644550349	8.67569325187474	9.2623159385121
9.24796560135335	0.164769943455142	8.92501651218127	9.57091469052543
8.81932882580531	0.143389269414902	8.5382858577521	9.10037179385852
9.11819318539642	0.148288421971271	8.82754787833273	9.40883849246011
8.89159683366553	0.162584328483791	8.5729315498373	9.21026211749377
9.01212329646133	0.168786133312598	8.68130247516864	9.34294411775403
9.38719385192024	0.150849209679952	9.09152940094754	9.68285830289295
9.18915839191134	0.161244590279259	8.873118994964	9.50519778885869
8.83709733492839	0.148302936147432	8.54642358007942	9.12777108977735
9.01366053582804	0.155526900988252	8.70882780989107	9.31849326176502
9.11727699093032	0.159919725784183	8.80383432839332	9.43071965346732
9.11006749815243	0.142807153212515	8.8301654778559	9.38996951844896
8.90943604247233	0.143108943885178	8.62894251245739	9.18992957248728
8.93948936280301	0.151114029544857	8.64330586489509	9.23567286071093
8.72882201273262	0.153795843273042	8.42738215991746	9.03026186554779
9.2513053714958	0.163571690511018	8.9307048580942	9.57190588489739
9.14941251166957	0.14770358050799	8.85991349387391	9.43891152946523
8.9102071890328	0.16144815579956	8.59376880366566	9.22664557439994
8.97660889444604	0.154482066781475	8.67382404355435	9.27939374533774
9.17993087438517	0.165766986289103	8.85502758125853	9.50483416751181
9.05447613180167	0.149383737360354	8.76168400657537	9.34726825702796
8.739490209291	0.15163278887934	8.44228994308749	9.0366904754945
8.67682678037266	0.147598822441302	8.38753308838771	8.96612047235761
8.95850091236029	0.153749418089093	8.65715205290567	9.25984977181491
8.95404964182312	0.154940457207883	8.65036634569566	9.25773293795057
9.14208641802776	0.16003159151864	8.82842449865123	9.4557483374043
8.91997287429174	0.153507440805294	8.61909829031336	9.22084745827012
9.21816133301918	0.161493483672022	8.90163410502202	9.53468856101635
9.1454362313418	0.158491855671736	8.83479219422519	9.4560802684584
9.31657600369798	0.168973638669971	8.98538767190484	9.64776433549112
9.23404065906411	0.158716190818575	8.9229569250597	9.54512439306851
8.88091669036468	0.159858077083603	8.56759485928082	9.19423852144854
9.07847497644891	0.162767462022907	8.75945075088401	9.39749920201381
8.80491153163663	0.149561041681972	8.51177188993996	9.0980511733333
8.78120278897969	0.14906217116484	8.4890409334966	9.07336464446278
8.8010968453231	0.13329841820737	8.53983194563666	9.06236174500955
8.92572130986597	0.152197305599468	8.62741459089101	9.22402802884092
9.04857418433196	0.164550524060418	8.72605515717354	9.37109321149038
9.12563219089355	0.152727506311047	8.8262862785239	9.42497810326321
8.95723091612614	0.156895267428664	8.64971619196596	9.26474564028632
9.03213415738688	0.160372248237792	8.71780455084081	9.34646376393295
8.9596000874179	0.163284685184066	8.63956210445713	9.27963807037867
8.91778889144464	0.153795111752228	8.61635047241028	9.21922731047901
8.7554707023108	0.141844945166167	8.47745460978511	9.03348679483649
9.13393129032297	0.161960755688189	8.81648820917412	9.45137437147182
8.99663679399154	0.160173709527276	8.68269632331808	9.310577264665
9.00185443215334	0.154186726760873	8.69964844770203	9.30406041660465
8.99743373674311	0.161049691442511	8.68177634151579	9.31309113197043
8.86891710454415	0.159347152841129	8.55659668497553	9.18123752411276
8.91735029578962	0.155840026983224	8.6119038429025	9.22279674867673
9.01631504076632	0.148271930917949	8.72570205616714	9.3069280253655
8.68727254601625	0.144085525127023	8.40486491676729	8.96968017526522
8.75408370790124	0.143667057479866	8.4724962752407	9.03567114056177
8.91972008680088	0.150517625473217	8.62470554087338	9.21473463272839
8.70494185056239	0.141384320137906	8.4278285830921	8.98205511803269
8.8538235309904	0.148703943843296	8.56236380105754	9.14528326092326
9.35662206906646	0.179196049730009	9.00539781159564	9.70784632653727
9.13836235514991	0.15906057876603	8.82660362076849	9.45012108953133
8.86100268963101	0.154408660039652	8.5583617159533	9.16364366330873
8.94343042361472	0.157679530995142	8.63437854286425	9.2524823043652
9.18760257009491	0.15677098366308	8.88033144211528	9.49487369807455
8.71185308149987	0.14609625148544	8.4255044285884	8.99820173441133
8.93910609504161	0.168433077872851	8.60897726241082	9.2692349276724
8.95855524034296	0.154423368640372	8.65588543780784	9.26122504287809
9.24761404650273	0.170887083639028	8.91267536257024	9.58255273043523
9.15925687850318	0.15914632616301	8.84733007922368	9.47118367778268
8.95182526322783	0.154844572732377	8.64832990067237	9.25532062578329
9.1200283286119	0.155465685308032	8.81531558540815	9.42474107181564
8.73504292127998	0.161823743237584	8.41786838453431	9.05221745802564
9.10637480687613	0.150326880658781	8.81173412078492	9.40101549296734
9.16090710147598	0.164162519749766	8.83914856276644	9.48266564018552
9.06919725328448	0.147089049786532	8.78090271570287	9.35749179086608
9.03242621791747	0.164763741168341	8.70948928522752	9.35536315060742
8.91299395284318	0.153278292425043	8.61256849969009	9.21341940599626
8.87935919030529	0.151898812618392	8.58163751757324	9.17708086303734
8.92399146142939	0.152542522697748	8.6250081169418	9.22297480591697
8.81706079614901	0.145618945520535	8.53164766292877	9.10247392936926
8.96421990754402	0.153670467743398	8.66302579076696	9.26541402432108
8.73551132566489	0.140368116016393	8.46038981827276	9.01063283305702
9.26892110265404	0.156098389320399	8.96296825958606	9.57487394572202
8.86691657900464	0.159693905202987	8.55391652480679	9.17991663320249
8.95831930360291	0.155797063565188	8.65295705901515	9.26368154819068
9.12779565908024	0.153598835760362	8.82674194098993	9.42884937717055
8.88137793709722	0.143842354418041	8.59944692243786	9.16330895175658
8.72348624621822	0.145364343011974	8.43857213391475	9.00840035852169
8.95334857747818	0.149531597560778	8.66026664625906	9.2464305086973
8.95800332627488	0.144871027843089	8.67405611170243	9.24195054084734
9.3667664043804	0.169020665760661	9.0354858994895	9.6980469092713
8.90265746108921	0.151228726460161	8.60624915722729	9.19906576495112
9.29021450776027	0.159596712370154	8.97740495151477	9.60302406400577
9.0205788877748	0.143412477373118	8.73949043212349	9.30166734342611
9.0302329693543	0.142665171831433	8.75060923256469	9.30985670614391
8.9475374174042	0.151950419777501	8.6497145946403	9.2453602401681
8.79155456733695	0.147820026063042	8.50182731625338	9.08128181842051
9.07934856868669	0.173652267291344	8.73899012479566	9.41970701257773
9.05533261902734	0.145687810315169	8.76978451080961	9.34088072724507
8.84467111526932	0.158944049177243	8.53314077888192	9.15620145165671
8.96477992880003	0.151404296096532	8.66802750845082	9.26153234914923
9.182599212019	0.14697169342432	8.89453469290734	9.47066373113067
9.09200655692832	0.162598791386821	8.77331292581015	9.41070018804649
8.84561931532075	0.141661213906869	8.56796333606329	9.12327529457822
9.06154032470301	0.158158134288604	8.75155038149735	9.37153026790867
9.07212628888229	0.148650917636512	8.78077049031473	9.36348208744985
8.99453858723859	0.160229323484097	8.68048911320976	9.30858806126742
8.78173221912886	0.14946440365078	8.48878198797333	9.07468245028439
9.34397200062656	0.158768210743979	9.03278630756836	9.65515769368475
8.9034697780336	0.152244750155006	8.60507006772979	9.20186948833741
8.80757709171677	0.160046186366452	8.49388656643852	9.12126761699502
8.8120073922036	0.160818314394972	8.49680349598945	9.12721128841774
9.08733954646914	0.141315961530587	8.81036026186919	9.36431883106909
8.99609381903591	0.158691538859104	8.68505840287207	9.30712923519976
8.99298279098146	0.155085303501421	8.68901559611868	9.29694998584425
8.90627032053118	0.155208489951298	8.60206168022664	9.21047896083573
9.03848916356852	0.146820457157241	8.75072106754033	9.32625725959671
9.00877553854832	0.154621202473876	8.70571798169952	9.31183309539712
8.62293728657353	0.157133287796149	8.31495604249308	8.93091853065399
8.97797120634905	0.157260941717488	8.66973976058277	9.28620265211532
8.89627798540646	0.149713397436803	8.60283972643032	9.18971624438259
8.82543762989937	0.143860892006185	8.54347028156725	9.10740497823149
8.90547462593703	0.157213816069301	8.5973355464412	9.21361370543286
9.0085651418698	0.1647074804045	8.68573848027698	9.33139180346262
9.07206245864183	0.160243258250179	8.75798567247148	9.38613924481218
9.0195558658248	0.15744382714269	8.71096596462513	9.32814576702447
9.24432624917149	0.15701078946846	8.93658510181331	9.55206739652967
9.16588280578368	0.161843703404486	8.84866914711089	9.48309646445647
8.84925993494558	0.146568874212588	8.56198494148891	9.13653492840225
8.96010245463708	0.14385730023762	8.67814214617135	9.24206276310282
9.08559075237905	0.161556119723963	8.76894075772008	9.40224074703802
8.9844958256956	0.163233617307993	8.66455793577193	9.30443371561926
9.09993114841274	0.145022289848247	8.81568746031017	9.3841748365153
9.39735305558702	0.170375641316032	9.0634167986076	9.73128931256644
9.06622735565797	0.159890069464424	8.7528428195077	9.37961189180824
8.87512272046864	0.155563175574089	8.57021889634343	9.18002654459386
8.99576833420629	0.154557116871579	8.69283638513799	9.29870028327458
8.92429069608407	0.147820649272429	8.63456222351011	9.21401916865804
9.06853226260941	0.152804443185003	8.76903555396681	9.36802897125202
9.1714829245422	0.165108544431387	8.84787017745668	9.49509567162772
8.90191345407754	0.163978594753974	8.58051540835975	9.22331149979533
8.92181606386464	0.152430910404296	8.62305147947222	9.22058064825706
9.08795755367386	0.149596550774532	8.79474831415578	9.38116679319194
8.89999257048756	0.146301366310526	8.61324189251893	9.1867432484562
9.08812261957542	0.160477263508011	8.77358718309972	9.40265805605112
9.30529138394216	0.158900980025377	8.99384546309242	9.6167373047919
9.22721230504199	0.153054343229833	8.92722579231152	9.52719881777246
8.98330203138004	0.152923557797186	8.68357185809756	9.28303220466252
8.95526166156227	0.158144364875222	8.64529870640683	9.2652246167177
9.41925148168211	0.165878996672634	9.09412864820375	9.74437431516048
8.87804491115636	0.144603874901593	8.59462131634924	9.16146850596348
8.88884777260537	0.14572289102405	8.60323090619823	9.17446463901251
9.21948897992265	0.157090512619561	8.91159157518831	9.52738638465699
8.93948022586245	0.145395979166376	8.65450410669636	9.22445634502855
9.14579108603797	0.145307507581275	8.86098837117867	9.43059380089727
8.94814446888409	0.159407844800869	8.63570509307438	9.26058384469379
9.04943919354474	0.148558204493867	8.75826511273677	9.34061327435272
8.99466222334341	0.158019270386593	8.68494445338569	9.30437999330113
9.01980004409794	0.143651974602139	8.73824217387774	9.30135791431813
9.27147083184799	0.153448861537945	8.97071106323362	9.57223060046237
8.76497630604989	0.157641991674903	8.45599800236708	9.0739546097327
8.92808083631643	0.143887363973757	8.64606160292787	9.210100069705
8.74881823904997	0.143098417221614	8.46834534129561	9.02929113680434
9.00616123175485	0.145816731198552	8.72036043860569	9.29196202490401
8.83019565240163	0.142044835198716	8.55178777541214	9.10860352939111
9.02202463760471	0.150901164215433	8.72625835574247	9.31779091946696
8.93145989902804	0.137966200666837	8.66104614572104	9.20187365233504
9.08571368781833	0.155170775957302	8.78157896694201	9.38984840869464
9.11422877153422	0.145717396930922	8.82862267354962	9.39983486951883
9.00195573730488	0.156205979786035	8.69579201692425	9.30811945768551
8.96348687859357	0.152302803250798	8.66497338422201	9.26200037296514
9.15912864133967	0.152361401697486	8.8605002940126	9.45775698866674
8.8029542047451	0.146243896708797	8.51631616719586	9.08959224229435
8.96654560021791	0.151183395965131	8.67022614412625	9.26286505630956
9.09843256762275	0.144931660253052	8.81436651352677	9.38249862171873
8.96189562321167	0.150934488742898	8.66606402527559	9.25772722114775
9.05944185858114	0.16282317540292	8.74030843479142	9.37857528237086
8.83596282165559	0.151748478783052	8.5385358032408	9.13338984007037
8.90194368355406	0.151096181788602	8.6057951672484	9.19809219985972
9.17657515571139	0.148217922280664	8.88606802804129	9.46708228338149
9.05841190996885	0.148837030587797	8.76669133001677	9.35013248992093
8.8604834177914	0.145607171728707	8.57509336120314	9.14587347437967
8.96226443986206	0.151941658128384	8.66445878993042	9.26007008979369
9.10726067964278	0.149239866836322	8.81475054064359	9.39977081864197
8.85410613397535	0.157234884490612	8.54592576037375	9.16228650757695
8.80435739230848	0.160771259119053	8.48924572443513	9.11946906018182
9.26244372748326	0.167427523953456	8.93428578053449	9.59060167443204
8.98504941591355	0.154658325670489	8.68191909759939	9.28817973422771
8.92494916563117	0.161355160273733	8.60869305149465	9.24120527976769
8.8150678626758	0.142330368520659	8.53610034037531	9.09403538497629
9.01602694382267	0.148260190837377	8.72543696978141	9.30661691786393
9.24525899135413	0.158635422929702	8.93433356241191	9.55618442029634
8.92488058484494	0.14809174433557	8.63462076594722	9.21514040374265
8.89261119795858	0.145023429668754	8.60836527580782	9.17685712010934
9.10787099740567	0.147404707964426	8.81895776979539	9.39678422501594
8.93894914749705	0.147437454280119	8.64997173710802	9.22792655788609
8.77616018708926	0.159809683090855	8.46293320823118	9.08938716594734
9.27150331867956	0.157480871575627	8.96284081039133	9.58016582696779
8.97790716112528	0.158100003382658	8.66803115449527	9.28778316775529
8.90401159135502	0.1472544324545	8.6153929037442	9.19263027896584
8.97049432192549	0.164214137209651	8.64863461299457	9.2923540308564
9.11608821148059	0.17006091238066	8.7827688232145	9.44940759974669
8.83031810839474	0.142923200170237	8.55018863606107	9.1104475807284
9.15461464042991	0.155336627296379	8.85015485092901	9.45907442993081
9.00987212233777	0.163195439532344	8.69000906085437	9.32973518382116
9.22168186689576	0.17024980587135	8.88799224738791	9.5553714864036
8.79355469390646	0.143976603004567	8.51136055201751	9.07574883579541
8.86480378855597	0.152942049009875	8.56503737249661	9.16457020461532
8.89796442097756	0.156239737840892	8.59173453480941	9.20419430714571
8.74522726304075	0.152444266371141	8.44643650095331	9.04401802512819
8.99817997714111	0.153713626490204	8.69690126922031	9.29945868506191
8.70364873826795	0.149753964941104	8.41013096698338	8.99716650955251
9.04262909869039	0.151175724107476	8.74632467943973	9.33893351794104
8.76738275418152	0.148608992531618	8.47610912881955	9.05865637954349
9.41501114472091	0.164909479425107	9.0917885650477	9.73823372439412
8.98943144097179	0.152318702590478	8.69088678389445	9.28797609804912
9.1567152561301	0.145901506487072	8.87074830341544	9.44268220884476
9.18173292770583	0.151236809697739	8.88530878069827	9.4781570747134
8.9922287684663	0.150650641554771	8.69695351101895	9.28750402591365
9.19962777084498	0.157205845086329	8.89150431447577	9.50775122721418
9.0498809919194	0.159117661068903	8.73801037622435	9.36175160761445
8.86793200070771	0.152716111424084	8.5686084223165	9.16725557909891
8.90351794719123	0.139542873709636	8.63001391472034	9.17702197966212
9.03217977068883	0.153021628834881	8.73225737817247	9.3321021632052
9.14571343201706	0.14868126311559	8.8542981563105	9.43712870772362
9.22819863390418	0.15941283039056	8.91574948633868	9.54064778146967
9.24337869508413	0.158757717538193	8.93221356870927	9.55454382145899
8.81184953903291	0.152221572463864	8.51349525700373	9.11020382106208
8.95366102270375	0.166706881007399	8.62691553592925	9.28040650947825
8.84711331278129	0.15509958274169	8.54311813060758	9.15110849495501
9.12258036119413	0.151336411634196	8.8259609943911	9.41919972799715
9.04825275895138	0.154553755800105	8.74532739758317	9.35117812031958
8.98401311995179	0.14259146589806	8.70453384679159	9.26349239311198
9.29147727848008	0.156786655521816	8.98417543365732	9.59877912330284
8.90952509856507	0.150496075119529	8.61455279133079	9.20449740579935
8.79615011661377	0.139585756373762	8.5225620341212	9.06973819910635
9.25586279012565	0.164048208896489	8.93432830068853	9.57739727956277
8.70131368213147	0.14003506072549	8.42684496310951	8.97578240115343
9.06124338029377	0.154534037774485	8.75835666625578	9.36413009433176
8.96486959578538	0.160000661264501	8.65126829970696	9.27847089186381
9.25743589496203	0.156708767130938	8.95028671138539	9.56458507853867
8.81132118445525	0.143815006155251	8.52944377239095	9.09319859651954
8.78461945870089	0.155518888870635	8.47980243651445	9.08943648088733
8.6704331614612	0.144773640187351	8.38667682669399	8.95418949622841
9.10337531943416	0.172576289243727	8.76512579251645	9.44162484635186
9.3047220495314	0.163001001240181	8.98524008710065	9.62420401196215
8.94291664915763	0.148940937710551	8.65099241124495	9.23484088707031
9.06874536508477	0.157588450256513	8.75987200258201	9.37761872758754
9.11225997130642	0.158508536379545	8.80158324000251	9.42293670261033
8.84126079867	0.15636653575187	8.53478238859634	9.14773920874367
9.14025602280728	0.153358959283085	8.83967246261244	9.44083958300213
8.92664696355392	0.153779778372369	8.62523859794408	9.22805532916376
8.94526587449037	0.149344760269342	8.65255014436246	9.23798160461828
8.88089782641412	0.14967654172403	8.58753180463502	9.17426384819322
9.02109561385212	0.147456218693422	8.73208142521302	9.31010980249123
8.85669514686208	0.165665090746947	8.53199156899807	9.1813987247261
9.00530152257715	0.152012687315811	8.70735665543816	9.30324638971614
8.93428645912733	0.140718099516024	8.65847898407592	9.21009393417873
8.77256174215789	0.146521846501458	8.48537892301503	9.05974456130075
8.73197717729219	0.154384168347052	8.42938420733197	9.03457014725241
8.79946441046022	0.152516113377904	8.50053282823953	9.09839599268091
9.26230133065436	0.162558600085174	8.94368647448742	9.5809161868213
8.92782300740105	0.145887030412246	8.64188442779305	9.21376158700906
8.87600633323954	0.15222219280263	8.57765083534639	9.1743618311327
9.13779615990447	0.152550319325339	8.83879753402681	9.43679478578214
8.93747693795118	0.152004620458731	8.63954788185206	9.23540599405029
9.19756795205941	0.165930887566864	8.87234341242835	9.52279249169046
8.78291898252237	0.142352940510921	8.50390721912096	9.06193074592378
8.90566528396504	0.164176459848697	8.58387942266159	9.22745114526849
8.96512517459114	0.150662199723707	8.66982726313267	9.26042308604961
9.13943489152352	0.154041396360551	8.83751375465684	9.44135602839021
9.2901368813576	0.161507757969188	8.97358167573799	9.60669208697721
8.99508596103709	0.154457495057636	8.69234927072413	9.29782265135006
8.6947939161417	0.13718443568496	8.42591242219918	8.96367541008422
9.00434004127778	0.16533299153123	8.68028737787657	9.32839270467899
8.9254963818578	0.154437077306441	8.62279971033718	9.22819305337843
