estFinal_msm11	sdFinal_msm11	X1	X2
9.00190302902593	0.1571453800529	8.69389808412225	9.30990797392962
9.04613324939779	0.155989510295698	8.74039380921822	9.35187268957736
8.84034453465738	0.144579925488259	8.55696788070039	9.12372118861437
9.00289600045272	0.161783755008072	8.6857998406369	9.31999216026854
9.37024357898832	0.181118901411464	9.01525053222185	9.72523662575479
8.82155339868357	0.148994105370724	8.52952495215695	9.11358184521019
9.06934402275422	0.169115770954942	8.73787711168253	9.40081093382591
8.93799272569973	0.156633954258189	8.63099017535368	9.24499527604578
9.06339285123515	0.15874139684546	8.75225971341805	9.37452598905225
9.15526064489622	0.175201144007906	8.81186640264072	9.49865488715172
8.9917237696939	0.16402423345104	8.67023627212986	9.31321126725794
8.98728330555559	0.25505895084445	8.48736776190047	9.48719884921071
8.98625134075487	0.165365980729195	8.66213401852565	9.31036866298409
9.13295879517104	0.162646299603124	8.81417204794892	9.45174554239317
8.85765601366295	0.171368460554927	8.52177383097529	9.19353819635061
8.9348164331263	0.163056686411173	8.6152253277604	9.2544075384922
8.8394621399092	0.152400060584088	8.54075802116438	9.13816625865401
8.96470703755057	0.176142933519848	8.61946688785167	9.30994718724948
9.03908276577721	0.168178803314128	8.70945231128152	9.3687132202729
9.06004676430673	0.154804438406491	8.75663006503001	9.36346346358345
9.00657490646403	0.163265229070535	8.68657505748578	9.32657475544228
8.7009930760344	0.153907549769036	8.39933427848709	9.00265187358171
9.04870281809507	0.163275065925081	8.72868368888191	9.36872194730823
9.1241142545291	0.158443256894075	8.81356547101672	9.43466303804149
8.91932096770261	0.15962198568808	8.60646187575398	9.23218005965125
9.13651428056796	0.168164790720516	8.80691129075575	9.46611727038017
8.73994204492785	0.153016253798146	8.44003018748348	9.03985390237222
8.99416755539389	0.161518954523612	8.67759040452761	9.31074470626017
9.22677155471364	0.161271715562709	8.91067899221073	9.54286411721655
8.8708197217133	0.15214746808963	8.57261068425763	9.16902875916898
8.71057328199719	0.167055872682989	8.38314377153853	9.03800279245585
9.09965484137471	0.156376909715474	8.79315609833238	9.40615358441704
8.98317371108002	0.153919918321305	8.68149067117027	9.28485675098978
8.92748262027675	0.155217686078755	8.62325595556239	9.23170928499111
8.91481658877821	0.17041633671281	8.5808005688211	9.24883260873532
9.15008856785493	0.169901142480716	8.81708232859272	9.48309480711713
8.83884615984467	0.168380225340032	8.5088209181782	9.16887140151113
9.03385785841554	0.166412867260072	8.7076886385858	9.36002707824528
9.16199049615647	0.170606896032612	8.82760097993255	9.49638001238039
8.95585257302565	0.162650074212377	8.63705842756939	9.27464671848191
9.04413854043536	0.158636525402241	8.73321095064696	9.35506613022375
9.04903970863009	0.150413688267438	8.75422887962591	9.34385053763427
8.85466866727236	0.154244422297703	8.55234959956887	9.15698773497586
9.02096407706149	0.17073459738608	8.68632426618477	9.35560388793821
8.96801530347286	0.149303561951401	8.67538032204811	9.2606502848976
8.9585791272891	0.154149934479966	8.65644525570836	9.26071299886983
8.80098496799982	0.163078796100635	8.48135052764258	9.12061940835707
8.81037250789618	0.160913634083099	8.49498178509331	9.12576323069906
9.01051960275846	0.160372341919041	8.69618981259714	9.32484939291978
9.24592727272468	0.172509401524639	8.90780884573639	9.58404569971297
8.98851300900576	0.163474129601436	8.66810371498694	9.30892230302457
8.97583606015875	0.171741792563491	8.63922214673431	9.31244997358319
8.8119380335812	0.149934761660215	8.51806590072718	9.10581016643523
8.89080246423606	0.158234690494024	8.58066247086777	9.20094245760435
8.77520082190568	0.16776763664961	8.44637625407245	9.10402538973892
9.26742073819398	0.161095164539218	8.95167421569711	9.58316726069085
9.03700574542423	0.153724411893017	8.73570589811392	9.33830559273454
9.02738732910601	0.152044899622947	8.72937932584504	9.32539533236699
9.11177564224035	0.164781130685922	8.78880462609594	9.43474665838475
9.36866040429168	0.157848127335791	9.05927807471353	9.67804273386983
8.95985731199114	0.159568082347367	8.6471038705903	9.27261075339198
8.99204583814386	0.157205445133626	8.68392316568196	9.30016851060577
8.92560692045951	0.159454016073347	8.61307704895575	9.23813679196327
9.12130176073454	0.160742947705811	8.80624558323115	9.43635793823793
9.01928764404929	0.169093935942088	8.6878635296028	9.35071175849578
9.08029665996711	0.175411772077781	8.73648958669466	9.42410373323957
8.86160544008898	0.16413097203934	8.53990873489188	9.18330214528609
9.29511675857683	0.172158757713087	8.95768559345918	9.63254792369448
9.51215210949823	0.17896361908137	9.16138341609874	9.86292080289771
9.13399556942094	0.213078696796147	8.7163613237005	9.55162981514139
9.10101372071909	0.150712535542351	8.80561715105608	9.39641029038209
8.88995869904876	0.151308202194152	8.59339462274822	9.18652277534929
9.16995625068902	0.222756873222173	8.73335277917356	9.60655972220448
8.61300164325897	0.152960770376953	8.31319853332015	8.9128047531978
8.6482509759096	0.151841538052077	8.35064156132753	8.94586039049167
9.34168271375384	0.157877610726272	9.03224259673035	9.65112283077733
8.88832955081022	0.159313170960392	8.57607573572785	9.20058336589259
8.9885833286235	0.148362265676754	8.69779328789706	9.27937336934994
9.14963015773371	0.173317743189279	8.80992738108272	9.48933293438469
8.69001958133649	0.144103459678755	8.40757680036613	8.97246236230685
8.96156626390399	0.168985036246505	8.63035559286084	9.29277693494714
9.13732240593637	0.163825731102396	8.81622397297567	9.45842083889707
9.10125531735032	0.157317995792078	8.79291204559784	9.40959858910279
9.19117030553809	0.155005405660173	8.88735971044416	9.49498090063203
8.85241954388219	0.157525212766347	8.54367012686015	9.16116896090423
8.98443576625317	0.173839571200147	8.64371020670089	9.32516132580546
8.88419068195997	0.147508633371826	8.59507376055119	9.17330760336875
8.79449369777719	0.1766057855114	8.44834635817485	9.14064103737953
8.92402633955181	0.16772354130018	8.59528819860345	9.25276448050016
9.44005146563986	0.17461336096252	9.09780927815332	9.78229365312639
8.83639861796286	0.159564485255542	8.523652226862	9.14914500906372
8.82900316413637	0.16723691995363	8.50121880102725	9.15678752724548
8.93828348569875	0.155727013845426	8.63305853856172	9.24350843283579
8.84375954808249	0.149868842383535	8.55001661701077	9.13750247915422
8.91942357994988	0.1630215795059	8.59990128411831	9.23894587578144
8.88492815250636	0.19940168906423	8.49410084194047	9.27575546307225
8.74540983109735	0.160053816574406	8.43170435061152	9.05911531158319
8.5449944742853	0.148229070362861	8.2544654963741	8.83552345219651
8.65084626519124	0.155636735925906	8.34579826277647	8.95589426760602
9.107952075547	0.161288795019706	8.79182603730838	9.42407811378562
9.27834936791863	0.165068143296186	8.95481580705811	9.60188292877916
9.07063273896905	0.170956404059069	8.73555818701328	9.40570729092483
8.94368168141427	0.159452890001448	8.63115401701143	9.2562093458171
8.91159506413125	0.150735393677934	8.6161536925225	9.20703643574
9.25236985314936	0.164328630852579	8.93028573667831	9.57445396962042
8.93132434785443	0.166273338761938	8.60542860388103	9.25722009182783
8.99120608644108	0.162061745338001	8.67356506557859	9.30884710730356
9.17964590989438	0.176503765125652	8.8336985302481	9.52559328954066
8.89008507300994	0.153804318396174	8.58862860895344	9.19154153706644
9.14282083927518	0.16204393491681	8.82521472683823	9.46042695171213
8.91814116299764	0.16767475265488	8.58949864779408	9.24678367820121
9.23429811006223	0.164522310604534	8.91183438127734	9.55676183884712
8.83101496756517	0.170469134007937	8.49689546490962	9.16513447022073
9.17296838754998	0.164783238196402	8.84999324068503	9.49594353441493
9.08697139273625	0.163516189261634	8.76647966178344	9.40746312368905
9.0708521585234	0.157931515277297	8.76130638857989	9.3803979284669
8.69134543297307	0.161664780507918	8.37448246317755	9.00820840276859
8.82604735627712	0.156086373813371	8.52011806360292	9.13197664895133
8.85657029198972	0.153975053351749	8.55477918742029	9.15836139655915
8.88900222488384	0.156790854243702	8.58169215056619	9.1963122992015
9.02761989614116	0.156229423688265	8.72141022571216	9.33382956657016
8.97103469998389	0.151406546956542	8.67427786794907	9.26779153201872
8.95795196911697	0.164850369875367	8.63484524416125	9.28105869407269
9.21903912250443	0.164188639455186	8.89722938917227	9.5408488558366
8.9839593720431	0.174610423942981	8.64172294111486	9.32619580297134
8.7837678577071	0.152073807002462	8.48570319598227	9.08183251943192
9.06976616370075	0.157153219180122	8.76174585410771	9.37778647329379
8.76383642162974	0.163467895281371	8.44343934687826	9.08423349638123
9.36993792443117	0.169335721540047	9.03803991021268	9.70183593864966
8.88420177481161	0.166816134551259	8.55724215109114	9.21116139853208
8.70483678842421	0.187055061483317	8.33820886791691	9.07146470893151
8.83980683070271	0.14899426977946	8.54777806193496	9.13183559947045
8.96281493289816	0.157506475711574	8.65410224050347	9.27152762529285
8.69992443089331	0.15836978035249	8.38951966140243	9.01032920038419
9.46634091477765	0.17253622247183	9.12816991873286	9.80451191082243
9.01741998655307	0.164162834914736	8.69566083012019	9.33917914298595
9.10141161625533	0.173616396595463	8.76112347892822	9.44169975358244
8.78245611740213	0.148744004584267	8.49091786841697	9.07399436638729
9.02894463696818	0.161357751690098	8.71268344365559	9.34520583028077
9.1555395501223	0.167477690890044	8.82728327597782	9.48379582426679
8.88501257795647	0.165538022235455	8.56055805437498	9.20946710153797
9.03249677911402	0.154737388280394	8.72921149808444	9.33578206014359
8.92078361477999	0.149408102905319	8.62794373308556	9.21362349647441
9.05052132235899	0.161252783526764	8.73446586664654	9.36657677807145
8.80904482155055	0.149563281199086	8.51590079040034	9.10218885270076
9.12765293195246	0.162511996128567	8.80912941954047	9.44617644436445
8.60144542406584	0.158251829988306	8.29127183728876	8.91161901084292
8.86213527692005	0.179910407709557	8.50951087780932	9.21475967603078
9.18533557737111	0.159343005299559	8.87302328698398	9.49764786775825
8.88454356356882	0.161748815229905	8.5675158857182	9.20157124141943
8.94886738564446	0.162257666719825	8.63084235887361	9.26689241241532
8.66306463199386	0.169624473769817	8.33060066340502	8.9955286005827
8.81904154112615	0.146951277386355	8.53101703744889	9.1070660448034
8.64665091152759	0.164797666929626	8.32364748434552	8.96965433870965
9.17174096799021	0.160698189057179	8.85677251743814	9.48670941854228
9.27622758953814	0.165423380840698	8.95199776309037	9.6004574159859
9.15349560922247	0.164402998684781	8.8312657318003	9.47572548664464
9.07863691861096	0.163702021002393	8.75778095744627	9.39949287977565
8.89590092387542	0.169548577515502	8.56358571194503	9.2282161358058
9.12605683669647	0.174175783723436	8.78467230059853	9.4674413727944
8.84736534028881	0.156553069307264	8.54052132444657	9.15420935613104
8.92942880181792	0.150353477012872	8.63473598687269	9.22412161676315
8.67693091947701	0.164942363893648	8.35364388624546	9.00021795270856
9.0446401614141	0.150759517705332	8.74915150671165	9.34012881611655
8.94796691221646	0.164013461879487	8.62650052693266	9.26943329750025
8.87074964389254	0.187104909543273	8.50402402118773	9.23747526659736
9.29349982998945	0.190600724520519	8.91992240992923	9.66707725004967
9.00653344997919	0.167371019515025	8.67848625172974	9.33458064822864
9.16006233363512	0.173521749055341	8.81995970548665	9.50016496178359
9.06016201641245	0.174604082388377	8.71793801493123	9.40238601789367
8.87261959684413	0.166773699811573	8.54574314521344	9.19949604847481
8.88523294809356	0.163244097302114	8.56527451738142	9.20519137880571
8.77142876962203	0.169030307428689	8.4401293670618	9.10272817218226
8.85187356601703	0.159295555380789	8.53965427747069	9.16409285456338
9.22063687209544	0.177257056565861	8.87321304122635	9.56806070296453
9.17174851510568	0.200934725791212	8.7779164525549	9.56558057765645
9.06446585150309	0.160430024058418	8.75002300434859	9.37890869865759
8.85811844387909	0.155911222098978	8.5525324485651	9.16370443919309
9.11158535575315	0.168524567823112	8.78127720281985	9.44189350868645
8.6317684223156	0.149292179585756	8.33915575032752	8.92438109430368
8.86869040053799	0.159646229478332	8.55578379076046	9.18159701031552
9.06700683995457	0.170117429821217	8.73357667750498	9.40043700240415
9.09977514196379	0.182108516893866	8.74284244885181	9.45670783507576
8.80189209940191	0.153948781259883	8.50015248813254	9.10363171067128
8.93428342819406	0.160857029133137	8.61900365109311	9.24956320529501
9.12355700315729	0.148508517922585	8.83248030802902	9.41463369828556
9.38836144487993	0.159836652863526	9.07508160526742	9.70164128449244
8.87406094444954	0.165395130392773	8.5498864888797	9.19823540001937
9.09072013212825	0.14331861606065	8.80981564464938	9.37162461960713
8.91733015759142	0.16525847345581	8.59342354961803	9.24123676556481
9.17546429521453	0.162211153919196	8.85753043353291	9.49339815689616
8.71380042052228	0.145933001864251	8.42777173686835	8.99982910417622
8.89246913888953	0.147678962715547	8.60301837196706	9.181919905812
8.98120859838238	0.151430264468625	8.68440528002388	9.27801191674089
8.86912674202997	0.153981229967687	8.56732353129331	9.17092995276664
9.07047412839155	0.159584459271978	8.75768858821847	9.38325966856463
9.2435129908337	0.160163599790104	8.92959233524509	9.5574336464223
9.12776839966646	0.147366376172509	8.83893030236834	9.41660649696458
9.49272834474542	0.175203855454045	9.14932878805549	9.83612790143535
9.13725959470759	0.168455693560557	8.80708643532889	9.46743275408628
9.1898455389102	0.167518527995066	8.86150922403987	9.51818185378053
9.17852764899332	0.151670878309938	8.88125272750584	9.4758025704808
9.03318078443503	0.152583850470369	8.73411643751311	9.33224513135696
9.17340253444387	0.165368004037927	8.84928124652953	9.4975238223582
8.91457214135374	0.162869492849784	8.59534793536816	9.23379634733932
9.04822712410473	0.157698731191076	8.73913761097022	9.35731663723924
8.83986850361878	0.153342174290038	8.53931784201031	9.14041916522726
8.90158234484721	0.174170222945093	8.56020870787482	9.24295598181959
9.01030694091809	0.165734817847106	8.68546669793776	9.33514718389841
9.30255365978229	0.164391252287894	8.98034680529802	9.62476051426657
9.07057624430888	0.17225725767617	8.73295201926359	9.40820046935418
9.21103849256694	0.162033868380883	8.89345211054041	9.52862487459347
9.06578031338132	0.172360018212453	8.72795467768491	9.40360594907772
8.72260056658862	0.155292628001745	8.4182270157052	9.02697411747204
8.89305721580498	0.157452638365797	8.58445004460802	9.20166438700194
9.05654727581376	0.155567334921699	8.75163529936723	9.36145925226029
8.91501691503528	0.155684682613062	8.60987493711368	9.22015889295688
8.90553772117119	0.163616415253896	8.58484954727355	9.22622589506882
9.02241740190326	0.153058361805088	8.72242301276528	9.32241179104123
8.92793566874988	0.170224773049474	8.59429511357291	9.26157622392685
9.11980593628483	0.153444362905974	8.81905498498912	9.42055688758054
8.90457796035331	0.168320429195878	8.57466991912939	9.23448600157723
9.09119897223808	0.173724022869669	8.75069988741353	9.43169805706263
9.03345122115284	0.164830881406216	8.71038269359665	9.35651974870902
9.30763803702509	0.196989384881056	8.92153884265822	9.69373723139197
8.88836175690684	0.151326374293424	8.59176206329173	9.18496145052195
8.57057916928955	0.164124501986309	8.24889514539638	8.89226319318272
8.94099033461099	0.148157498943725	8.65060163668129	9.23137903254069
8.95091479802953	0.152485407996641	8.65204339835611	9.24978619770294
9.04570692092621	0.164000992262114	8.72426497609247	9.36714886575995
8.97203973855434	0.15967928294409	8.65906834398393	9.28501113312475
8.8613524216871	0.150571126304595	8.56623301413009	9.1564718292441
9.12043316128647	0.175269500756345	8.77690493980403	9.46396138276891
8.95975484673694	0.158813509368736	8.64848036837422	9.27102932509966
8.9288135905143	0.159201869278176	8.61677792672907	9.24084925429952
8.96254312101994	0.15534470433568	8.65806750052201	9.26701874151788
9.13041182887868	0.182497747889165	8.77271624301592	9.48810741474144
8.79272958654627	0.14667914533625	8.50523846168722	9.08022071140532
8.80541770759629	0.165833742064859	8.48038357314917	9.13045184204342
9.24653396367201	0.236087375805429	8.78380270709337	9.70926522025066
9.20729907060236	0.178842320278254	8.85676812285698	9.55783001834773
9.02315493309488	0.169800182643909	8.69034657511282	9.35596329107694
8.95682478056542	0.156428231867458	8.6502254461052	9.26342411502564
8.87230056880029	0.173870262454147	8.53151485439016	9.21308628321042
9.32232898339163	0.173478524091794	8.98231107617171	9.66234689061154
9.16894816008493	0.184898058024087	8.80654796635772	9.53134835381214
9.12454520434185	0.177732767180426	8.77618898066822	9.47290142801549
8.96034912501962	0.169996634222212	8.62715572194408	9.29354252809515
9.01943255081122	0.180343529819796	8.66595923236442	9.37290586925802
9.14891301754365	0.167915636381617	8.81979837023568	9.47802766485162
9.01072804795664	0.149190899730355	8.71831388448515	9.30314221142814
9.07766764860201	0.164031287766889	8.7561663245789	9.39916897262511
8.81132300097258	0.152010506432768	8.51338240836436	9.1092635935808
8.7155067186263	0.158945297923094	8.40397393469704	9.02703950255557
8.81254935251746	0.171372032401679	8.47666016901017	9.14843853602475
8.75888478672496	0.167672847143152	8.43024600632439	9.08752356712554
9.07648195438205	0.168624766177399	8.74597741267435	9.40698649608975
9.35229296422173	0.170481430886055	9.01814935968506	9.6864365687584
8.89473651491861	0.145272510468929	8.61000239439951	9.17947063543771
9.25950946710042	0.168111571544405	8.93001078687338	9.58900814732745
9.19204660686916	0.169948153576731	8.85894822585877	9.52514498787955
9.15928352194662	0.168137611236039	8.82973380392398	9.48883323996925
8.9935590262022	0.166646274206969	8.66693232875654	9.32018572364786
8.88597105866938	0.158406303988162	8.57549470285258	9.19644741448618
8.92466876833033	0.161600112295734	8.60793254823069	9.24140498842996
9.02541655435619	0.161092673694563	8.70967491391485	9.34115819479754
8.96393888146401	0.162230341157532	8.64596741279524	9.28191035013277
8.99319558207304	0.155066672009597	8.68926490493423	9.29712625921185
9.09519842159702	0.171614131254474	8.75883472433825	9.43156211885579
8.97241106210004	0.164889857853404	8.64922694070737	9.29559518349271
9.02505990027918	0.163392692607718	8.70481022276805	9.34530957779031
8.96585049838457	0.153088961676745	8.66579613349815	9.26590486327099
8.96012631854725	0.158728158251977	8.64901912837337	9.27123350872112
9.09160740534204	0.168608828049714	8.7611341023646	9.42208070831948
8.99265705897443	0.15634319443933	8.68622439787335	9.29908972007552
8.87599169451735	0.154360171505969	8.57344575836565	9.17853763066905
8.88915290573644	0.1628314393445	8.57000328462122	9.20830252685166
9.0092206129126	0.15741196528898	8.7006931609462	9.317748064879
8.85957589184402	0.160262043076077	8.5454622874149	9.17368949627313
9.3167304569781	0.164507331934629	8.99429608638623	9.63916482756998
8.9784042363061	0.180005948016925	8.62559257819293	9.33121589441927
9.26083601297713	0.242989186193868	8.78457720803715	9.73709481791711
9.23861759160477	0.161541960691028	8.92199534865036	9.55523983455919
8.85934606871775	0.210662186691135	8.44644818280313	9.27224395463238
9.01373971809966	0.164261828919966	8.69178653341653	9.3356929027828
8.91965210375155	0.159598094514752	8.60683983850263	9.23246436900046
9.2770698031215	0.171987797117922	8.93997372077038	9.61416588547263
9.07325447400135	0.170399581061412	8.73927129512098	9.40723765288172
9.02924463383624	0.165578353956491	8.70471106008152	9.35377820759097
8.69556746752636	0.156615861067462	8.38860037983414	9.00253455521859
8.78076306185057	0.169884444406292	8.44778955081424	9.1137365728869
9.17543100490364	0.160501590395949	8.86084788772758	9.4900141220797
8.98316609586037	0.159614424536087	8.67032182376964	9.2960103679511
8.71636683587021	0.150396151081394	8.42159037975068	9.01114329198974
8.65043061349717	0.156637922012968	8.34342028635175	8.95744094064258
8.81902728521039	0.155441539545874	8.51436186770048	9.1236927027203
8.88370661611563	0.164029912722799	8.56220798717894	9.20520524505231
9.07301649997589	0.154821664019848	8.76956603849699	9.37646696145479
8.91211960178536	0.163394409310907	8.59186655953598	9.23237264403474
8.82287778213382	0.162939155327334	8.50351703769224	9.14223852657539
9.09161242830525	0.168439107681083	8.76147177725032	9.42175307936017
9.02584813599227	0.179738261310383	8.67356114382392	9.37813512816062
9.22913270629266	0.168747615403617	8.89838738010157	9.55987803248374
9.29208794669703	0.15267081778112	8.99285314384603	9.59132274954802
8.9680984634312	0.17405522407774	8.62695022423883	9.30924670262356
9.10435724056223	0.158557466047194	8.79358460710973	9.41512987401473
9.12575683075504	0.160787620536662	8.81061309450318	9.44090056700689
9.01847192530222	0.179855108655614	8.66595591233721	9.37098793826722
9.06327312283512	0.164002914396561	8.74182741061786	9.38471883505238
9.1226737849433	0.155972115882345	8.8169684378139	9.42837913207269
9.32993614251917	0.157651829736938	9.02093855623477	9.63893372880356
8.71235162116474	0.153296500168062	8.41189048083534	9.01281276149415
9.40425951661312	0.165347384434058	9.08017864312237	9.72834039010388
8.94720076102347	0.158975794126873	8.63560820453479	9.25879331751214
9.19577274210648	0.162937174687958	8.87641587971809	9.51512960449488
8.95847577599436	0.230124645269972	8.50743147126522	9.40952008072351
8.81225862877496	0.165924018107441	8.48704755328438	9.13746970426555
9.0458139858708	0.152805807373309	8.74631460341912	9.34531336832249
9.08312883031289	0.167134196904622	8.75554580437983	9.41071185624595
8.81359273331983	0.155501579995782	8.5088096365281	9.11837583011157
8.86001012958117	0.153962447168418	8.55824373313107	9.16177652603127
9.20739302945887	0.169635313351819	8.87490781528931	9.53987824362843
8.89899760169588	0.162147362526712	8.58118877114352	9.21680643224823
8.96627445617782	0.151997202068615	8.66835994012334	9.26418897223231
8.81523856465138	0.164069821282192	8.49366171493829	9.13681541436448
8.89844185873106	0.162047075232934	8.58082959127451	9.21605412618761
9.19822622822761	0.160630124053735	8.88339118508229	9.51306127137293
8.93439238379315	0.157911290715413	8.62488625399094	9.24389851359536
9.04007544386301	0.160951327675044	8.72461084161992	9.35554004610609
8.96465941338866	0.15990152447879	8.65125242541023	9.27806640136709
8.99870399833316	0.17387751350644	8.65790407186053	9.33950392480578
9.19112241474905	0.169602776356983	8.85870097308936	9.52354385640873
8.94854256957443	0.143815534432211	8.66666412208729	9.23042101706156
8.86310492242238	0.18010626029753	8.51009665223922	9.21611319260554
9.17172000304531	0.160449038887276	8.85723988682625	9.48620011926437
9.00337573314883	0.171170878413444	8.66788081145848	9.33887065483919
8.87756706050653	0.154947612945096	8.57386973913414	9.18126438187892
8.90828885932234	0.177335198157359	8.56071187093392	9.25586584771077
9.05903121583958	0.171357101152593	8.7231712975805	9.39489113409866
9.18886097495792	0.171519734670334	8.85268229500407	9.52503965491178
9.00952203118414	0.148059374517289	8.71932565713025	9.29971840523802
9.02284985392949	0.159825318751766	8.70959222917603	9.33610747868295
8.81577950357336	0.156263552354463	8.50950294095861	9.12205606618811
8.92910672057711	0.165973296683343	8.60379905907775	9.25441438207646
8.90680522032687	0.160998020527026	8.5912491000939	9.22236134055984
8.96312205000748	0.159375475365085	8.65074611829192	9.27549798172305
9.01115425376976	0.168691140946619	8.68051961751439	9.34178889002514
9.09222687525597	0.150357082829455	8.79752699291024	9.3869267576017
8.83077712097532	0.177033059308197	8.48379232473125	9.17776191721939
9.13025059701974	0.173959649815747	8.78928968338088	9.4712115106586
9.1372530162669	0.167048749339296	8.80983746756188	9.46466856497192
8.72129451185145	0.162338780556997	8.40311050195974	9.03947852174317
8.88499490013258	0.157385983877764	8.57651837173216	9.19347142853299
9.17295561427329	0.161497649631931	8.8564202209947	9.48949100755187
9.02699607827665	0.14720812268348	8.73846815781703	9.31552399873627
9.18187588180782	0.168587951568992	8.8514434967326	9.51230826688305
9.14819842122635	0.165169430076428	8.82446633827655	9.47193050417615
8.51889939001587	0.142710076628481	8.23918763982404	8.79861114020769
8.77081474546112	0.152389193999812	8.47213192522149	9.06949756570075
9.19626285505864	0.174585934065294	8.85407442429067	9.53845128582662
8.84930205313747	0.168485454645256	8.51907056203277	9.17953354424217
8.82183883271682	0.168171161461814	8.49222335625166	9.15145430918197
9.21713846931436	0.156846512174142	8.90971930545304	9.52455763317568
9.21566196335307	0.189241212763394	8.84474918633682	9.58657474036932
9.14636563215093	0.169574086759506	8.8140004221023	9.47873084219956
9.22788715562121	0.202337866873891	8.83130493654839	9.62446937469404
9.05395777334028	0.16296204985351	8.7345521556274	9.37336339105316
8.9616699198551	0.185905577234125	8.59729498847621	9.32604485123398
9.08416992379693	0.146349900377121	8.79732411905777	9.37101572853609
9.22580242370164	0.175168666979927	8.88247183642099	9.5691330109823
8.84794436948264	0.160866527819787	8.53264597495586	9.16324276400942
8.80798079918704	0.150209297463622	8.51357057615835	9.10239102221574
8.95386774256026	0.179632211939715	8.60178860715842	9.30594687796211
8.9855232734512	0.165990123082167	8.66018263221015	9.31086391469224
8.72906645005162	0.229615887710911	8.27901931013824	9.17911358996501
9.12745732345251	0.155777885764581	8.82213266735393	9.43278197955109
9.09377751298996	0.167095964759323	8.76626942206169	9.42128560391824
9.01477575278483	0.159762637574907	8.70164098313801	9.32791052243165
8.64662710411757	0.15291192088905	8.34691973917504	8.94633446906011
8.88839156331407	0.142952775071798	8.60820412417335	9.16857900245479
8.98196025811297	0.151205138984391	8.68559818570356	9.27832233052237
9.18858215845416	0.146877436908374	8.90070238211375	9.47646193479458
9.1260643106605	0.168111455364129	8.79656585814681	9.4555627631742
8.89230742391575	0.160546929515705	8.57763544206497	9.20697940576653
8.75852552280638	0.165248038707838	8.43463936693901	9.08241167867374
9.03724051894691	0.163698954249242	8.7163905686184	9.35809046927542
9.05627517898776	0.157492739163612	8.74758941022708	9.36496094774844
8.87338910784295	0.163510576549855	8.55290837780523	9.19386983788067
9.18634937064306	0.146571780242587	8.89906868136759	9.47363005991853
8.93130870981009	0.151309632515898	8.63474183007892	9.22787558954125
9.03661206994058	0.161790370487306	8.71950294378546	9.3537211960957
9.01449312980395	0.156227492176069	8.70828724513885	9.32069901446904
9.02862556478126	0.172332527276875	8.69085381131858	9.36639731824394
8.97762211552201	0.161869110564189	8.6603586588162	9.29488557222782
8.84951365210891	0.158028182662058	8.53977841409128	9.15924889012654
9.2107807190726	0.162353540239908	8.89256778020238	9.52899365794282
8.95266437543994	0.17096847360032	8.61756616718331	9.28776258369657
9.17658816688711	0.169514746211904	8.84433926431178	9.50883706946244
8.80874160466059	0.155949646369824	8.50308029777573	9.11440291154544
8.63341434110257	0.1535992346235	8.33235984124051	8.93446884096463
9.03429912295148	0.152249116832071	8.73589085396062	9.33270739194234
9.22851816458617	0.167679757671032	8.89986583955095	9.55717048962139
9.16719831703171	0.164344248938166	8.84508358911291	9.48931304495052
8.82368654191045	0.156020844164135	8.51788568734875	9.12948739647215
9.3290987160172	0.162257748693108	9.01107352857871	9.64712390345569
8.97570335379376	0.1620278636198	8.65812874109895	9.29327796648857
8.99881655373623	0.164805251754311	8.67579826029778	9.32183484717468
9.32340700308391	0.172596324483027	8.98511820709718	9.66169579907064
8.38925058845867	0.18280750168598	8.03094788515415	8.74755329176319
8.68085531765465	0.150567294124519	8.38574342117059	8.9759672141387
8.8634393071155	0.177629507201111	8.51528547300132	9.21159314122967
9.15128949845961	0.160441054878386	8.83682503089798	9.46575396602125
8.78391553849925	0.159050638250518	8.47217628752824	9.09565478947027
8.92040515212761	0.160465195692797	8.60589336856973	9.23491693568549
8.85755511134445	0.14730785116779	8.56883172305558	9.14627849963332
9.00761204636292	0.159477011064767	8.69503710467598	9.32018698804987
9.19621175951119	0.171830652499033	8.85942368061309	9.5329998384093
8.98291262497445	0.167486728414767	8.65463863728151	9.3111866126674
9.03613902202351	0.167243984150892	8.70834081308776	9.36393723095926
8.74412396565363	0.231245024635268	8.29088371736851	9.19736421393876
9.21952578742092	0.17422842304659	8.8780380782496	9.56101349659224
9.19120226014055	0.191845392899996	8.81518529005655	9.56721923022454
8.91132635053512	0.169981359985233	8.57816288496406	9.24448981610618
9.1104374194378	0.162502653813047	8.79193221796423	9.42894262091138
9.05949715599309	0.168522610111876	8.72919284017381	9.38980147181236
8.96277492965362	0.162795811123292	8.64369513985197	9.28185471945527
8.85331785826537	0.167987929229592	8.52406151697537	9.18257419955537
9.09721322143233	0.162844700234421	8.77803760897286	9.4163888338918
8.99245995163157	0.156677723797093	8.68537161298926	9.29954829027387
8.84349577963464	0.161164872444459	8.5276126296435	9.15937892962578
9.1364390431718	0.159034633679945	8.82473116115911	9.44814692518449
9.24509431107733	0.1665808267207	8.91859589070476	9.5715927314499
9.16569292338209	0.18369368056763	8.80565330946953	9.52573253729464
9.25367560645562	0.169090319414129	8.92225858040393	9.58509263250732
9.35206637223306	0.228515832170541	8.9041753411788	9.79995740328732
9.06293423713315	0.168232316221077	8.73319889733983	9.39266957692646
9.16749410926036	0.186092947059999	8.80275193302276	9.53223628549796
8.84266846260303	0.168932927889033	8.51155992394052	9.17377700126553
9.10984553790869	0.170027083153644	8.77659245492755	9.44309862088983
9.26160065836829	0.176069996900752	8.91650346444282	9.60669785229376
8.74799594774777	0.150075165050818	8.45384862424817	9.04214327124738
8.96236676139736	0.157383697352283	8.65389471458688	9.27083880820783
8.7839252335909	0.171462150945518	8.44785941773769	9.11999104944412
9.25913175317137	0.167113133652729	8.93159001121202	9.58667349513072
9.26987819589934	0.169232886254178	8.93818173884115	9.60157465295753
8.97681991426233	0.153000669780566	8.67693860149242	9.27670122703223
9.03289805673444	0.148268615316212	8.74229157071467	9.32350454275422
9.12775224572651	0.156917073424054	8.82019478181536	9.43530970963765
8.83881885159966	0.160878427366861	8.52349713396061	9.15414056923871
8.78160717758556	0.155269325057866	8.47727930047214	9.08593505469898
8.89351344763938	0.164110304190123	8.57185725142674	9.21516964385202
8.77566825368459	0.141265818674287	8.49878724908299	9.0525492582862
8.96004523597385	0.168453925472032	8.62987554204867	9.29021492989903
8.76716812616664	0.135478618264378	8.50163003436846	9.03270621796482
8.90009635592305	0.176276443702288	8.55459452626657	9.24559818557954
8.79843293626116	0.161310153589836	8.48226503522508	9.11460083729723
8.98543248159453	0.163116881191825	8.66572339445855	9.3051415687305
9.02137614823292	0.176793607568134	8.67486067739938	9.36789161906646
8.93612289142958	0.161560275589807	8.61946475127356	9.2527810315856
9.08978687915315	0.161256187269649	8.77372475210464	9.40584900620166
8.85524708091302	0.151980950959689	8.55736441703203	9.15312974479401
8.83571534599535	0.158127363015315	8.52578571448533	9.14564497750537
9.08515966757712	0.205050367252778	8.68326094776168	9.48705838739257
8.96531287826651	0.170520150016953	8.63109338423328	9.29953237229974
8.7669184745177	0.145788964286484	8.48117210451619	9.05266484451921
9.39211474844908	0.216205779535821	8.96835142055887	9.81587807633929
8.87142902874028	0.168363811998856	8.54143595722252	9.20142210025803
9.05002851952545	0.163734001031204	8.72910987750429	9.37094716154661
8.99957894884639	0.153957908116447	8.69782144893815	9.30133644875462
9.01322089973173	0.158265684406817	8.70302015829436	9.32342164116909
9.10381042144771	0.166904472795831	8.77667765476788	9.43094318812754
9.12424868555288	0.173224201994096	8.78472924964445	9.46376812146131
8.8968085867075	0.17946831551066	8.5450506883066	9.24856648510839
8.96014957935768	0.170514850173396	8.62594047301782	9.29435868569753
8.86321076432911	0.167263393594042	8.53537451288479	9.19104701577344
8.72938346166685	0.159370815650821	8.41701666299124	9.04175026034246
8.96710851869516	0.160696667123542	8.65214305113302	9.2820739862573
9.16836468779343	0.180732686574524	8.81412862210736	9.52260075347949
8.93086548229294	0.167192825238903	8.60316754482469	9.25856341976119
9.01794432696378	0.16824993169573	8.68817446084015	9.34771419308741
9.10339705929438	0.16449251212482	8.78099173552973	9.42580238305903
9.26102885207982	0.164319410619084	8.93896280726642	9.58309489689323
9.10871698473898	0.170851465262641	8.77384811282421	9.44358585665376
8.94871340343331	0.200605911697593	8.55552581650603	9.34190099036059
8.90359908534613	0.185171121897581	8.54066368642687	9.26653448426539
9.29891431357249	0.177808266491327	8.95041011124948	9.64741851589549
9.19579468762561	0.23050238066666	8.74401002151896	9.64757935373227
8.74664192687542	0.158062460295189	8.43683950469685	9.05644434905399
8.74260977022902	0.145538097534332	8.45735509906173	9.02786444139631
8.97265817738024	0.151234127913868	8.67623928666906	9.26907706809143
9.09097098728432	0.164501944444495	8.76854717617311	9.41339479839553
8.81406656975678	0.153479833834764	8.51324609544064	9.11488704407292
8.67713677611035	0.149182800120862	8.38473848787346	8.96953506434724
8.88969481862705	0.151955351248585	8.59186233017983	9.18752730707428
8.98392529194598	0.163077354940995	8.66429367626163	9.30355690763033
9.02311358201144	0.158511123840148	8.71243177928475	9.33379538473813
9.257953198334	0.15928749747706	8.94574970327896	9.57015669338903
8.82157758240554	0.1712795379231	8.48586968807626	9.15728547673482
9.19362871623535	0.148705676381031	8.90216559052852	9.48509184194217
9.1935817278013	0.195296113424934	8.81080134548843	9.57636211011417
9.26301849566267	0.158914762733552	8.95154556070491	9.57449143062043
8.68625631602009	0.149742789286499	8.39276044901855	8.97975218302163
9.2071476482044	0.189868695224459	8.83500500556447	9.57929029084434
8.8721569778321	0.15494184011185	8.56847097121288	9.17584298445133
9.03159466965392	0.165588166777316	8.70704186277038	9.35614747653746
8.89936278550775	0.157440208157062	8.59077997751991	9.20794559349559
8.77337296338785	0.161135134360571	8.45754810004114	9.08919782673457
8.94990923521389	0.158986081712536	8.63829651505732	9.26152195537046
8.9462835519522	0.158860027047031	8.63491789894002	9.25764920496438
9.20742230044639	0.145398919189512	8.92244041883494	9.49240418205783
9.09153011659641	0.201755124863618	8.69609007186372	9.4869701613291
8.95084893169148	0.168542628009582	8.6205053807927	9.28119248259026
8.86972897678259	0.164233595878324	8.54783112886108	9.19162682470411
9.04085817365688	0.153246319625644	8.74049538719062	9.34122096012314
8.92707280960997	0.173205937287305	8.58758917252685	9.26655644669309
8.7754491336247	0.148428121307959	8.4845300158611	9.0663682513883
9.01906881261792	0.175568954020987	8.67495366273678	9.36318396249906
8.99224751081818	0.157317724945962	8.68390476992409	9.30059025171226
8.64710554835482	0.153676622989078	8.34589936729622	8.94831172941341
8.75334394874717	0.167285306474849	8.42546474805646	9.08122314943787
9.21068030282354	0.173817298469988	8.86999839782237	9.55136220782472
8.95096488105637	0.166762496649889	8.62411038762259	9.27781937449015
9.03233147060115	0.155266497295453	8.72800913590206	9.33665380530024
9.15773333668658	0.167301844425639	8.82982172161233	9.48564495176084
9.10772752980503	0.177580583213162	8.75966958670724	9.45578547290283
9.01828451752505	0.159344881258597	8.7059685502582	9.3306004847919
8.98128408271679	0.15220120624219	8.6829697184821	9.27959844695148
9.18410362074014	0.172408072699416	8.84618379824928	9.52202344323099
8.94593312351669	0.171680328147758	8.60943968034709	9.2824265666863
9.09204396571787	0.174179147812951	8.75065283600449	9.43343509543126
8.73676366558014	0.157414874200735	8.4282305121467	9.04529681901358
9.20166857004416	0.18116751842616	8.84658023392888	9.55675690615943
8.95996852483164	0.149147019863011	8.66764036590014	9.25229668376314
8.68280939195225	0.209522975297912	8.27214436036834	9.09347442353616
8.94743225533946	0.173058751827812	8.60823710175695	9.28662740892197
8.71819439109058	0.152122486939339	8.42003431668948	9.01635446549169
8.99592592398648	0.163574795599723	8.67531932461102	9.31653252336193
8.98395524068513	0.150750783506962	8.68848370501148	9.27942677635878
8.65594589939744	0.160144152011755	8.3420633614544	8.96982843734048
9.12692413000069	0.161673911375235	8.81004326370523	9.44380499629615
8.67903247751761	0.153887325267429	8.37741331999345	8.98065163504178
9.27549980646608	0.178586209791059	8.92547083527561	9.62552877765656
9.00738228672765	0.155700741936458	8.70220883253219	9.31255574092311
9.33459610201622	0.157428961095797	9.02603533826846	9.64315686576398
9.04979075018555	0.157671583038826	8.74075444742945	9.35882705294165
8.95167861086149	0.172234705118947	8.61409858882836	9.28925863289463
9.04696034099087	0.15414601776468	8.7448341461721	9.34908653580965
9.12119071771441	0.16227744232998	8.80312693074765	9.43925450468117
9.03242213997091	0.172000024913867	8.69530209113973	9.36954218880209
9.20491895091418	0.165088815887969	8.88134487177376	9.52849303005459
9.04102860557827	0.163261253720724	8.72103654828565	9.36102066287088
8.97115415854932	0.161160963594643	8.65527866990382	9.28702964719482
9.20922809542965	0.155563566828148	8.90432350444648	9.51413268641282
9.07337060941705	0.174735539987897	8.73088895104078	9.41585226779333
9.27794425370972	0.187083088915583	8.91126139943517	9.64462710798426
8.72673738305727	0.150859135458713	8.4310534775582	9.02242128855635
8.61524147368834	0.230034406674451	8.16437403660642	9.06610891077027
9.09247685481955	0.159659541458321	8.77954415356124	9.40540955607786
9.15254301216921	0.177841818267186	8.80397304836553	9.50111297597289
8.90088223715313	0.164145332683088	8.57915738509427	9.22260708921198
8.70791016536308	0.227715973902454	8.26158685651427	9.15423347421189
9.02444115063436	0.172335418511968	8.6866637303509	9.36221857091781
9.1224292705589	0.226101025199186	8.6792712611685	9.56558727994931
8.95309523935999	0.163733476076593	8.63217762624986	9.27401285247011
9.14744619698276	0.253891204866779	8.64981943544388	9.64507295852165
8.77542463776703	0.193293330738194	8.39656970952017	9.15427956601389
9.28803083766764	0.157047215484489	8.98021829531804	9.59584338001724
8.99114579081253	0.168899569570077	8.66010263445517	9.32218894716988
8.79133734256685	0.151833229011474	8.49374421370436	9.08893047142934
8.96455511379306	0.175038620074112	8.6214794184478	9.30763080913832
8.92381206345807	0.155253456312824	8.61951528908494	9.22810883783121
8.94979038876242	0.162651322554012	8.63099379655656	9.26858698096828
9.03358841923412	0.158683594139317	8.72256857472106	9.34460826374718
9.07987016050991	0.1562679466536	8.77358498506886	9.38615533595097
9.16936065361376	0.172451936387481	8.8313548582943	9.50736644893323
9.03986922765905	0.157661456667206	8.73085277259132	9.34888568272677
8.59029003477129	0.17803790402222	8.24133574288774	8.93924432665485
8.87801084091863	0.163948295066911	8.55667218258748	9.19934949924977
8.78619542996154	0.156969209203907	8.47853577992188	9.0938550800012
8.70317255686526	0.1508321740712	8.4075414956857	8.99880361804481
8.98259575653954	0.157779159467694	8.67334860398286	9.29184290909622
8.9827537410812	0.159098114872888	8.67092143593034	9.29458604623206
8.97302139370527	0.170803044858641	8.63824742578233	9.3077953616282
9.16358829933524	0.172831671542981	8.824838223111	9.50233837555949
9.16383514426448	0.174553149398181	8.82171097144404	9.50595931708491
8.98007980573938	0.160249639164237	8.66599051297747	9.29416909850128
9.02124559737849	0.149095435996376	8.72901854282559	9.31347265193138
8.98752899199112	0.164147062096799	8.66580075028139	9.30925723370084
9.26499922694254	0.166966434571319	8.93774501518276	9.59225343870233
8.99313210369603	0.153213321353583	8.69283399384301	9.29343021354905
9.01858505610116	0.164245381880383	8.69666410761561	9.34050600458671
8.94456761482676	0.152644388939863	8.64538461250462	9.24375061714889
9.09084327831733	0.159045855071616	8.77911340237697	9.4025731542577
8.82192765998764	0.157857378931775	8.51252719728136	9.13132812269392
8.62399033891529	0.148107682727978	8.33369928076845	8.91428139706212
9.07099771255626	0.156589839017093	8.76408162808276	9.37791379702976
9.03502058091121	0.15783142956471	8.72567097896438	9.34437018285804
8.95460129651477	0.17573543539151	8.61015984314741	9.29904274988213
9.16453539620569	0.167620758418497	8.83599870970544	9.49307208270595
9.01486813054254	0.162929468265966	8.69552637274125	9.33420988834383
9.06825569875008	0.170119393886359	8.73482168673282	9.40168971076735
9.08868539353206	0.179452473268305	8.73695854592618	9.44041224113794
8.95463826972081	0.159911722552787	8.64121129351735	9.26806524592427
9.18895633578561	0.17383960368616	8.84823071256074	9.52968195901049
9.06942531844391	0.162840251444371	8.75025842561295	9.38859221127488
8.9135435733474	0.1533118604784	8.61305232680974	9.21403481988507
9.19804639804406	0.148577875989192	8.90683376110525	9.48925903498288
8.96352516091309	0.14954037452936	8.67042602683555	9.25662429499064
9.12701854018759	0.151858402145668	8.82937607198208	9.4246610083931
9.53763301075795	0.171726652957036	9.20104877096216	9.87421725055374
9.13678285184007	0.173964110908044	8.7958131944603	9.47775250921983
9.1786565623575	0.162101579796986	8.86093746595541	9.4963756587596
8.86368199878225	0.158128482702606	8.55375017268514	9.17361382487935
9.14791060904091	0.178519930143088	8.79801154596045	9.49780967212136
8.8149430226569	0.163280338839635	8.49491355853121	9.13497248678258
9.04400993295833	0.169708862912273	8.71138056165027	9.37663930426638
9.00595008686843	0.172244690142628	8.66835049418888	9.34354967954798
9.22851207495566	0.171620350318219	8.89213618833195	9.56488796157937
8.9795121775365	0.174611166331383	8.63727429152699	9.32175006354601
9.34332415273892	0.172060297057645	9.00608597050593	9.6805623349719
8.85560988509441	0.153034823523013	8.55566163098931	9.15555813919952
9.0436857274907	0.167674151623865	8.71504439030792	9.37232706467347
8.90504759079724	0.159500469540165	8.59242667049852	9.21766851109596
9.07726363174449	0.171597460555122	8.74093260905646	9.41359465443253
8.87925931216047	0.165565445196106	8.5547510395761	9.20376758474484
9.07291755974111	0.163033617296656	8.75337166983966	9.39246344964255
8.9034712735075	0.157489024301559	8.59479278587644	9.21214976113855
9.38656601236216	0.177478044072693	9.03870904597968	9.73442297874464
9.03874459698009	0.162978306305803	8.71930711662072	9.35818207733947
8.89853795564382	0.154639298122449	8.59544493132382	9.20163097996382
8.91810752218673	0.146752102612032	8.63047340106714	9.20574164330631
8.9368540706613	0.150948285028147	8.64099543200613	9.23271270931647
8.69891329681567	0.157765547254165	8.3896928241975	9.00813376943383
8.85611123136839	0.161049938902927	8.54045335111865	9.17176911161812
9.11448717239468	0.160733282809477	8.79944993808811	9.42952440670125
8.98330821072794	0.153670663559348	8.68211371015162	9.28450271130426
9.1239738395816	0.175773296109344	8.77945817920728	9.46848949995591
8.8668898665876	0.155770593135232	8.56157950404254	9.17220022913265
9.23409149530429	0.247015239126	8.74994162661733	9.71824136399126
8.85697440120769	0.147459445619881	8.56795388779272	9.14599491462266
8.93832698335163	0.163670988458931	8.61753184597213	9.25912212073114
9.14851816456338	0.177457661857853	8.80070114732198	9.49633518180477
9.04274622262445	0.161584497001624	8.72604060850127	9.35945183674763
8.88220651013493	0.150573284702021	8.58708287211897	9.17733014815089
9.00132617742956	0.161034776014066	8.685698016442	9.31695433841713
9.30182635816657	0.166643382305403	8.97520532884798	9.62844738748516
8.76750811838093	0.158138453192183	8.45755675012425	9.0774594866376
9.03714719362818	0.155955250580482	8.73147490249044	9.34281948476593
9.08309589212457	0.16287995382836	8.76385118262099	9.40234060162816
9.01322105691656	0.167220449625576	8.68546897565043	9.34097313818269
8.9182118094136	0.153334495473679	8.61767619828519	9.21874742054201
9.04673162599266	0.15666695281306	8.73966439847907	9.35379885350626
9.00214384853655	0.168872939184397	8.67115288773513	9.33313480933797
9.09399085648012	0.156343452192998	8.78755769018184	9.40042402277839
8.90726461367858	0.161444928088915	8.59083255462431	9.22369667273286
8.76384052804578	0.162649328097082	8.4450478449755	9.08263321111606
9.06494570160872	0.174269533186669	8.72337741656285	9.40651398665459
8.94136475907333	0.146417271106829	8.65438690770394	9.22834261044271
8.87244074033815	0.163313239265213	8.55234679137833	9.19253468929796
9.09101573309848	0.169011831542233	8.7597525432757	9.42227892292126
8.65775281410106	0.158169900427992	8.34773980926219	8.96776581893992
8.7889848860953	0.163779645740407	8.4679767804441	9.1099929917465
8.99793610534283	0.170569278388665	8.66362031970104	9.33225189098461
8.93544526779836	0.160106791390339	8.6216359566733	9.24925457892343
8.84553290313722	0.153439683538344	8.54479112340207	9.14627468287238
8.96669754362017	0.166485311459642	8.64038633315927	9.29300875408107
8.69727604846894	0.155981499772463	8.39155230891491	9.00299978802297
8.73812241215462	0.157272968623207	8.42986739365314	9.04637743065611
9.0071668134989	0.164017156320611	8.68569318711051	9.3286404398873
9.06624521973323	0.177648612603602	8.71805393903017	9.41443650043629
8.92823906240799	0.152704288427533	8.62893865709003	9.22753946772596
9.30089744542259	0.182124693788388	8.94393304559735	9.65786184524783
8.94432394466266	0.164466212361586	8.62197016843395	9.26667772089137
9.24130403098614	0.160686551510643	8.92635839002528	9.556249671947
9.22030087035732	0.171461918356903	8.88423551037779	9.55636623033685
9.1161849966877	0.156735048337405	8.80898430194638	9.42338569142901
9.00888422906058	0.156192125610158	8.70274766286467	9.31502079525649
8.7716231577109	0.15616789629104	8.46553408098046	9.07771223444134
8.72869695524585	0.213757230260178	8.3097327839359	9.1476611265558
8.83987959724634	0.163385378623708	8.51964425514387	9.16011493934881
8.87848320452446	0.162520968978308	8.55994210532698	9.19702430372195
8.80327909729087	0.15068783470304	8.50793094127291	9.09862725330883
8.83104589587365	0.157437857430533	8.52246769530981	9.1396240964375
9.19101216677935	0.17979754581155	8.83860897698871	9.54341535656998
8.82139290393688	0.154483454731575	8.51860533266299	9.12418047521077
9.18290062457229	0.165989726634414	8.85756076036884	9.50824048877574
8.96805014447785	0.170101932877831	8.6346503560373	9.3014499329184
9.33500337580085	0.165864131399572	9.00990967825769	9.66009707334401
8.7589537062785	0.151126556938815	8.46274565467842	9.05516175787858
9.02462943702853	0.157278990286428	8.71636261606713	9.33289625798993
8.91001262988516	0.147639648961394	8.62063891792083	9.1993863418495
9.03006720914259	0.168409515267362	8.69998455921856	9.36014985906662
9.03493117306344	0.160963264373659	8.71944317489107	9.35041917123582
8.92240930763329	0.15280994387147	8.62290181764521	9.22191679762137
9.0224908222664	0.1512177946618	8.72610394472927	9.31887769980353
8.82985232107588	0.147462381535522	8.54082605326626	9.1188785888855
9.19665741400034	0.166848629335191	8.86963410050337	9.52368072749731
8.79198956998854	0.156908670826467	8.48444857516867	9.09953056480841
8.93952827013119	0.17511756244727	8.59629784773454	9.28275869252784
8.99392634826116	0.151933628401749	8.69613643659373	9.29171625992859
8.91853586721758	0.168679671920485	8.58792371025342	9.24914802418173
8.9674110236139	0.156125675168161	8.6614047002843	9.27341734694349
9.14734644341739	0.150950836179431	8.8514828045057	9.44321008232907
9.01578135978116	0.168224234894858	8.68606185938724	9.34550086017508
8.95384284311953	0.178034084784348	8.60489603694221	9.30278964929685
8.90964786530209	0.162163484703332	8.59180743528356	9.22748829532062
9.32067683028531	0.163110556343237	9.00098013985257	9.64037352071806
8.9434127358906	0.165491877277697	8.61904865642632	9.26777681535489
8.8722591277436	0.157043471224169	8.56445392414423	9.18006433134297
9.0122773437146	0.165108807858736	8.68866408031147	9.33589060711772
9.03744795433656	0.151625520407908	8.74026193433706	9.33463397433606
8.93679110490448	0.14091886119141	8.66059013696932	9.21299207283965
8.83985504186972	0.155325412289325	8.53541723378264	9.14429284995679
8.80158711639694	0.149817875736752	8.5079440799529	9.09523015284097
9.04710352171368	0.160538672079754	8.73244772443736	9.36175931898999
9.02881513809301	0.160746300609086	8.7137523888992	9.34387788728682
9.2368707508928	0.164302916910291	8.91483703374863	9.55890446803697
9.08341992009962	0.157538884398955	8.77464370667767	9.39219613352157
9.07098026535572	0.169278381455333	8.73919463770327	9.40276589300817
8.87405429363168	0.171041662861686	8.53881263442278	9.20929595284058
9.05481800922521	0.170366903119096	8.72089887911178	9.38873713933864
8.89331611543596	0.170148955636193	8.55982416238902	9.2268080684829
9.34338649733245	0.167020739299642	9.01602584830515	9.67074714635974
8.85030207666938	0.166794546593655	8.52338476534582	9.17721938799295
9.19507130509935	0.168079589364801	8.86563530994434	9.52450730025436
8.58411300091316	0.154344569074327	8.28159764552747	8.88662835629884
9.38127902576568	0.318044576203629	8.75791165640657	10.0046463951248
8.80766164155924	0.143533933520074	8.52633513185989	9.08898815125858
9.28624736655287	0.161972103515911	8.96878204366168	9.60371268944405
8.86767104124616	0.159321489684779	8.555400921464	9.17994116102833
9.07990132946674	0.155225677226387	8.77565900210302	9.38414365683046
8.80704485050412	0.171942100371966	8.47003833377507	9.14405136723317
9.02732033412403	0.156172056049339	8.72122310426733	9.33341756398073
9.49425807898331	0.165841480148248	9.16920877789275	9.81930738007388
9.1064828219744	0.17476902839741	8.76393552631548	9.44903011763333
8.78159891994739	0.158042126682764	8.47183635164918	9.09136148824561
9.02845571585972	0.163654044206389	8.7076937892152	9.34921764250424
9.06987836416211	0.175555370352164	8.72578983827187	9.41396689005236
9.12439246146909	0.177989274897947	8.77553348266911	9.47325144026906
9.05675218458192	0.188256848776303	8.68776876098037	9.42573560818347
8.86910519241565	0.157575119519854	8.56025795815673	9.17795242667456
8.73789935390103	0.166361574077143	8.41183066870983	9.06396803909223
9.17875491566257	0.166895266689681	8.85164019295079	9.50586963837434
9.20251185458494	0.157122172164289	8.89455239714293	9.51047131202694
8.92406101985838	0.174105195033916	8.5828148375919	9.26530720212485
8.97160886908888	0.156426655709298	8.66501262389866	9.27820511427911
9.1541966110993	0.163854982240027	8.83304084590884	9.47535237628975
9.07386956535729	0.155466947756114	8.76915434775531	9.37858478295927
8.8096331130707	0.14405041327572	8.52729430305028	9.09197192309111
8.75795767270921	0.154501307309592	8.45513511038241	9.06078023503601
8.8365847401065	0.165979223662027	8.51126546172893	9.16190401848408
8.95425030729902	0.173185623078336	8.61480648606548	9.29369412853256
9.09958482073626	0.161937191998893	8.78218792441843	9.41698171705409
8.89333002775062	0.151165347159017	8.59704594731895	9.18961410818229
9.19877429735545	0.168430243343283	8.86865102040262	9.52889757430829
9.26901837879833	0.178298815525686	8.91955270036798	9.61848405722867
9.29958732014401	0.1822806575236	8.94231723139776	9.65685740889027
9.21986933406489	0.162297979030637	8.90176529516484	9.53797337296494
8.83756737872472	0.160165473386663	8.52364305088686	9.15149170656258
9.07157906773628	0.166068621249696	8.74608457008688	9.39707356538569
8.86806330843275	0.167680790832994	8.53940895840008	9.19671765846542
8.80040138172831	0.165530655985833	8.47596129599608	9.12484146746054
8.90896505934878	0.147017184638106	8.62081137745809	9.19711874123946
8.88323998133984	0.159454520847639	8.57070912047847	9.19577084220121
9.03797533497988	0.152143996332379	8.73977310216841	9.33617756779134
9.14502840174086	0.162233572550044	8.82705059954277	9.46300620393895
8.95697805610533	0.154980343117529	8.65321658359498	9.26073952861569
9.14458587864845	0.165548938025924	8.82010996011764	9.46906179717926
8.91502101510773	0.163378793131565	8.59479858056987	9.2352434496456
8.93643323316272	0.174230832099927	8.59494080224687	9.27792566407858
8.70346161377386	0.151821145713699	8.40589216817501	9.00103105937271
9.08870341392474	0.162997302285931	8.76922870144431	9.40817812640516
9.02578995218494	0.152602643432196	8.72668877105784	9.32489113331205
9.0627165397304	0.154635995399308	8.75962998874776	9.36580309071304
9.05490134703961	0.163062715517314	8.73529842462568	9.37450426945355
8.93861595076432	0.17420245078221	8.59717914723119	9.28005275429745
8.9223163298671	0.155085504292858	8.61834874145309	9.2262839182811
9.04512243914864	0.165331878051719	8.72107195816727	9.36917292013001
8.75618191806095	0.160152252997898	8.44228350218507	9.07008033393683
8.8296056065893	0.17562963101819	8.48537152979365	9.17383968338495
8.93345951256977	0.162039748906023	8.61586160471396	9.25105742042557
8.62888788672118	0.146407441692737	8.34192930100342	8.91584647243895
8.81154941774319	0.154311085217407	8.50909969071708	9.11399914476931
9.16777569405415	0.177209232613155	8.82044559813237	9.51510578997594
9.18263851546945	0.161366371271053	8.86636042777818	9.49891660316071
8.92478990511428	0.181843230498056	8.56837717333809	9.28120263689047
8.86212373879623	0.162876495770632	8.54288580708579	9.18136167050667
9.22856458500858	0.187655401950033	8.86075999718652	9.59636917283065
8.66330510768163	0.150961826470631	8.36741992779919	8.95919028756406
8.97818149285052	0.181018033727009	8.62338614674558	9.33297683895546
8.85362922567236	0.188163530563356	8.48482870576818	9.22242974557654
9.31904018298078	0.166415841605698	8.99286513343361	9.64521523252795
9.11869233979522	0.169322671557713	8.7868199035421	9.45056477604834
8.87536520613558	0.157547835177728	8.56657144918723	9.18415896308393
9.26536301690614	0.161441033466284	8.94893859131222	9.58178744250005
8.61509632672614	0.151425718254893	8.31830191894655	8.91189073450573
9.03638074773662	0.157984953164024	8.72673023953513	9.3460312559381
9.09563805341145	0.168147141614428	8.76606965584717	9.42520645097573
9.05250243080134	0.147132613131831	8.76412250906295	9.34088235253973
9.08737952141622	0.166845283388855	8.76036276597407	9.41439627685838
9.01996721292873	0.146486433588391	8.73285380309548	9.30708062276197
8.85632779116337	0.149532238141478	8.56324460440607	9.14941097792066
8.99871039559943	0.158121672252041	8.68879191798543	9.30862887321343
8.76835868101572	0.162550337809997	8.44976001890813	9.08695734312331
8.98404631136857	0.165833111653537	8.65901341252764	9.3090792102095
8.68320625556483	0.157996401241813	8.37353330913088	8.99287920199879
9.26426872812106	0.159986198447837	8.9506957791633	9.57784167707882
8.79372890195806	0.167997920790794	8.4644529772081	9.12300482670802
9.05674327318015	0.157243504369997	8.74854600461495	9.36494054174534
9.13921513823693	0.158276714664326	8.82899277749485	9.44943749897901
8.91817523641615	0.162129657403327	8.60040110790563	9.23594936492667
8.80843790937207	0.147571147124463	8.51919846100812	9.09767735773601
8.91270521091537	0.165107506875086	8.5890944974402	9.23631592439053
9.00703645427157	0.149131507991385	8.71473869860846	9.29933420993469
9.30131477707356	0.196128305171303	8.9169032989378	9.68572625520931
8.87179587471066	0.160443741613747	8.55732614114772	9.1862656082736
9.28357018055704	0.158703753303076	8.97251082408301	9.59462953703107
8.97744593264079	0.146940731753555	8.68944209840383	9.26544976687776
9.13251384838698	0.17013280925009	8.7990535422568	9.46597415451716
9.0582163895264	0.156673517509148	8.75113629520847	9.36529648384433
8.79473800987738	0.151960015371131	8.49689637974996	9.09257964000479
9.01789323333598	0.168989882158853	8.68667306430463	9.34911340236733
8.94096992076147	0.164533362072338	8.61848453109968	9.26345531042325
8.79599495842185	0.158347836082112	8.48563319970092	9.10635671714279
8.92352103650447	0.182075892824103	8.56665228656923	9.28038978643971
9.18829644509193	0.161031721573673	8.87267427080753	9.50391861937633
9.02856467304614	0.158949647342469	8.7170233642549	9.34010598183738
8.81927649697777	0.155599439526347	8.51430159550613	9.12425139844941
9.08695917644067	0.16829239994291	8.75710607255257	9.41681228032877
9.0897495486217	0.166781507845835	8.76285779324386	9.41664130399954
9.08692083420047	0.159653195638449	8.77400057074911	9.39984109765183
8.80427545592635	0.154011502285249	8.50241291144726	9.10613800040544
9.28056124819673	0.165226600118505	8.95671711196446	9.604405384429
9.01153408325674	0.162568780040213	8.69289927437792	9.33016889213556
8.80352008055995	0.163776986083595	8.4825171878361	9.12452297328379
8.9265431648422	0.177296338191281	8.57904234198729	9.27404398769711
9.07703563095913	0.153408832934657	8.7763543184072	9.37771694351106
9.01202832826565	0.16875843398722	8.68126179765069	9.3427948588806
8.91280019676218	0.158939665245462	8.60127845288107	9.22432194064328
8.95832632242477	0.152669366807345	8.65909436348237	9.25755828136717
9.07891594772593	0.169928879441109	8.74585534402135	9.4119765514305
9.04839965976092	0.169635285090437	8.71591450098366	9.38088481853818
8.66651506586935	0.1623730910715	8.34826380736921	8.98476632436949
8.9506710211565	0.173423786375546	8.61076039986043	9.29058164245257
8.73473575506738	0.156893871375366	8.42722376717166	9.0422477429631
8.74819357341266	0.147641038200341	8.45881713853999	9.03757000828533
8.91633322679943	0.164662772209384	8.59359419326904	9.23907226032982
8.93496645728975	0.223076398563933	8.49773671610444	9.37219619847506
9.09424959185669	0.172908244003562	8.75534943360971	9.43314975010367
8.99326197524331	0.174863087221286	8.65053032428959	9.33599362619703
9.31176051044643	0.184459368515378	8.95022014815629	9.67330087273658
9.27225916256609	0.170440031829806	8.93819670017968	9.60632162495251
8.70785445386748	0.160906298782163	8.39247810825444	9.02323079948052
8.94901164056125	0.162532202022765	8.63044852459663	9.26757475652586
9.09858843832676	0.153028176119166	8.7986532131332	9.39852366352033
8.9160841402069	0.171006324345617	8.58091174448949	9.25125653592431
8.98440651730743	0.182875352191442	8.6259708270122	9.34284220760265
9.39480672853563	0.169733218616061	9.06212962004815	9.7274838370231
9.05007976137609	0.167204566289223	8.72235881144921	9.37780071130297
8.897160548749	0.160062582489131	8.5834378870703	9.21088321042769
9.11441343844185	0.16694828869065	8.78719479260817	9.44163208427552
8.81037751881461	0.171948568118775	8.47335832530181	9.14739671232741
9.09839891730508	0.164358503762052	8.77625624993146	9.4205415846787
9.25285766865334	0.158053959031565	8.94307190895148	9.56264342835521
8.91557570652437	0.169524196336032	8.58330828170575	9.24784313134299
8.97246833249506	0.161142676185237	8.656628687172	9.28830797781813
9.02088286895393	0.157149782878036	8.71286929451298	9.32889644339488
8.86206657481086	0.165878422674833	8.53694486636819	9.18718828325353
9.10498979995845	0.163715785302365	8.78410686076581	9.42587273915108
9.2301229117973	0.16813541009463	8.90057750801183	9.55966831558277
9.2847210884424	0.164137888882766	8.96301082623218	9.60643135065262
8.98489169593985	0.154463503358603	8.68214322935699	9.28764016252271
8.96156181991201	0.144246459270411	8.67883875974201	9.24428488008201
9.439002219108	0.180635002750931	9.08495761371618	9.79304682449983
8.8856740771186	0.158142219406039	8.57571532708276	9.19563282715443
9.01101171994906	0.155212923956321	8.70679438899467	9.31522905090345
9.1598467609983	0.172792916565632	8.82117264452966	9.49852087746694
8.99773137785378	0.162018286798866	8.680175535728	9.31528721997956
9.19568260406368	0.152420109777719	8.89693918889935	9.49442601922801
8.87066056479314	0.153368723384418	8.57005786695968	9.1712632626266
9.04897788933262	0.153313498381951	8.74848343250399	9.34947234616124
8.92489876935784	0.161903221338658	8.60756845553407	9.24222908318161
9.11822468115238	0.151177301938755	8.82191716935242	9.41453219295233
9.15792197320546	0.169454639242028	8.82579088029109	9.49005306611984
8.8398816593018	0.164374492554305	8.51770765389536	9.16205566470824
8.8993075969214	0.159378038083197	8.58692664227833	9.21168855156447
8.82504550110939	0.159202723498432	8.51300816305246	9.13708283916631
8.94804189827455	0.158658842733003	8.63707056651786	9.25901323003124
8.87946529579055	0.152959805142279	8.57966407771168	9.17926651386942
9.05062154612672	0.161440088315666	8.73419897302802	9.36704411922542
9.02123930496832	0.157956242126343	8.71164507040069	9.33083353953596
9.1269017354967	0.155931877914613	8.82127525478406	9.43252821620934
9.12964954942388	0.159351759255281	8.81732010128353	9.44197899756423
8.95829846576966	0.160525032464173	8.64366940213988	9.27292752939944
9.04265227103072	0.162885032733491	8.72339760687308	9.36190693518836
9.48984200268838	0.297722855073854	8.90630520674363	10.0733787986331
8.86801049685524	0.16048230981999	8.55346516960806	9.18255582410242
8.99457858952752	0.167280411793536	8.66670898241219	9.32244819664285
9.03930249603786	0.151679767349932	8.74201015203199	9.33659484004373
9.01664718004602	0.149279275945996	8.72405979919187	9.30923456090017
9.08753611396386	0.178235930754486	8.73819368968507	9.43687853824266
8.86707528090645	0.170683268892748	8.53253607387666	9.20161448793623
8.91194333004145	0.161251488927255	8.59589041174403	9.22799624833887
9.19596986933427	0.156536129557159	8.88915905540224	9.50278068326631
9.00385660288275	0.154110638505577	8.70179975141182	9.30591345435368
8.86114010474298	0.175526004661455	8.51710913560653	9.20517107387943
8.9714927435272	0.161660229375559	8.6546386939511	9.28834679310329
9.18419141341107	0.166152520147948	8.85853247392109	9.50985035290105
8.8294852248492	0.161778134170848	8.51240008187434	9.14657036782407
8.71704476752868	0.160814492324107	8.40184836257343	9.03224117248393
9.28865791476669	0.159618849623378	8.97580496950486	9.60151086002851
8.8627085298355	0.159299486973584	8.55048153536728	9.17493552430373
8.88941654927501	0.173809030110937	8.54875085025757	9.23008224829245
8.75987845070271	0.1458400548266	8.47403194324257	9.04572495816284
9.17385220434671	0.151751111301812	8.87642002619516	9.47128438249826
9.161243552326	0.16836606475526	8.8312460654057	9.49124103924631
8.94051122991646	0.153400346607034	8.63984655056667	9.24117590926624
8.89285204206513	0.154415275769916	8.5901981015561	9.19550598257417
9.11796472859395	0.166316985064291	8.79198343786794	9.44394601931996
8.84702001431544	0.156284542921251	8.54070231018978	9.15333771844109
8.86781079209725	0.1800203257541	8.51497095361921	9.22065063057529
9.30661340792888	0.16536595462869	8.98249613685664	9.63073067900111
8.8800185850941	0.183760024999607	8.51984893609487	9.24018823409333
8.85474438935862	0.149519426937026	8.56168631256205	9.14780246615519
8.9674699017373	0.177336357196981	8.61989064163122	9.31504916184338
9.04205226198118	0.171355694894303	8.70619509998835	9.37790942397402
8.79075287337214	0.159968489041841	8.47721463485013	9.10429111189415
9.06389287193565	0.165078285367805	8.74033943261476	9.38744631125655
9.06405276153058	0.177723251973327	8.71571518766286	9.41239033539831
9.12967738297986	0.164881410750649	8.80650981790859	9.45284494805114
8.75314224512118	0.153767524653125	8.45175789680105	9.0545265934413
8.88675697251047	0.15844306847381	8.5762085583018	9.19730538671914
8.96898475540987	0.172758911853588	8.63037728817683	9.3075922226429
8.66889967548999	0.156149593708678	8.36284647182099	8.974952879159
8.98542778872975	0.154195404142181	8.68320479661108	9.28765078084843
8.68422937100521	0.152469771973625	8.38538861793691	8.98307012407352
8.99765300700733	0.162727335798646	8.67870742884198	9.31659858517267
8.73530857484818	0.154376469258047	8.43273069510241	9.03788645459395
9.44631836089947	0.174372109781749	9.10454902572724	9.7880876960717
8.99089381358042	0.152396409071265	8.69219685180074	9.2895907753601
9.18032123928436	0.167038834552829	8.85292512356081	9.5077173550079
9.21267503541343	0.162599031539154	8.89398093359669	9.53136913723017
8.95843510950166	0.170811714093471	8.62364414987846	9.29322606912486
9.15589657513084	0.15332778346766	8.85537411953422	9.45641903072745
8.96443460026618	0.153107083794184	8.66434471602958	9.26452448450278
8.8243319542325	0.160601498006963	8.50955301813885	9.13911089032615
8.80886782488644	0.155163555949199	8.50474725522601	9.11298839454686
8.99664159875816	0.162199998860292	8.67872960099199	9.31455359652433
8.74290096122269	0.252564333548145	8.24787486746832	9.23792705497705
9.16792900817889	0.175685904473204	8.82358463541141	9.51227338094637
9.33674841667029	0.172557422022848	8.9985358695055	9.67496096383507
8.80058125176503	0.156144474968993	8.49453808082581	9.10662442270426
9.05988139700752	0.175090662651766	8.71670369821006	9.40305909580498
8.87895241973306	0.160203084665548	8.56495437378858	9.19295046567753
9.0705278984553	0.172346905945688	8.73272796280176	9.40832783410885
9.12868721402605	0.166941642666084	8.80148159440053	9.45589283365157
8.84771133917159	0.163497247235291	8.52725673459041	9.16816594375276
9.25624791186622	0.162443817746629	8.93785802908283	9.57463779464962
8.83669014486667	0.160777828271636	8.52156560145427	9.15181468827908
8.76186234332873	0.145381933794372	8.47691375309176	9.0468109335657
9.2310934043254	0.163909154295415	8.90983146190638	9.55235534674441
8.78922366489954	0.157252180628394	8.48100939086789	9.0974379389312
9.16991424840779	0.182499696301972	8.81221484365592	9.52761365315965
9.05527093160038	0.156226828897538	8.74906634696121	9.36147551623956
9.06547638805303	0.171844609462595	8.72866095350634	9.40229182259972
8.76746302105749	0.156682962851436	8.46036441386867	9.0745616282463
8.85715138773111	0.145594968304094	8.57178524985509	9.14251752560713
8.71090539998503	0.15781204367247	8.40159379438699	9.02021700558307
9.06671876287389	0.198150686235115	8.67834341785307	9.45509410789472
9.28192161139387	0.169707854237427	8.94929421708852	9.61454900569923
8.96340781833196	0.166365718027972	8.63733101099713	9.28948462566678
8.97782582226574	0.154071194314707	8.67584628140892	9.27980536312257
9.15525135227546	0.166042081975122	8.82980887160422	9.4806938329467
8.82279607423807	0.168918165681137	8.49171646950304	9.1538756789731
9.11950862389301	0.177426819533036	8.77175205760826	9.46726519017776
8.93977890260691	0.154984975562236	8.63600835050493	9.24354945470889
8.98741592262178	0.171749586345907	8.6507867333838	9.32404511185976
8.82598091739107	0.152762367497983	8.52656667709503	9.12539515768712
8.94305232508312	0.149926631462335	8.64919612741695	9.2369085227493
8.85396790811919	0.173688690469145	8.51353807479966	9.19439774143871
9.05848790003837	0.16493896105682	8.735207536367	9.38176826370974
9.03715626215343	0.163916788089738	8.71587935749754	9.35843316680931
8.83093434769058	0.153877459660438	8.52933452675612	9.13253416862504
8.54584235338048	0.167291220595204	8.21795156101388	8.87373314574708
8.84835015072089	0.164317831338223	8.52628720129797	9.17041310014381
9.28222520444918	0.167913130004068	8.9531154696412	9.61133493925715
8.90166575750347	0.158154940438822	8.59168207424338	9.21164944076356
9.06333661677044	0.161801987003228	8.74620472224411	9.38046851129677
9.09419393403249	0.155725646294257	8.78897166729575	9.39941620076924
8.91457749856203	0.168355386540391	8.58460094094286	9.2445540561812
9.18789128245142	0.17044665059149	8.8538158472921	9.52196671761074
8.77531540148546	0.148399989890569	8.48445142129994	9.06617938167097
8.93572950679618	0.157100994477217	8.62781155762084	9.24364745597153
8.99945770140166	0.155144463113328	8.69537455369953	9.30354084910378
9.15533185010371	0.15169954826192	8.85800073551034	9.45266296469707
9.33887091745521	0.185600933089645	8.9750930885995	9.70264874631091
8.98269398291331	0.158867028737848	8.67131460658712	9.29407335923949
8.78811478212629	0.157343053676423	8.4797223969205	9.09650716733208
8.8469839396936	0.22501172547445	8.40596095776367	9.28800692162352
8.88301721166068	0.158499330873497	8.57235852314862	9.19367590017273
