estFinal_ipw	sdFinal_ipw	X1.1	X2.1
5.44736338552779	0.159110502611786	5.13550680040869	5.75921997064689
5.02608355505947	0.218593285116412	4.59764071623131	5.45452639388764
4.97101808711239	0.198164217837826	4.58261622015025	5.35941995407453
5.18195074952632	0.201451341095567	4.78710612097901	5.57679537807363
5.08526838033039	0.359543634114122	4.38056285746671	5.78997390319407
4.86164867046269	0.388230356204405	4.10071717230205	5.62258016862332
5.15549149671373	0.20318348627297	4.75725186361871	5.55373112980875
5.39064937392481	0.196515895764222	5.00547821822693	5.77582052962268
5.19755768006677	0.152774864670961	4.89811894531169	5.49699641482185
4.70051538450767	0.290222669192872	4.13167895288964	5.26935181612569
4.88747345817876	0.214560482437273	4.46693491260171	5.30801200375582
4.9774731313003	0.343262161635489	4.30467929449474	5.65026696810585
4.54316255103217	0.47575116093152	3.61069027560639	5.47563482645795
5.41490664859861	0.179172128812484	5.06372927612614	5.76608402107108
5.46008232880861	0.302234840701205	4.86770204103424	6.05246261658297
5.03934593587815	0.218447865903523	4.61118811870725	5.46750375304906
5.06807742267587	0.230637754649953	4.61602742356196	5.52012742178978
4.97073430898117	0.257016811359196	4.46698135871714	5.47448725924519
5.36998115327814	0.147695651269736	5.08049767678946	5.65946462976683
5.1805167613196	0.208247659879564	4.77235134795566	5.58868217468355
5.27550536610543	0.19915516419797	4.88516124427741	5.66584948793345
5.43849733209357	0.211440995985966	5.02407297996108	5.85292168422607
5.09375325933827	0.208894055622264	4.68432091031864	5.50318560835791
5.3666560574776	0.255488436573984	4.86589872179259	5.86741339316261
4.98649687776977	0.195544224399691	4.60323019794638	5.36976355759317
4.65627314553142	0.183097505381606	4.29740203498347	5.01514425607937
4.96846082315225	0.19760489217602	4.58115523448725	5.35576641181725
4.68707077496344	0.399456795786417	3.90413545522207	5.47000609470482
5.49698322817938	0.176773986676376	5.15050621429368	5.84346024206507
5.11544456878761	0.173074854624028	4.77621785372452	5.45467128385071
4.51678703605386	0.413503453210191	3.70632026776189	5.32725380434583
4.75830979718899	0.289859372655579	4.19018542678406	5.32643416759393
4.91110178008891	0.255485731494221	4.41034974636024	5.41185381381758
4.99699886475401	0.200724991691179	4.6035778810393	5.39041984846872
5.10291800144898	0.257272322538549	4.59866424927342	5.60717175362454
5.26744005911766	0.197874864225329	4.87960532523601	5.6552747929993
5.1932226938719	0.21507031890154	4.77168486882488	5.61476051891892
5.11626012630543	0.205730647017149	4.71302805815182	5.51949219445904
5.48620998988326	0.221197925412554	5.05266205607465	5.91975792369187
5.49570943707277	0.243532614920373	5.01838551182883	5.9730333623167
4.79423245064696	0.412897394578898	3.98495355727232	5.6035113440216
5.11169885066556	0.180275429312534	4.75835900921299	5.46503869211812
5.29618107374517	0.191097096212446	4.92163076516877	5.67073138232156
4.7965965297987	0.364805461353342	4.08157782554615	5.51161523405125
5.26416248092334	0.215564587238613	4.84165588993566	5.68666907191102
4.1988131325903	0.820336106104162	2.59095436462615	5.80667190055446
4.68518746202535	0.218269481573771	4.25737927814076	5.11299564590994
3.46799060733087	0.982779229498837	1.54174331751315	5.39423789714859
5.20427576658702	0.31182020482316	4.59310816513362	5.81544336804041
5.11786409283985	0.235372467978797	4.65653405560141	5.57919413007829
5.22678045042098	0.236295335362025	4.76364159311141	5.68991930773055
4.89464175883695	0.235613678554597	4.43283894886994	5.35644456880396
5.1553743679265	0.251745615934502	4.66195296069488	5.64879577515813
4.77788453296724	0.219659803397414	4.34735131830831	5.20841774762617
4.57130662849027	0.378419947494034	3.82960353140197	5.31300972557858
5.48904951661821	0.200326968048095	5.09640865924395	5.88169037399248
4.77927305248409	0.207819647946542	4.37194654250887	5.18659956245931
5.12147119051042	0.209914522347153	4.71003872671	5.53290365431084
4.91359017892076	0.349449893628227	4.22866838740943	5.59851197043208
5.026551437225	0.240951225861532	4.5542870345364	5.49881583991361
4.70136285898147	0.261840898002276	4.18815469889701	5.21457101906593
5.21930456793265	0.196085187732204	4.83497759997753	5.60363153588777
5.06476915479025	0.187630062784755	4.69701423173213	5.43252407784837
4.93083865365948	0.2693642016918	4.40288481834355	5.45879248897541
4.91339530132852	0.256897377746467	4.40987644094544	5.41691416171159
5.1529094923701	0.228127363459184	4.7057798599901	5.6000391247501
5.19093185504987	0.192138719100097	4.81433996561368	5.56752374448606
4.90776536140082	0.282374599444927	4.35431114648876	5.46121957631288
5.11683013534287	0.247610458886382	4.63151363592556	5.60214663476018
5.1464540698171	0.267418362887004	4.62231407855858	5.67059406107563
5.1715489095388	0.177774230510097	4.82311141773901	5.51998640133859
5.22682963880484	0.230995099758135	4.7740792432789	5.67958003433079
5.2300204135504	0.185412575436108	4.86661176569563	5.59342906140517
5.07110538095451	0.2836569644388	4.51513773065446	5.62707303125456
5.12114101409816	0.251460712575425	4.62827801745032	5.61400401074599
5.17323268581578	0.207207786713571	4.76710542385718	5.57935994777437
5.07684516296907	0.192149701804487	4.70023174743228	5.45345857850587
5.28283793394444	0.274953737714018	4.74392860802496	5.82174725986392
4.81212705681427	0.264622935328188	4.29346610357102	5.33078801005751
5.1735312488836	0.234491594591245	4.71392772348476	5.63313477428244
4.93280273667634	0.197069429626961	4.5465466546075	5.31905881874519
4.84786687405074	0.375968990777547	4.11096765212675	5.58476609597473
5.20961133932047	0.191149487021442	4.83495834475844	5.5842643338825
4.56454954324103	0.297068220841051	3.98229583039257	5.14680325608949
5.06046126068351	0.242989876803365	4.58420110214891	5.5367214192181
4.78366891650961	0.172640542896424	4.44529345243262	5.1220443805866
4.99154254093638	0.259723528251997	4.48248442556247	5.5006006563103
5.25916872660053	0.248785970591323	4.77154822424153	5.74678922895952
4.87742191455605	0.234655092184968	4.41749793387352	5.33734589523859
4.26657006643386	0.715478877771555	2.86423146600161	5.66890866686611
5.23852414421539	0.217292606441169	4.8126306355907	5.66441765284008
5.67950324796253	0.23043761004219	5.22784553227983	6.13116096364522
5.29779427816336	0.210559939516829	4.88509679671037	5.71049175961634
5.22048659067782	0.180610648215645	4.86648972017516	5.57448346118049
4.8014634141996	0.3338533955378	4.14711075894551	5.45581606945368
5.12880513342846	0.189248878364541	4.75787733183396	5.49973293502296
5.02333459416756	0.192997574288645	4.64505934856181	5.4016098397733
5.05457424103945	0.275086565927825	4.51540457182091	5.59374391025798
5.31889444658171	0.256969343588138	4.81523453314896	5.82255436001447
5.28268816524904	0.186161959849756	4.91781072394352	5.64756560655456
5.06590999941963	0.301120815687471	4.47571320067218	5.65610679816707
5.40039870476258	0.169112619544365	5.06893797045563	5.73185943906954
5.31006370152817	0.161791365834366	4.99295262449281	5.62717477856352
5.11503686717551	0.225119322607293	4.67380299486522	5.55627073948581
5.17563927157009	0.216435920849482	4.7514248667051	5.59985367643507
5.05706514150254	0.262706426558009	4.54216054544884	5.57196973755623
5.34687236440732	0.187103221296476	4.98015005066623	5.71359467814841
4.63346116597537	0.351752747293936	3.94402578127926	5.32289655067149
5.13938858762339	0.159549064051834	4.82667242208179	5.45210475316498
4.65522247896999	0.347549189678538	3.97402606720005	5.33641889073992
4.86764766487377	0.212138148703455	4.45185689341499	5.28343843633254
4.9746609901124	0.231970181146053	4.51999943506614	5.42932254515867
5.45364251580189	0.20029450269496	5.06106529051977	5.84621974108401
5.03039157770498	0.202436765701207	4.63361551693062	5.42716763847935
5.05061214913673	0.212642327149567	4.63383318792358	5.46739111034988
4.39754331689516	0.652264785135257	3.11910433803005	5.67598229576026
5.05495113558905	0.187125355200703	4.68818543939567	5.42171683178243
5.25070488178858	0.233014657357825	4.79399615336725	5.70741361020992
5.27727303081068	0.300455415900718	4.68838041564528	5.86616564597609
5.22630570805299	0.185696283870671	4.86234099166648	5.59027042443951
5.10797303470551	0.17429367027005	4.76635744097621	5.4495886284348
5.20450508289534	0.218911797080799	4.77543796061697	5.6335722051737
5.29240964028465	0.169094694235133	4.96098403958379	5.62383524098551
4.90022283800025	0.216741447216164	4.47540960145657	5.32503607454394
5.04230302521316	0.235772402024191	4.58018911724574	5.50441693318057
5.21027757169476	0.15484147762774	4.90678827554439	5.51376686784513
5.23872892489624	0.187806657270922	4.87062787664523	5.60682997314724
4.77678567382788	0.345803197140553	4.0990114074324	5.45455994022337
5.17508341383564	0.200149788786911	4.78278982781329	5.56737699985798
4.63509918347265	0.263350475900792	4.11893225070709	5.1512661162382
5.07032741902727	0.157197826220036	4.76221967963601	5.37843515841854
5.12252654437586	0.1863900319391	4.75720208177522	5.48785100697649
5.06306247522688	0.146663699943809	4.77560162333701	5.35052332711675
4.79417811845109	0.206860527282581	4.38873148497723	5.19962475192495
4.69301329827577	0.40828860914118	3.89276762435906	5.49325897219248
5.00957937297468	0.21721731841705	4.58383342887726	5.4353253170721
5.00114190894871	0.238346116563981	4.53398352048331	5.46830029741411
4.72761364982244	0.426683306791796	3.89131436851052	5.56391293113436
4.86593911520568	0.194561763773929	4.48459805820878	5.24728017220258
5.12638024798576	0.219153829600659	4.69683874196847	5.55592175400306
5.31911008288931	0.207891728079652	4.91164229585319	5.72657786992542
5.27965637605874	0.258710688997448	4.77258342562375	5.78672932649374
4.8226900503066	0.435219360065527	3.96966010457817	5.67571999603503
4.64982736067219	0.327645712521783	4.0076417641295	5.29201295721489
5.03189998802775	0.373881827904604	4.29909160533473	5.76470837072078
4.83875979658789	0.473558426476575	3.91058528069381	5.76693431248198
5.12034233559072	0.226293088415714	4.67680788229592	5.56387678888553
5.4178970466541	0.1444729207943	5.13473012189727	5.70106397141092
4.84589707495105	0.19201743782663	4.46954289681085	5.22225125309124
5.44357382651947	0.280978546011438	4.89285587633705	5.99429177670189
4.99615974753749	0.198085112093326	4.60791292783457	5.38440656724041
5.15020785718207	0.245567758641195	4.66889505024532	5.63152066411881
5.01880563961769	0.209966565939964	4.60727117037536	5.43034010886002
5.15556612109703	0.163171971946789	4.83574905608133	5.47538318611274
4.86948384601004	0.276914096614513	4.32673221664559	5.41223547537448
4.91971945824496	0.256144401648755	4.4176764310134	5.42176248547652
5.2209187320466	0.308444856735762	4.61636681284451	5.8254706512487
5.17846817744355	0.204489581143816	4.77766859840167	5.57926775648543
5.34025771267907	0.228461483087745	4.89247320582709	5.78804221953104
5.64568056454933	0.167533818769319	5.31731427976147	5.9740468493372
5.16097754373479	0.224364556010991	4.72122301395325	5.60073207351634
4.81243142167493	0.189952383452446	4.44012475010814	5.18473809324172
5.08874324050387	0.263222230473683	4.57282766877546	5.60465881223229
4.92911384620818	0.186275120044847	4.56401461092028	5.29421308149608
5.23202394673215	0.167001843143287	4.90470033417131	5.55934755929299
4.82954278186835	0.329287764496633	4.18413876345495	5.47494680028174
4.81939127676927	0.2140732186594	4.39980776819685	5.2389747853417
5.16048180529059	0.293286742549361	4.58563978989384	5.73532382068734
5.03977683046983	0.216909072421614	4.61463504852346	5.46491861241619
5.59631324130938	0.1733873080487	5.25647411753393	5.93615236508484
5.10464905230542	0.322336670195312	4.47286917872261	5.73642892588823
4.96067566617789	0.216682673251934	4.5359776266041	5.38537370575168
5.29757485420811	0.186619566901077	4.931800503082	5.66334920533422
5.23085487140406	0.245472860835075	4.74972806416731	5.7119816786408
4.29705702299589	0.503183215391382	3.31081792082878	5.283296125163
5.52688507608695	0.177701408953227	5.17859031453862	5.87517983763527
5.02129667863182	0.309418193364831	4.41483701963675	5.62775633762688
5.33428869168405	0.161577001976825	5.01759776780948	5.65097961555863
5.21508698273136	0.187189843485082	4.8481948895006	5.58197907596212
4.67046452674419	0.263034187004382	4.1549175202156	5.18601153327278
5.19988189022159	0.164292844727498	4.8778679145557	5.52189586588749
5.28725414671002	0.264085833870176	4.76964591232448	5.80486238109557
5.47678636312161	0.226023309657338	5.03378067619323	5.91979205004999
4.74695190538185	0.497784295808061	3.77129468559805	5.72260912516565
4.86680209360882	0.285110494799865	4.30798552380108	5.42561866341655
5.55826326880883	0.2642025370429	5.04042629620475	6.07610024141291
5.16615762786102	0.2168749187722	4.7410827870675	5.59123246865453
4.76362786002986	0.259987598120615	4.25405216771346	5.27320355234627
5.00251136654245	0.500541502591528	4.02145002146306	5.98357271162185
5.3572270418334	0.189734779423767	4.98534687416282	5.72910720950399
4.77505887367373	0.206904619408025	4.369525819634	5.18059192771346
4.36617673432639	0.312521707470912	3.7536341876834	4.97871928096938
4.8799010820126	0.242402252974603	4.40479266618238	5.35500949784283
5.26261677380503	0.178043511246699	4.91365149176151	5.61158205584856
4.95591420582289	0.156434653605027	4.64930228475704	5.26252612688874
5.03230472884082	0.237647771903812	4.56651509590935	5.49809436177229
4.8059672973905	0.512254946878851	3.80194760150796	5.80998699327305
4.87882449066673	0.264114876640812	4.36115933245074	5.39648964888272
5.23077201100812	0.193597845237059	4.85132023434348	5.61022378767275
5.48710301871284	0.14289844863762	5.20702205938311	5.76718397804258
4.20579907625178	0.572456977870808	3.083783399625	5.32781475287857
5.16896603543371	0.260253829200832	4.65886853020008	5.67906354066735
4.87621497200057	0.218573793993678	4.44781033577296	5.30461960822818
5.17564467376844	0.162195456377922	4.85774157926771	5.49354776826917
5.03465727515915	0.328251226427596	4.39128487136106	5.67802967895724
5.40108355650387	0.202452027162071	5.00427758326621	5.79788952974153
4.50518960750308	0.506612012218663	3.5122300635545	5.49814915145166
5.15167410477334	0.210986554714942	4.73814045753205	5.56520775201463
5.48440239998999	0.269006298024876	4.95715005586123	6.01165474411874
5.72293260146097	0.282786595566373	5.16867087415088	6.27719432877106
4.82823716883856	0.217988150602377	4.4009803936579	5.25549394401922
5.1119154183232	0.167521000629804	4.78357425708878	5.44025657955761
4.89695691597167	0.302728317376187	4.30360941391434	5.490304418029
5.27044965403701	0.21195829514447	4.85501139555385	5.68588791252017
5.43443839329289	0.176483279701151	5.08853116507864	5.78034562150715
5.18084186104959	0.240266273363698	4.70991996525674	5.65176375684244
5.32928584551872	0.338468809263138	4.66588697936297	5.99268471167448
5.06547650027911	0.184783452878425	4.7033009326374	5.42765206792083
4.84270883581804	0.274417347977477	4.30485083378219	5.38056683785389
4.9289189242658	0.232689214813573	4.47284806323119	5.3849897853004
4.71282194301252	0.38580314452015	3.95664777975303	5.46899610627202
4.93572812072667	0.273713203044545	4.39925024275936	5.47220599869398
5.14405952962312	0.24079706090243	4.67209729025436	5.61602176899189
5.21041452176813	0.172232137771259	4.87283953173646	5.5479895117998
4.95739459750368	0.230184866936132	4.50623225830886	5.4085569366985
4.93330363906673	0.200541924274701	4.54024146748831	5.32636581064514
5.18446308162115	0.225275733895153	4.74292264318665	5.62600352005565
5.09390490064357	0.1835757891408	4.7340963539276	5.45371344735953
5.29126200906215	0.258583870078622	4.78443762370805	5.79808639441625
5.18088029474127	0.263411053113312	4.66459463063918	5.69716595884336
5.07024978070941	0.181143272452628	4.71520896670226	5.42529059471656
5.6240467590656	0.28375885129345	5.06787941053043	6.18021410760076
5.08568812231888	0.184406448911686	4.72425148245198	5.44712476218578
5.21649190075961	0.20575590774057	4.81321032158809	5.61977347993113
5.16909786461064	0.267003771775904	4.64577047192987	5.69242525729141
5.30472704562688	0.226991338752286	4.8598240216724	5.74963006958136
4.7173362471669	0.191776927098317	4.3414534700542	5.0932190242796
4.773213131159	0.399289075286705	3.99060654359706	5.55581971872094
4.88662377901457	0.305174362906894	4.28848202771705	5.48476553031208
4.87617077241037	0.243665454336249	4.39858648191132	5.35375506290942
5.12326709195904	0.236983413764131	4.65877960098134	5.58775458293673
4.98827530545132	0.203766725060188	4.58889252433335	5.38765808656928
4.6458243231127	0.251391878516294	4.15309624122077	5.13855240500464
4.33471090414207	0.547499518602259	3.26161184768164	5.4078099606025
4.95657253556158	0.325521070662702	4.31855123706269	5.59459383406048
4.99334358506319	0.189617016627715	4.62169423247287	5.36499293765351
5.40819398996268	0.201544810378198	5.01316616162141	5.80322181830394
4.9556307579738	0.228535681865618	4.50770082151719	5.40356069443042
5.37041853637675	0.187800104958085	5.00233033065891	5.7385067420946
5.34203938195636	0.204408754549295	4.94139822303974	5.74268054087298
4.91528104710235	0.314189306613735	4.29947000613943	5.53109208806527
5.48333899348062	0.153124784944177	5.18321441499003	5.7834635719712
5.23336217043187	0.20602712758265	4.82954900036987	5.63717534049386
3.66957132542834	0.907946145775134	1.88999687970907	5.4491457711476
5.16420500412079	0.163295723612858	4.84414538583959	5.48426462240199
5.2790590906414	0.198828543481517	4.88935514541763	5.66876303586517
5.19859103911762	0.178198697859658	4.84932159131269	5.54786048692255
4.77966618937613	0.236994385759072	4.31515719328835	5.24417518546391
4.88881409766614	0.224847793876797	4.44811242166762	5.32951577366467
4.7308249066912	0.337799189802133	4.06873849467902	5.39291131870339
5.3927968947822	0.148765179800514	5.1012171423732	5.68437664719121
5.07683075150731	0.259040516746113	4.56911133868493	5.58455016432969
5.13228968224201	0.281043806675144	4.58144382115872	5.68313554332529
5.43316487763387	0.191375819370862	5.05806827166698	5.80826148360076
5.11690235978877	0.247463928039287	4.63187306083177	5.60193165874577
5.34210320302296	0.283459771124942	4.78652205161808	5.89768435442785
5.38940316757024	0.22950991560558	4.9395637329833	5.83924260215718
4.89868554547492	0.260448264105419	4.38820694782829	5.40916414312154
5.25136993583402	0.2564422658991	4.74874309467179	5.75399677699626
5.0323998056026	0.24615312960687	4.54993967157314	5.51485993963207
4.23847843403872	0.631497750598688	3.00074284286529	5.47621402521215
5.32748180767155	0.160901025167734	5.01211579834279	5.64284781700031
5.1453155031755	0.231350614830693	4.69186829810734	5.59876270824366
4.90342190238552	0.191554222952115	4.52797562539937	5.27886817937167
5.14677354573515	0.226976753163111	4.70189910953545	5.59164798193485
4.96886098785637	0.224391045507657	4.52905453866136	5.40866743705138
4.17537948881899	0.555432698785675	3.08673139919907	5.26402757843891
5.32200753341342	0.143354828136039	5.04103207026678	5.60298299656005
4.67744366842354	0.311079028706716	4.06772877215838	5.28715856468871
5.13684623645113	0.217080910802911	4.71136765127742	5.56232482162483
4.95560497129561	0.345043049369414	4.27932059453156	5.63188934805967
5.25319429086304	0.202582827947353	4.85613194808623	5.65025663363985
4.92469239265254	0.222527575441661	4.48853834478688	5.36084644051819
5.53041962026361	0.148964591347222	5.23844902122306	5.82239021930417
4.97278440839608	0.281733704359529	4.42058634785141	5.52498246894076
4.98511481568094	0.17508651472562	4.64194524681873	5.32828438454316
5.66762034858067	0.666747550838857	4.36079514893651	6.97444554822482
5.21438401685974	0.203757953804878	4.81501842740218	5.61374960631731
4.60662802288814	0.385565635553727	3.85091937720284	5.36233666857345
5.24362490386163	0.203570551403482	4.84462662311081	5.64262318461245
5.51905498911896	0.182703036034746	5.16095703849086	5.87715293974706
4.59219883456776	0.462747795702581	3.6852131549907	5.49918451414482
4.6974898140294	0.451121363338063	3.8132919418868	5.581687686172
5.04142468037182	0.186160688980357	4.67654972997032	5.40629963077332
5.49849785979716	0.376371014038596	4.76081067228151	6.23618504731281
5.34097048589809	0.15752703216993	5.03221750284503	5.64972346895116
4.66571888378096	0.380026564863662	3.92086681664818	5.41057095091374
4.92144865276578	0.244216262538262	4.44278477819078	5.40011252734077
5.39060946275534	0.224026474490362	4.95151757275423	5.82970135275645
5.11882964886056	0.158817505939493	4.80754733721915	5.43011196050197
5.23107361915003	0.155551437784475	4.92619280109246	5.5359544372076
4.98563239571521	0.202454977036438	4.5888206407238	5.38244415070663
4.72772932987427	0.300093782928728	4.13954551533396	5.31591314441457
5.12130011033962	0.334106959186122	4.46645047033482	5.77614975034442
5.19952347514232	0.260180212066114	4.68957025949274	5.70947669079191
5.27366570471662	0.334741038202243	4.61757326984022	5.92975813959301
5.17954168732072	0.24038803203237	4.70838114453728	5.65070223010417
4.56848064625435	0.33967546854895	3.9027167278984	5.23424456461029
5.43495248879667	0.197398370139813	5.04805168332263	5.8218532942707
5.23126966453412	0.182941630156367	4.87270406942764	5.5898352596406
5.20572719426677	0.187353735005649	4.8385138736557	5.57294051487784
5.05199187085914	0.189095890572133	4.68136392533776	5.42261981638052
5.20946852388935	0.264567522791872	4.69091617921728	5.72802086856142
3.71992272651963	0.736289972827493	2.27679437977775	5.16305107326152
4.84432811532121	0.447754459754846	3.96672937420171	5.72192685644071
4.70662895102535	0.340255606462534	4.03972796235878	5.37352993969191
4.8277334294281	0.225520705212442	4.38571284721171	5.26975401164449
5.17508269738601	0.206404612088777	4.770529657692	5.57963573708001
5.07850426970744	0.20709861212854	4.6725909899355	5.48441754947938
4.63160833481182	0.237277969694723	4.16654351421016	5.09667315541348
4.80647785289508	0.284800383315364	4.24826910159697	5.36468660419319
5.44341961390071	0.208507026401836	5.03474584215311	5.85209338564831
4.88150243411244	0.224195932157648	4.44207840708345	5.32092646114143
4.5238317672229	0.646443148818603	3.25680319553844	5.79086033890737
5.03959058278661	0.15616197884564	4.73351310424916	5.34566806132407
4.68756806884218	0.311193121003725	4.07762955167487	5.29750658600948
5.18818626685933	0.169417032822843	4.85612888252656	5.5202436511921
5.22010516076804	0.263574106727293	4.70349991158254	5.73671040995353
5.04737966086783	0.219468310927539	4.61722177144986	5.47753755028581
5.40215774803877	0.135508361862818	5.13656135878765	5.66775413728989
5.17748664730585	0.231983943830234	4.72279811739859	5.63217517721311
5.24527473397785	0.231970114094205	4.79061331035321	5.69993615760249
5.53131336835788	0.282320189502982	4.97796579693203	6.08466093978372
4.34977516316187	0.580357510694392	3.21227444220087	5.48727588412288
5.11376461133089	0.205415387266488	4.71115045228857	5.5163787703732
5.01023254230757	0.272591773992631	4.47595266528201	5.54451241933312
4.9900896273236	0.28714083738658	4.4272935860459	5.55288566860129
5.03001353514673	0.256495073927773	4.5272831902483	5.53274388004517
5.01718918185001	0.221965217769089	4.5821373550226	5.45224100867743
5.03478920494822	0.219432977349239	4.60470056934371	5.46487784055273
5.10681151391195	0.216058076933748	4.68333768312181	5.5302853447021
5.34410727867864	0.15724283217027	5.03591132762491	5.65230322973237
4.71348209115203	0.288616663281794	4.14779343111971	5.27917075118435
4.99398130831096	0.220718104860492	4.5613738227844	5.42658879383753
4.79859588222557	0.161701480247307	4.48166098094085	5.11553078351029
5.35238633688585	0.188672740340277	4.98258776581891	5.7221849079528
4.99873781964601	0.436659013394766	4.14288615339227	5.85458948589975
4.99466985375508	0.219612157970099	4.56423002413369	5.42510968337647
5.0856898551972	0.278654002616079	4.53952801006968	5.63185170032471
5.13928077560421	0.187395781202335	4.77198504444763	5.50657650676078
5.0786786651095	0.178382614186864	4.72904874130325	5.42830858891576
4.97237535115722	0.263380427673053	4.45614971291803	5.4886009893964
4.94355831184467	0.269839004169549	4.41467386367235	5.47244276001698
5.70130562543524	0.31139169030696	5.0909779124336	6.31163333843688
5.32712967762489	0.213731722701757	4.90821550112944	5.74604385412033
4.85732382400895	0.228050016475803	4.41034579171637	5.30430185630152
4.84003115150511	0.407266894924809	4.04178803745249	5.63827426555774
5.15249954897023	0.277485417671283	4.60862813033451	5.69637096760594
5.03025917631933	0.158089112295492	4.72040451622016	5.34011383641849
5.12964938991913	0.218476834868859	4.70143479357616	5.55786398626209
5.4219435146847	0.352048934819155	4.73192760243916	6.11195942693024
5.03557284574731	0.290191787727062	4.46679694180227	5.60434874969235
5.02029514901053	0.237278632093748	4.55522903010679	5.48536126791428
5.02497569787969	0.24153740902694	4.55156237618689	5.49838901957249
5.04644526775982	0.23149187661859	4.59272118958738	5.50016934593225
5.16881719817107	0.317143039182677	4.54721684137303	5.79041755496912
5.07513357591006	0.215408471079983	4.6529329725933	5.49733417922683
5.69696333326299	0.19884827670747	5.30722071091635	6.08670595560963
4.030901692039	0.892315714600987	2.28196289142107	5.77984049265694
5.03328244204823	0.152680776953436	4.73402811921949	5.33253676487696
4.469346741848	0.271317000541477	3.93756542078671	5.0011280629093
5.14981304726118	0.230221935572741	4.69857805353861	5.60104804098375
4.92387894244878	0.245218673523971	4.4432503423418	5.40450754255576
4.82825140522843	0.246115967221802	4.34586410947369	5.31063870098316
5.17413182973782	0.248842430522015	4.68640066591467	5.66186299356097
5.36979920919558	0.214390813786004	4.94959321417502	5.79000520421615
5.46045449460899	0.189398614550884	5.08923321008926	5.83167577912872
4.73933943189519	0.481256426060861	3.79607683681591	5.68260202697448
4.61373115512585	0.272887228586834	4.07887218709566	5.14859012315605
4.66695623213291	0.498971029159474	3.68897301498034	5.64493944928548
5.27715508030815	0.189761980120178	4.9052215992726	5.6490885613437
5.11169236875938	0.266522986698153	4.589307314831	5.63407742268776
5.06624023743442	0.208832767762042	4.65692801262082	5.47555246224802
4.72468552642077	0.292892052915983	4.15061710270544	5.29875395013609
5.08905987823986	0.179426923465686	4.73738310824712	5.4407366482326
4.92362102737218	0.282407949273017	4.37010144679707	5.47714060794729
5.10146258027369	0.194270110784349	4.72069316313636	5.48223199741101
5.26223185402835	0.20488123256698	4.86066463819707	5.66379906985964
4.92269886115167	0.187842776212194	4.55452701977577	5.29087070252757
5.17409727933821	0.263685940559987	4.65727283584063	5.69092172283578
5.36155808452292	0.133032055024058	5.10081525667576	5.62230091237007
5.00048818853111	0.252214229217948	4.50614829926393	5.49482807779829
4.88342470818596	0.350244580802653	4.19694532981276	5.56990408655916
5.12716781974081	0.258093250186273	4.62130504937571	5.6330305901059
5.18895866192185	0.285560179533739	4.62926071003573	5.74865661380798
5.17883187963362	0.218812392488102	4.74995959035694	5.6077041689103
4.95857627392526	0.177843855473944	4.61000231719633	5.30715023065419
5.05561662770466	0.292743898995227	4.48183858567402	5.62939466973531
3.85685159702882	0.838193934961721	2.21399148450385	5.4997117095538
5.02502214131243	0.179815611950617	4.67258354188923	5.37746074073564
5.50616676862154	0.18485445486484	5.14385203708646	5.86848150015663
5.19161089178984	0.167063423781787	4.86416658117754	5.51905520240215
3.76995600491567	0.766251250776286	2.26810355339415	5.27180845643719
5.15556178703801	0.224371077701082	4.71579447474389	5.59532909933214
5.30288893676915	0.199380005156989	4.91210412666145	5.69367374687685
4.94011021790362	0.203674123875979	4.5409089351067	5.33931150070054
5.10825769138577	0.188089692183018	4.73960189470705	5.47691348806448
4.51915252375757	0.249776349518535	4.02959087870124	5.00871416881389
3.99063686323504	0.45053690004808	3.1075845391408	4.87368918732928
4.25572898019165	0.525116969719186	3.22649971954205	5.28495824084126
4.72915313832834	0.328556284577343	4.08518282055675	5.37312345609993
4.76290990858554	0.331691003257071	4.11279554220168	5.4130242749694
5.23426809033319	0.218362888560742	4.80627682875414	5.66225935191224
4.66526328321529	0.230471668689198	4.21353881258447	5.11698775384612
5.17726716993689	0.2273266628579	4.73170691073541	5.62282742913838
5.23315854136294	0.192600264719485	4.85566202251275	5.61065506021313
4.95381074922879	0.188327602195964	4.5846886489247	5.32293284953288
5.2088638021156	0.181482861831219	4.85315739292641	5.56457021130479
5.19949750939539	0.258193263810054	4.69343871232768	5.70555630646309
5.04857841680405	0.206773698549652	4.64330196764673	5.45385486596137
4.33626649172359	0.590045910477456	3.17977650718777	5.4927564762594
5.12661188805553	0.202437596632704	4.72983419865543	5.52338957745562
4.95054391844142	0.302956748234855	4.3567486919011	5.54433914498174
4.81058703661851	0.239930114629885	4.34032401194393	5.28085006129308
4.64579095460188	0.316915286684982	4.02463699269931	5.26694491650444
5.26938680621408	0.164549067740124	4.94687063344344	5.59190297898473
4.80098227655181	0.237798011750401	4.33489817352102	5.2670663795826
5.3777118990026	0.196168185293209	4.99322225582791	5.76220154217729
4.76912984651919	0.308582423553038	4.16430829635523	5.37395139668314
4.95228090932767	0.211538169870217	4.53766609638204	5.36689572227329
3.45756948641674	1.40679285730893	0.700255486091228	6.21488348674225
5.09982989830996	0.238267620209238	4.63282536269985	5.56683443392006
5.23589151150992	0.198054301873405	4.84770507983805	5.62407794318179
4.4362858673181	0.378537154590458	3.6943530443208	5.1782186903154
4.24981264442658	0.724666041031474	2.82946720400489	5.67015808484827
4.7498648492807	0.654671183423997	3.46670932976966	6.03302036879173
5.08061076842203	0.160288403800805	4.76644549697245	5.39477603987161
4.92616091848385	0.187156497299013	4.55933418377778	5.29298765318991
5.32398755366523	0.196269396871317	4.93929953579745	5.70867557153301
4.85291754135232	0.235065270137626	4.39218961188257	5.31364547082206
4.6048336940413	0.456312282346409	3.71046162064234	5.49920576744027
4.8647138853605	0.275117201021268	4.32548417135882	5.40394359936219
5.05440379413961	0.219018353537994	4.62512782120514	5.48367976707408
5.09544402155727	0.272726707587273	4.56089967468622	5.62998836842833
5.51919752111767	0.183973446729335	5.15860956552817	5.87978547670717
5.41667953877452	0.209326908062565	5.00639879897189	5.82696027857715
5.04855769531608	0.173142187806667	4.70919900721501	5.38791638341714
4.89496638544911	0.213247951362421	4.47700040077876	5.31293237011945
5.09696432462182	0.169899070123913	4.76396214717895	5.42996650206469
4.78596442412154	0.232401779503533	4.33045693629461	5.24147191194846
5.28472527780891	0.187725648713091	4.91678300633125	5.65266754928657
5.49240218845808	0.257096293395636	4.98849345340263	5.99631092351352
5.33692605623466	0.168290182288796	5.00707729894862	5.66677481352071
5.11557743956645	0.169383623699791	4.78358553711486	5.44756934201804
5.1109669970437	0.265871514746601	4.58985882814036	5.63207516594704
5.59308330483828	0.188139959764584	5.2243289836997	5.96183762597686
5.19736246109371	0.207817632183729	4.7900399020136	5.60468502017382
5.56422841005436	0.218861794467562	5.13525929289794	5.99319752721078
5.16744533614488	0.148182151540644	4.87700831912521	5.45788235316454
5.28186717204789	0.391176869149827	4.51516050851423	6.04857383558155
4.67294417998079	0.509337122526507	3.67464341982884	5.67124494013274
5.04775303131122	0.287768960501194	4.48372586872888	5.61178019389356
4.79093075802959	0.290579786152526	4.22139437717064	5.36046713888854
4.97769490667124	0.17019228963694	4.64411801898284	5.31127179435964
4.84563680755112	0.257289670970225	4.34134905244947	5.34992456265276
5.39153506912506	0.239833140841955	4.92146211307483	5.86160802517529
4.84323640300975	0.217908873337745	4.41613501126777	5.27033779475173
5.3059119622594	0.190351478726517	4.93282306395542	5.67900086056337
5.39333144938051	0.180419751797069	5.03970873585826	5.74695416290277
5.01192205274961	0.217290761590239	4.58603216003274	5.43781194546648
4.80811226336982	0.241758259682536	4.33426607439205	5.28195845234759
5.77254123045759	0.189352626241247	5.40141008302474	6.14367237789043
2.38466882258029	1.68705585553503	-0.921960654268373	5.69129829942896
5.20691585058507	0.322742887474117	4.5743397911358	5.83949191003434
5.14131368087714	0.185926079765552	4.77689856453666	5.50572879721762
4.82745005636673	0.235049262142404	4.36675350256762	5.28814661016584
4.95994701911845	0.344094359573568	4.28552207435426	5.63437196388264
4.83378507334918	0.369831933389226	4.10891448390629	5.55865566279206
5.24892431661829	0.170638721935523	4.91447242162467	5.58337621161192
4.75423591295137	0.377184345362537	4.0149545960408	5.49351722986194
4.97611337681367	0.209776797877425	4.56495085297392	5.38727590065343
5.36035362723947	0.20097498247592	4.96644266158667	5.75426459289227
4.65464832225628	0.660544447124391	3.35998120589247	5.94931543862008
4.89664011794691	0.289272522995075	4.32966597287656	5.46361426301726
4.74734688006143	0.423431285140404	3.91742156118624	5.57727219893662
5.16883809398386	0.273629111305352	4.63252503582537	5.70515115214235
5.7393806689703	0.270051851591832	5.21007903985031	6.2686822980903
5.19608452817022	0.225057217673763	4.75497238152965	5.6371966748108
5.10606915257664	0.188811656618105	4.73599830560515	5.47613999954813
5.2472262958769	0.323661074731981	4.61285058940222	5.88160200235158
5.25245958696453	0.162017697255028	4.93490490034468	5.57001427358439
4.68733488493353	0.359478058024345	3.98275789120582	5.39191187866125
3.74794585255547	0.856577583916656	2.06905378807882	5.42683791703212
5.04420025981337	0.235885802467267	4.58186408697753	5.50653643264922
5.58713561779708	0.152350035258618	5.28852954869019	5.88574168690397
5.19733204188738	0.151261585032276	4.90085933522412	5.49380474855064
5.33063136484844	0.294322082829705	4.75376008250222	5.90750264719467
5.55811460253149	0.139962883331741	5.28378735120127	5.8324418538617
5.12360164458031	0.179207570438104	4.77235480652163	5.474848482639
4.99453249449289	0.317753461962088	4.3717357090472	5.61732927993858
4.49382665311945	0.411498880781854	3.68728884678702	5.30036445945188
5.19242443823817	0.171065425728908	4.8571362038095	5.52771267266683
5.06716262169121	0.251981166023973	4.57327953628422	5.5610457070982
5.14852732551301	0.189576800834853	4.7769567958767	5.52009785514932
4.85342581713897	0.231807718029713	4.39908268980074	5.30776894447721
4.90575279222741	0.186644450255958	4.53992966972573	5.27157591472908
5.2444659514069	0.27638166103838	4.70275789577168	5.78617400704213
5.52267205077989	0.173818229782636	5.18198832040592	5.86335578115386
5.16527775853913	0.190208915085145	4.79246828497225	5.53808723210601
4.96526743468575	0.175984705895295	4.62033741113097	5.31019745824053
4.83025699493993	0.222393114813194	4.39436648990607	5.26614749997379
5.18417253384142	0.296459642607548	4.60311163433062	5.76523343335221
5.65140996285536	0.218827959648749	5.22250716194381	6.08031276376691
5.37809943544093	0.21623547315619	4.9542779080548	5.80192096282706
5.14456305671875	0.225821818725204	4.70195229201735	5.58717382142015
5.19720168737409	0.235088679971031	4.73642787463087	5.65797550011731
5.10445849286598	0.170928096556016	4.76943942361619	5.43947756211577
4.68546839698059	0.527927000464877	3.65073147606943	5.72020531789175
5.30791641629594	0.256645220053512	4.80489178499106	5.81094104760083
5.38520078305676	0.172649957061579	5.04680686721606	5.72359469889745
5.11669410095668	0.166491130195859	4.79037148577279	5.44301671614056
5.47126730481663	0.167072563371552	5.14380508060839	5.79872952902487
4.46493426143677	0.396333969197868	3.68811968180894	5.24174884106459
5.23122837500485	0.272746163301338	4.69664589493423	5.76581085507547
5.06822173414518	0.231391638247449	4.61469412318018	5.52174934511018
5.14775148277273	0.181981465908588	4.79106780959189	5.50443515595356
5.13982175355694	0.187422907216652	4.7724728554123	5.50717065170157
5.06680070272532	0.204274119441372	4.66642342862023	5.46717797683041
5.48016240519643	0.191068979970279	5.10566720445468	5.85465760593817
4.76485199453755	0.283707309912753	4.20878566710855	5.32091832196655
4.692021728692	0.424633966185424	3.85973915496857	5.52430430241543
5.56454938178062	0.18513446639868	5.20168582763921	5.92741293592203
5.45084365176624	0.206361548652697	5.04637501640695	5.85531228712552
5.19300575916053	0.202252589248745	4.79659068423299	5.58942083408807
5.29432436848879	0.198480466916446	4.90530265333256	5.68334608364503
5.60715242617369	0.176004852610325	5.26218291505746	5.95212193728993
4.93477318672966	0.291061210703951	4.36429321374991	5.5052531597094
4.92191430315715	0.206141000279347	4.51787794260963	5.32595066370467
4.89198390228541	0.245049093278295	4.41168767945995	5.37228012511086
5.11105258549399	0.264657455309234	4.59232397308789	5.62978119790009
4.88058567821378	0.247117230199416	4.39623590702292	5.36493544940463
5.23969402460404	0.176526611204364	4.89370186664349	5.5856861825646
4.73279010910711	0.247949046934309	4.24680997711586	5.21877024109835
5.0902498218649	0.183053238186801	4.73146547501877	5.44903416871103
4.89117867031907	0.335809067719685	4.23299289758849	5.54936444304965
5.4212257927222	0.210916199021666	5.00783004263974	5.83462154280467
5.19291395489539	0.17236882698996	4.85507105399507	5.53075685579572
5.41191086508603	0.226052105776867	4.96884873776337	5.85497299240869
5.3622145349155	0.32538625079816	4.7244574833511	5.99997158647989
5.26220893788558	0.18760400916521	4.89450507992176	5.62991279584939
5.2375020668693	0.224708512306635	4.79707338274829	5.6779307509903
5.41207241906631	0.191223436554584	5.03727448341932	5.78687035471329
5.4803740153626	0.208374559721684	5.0719598783081	5.8887881524171
5.20692270472069	0.214136297417389	4.78721556178261	5.62662984765878
4.7682435041819	0.507782500824102	3.77298980256666	5.76349720579714
4.92931462358802	0.263684561367283	4.41249288330815	5.4461363638679
5.03131104002041	0.234552189794646	4.5715887480229	5.49103333201792
4.64326104469451	0.296769712418588	4.06159240835408	5.22492968103494
5.08319392431286	0.359527689845474	4.37851965221573	5.78786819640999
5.49461985139643	0.142211558956942	5.21588519584082	5.77335450695204
4.45721438638888	0.29344162250139	3.88206880628616	5.03235996649161
4.63804065835102	0.290551194093887	4.068560317927	5.20752099877504
5.08986068711777	0.188951682718699	4.71951538898912	5.46020598524642
5.02041543383788	0.194756840374553	4.63869202670375	5.402138840972
5.08607377043194	0.528945341608725	4.04934090087884	6.12280663998504
5.08882434457262	0.226823722223298	4.64424984901496	5.53339884013029
5.46685449756396	0.202452367113916	5.07004785802069	5.86366113710724
4.9979207432907	0.248190162543651	4.51146802470515	5.48437346187626
4.78833368187452	0.460459085166999	3.8858338749472	5.69083348880184
5.07668727038941	0.232129780493509	4.62171290062213	5.53166164015669
4.90165360817997	0.176102705622981	4.55649230515892	5.24681491120101
4.81292001069914	0.259187031492413	4.30491342897401	5.32092659242427
5.43294129166437	0.358617793394305	4.73005041661154	6.13583216671721
5.33429455177517	0.170833624559953	4.99946064763767	5.66912845591268
5.31393767036299	0.197205357205755	4.92741517023971	5.70046017048627
5.01582154901169	0.246295063524631	4.53308322450341	5.49855987351997
3.91251908267198	0.855424442363471	2.23588717563957	5.58915098970438
4.93388958726018	0.283617210656315	4.37799985437381	5.48977932014656
5.37995878263643	0.168400571986638	5.04989366154262	5.71002390373024
4.98549685618005	0.223256481078068	4.54791415326704	5.42307955909306
5.04100285564053	0.206773763780759	4.63572627863025	5.44627943265082
4.9713496912247	0.183939110471313	4.61082903470092	5.33187034774847
4.64568506385633	0.350638052962908	3.95843448004903	5.33293564766363
4.995168719104	0.342081463537124	4.32468905057123	5.66564838763676
5.04814199359335	0.15940435483997	4.73570945810701	5.36057452907969
5.20714146865608	0.144308240667478	4.92429731694782	5.48998562036433
5.2295997320698	0.235089269408792	4.76882476402856	5.69037470011103
5.04389659013355	0.268750628563601	4.51714535814889	5.57064782211821
5.62270084479329	0.209194301802809	5.21268001325979	6.0327216763268
4.88968652191813	0.354934349281384	4.19401519732662	5.58535784650965
5.17802245075103	0.317661487778736	4.55540593470471	5.80063896679736
4.72159541048055	0.227976541031137	4.27476139005952	5.16842943090158
5.08644073944309	0.239112260620486	4.61778070862694	5.55510077025924
4.97989823942561	0.176715579429507	4.63353570374377	5.32626077510744
5.0342750357061	0.241301006301708	4.56132506335475	5.50722500805745
4.91721982259095	0.203264134428001	4.51882211911207	5.31561752606983
5.1144797043313	0.218004940677939	4.68719002060254	5.54176938806006
5.40716699081841	0.153658671866433	5.1059959939602	5.70833798767662
5.08510312465853	0.182195192509385	4.72800054734014	5.44220570197693
4.98678861066084	0.282951109364003	4.43220443630739	5.54137278501428
5.39033116911058	0.23013930792912	4.9392581255695	5.84140421265165
4.19543348818707	0.724617435456407	2.77518331469252	5.61568366168163
5.25467383982908	0.185613061977996	4.8908722383522	5.61847544130595
4.91380383758004	0.217585972445501	4.48733533158686	5.34027234357322
4.99550216274246	0.30462650608099	4.39843421082372	5.5925701146612
4.66674947742167	0.270894212630242	4.13579682066639	5.19770213417694
5.20155265907586	0.241883095165717	4.72746179255105	5.67564352560067
4.99955720289201	0.223240955966413	4.56200492919784	5.43710947658618
5.1744887646289	0.265805252728549	4.65351046928094	5.69546705997686
5.44964417983719	0.193106157103052	5.07115611191521	5.82813224775917
5.01123925333111	0.198012030960828	4.62313567264789	5.39934283401433
5.47505561163048	0.194123204972687	5.09457412988401	5.85553709337694
4.71775266614301	0.353710383801182	4.02448031389269	5.41102501839333
5.40624620604551	0.171110965292524	5.07086871407216	5.74162369801886
5.04007908131523	0.268775529153552	4.51327904417427	5.5668791184562
5.12459697351747	0.388253517928128	4.36362007837834	5.8855738686566
5.07143665873965	0.1666515267782	4.74479966625438	5.39807365122492
5.11987432730942	0.191814858988577	4.74391720369181	5.49583145092703
5.24438210424529	0.244161887963657	4.76582480383652	5.72293940465405
5.26220733643633	0.20419841247804	4.86197844797937	5.66243622489329
5.10174901576986	0.181617548918107	4.74577861989037	5.45771941164935
5.20978928741358	0.186085595422453	4.84506152038558	5.57451705444159
5.04358037329617	0.173025373119593	4.70445064198177	5.38271010461057
5.30118918659283	0.20248217628359	4.90432412107699	5.69805425210866
4.92639448167226	0.234514716495211	4.46674563734165	5.38604332600288
5.55836179829936	0.174273311769163	5.2167861072318	5.89993748936691
5.13606040141634	0.180607377009962	4.78206994247682	5.49005086035587
4.64948033162197	0.353901692794413	3.95583301374493	5.34312764949902
4.20335986586333	0.515030727782732	3.19389963940918	5.21282009231749
5.03949846899005	0.267522795173828	4.51515379044935	5.56384314753075
4.45785347142771	0.304034579567291	3.86194569547582	5.0537612473796
4.7718203022282	0.427498428613685	3.93392338214538	5.60971722231102
5.343714377348	0.199491872852794	4.95271030655652	5.73471844813947
4.8466164887985	0.21263857011958	4.42984489136412	5.26338808623288
4.71008987418694	0.202461224028133	4.3132658750918	5.10691387328208
5.13321206061473	0.260542289310918	4.62254917356533	5.64387494766413
4.80992564179016	0.248464211810192	4.32293578664219	5.29691549693814
5.24856067060136	0.230205619051314	4.79735765726079	5.69976368394194
5.26458960850778	0.154289692094611	4.96218181200234	5.56699740501322
4.93487142764232	0.259443099672956	4.42636295228333	5.44337990300132
5.10948256877563	0.237597949446932	4.64379058785964	5.57517454969162
5.35160638789703	0.244698151979332	4.87199801001754	5.83121476577652
5.03932113069906	0.237894238979106	4.57304842230001	5.50559383909811
5.36431692074511	0.186307080902586	4.99915504217604	5.72947879931418
5.08149577618333	0.185864163295675	4.7172020161238	5.44578953624285
5.46571308349075	0.21912780282854	5.03622258994681	5.89520357703469
4.97688432613451	0.206934410933916	4.57129288070403	5.38247577156498
4.77414156516001	0.232873937805303	4.31770864706162	5.23057448325841
4.99917363644784	0.235952847792601	4.53670605477434	5.46164121812134
4.90779649469483	0.398472354312674	4.12679068024199	5.68880230914767
4.65051642695656	0.268560562199627	4.1241377250453	5.17689512886783
4.92012232084457	0.189751990156412	4.54820842013801	5.29203622155114
5.23041571649869	0.263542921247036	4.7138715908545	5.74695984214288
4.36129116494598	0.505762296361925	3.36999706407661	5.35258526581535
4.91849597872746	0.247396008215109	4.43359980262585	5.40339215482908
4.3523795058383	0.396145252451242	3.57593481103387	5.12882420064274
5.10906720962903	0.212687601490132	4.69219951070837	5.52593490854969
4.63849649848211	0.503803654210183	3.65104133623015	5.62595166073406
5.22831974156909	0.235723656646212	4.76630137454252	5.69033810859567
4.54672675800541	0.524457469489276	3.51879011780643	5.57466339820439
4.39499917190346	0.452084297484577	3.50891394883368	5.28108439497323
5.17443492317897	0.202042842257512	4.77843095235425	5.5704388940037
5.04904400919565	0.170682661173131	4.71450599329631	5.38358202509498
5.06876107991012	0.274134410434334	4.53145763545883	5.60606452436142
5.02336250177238	0.372336987666294	4.29358200594644	5.75314299759831
5.36757777513009	0.218177229646566	4.93995040502282	5.79520514523736
5.15813119310097	0.292387131682614	4.58505241500304	5.73120997119889
4.51472003906343	0.266125174865823	3.99311469632642	5.03632538180045
4.70891247009806	0.329901600379374	4.06230533335449	5.35551960684163
5.19504572360689	0.182983581033778	4.83639790478068	5.55369354243309
5.36154794664045	0.157457669604496	5.05293091421563	5.67016497906526
5.26758536604983	0.34314373489519	4.59502364565526	5.9401470864444
5.14676405430237	0.201862362719572	4.751113823372	5.54241428523273
5.23774796874464	0.195227544801133	4.85510198093442	5.62039395655486
4.92845991964779	0.162229029980243	4.61049102088652	5.24642881840907
5.41621350106383	0.174503362468689	5.0741869106252	5.75824009150246
4.62593442470549	0.35637352598898	3.92744231376709	5.32442653564389
4.92708765744462	0.18876842602936	4.55710154242708	5.29707377246217
4.21794776216837	0.525041912177294	3.18886561430087	5.24702991003587
5.04119667033307	0.166151554533462	4.71553962344748	5.36685371721865
5.19648949358882	0.155388674045658	4.89192769245933	5.50105129471831
5.11951871934525	0.227176632940852	4.67425251878118	5.56478491990932
4.45234898063392	0.445367281065884	3.57942910974479	5.32526885152305
5.25075336848353	0.17541220780401	4.90694544118768	5.59456129577939
4.84899234359674	0.475310827917082	3.91738312087926	5.78060156631422
5.28844267318764	0.3117346735852	4.67744271296065	5.89944263341463
4.88074866421995	0.219034314595877	4.45144140761203	5.31005592082787
5.35074452206589	0.23147971792359	4.89704427493566	5.80444476919613
5.08311794191452	0.157330275098944	4.77475060272059	5.39148528110845
4.86486809462528	0.315807580799983	4.24588523625731	5.48385095299324
5.25189228704497	0.189252571259055	4.88095724737722	5.62282732671271
4.95930968357382	0.203727710461546	4.56000337106919	5.35861599607846
5.04389506044838	0.244054928988333	4.56554739963124	5.52224272126551
4.73797357685323	0.417232573996414	3.92019773182025	5.5557494218862
4.89253788701373	0.321487570355538	4.26242224911688	5.52265352491059
4.42048834605896	0.93079065931619	2.59613865379923	6.2448380383187
5.33928121999079	0.146259553908771	5.05261249432959	5.62594994565198
5.23458491966697	0.144078223075393	4.9521916024392	5.51697823689474
5.78572423270111	0.33314681702177	5.13275647133844	6.43869199406378
5.04263277857919	0.198322120589457	4.65392142222386	5.43134413493453
5.21428664643542	0.153210144459294	4.91399476329521	5.51457852957564
5.16791191104503	0.270372543836286	4.63798172512591	5.69784209696415
5.1658564910903	0.216125692465112	4.74225013385868	5.58946284832192
5.43367568347798	0.173771984767591	5.0930825933335	5.77426877362245
5.09209193589813	0.420968389888255	4.26699389171715	5.91718998007911
3.9179589313814	0.778361715590047	2.39236996882491	5.44354789393789
5.1624091975663	0.204871645059623	4.76086077324944	5.56395762188316
4.78483336052978	0.28207807513635	4.23196033326254	5.33770638779703
4.83050070559228	0.217507290664058	4.40418641589073	5.25681499529384
4.76474672412249	0.242199824601781	4.29003506790299	5.23945838034198
5.33919298970074	0.13982523177167	5.06513553542827	5.61325044397321
5.08462187147033	0.154961423329125	4.78089748174524	5.38834626119541
3.93469298809042	0.646510797621729	2.66753182475183	5.20185415142901
4.97903934768911	0.239746949114598	4.5091353274245	5.44894336795372
5.40766462726496	0.317638445262813	4.78509327454985	6.03023597998008
5.04859453456741	0.275361673103167	4.5088856552852	5.58830341384961
5.49907789123696	0.20692459798507	5.09350567918622	5.9046501032877
5.25322497831343	0.212493810638922	4.83673710946114	5.66971284716572
4.92049053678889	0.235913852707455	4.45809938548228	5.3828816880955
5.08502453347778	0.218075302846879	4.6575969398979	5.51245212705767
5.19131663277688	0.19373044451022	4.81160496153685	5.57102830401691
4.8567263902207	0.397289334005526	4.07803929556986	5.63541348487153
5.06490382250111	0.226864298084991	4.62024979825453	5.5095578467477
5.0630160386061	0.148870495478232	4.77122986746877	5.35480220974343
5.20267582721243	0.202450129524907	4.80587357334362	5.59947808108125
5.52207769434672	0.228146646266877	5.07491026766365	5.9692451210298
4.55002056990516	0.550973640998847	3.47011223354742	5.6299289062629
4.91147199106713	0.228820837597589	4.46298314937586	5.3599608327584
5.10280643773348	0.249887898558134	4.61302615655954	5.59258671890742
4.73707780446543	0.449454149387098	3.85614767166672	5.61800793726414
5.87046697236564	0.906416500407571	4.0938906315668	7.64704331316448
4.96515689879194	0.198385545495459	4.57632122962084	5.35399256796304
5.19391781789906	0.1840182373997	4.83324207259565	5.55459356320247
5.34049722129792	0.182763588008133	4.98228058880197	5.69871385379386
5.06835220163675	0.277750854317037	4.52396052717536	5.61274387609814
5.22971063471176	0.202874298637241	4.83207700938277	5.62734426004075
5.42310549561069	0.241938866418988	4.94890531742947	5.8973056737919
4.95202738146608	0.161982674505179	4.63454133943593	5.26951342349623
5.0004504066687	0.278455935035648	4.45467677399883	5.54622403933857
5.03039260024617	0.175173700720699	4.6870521468336	5.37373305365874
5.13690514900085	0.188593583082061	4.76726172616001	5.50654857184169
4.9727882100494	0.196590630838589	4.58747057360577	5.35810584649304
5.13515854994131	0.245544815951376	4.65389071067661	5.616426389206
4.82643253787958	0.21963586434349	4.39594624376635	5.25691883199282
4.80985922104531	0.273098344613856	4.27458646560215	5.34513197648847
5.34732420009272	0.254948511620597	4.84762511731635	5.84702328286909
5.5640353824067	0.240347022721678	5.09295521787221	6.03511554694119
5.15701626426588	0.177543013010645	4.80903195876501	5.50500056976674
4.97907975191006	0.277425261870236	4.4353262386444	5.52283326517572
4.92488209857385	0.365442654218509	4.20861449630557	5.64114970084212
4.99825885072619	0.176718879097611	4.65188984769487	5.3446278537575
5.02416184354123	0.244371850960781	4.5451930156581	5.50313067142436
5.44663213942587	0.178998024854876	5.09579601071032	5.79746826814143
4.76975538380566	0.266448275806864	4.24751676322421	5.29199400438711
4.86189450968669	0.224138291623166	4.42258345810529	5.3012055612681
5.52669045736716	0.254164994432977	5.02852706827853	6.0248538464558
4.95232166151798	0.339465856825204	4.28696858214058	5.61767474089538
5.05126445279603	0.214760610697242	4.63033365582943	5.47219524976262
4.60519549628868	0.410874365104144	3.79988174068456	5.4105092518928
5.11084753510274	0.169736118280459	4.77816474327304	5.44353032693244
4.53854730470984	0.262883513092872	4.02329561904781	5.05379899037187
5.4403965867215	0.175140765764481	5.09712068582312	5.78367248761989
4.94648002900752	0.24781512611657	4.46076238181905	5.432197676196
5.34970851430592	0.171564498213024	5.01344209780839	5.68597493080345
5.086157479313	0.177979549179459	4.73731756292126	5.43499739570474
5.25397696875667	0.183040499003969	4.89521759070889	5.61273634680445
5.32950359617252	0.155165160451207	5.02537988168815	5.63362731065688
5.287969051612	0.217789817607903	4.86110100910051	5.71483709412349
5.26032906156473	0.214209591611533	4.84047826200612	5.68017986112333
4.68830116953373	0.334819464765169	4.032055018594	5.34454732047346
4.9311160194528	0.348164348232889	4.24871389691634	5.61351814198927
5.00757319700824	0.245785383976513	4.52583384441427	5.48931254960221
5.01096914287266	0.214017194018884	4.59149544259564	5.43044284314967
4.96986091277449	0.419981341128788	4.14669748416207	5.79302434138691
5.09321627843894	0.193691615554736	4.71358071195166	5.47285184492623
4.92294017346027	0.170464868985132	4.58882903024941	5.25705131667113
5.33081860270609	0.193420028181333	4.95171534747068	5.7099218579415
5.00424442288483	0.185191609227963	4.64126886879802	5.36721997697163
4.94437562260215	0.220398115392001	4.51239531643383	5.37635592877047
5.0070266460004	0.18393688885911	4.64651034383655	5.36754294816426
5.1458893854839	0.20992249520181	4.73444129488835	5.55733747607945
5.43143129179327	0.17737826980086	5.08376988298359	5.77909270060296
4.8625423513579	0.211817502426645	4.44738004660168	5.27770465611412
3.49786811715086	1.08611776136076	1.36907730488376	5.62665892941795
5.50755134550825	0.418676953952565	4.68694451576122	6.32815817525527
4.8843312408879	0.240547334484765	4.41285846529776	5.35580401647804
5.08293830440166	0.28504588500393	4.52424836979395	5.64162823900936
5.12250295347948	0.226259483626937	4.67903436557068	5.56597154138828
4.73145779828644	0.227040536845198	4.28645834606985	5.17645725050303
5.24300375995775	0.184789125085509	4.88081707479016	5.60519044512535
5.68635807648196	0.43975742071407	4.82443353188239	6.54828262108154
5.13173487955321	0.277013568873764	4.58878828456063	5.67468147454578
3.68788203034753	0.929773893571766	1.86552519894687	5.51023886174819
5.01428431766588	0.194559284390139	4.63294812026121	5.39562051507055
5.30753769443378	0.228056718418326	4.86054652633386	5.7545288625337
4.87239902496995	0.202220202203822	4.47604742865046	5.26875062128944
4.93512022214642	0.167276380361273	4.60725851663833	5.26298192765451
4.83430197536103	0.311240009160269	4.2242715574069	5.44433239331515
5.0977816102213	0.157519636627684	4.78904312243104	5.40652009801156
5.24287511712108	0.172605966431557	4.90456742291523	5.58118281132693
4.79222261854961	0.368172024927232	4.07060544969223	5.51383978740698
5.24794109887043	0.160576585479743	4.93321099133014	5.56267120641073
5.20960989596345	0.187289921121452	4.8425216505654	5.57669814136149
4.17420498884894	0.476857324552696	3.23956463272566	5.10884534497223
5.23711851331218	0.124167071160129	4.99375105383833	5.48048597278603
4.64136520743505	0.232875963123725	4.18492831971255	5.09780209515755
4.81028243575764	0.392584356920581	4.0408170961933	5.57974777532197
4.84390976047666	0.316450966049578	4.22366586701949	5.46415365393384
4.59156849066361	0.247212783381027	4.1070314352368	5.07610554609043
5.04635302085952	0.226218859696931	4.60296405585353	5.4897419858655
4.9358726392475	0.237016412670844	4.47132047041265	5.40042480808236
5.1813367758026	0.247673633800902	4.69589645355283	5.66677709805236
4.73764370884597	0.268908496036909	4.21058305661363	5.26470436107832
5.2624845654567	0.144165941163293	4.97991932077665	5.54504981013676
4.35618763983678	0.696448395772414	2.99114878412285	5.72122649555071
5.11277596246564	0.203792866713458	4.71334194370726	5.51220998122402
5.19393622364738	0.207768344530133	4.78671026836832	5.60116217892644
4.90655298581677	0.248408867995806	4.41967160454499	5.39343436708855
5.2874660768565	0.246218693743951	4.80487743711836	5.77005471659464
5.03360676135122	0.233066564921182	4.5767962941057	5.49041722859674
4.85834562182416	0.292856222154003	4.28434742640231	5.432343817246
5.11586789038913	0.190342075963568	4.74279742150054	5.48893835927772
4.3356120068512	0.623614202515966	3.1133281699199	5.55789584378249
4.82944037711609	0.304060735777299	4.23348133499258	5.42539941923959
4.92474777704714	0.212055380617166	4.5091192310375	5.34037632305679
5.53479390110729	0.177095767628412	5.18768619655561	5.88190160565898
5.32709645510903	0.160976775334567	5.01158197545328	5.64261093476478
5.4396766450173	0.1684823625792	5.10945121436207	5.76990207567253
5.52730694411489	0.19020210548009	5.15451081737391	5.90010307085586
5.30185660641977	0.179264122136591	4.95049892703206	5.65321428580749
4.89784603835065	0.343191595879198	4.22519051042743	5.57050156627388
4.30201478514381	0.304121943538397	3.70593577580856	4.89809379447907
5.11645591288262	0.245542101586027	4.63519339377401	5.59771843199124
5.28519848760307	0.186626936510443	4.9194096920426	5.65098728316354
4.77086419146201	0.516296466132149	3.758923117843	5.78280526508102
5.62178382781936	0.203977078384115	5.22198875418649	6.02157890145222
5.30321544413508	0.148705386819068	5.01175288596971	5.59467800230046
5.02860549967171	0.266747200302982	4.50578098707786	5.55143001226555
5.19901097394728	0.219705426879476	4.7683883372635	5.62963361063105
4.66461988314397	0.259828142350842	4.15535672413632	5.17388304215162
5.47925998887749	0.386643934759906	4.72143787674808	6.23708210100691
4.99035700432239	0.313046836365352	4.3767852050463	5.60392880359848
4.21039990158379	0.498631684268131	3.23308180041825	5.18771800274933
5.42317207531679	0.346712965371382	4.74361466318888	6.1027294874447
5.00593169608771	0.238413733205606	4.53864077900472	5.4732226131707
4.80925767893254	0.24226577219675	4.33441676542691	5.28409859243817
4.80168915256182	0.292104297008358	4.22916473042544	5.3742135746982
4.94864757355376	0.197090928435731	4.56234935381972	5.33494579328779
4.99522232870137	0.210887670640912	4.58188249424518	5.40856216315755
4.86082598640048	0.302094492993694	4.26872078013284	5.45293119266812
5.59072131797105	0.18138099174814	5.2352145741447	5.94622806179741
4.97202567517483	0.227495310238417	4.52613486710753	5.41791648324213
4.61894134845287	0.214861654999288	4.19781250465427	5.04007019225148
5.14872572042864	0.244142203184909	4.67020700218622	5.62724443867106
5.71009904618387	0.181290192953278	5.35477026799544	6.06542782437229
5.31784624626152	0.172938034343772	4.97888769894772	5.65680479357531
5.24450545967873	0.231378068170775	4.79100444606401	5.69800647329345
5.49146055725104	0.2070004383196	5.08573969814462	5.89718141635745
4.46283964190092	0.522146172358681	3.4394331440779	5.48624613972393
5.2697907105691	0.183134735271686	4.9108466294366	5.62873479170161
4.98663630203739	0.194995665169548	4.60444479830507	5.3688278057697
4.66610231860911	0.461865816823209	3.76084531763562	5.5713593195826
5.3943016558613	0.224425500996201	4.95442767390875	5.83417563781385
5.16651935252191	0.173163241888454	4.82711939842053	5.50591930662328
4.8512434801176	0.374663910719018	4.11690221510832	5.58558474512688
4.08170643162758	0.679191185474452	2.75049170809765	5.4129211551575
5.01666576794727	0.363832413749056	4.30355423699912	5.72977729889542
5.3805454362667	0.199894322399031	4.9887525643646	5.7723383081688
5.41961808462631	0.295368703492633	4.84069542578075	5.99854074347188
5.22381654906821	0.299228484331638	4.6373287197782	5.81030437835823
5.39700716970177	0.141236552767652	5.12018352627717	5.67383081312637
5.04168862456061	0.251621100094677	4.54851126837504	5.53486598074618
5.11965384206053	0.199130349535696	4.72935835697057	5.5099493271505
5.23711178005177	0.204173194768718	4.83693231830508	5.63729124179846
4.70232638224911	0.289428420928625	4.13504667722901	5.26960608726922
5.57824765883583	0.198849253129434	5.18850312270214	5.96799219496952
4.716007421225	0.404460818721917	3.92326421653004	5.50875062591996
5.27609743005386	0.17767291198993	4.92785852255359	5.62433633755412
5.31716892619806	0.188012032235991	4.94866534301551	5.6856725093806
4.86070580509611	0.182412137320824	4.5031780159473	5.21823359424493
5.1455812661711	0.252234464047186	4.65120171663861	5.63996081570359
4.74299838065208	0.255720327176582	4.24178653938597	5.24421022191818
4.97148492209901	0.315353208094847	4.35339263423311	5.58957720996491
5.12638851816222	0.204350842835479	4.72586086620468	5.52691617011975
5.39345311718807	0.18430645677996	5.03221246189935	5.75469377247679
5.24523674590518	0.223598485078626	4.80698371515107	5.68348977665928
5.31784045531568	0.180749345216651	4.96357173869105	5.67210917194032
4.55201922092851	0.315899146751247	3.93285689329606	5.17118154856095
5.20205733122206	0.142083584869327	4.92357350487818	5.48054115756594
4.69859957033731	0.306006743020894	4.09882635401636	5.29837278665826
4.55829986805346	0.354278849564733	3.86391332290658	5.25268641320034
5.26889656193404	0.24708837309559	4.78460335066668	5.7531897732014
5.70366019902276	0.196101075377495	5.31930209128287	6.08801830676265
4.98777424607185	0.211410720344113	4.57340923419739	5.40213925794631
5.19518446432838	0.170270666247883	4.86145395848253	5.52891497017423
4.83077058735429	0.22789896416976	4.38408861758156	5.27745255712702
5.10569705919915	0.165492498148969	4.78133176282717	5.43006235557113
4.6233134163189	0.263823246780311	4.10621985262949	5.14040698000831
5.10858424901831	0.238610424361525	4.64090781726972	5.5762606807669
5.01250621311232	0.180486648045956	4.65875238294224	5.36626004328239
5.19997615999689	0.181218487492997	4.84478792451061	5.55516439548316
4.83622289612149	0.219343137631889	4.40631034636299	5.26613544587999
5.02092509876426	0.204269076298096	4.62055770921999	5.42129248830853
4.77426372730372	0.260446036432344	4.26378949589633	5.28473795871111
4.85363193864312	0.284068955000661	4.29685678684182	5.41040709044441
5.04152672242581	0.270202001518306	4.51193079944993	5.57112264540169
5.33170071194141	0.161396017041357	5.01536451854035	5.64803690534248
5.40848721396991	0.241299365290967	4.93554045799962	5.88143396994021
5.04841957976141	0.16220506590815	4.73049765058143	5.36634150894138
5.25982638613431	0.186895839075798	4.89351054154575	5.62614223072288
5.1627134753529	0.163952885865841	4.84136581905585	5.48406113164995
4.91635898185112	0.231018435167697	4.46356284892244	5.36915511477981
5.23040778322793	0.178740058229929	4.88007726909727	5.58073829735859
5.20386108444942	0.186401461891524	4.83851421914203	5.56920794975681
5.45287214146344	0.157612211348897	5.14395220721961	5.76179207570728
5.07260294093372	0.225962096436054	4.62971723191905	5.51548864994838
5.29892824132375	0.22411109394418	4.85967049719316	5.73818598545435
5.25794242394121	0.238560004786673	4.79036481455933	5.72552003332309
5.24869252810239	0.215281678083564	4.82674043905861	5.67064461714618
4.31978276739787	0.476429394394393	3.38598115438485	5.25358438041088
5.14040119749025	0.152805770187134	4.84090188792347	5.43990050705703
5.13821284616319	0.256464261987223	4.63554289266824	5.64088279965815
5.44538731636741	0.241252016093077	4.97253336482498	5.91824126790984
5.07385075822457	0.250561923276377	4.58274938860287	5.56495212784627
5.31518419001926	0.19256214535941	4.93776238511482	5.69260599492371
4.76519336617781	0.376555523435334	4.02714454024456	5.50324219211107
5.1383772664288	0.176751535661837	4.7919442565316	5.484810276326
5.3472819858741	0.24997582732358	4.85732936431988	5.83723460742831
5.23024138352447	0.312189992114321	4.6183489989804	5.84213376806854
5.30667242454964	0.227781934928199	4.86021983209037	5.75312501700891
5.48408513323655	0.262228753085228	4.9701167771895	5.9980534892836
5.12230506935577	0.154659096745052	4.81917323973547	5.42543689897607
4.77607077398299	0.499649609983928	3.79675753841449	5.75538400955149
4.78605927483026	0.237522907659238	4.32051437581816	5.25160417384237
5.19125547068104	0.356052131383143	4.49339329317008	5.889117648192
4.82336316357197	0.329192603440501	4.17814566082859	5.46858066631535
4.82175109188881	0.301839408655983	4.23014585092308	5.41335633285454
5.10557101527106	0.225318187319419	4.663947368125	5.54719466241712
5.02768050631492	0.35391549179271	4.33400614240121	5.72135487022864
5.25621001721491	0.27849800113809	4.71035393498425	5.80206609944557
5.19499312889062	0.186595747449737	4.82926546388914	5.56072079389211
5.32633827030875	0.15652850773309	5.01954239515189	5.63313414546561
4.53738841193394	0.358480681460543	3.83476627627128	5.24001054759661
5.11564772854121	0.18220464818756	4.75852661809359	5.47276883898883
4.89962911871769	0.395322067660185	4.12479786610373	5.67446037133166
4.90019756419793	0.253814138548103	4.40272185264365	5.39767327575221
4.78115183720567	0.261679699962533	4.26825962527911	5.29404404913224
5.17998958225203	0.208635468333105	4.77106406431915	5.58891510018492
3.95857896659863	0.631173933153409	2.72147805761795	5.19567987557931
4.98968208670398	0.342553158509982	4.31827789602441	5.66108627738354
4.73737918320564	0.330872586446357	4.08886891377078	5.3858894526405
5.09879497238914	0.162266195335465	4.78075322953163	5.41683671524666
4.94684752201717	0.230944934243209	4.49419545090048	5.39949959313386
5.0077995410712	0.254625938930712	4.508732700767	5.5068663813754
5.38042217165825	0.152731467816049	5.0810684947388	5.67977584857771
5.36623764506473	0.311339596852229	4.75601203523436	5.9764632548951
5.23009149711275	0.250663559457574	4.73879092057591	5.72139207364959
5.01603938206567	0.44663705357036	4.14063075706777	5.89144800706358
5.42100780151781	0.16641798698845	5.09482854702045	5.74718705601517
4.93608750894902	0.183594963153529	4.57624138116811	5.29593363672994
5.27679498625694	0.161983618895627	4.95930709322151	5.59428287929236
4.89497025737607	0.24541182969001	4.41396307118365	5.37597744356849
3.46435280872066	1.12033136334545	1.26850333656357	5.66020228087774
5.15258371284981	0.27680153156863	4.6100527109753	5.69511471472433
5.37265291391148	0.326079366539511	4.73353735549404	6.01176847232892
4.89245686270802	0.187842684868348	4.52428520036606	5.26062852504999
4.89799836644943	0.271125833816733	4.36659173216863	5.42940500073023
4.80084443600124	0.22047147947313	4.36872033623391	5.23296853576858
4.30843807110117	0.395345681599745	3.53356053516567	5.08331560703667
5.34939905150775	0.289217258479989	4.78253322488697	5.91626487812853
4.8038129698973	0.298605392463717	4.21854640066841	5.38907953912618
5.22849342351582	0.211775354042255	4.813413729593	5.64357311743864
5.14245871824571	0.19803699812621	4.75430620191834	5.53061123457309
3.80571495958909	0.498413902145236	2.82882371138443	4.78260620779375
4.89053082410301	0.295614470722513	4.31112646148688	5.46993518671913
5.31437877114518	0.202553534414144	4.91737384369346	5.7113836985969
5.46387481060394	0.187772091765859	5.09584151074285	5.83190811046502
4.90687340505501	0.193203294838262	4.52819494717201	5.285551862938
5.07996309785793	0.280448947869714	4.53028316003329	5.62964303568257
4.67153611027259	0.482046896001459	3.72672419410973	5.61634802643544
5.1528352824674	0.263921156254593	4.6355498162084	5.6701207487264
4.88469499368543	0.325828840048015	4.24607046719132	5.52331952017954
4.43471131209699	0.525825048198083	3.40409421762874	5.46532840656523
5.33831007756703	0.165924864744111	5.01309734266857	5.66352281246548
5.17365870799131	0.211494107820492	4.75913025666315	5.58818715931948
5.2298374603092	0.277227546768854	4.68647146864224	5.77320345197615
5.21914515094762	0.195124216475935	4.83670168665478	5.60158861524045
5.3846448744866	0.19571795716893	5.0010376784355	5.76825207053771
5.04228065849603	0.176564830502832	4.69621359071048	5.38834772628158
4.7380339145079	0.390011598120693	3.97361118219135	5.50245664682446
5.11976686167041	0.218492009395466	4.6915225232553	5.54801120008553
5.27622609777478	0.235775929186595	4.81410527656906	5.73834691898051
5.08176524613331	0.307367961416718	4.47932404175654	5.68420645051008
4.96684632163723	0.233476706710263	4.50923197648511	5.42446066678935
5.65613012644333	0.227756700780461	5.20972699291362	6.10253325997303
5.16733583296913	0.219847385263794	4.7364349578521	5.59823670808617
5.03460495274936	0.195569965434336	4.65128782049806	5.41792208500066
4.96362079525973	0.293476121832586	4.38840759646786	5.5388339940516
5.06780355807129	0.260176493419312	4.55785763096944	5.57774948517315
5.17922839972681	0.152470884485117	4.88038546613599	5.47807133331764
