estFinal_ipw	sdFinal_ipw	X1.1	X2.1
7.19270957526856	0.166943317207481	6.8655006735419	7.51991847699522
7.0941136596903	0.178095919391602	6.74504565768276	7.44318166169784
6.81028569170775	0.17485103715194	6.46757765888995	7.15299372452555
6.92560129842519	0.211705651209091	6.51065822205538	7.34054437479501
6.68998804472964	0.288296315334062	6.12492726667488	7.2550488227844
6.87970776619237	0.188642851115323	6.50996777800633	7.2494477543784
7.06589510281646	0.164890194837274	6.7427103209354	7.38907988469751
7.09173041484432	0.223692605631396	6.65329290780678	7.53016792188186
6.79235413832527	0.160424457123911	6.4779222023624	7.10678607428813
6.84702456056471	0.230444348397832	6.39535363770496	7.29869548342446
6.82656481017295	0.177277686800979	6.47910054404303	7.17402907630287
7.24529400002444	0.197089510876454	6.85899855870659	7.63158944134229
6.89704896189325	0.174004803409286	6.55599954721105	7.23809837657545
6.94610398699758	0.160183185971125	6.63214494249417	7.26006303150098
7.00753432923231	0.181533361487047	6.65172894071769	7.36333971774692
7.33866085551461	0.177012620513339	6.99171611930847	7.68560559172076
6.90533299840925	0.185265077398884	6.54221344670743	7.26845255011106
7.07963112035598	0.214500107218441	6.65921091020784	7.50005133050412
7.14954595136531	0.175763331393484	6.80504982183408	7.49404208089654
7.06210664256713	0.204307508025215	6.66166392683771	7.46254935829656
7.07108646059886	0.146530252504849	6.78388716568936	7.35828575550836
7.05248831973357	0.170038477366719	6.7192129040948	7.38576373537234
6.88441550008473	0.183620692752348	6.52451894229012	7.24431205787933
7.13451756275287	0.185575356781714	6.77078986346071	7.49824526204503
6.7721684658345	0.175037488222375	6.42909498891865	7.11524194275036
6.42376019593423	0.178257429453351	6.07437563420567	6.7731447576628
6.92000460130137	0.169668195038162	6.58745493902657	7.25255426357616
6.84328126321601	0.169354683163617	6.51134608421532	7.1752164422167
7.25998893081539	0.169269004323191	6.92822168234193	7.59175617928884
6.89727657420002	0.173050923564903	6.55809676401281	7.23645638438723
6.88531276885829	0.191949331916392	6.50909207830216	7.26153345941442
6.95091172359168	0.197160238705635	6.56447765572864	7.33734579145472
6.94850596986514	0.208488613542277	6.53986828732227	7.357143652408
6.86566384590818	0.17718289408106	6.5183853735093	7.21294231830705
7.19246594435771	0.17768835094115	6.84419677651306	7.54073511220236
7.18316671673605	0.188675985502312	6.81336178515151	7.55297164832058
7.09340096635996	0.167549106962383	6.76500471671369	7.42179721600623
6.77890931404971	0.165259322569502	6.45500104181349	7.10281758628594
7.25048398621565	0.193196207088813	6.87181942032158	7.62914855210973
7.1127744729279	0.194954161772607	6.73066431585359	7.49488463000222
6.94862755600316	0.220868630291919	6.515725040631	7.38153007137532
6.81619320989079	0.171315279726396	6.48041526162705	7.15197115815452
7.12672850346201	0.189911909888533	6.75450116008049	7.49895584684354
7.09178151788898	0.19820337550145	6.70330290190613	7.48026013387182
6.80901043018418	0.180682481378815	6.4548727666817	7.16314809368666
7.00429418839169	0.175169894900334	6.66096119438704	7.34762718239634
6.76647300811716	0.18113367895259	6.41145099737008	7.12149501886424
6.77227811643632	0.203387456490544	6.37363870171486	7.17091753115779
7.07067306574685	0.171837990262182	6.73387060483297	7.40747552666072
6.80466019969942	0.178285559113391	6.45522050383717	7.15409989556167
6.9664367836615	0.177966590266298	6.61762226673956	7.31525130058345
6.83870443211411	0.181043892231628	6.48385840334012	7.1935504608881
7.41597029670011	0.167559780368761	7.08755312717734	7.74438746622288
6.67198565025173	0.174820529499707	6.32933741243231	7.01463388807116
6.95468256514235	0.164029957202195	6.63318384902605	7.27618128125865
7.01445826714007	0.182398911701924	6.6569564002043	7.37196013407584
6.54927427584861	0.195841319588556	6.16542528945504	6.93312326224219
7.09320198288415	0.174562674069965	6.75105914170702	7.43534482406128
6.84761170974103	0.170725701553928	6.51298933469533	7.18223408478673
6.86792703206992	0.183834145936434	6.50761210603451	7.22824195810533
6.76667443759888	0.200801042588564	6.37310439412529	7.16024448107246
7.11873139753317	0.182666942674406	6.76070418989134	7.47675860517501
6.6288589623516	0.17394869961634	6.28791951110358	6.96979841359963
7.01478527117329	0.174473799242251	6.67281662465848	7.35675391768811
6.65797887706005	0.222153950489117	6.22255713410138	7.09340062001872
7.13200863019413	0.19623038869405	6.74739706835379	7.51662019203447
6.8819294544079	0.163767133598477	6.56094587255489	7.20291303626092
7.09193183056815	0.16200827030056	6.77439562077905	7.40946804035724
6.67270556468781	0.189228573858686	6.30181755992479	7.04359356945084
7.08152569649456	0.173871727133648	6.74073711131261	7.42231428167651
6.76314028480471	0.164725708618389	6.44027789591267	7.08600267369675
7.05577720204636	0.179085621136613	6.7047693846186	7.40678501947412
7.05456544848667	0.176819579654279	6.70799907236428	7.40113182460906
6.92482027650027	0.216245692776814	6.50097871865772	7.34866183434283
7.04995352640813	0.177151147467558	6.70273727737171	7.39716977544454
6.92394442613211	0.173831604101298	6.58323448209357	7.26465437017065
6.87117904331596	0.184605198812381	6.50935285364369	7.23300523298822
7.29528416066511	0.15980475379393	6.98206684322901	7.60850147810121
6.77359802185022	0.208046931316999	6.3658260364689	7.18137000723153
7.03357055712145	0.179827966406231	6.68110774296524	7.38603337127766
6.70436678528968	0.189447444509301	6.33304979405145	7.07568377652791
7.26509114673631	0.169563152464683	6.93274736790553	7.59743492556709
7.06723742801061	0.168594749690915	6.73679171861642	7.39768313740481
6.80137805419246	0.194312921652655	6.42052472775325	7.18223138063166
7.09442132597321	0.193808661348623	6.71455634972991	7.47428630221651
6.59526574153927	0.173316365107255	6.25556566592905	6.93496581714949
6.77425169660842	0.187423233761664	6.40690215843555	7.14160123478128
6.91349779756408	0.181733875081242	6.55729940240485	7.26969619272332
6.99108371931533	0.182373303493634	6.6336320444678	7.34853539416285
6.68627640701399	0.186986925711844	6.31978203261878	7.05277078140921
7.14751634610183	0.174147452991062	6.80618733823935	7.48884535396431
7.36706024209715	0.167420051707081	7.03891694075127	7.69520354344303
6.92818377724478	0.19019887580772	6.55539398066165	7.30097357382791
7.15813407134807	0.170375796418584	6.82419751036764	7.49207063232849
6.95611673813273	0.187766562526893	6.58809427558002	7.32413920068544
7.04919943709252	0.204533862763992	6.6483130660751	7.45008580810994
6.72654991109928	0.189652028912638	6.35483193443051	7.09826788776805
7.09658551441455	0.218070900983071	6.66916654848774	7.52400448034137
7.00025503091389	0.187649930398659	6.63246116733252	7.36804889449526
6.97567516838711	0.173026315197804	6.63654359059941	7.3148067461748
7.42361767504981	0.189131995257131	7.05291896434583	7.79431638575379
7.27279178437736	0.17458188199425	6.93061129566863	7.61497227308609
7.09296517363111	0.179493601954011	6.74115771380125	7.44477263346097
7.18429146473323	0.154454247584701	6.88156113946722	7.48702178999925
7.19537081718574	0.175417395006442	6.85155272297311	7.53918891139837
6.79261312562856	0.181405652754266	6.4370580462302	7.14816820502692
6.98029708744928	0.164728715942697	6.6574288042016	7.30316537069697
6.57562540259807	0.206441906128263	6.17099926658668	6.98025153860947
6.7346251386981	0.18136958565603	6.37914075081228	7.09010952658392
7.09296147222125	0.187202412592877	6.72604474353921	7.45987820090329
6.75750870146342	0.182871611513043	6.39908034289786	7.11593706002899
6.80454820773435	0.176785725356317	6.45804818603597	7.15104822943273
6.99099898901449	0.168496107784053	6.66074661775775	7.32125136027124
6.98834317293266	0.170807600600043	6.65356027575657	7.32312607010874
6.90680360439093	0.168675428404032	6.57619976471903	7.23740744406283
6.92185075469752	0.184611592265963	6.56001203385623	7.28368947553881
6.87612174850849	0.183691132548401	6.51608712871362	7.23615636830335
7.15946475650815	0.178958648635793	6.808705805182	7.51022370783431
7.24042659151849	0.169649256111956	6.90791404953906	7.57293913349793
6.96520674289028	0.168205033613904	6.63552487700703	7.29488860877353
6.68548634202026	0.181476220909259	6.32979294903811	7.0411797350024
6.96614204413549	0.183757411914193	6.60597751678367	7.32630657148731
6.88691122473378	0.193371795628338	6.50790250530224	7.26591994416532
6.88083261077114	0.186892118439937	6.51452405862887	7.24714116291342
6.93134102612517	0.187758106915328	6.56333513657113	7.29934691567921
6.94400911049034	0.164461714091498	6.621664150871	7.26635407010968
6.91887110314176	0.163176692530447	6.59904478578208	7.23869742050143
6.84993543140504	0.213360477431134	6.43174889564001	7.26812196717006
6.95942011601144	0.182645707678894	6.60143452896081	7.31740570306207
6.71024037764595	0.207217401368097	6.30409427096447	7.11638648432742
6.63761432474126	0.188212602848095	6.26871762315899	7.00651102632353
7.24226257973632	0.183200797631147	6.88318901637928	7.60133614309337
6.64511551519638	0.178875292562307	6.29451994177426	6.99571108861851
7.07570191239712	0.181169078103643	6.72061051931398	7.43079330548026
6.86943323415343	0.167249435152406	6.54162434125471	7.19724212705214
6.90661164318314	0.199752441879875	6.51509685709859	7.2981264292677
6.85441330907169	0.180851050486749	6.49994525011767	7.20888136802572
7.01550740161373	0.176931666301237	6.66872133566331	7.36229346756415
6.98901018820719	0.170788506219727	6.65426471601652	7.32375566039785
7.05358299376162	0.165720149991187	6.72877149977889	7.37839448774435
6.95496098125606	0.194173274501221	6.57438136323366	7.33554059927845
7.17585049200573	0.219052375545934	6.7465078359357	7.60519314807576
6.9063033012132	0.210922522922083	6.49289515628592	7.31971144614048
7.02773986991406	0.227158538344619	6.58250913475861	7.47297060506952
7.33286070310975	0.181353574085411	6.97740769790235	7.68831370831716
6.79586978774073	0.179934843524141	6.44319749443341	7.14854208104804
6.79727738870675	0.251710057157939	6.30392567667719	7.29062910073631
7.00602344292555	0.157747850604347	6.69683765574103	7.31520923011007
7.20216315184053	0.185806655364628	6.83798210732586	7.5663441963552
7.25305597685575	0.193329441348694	6.87413027181231	7.63198168189919
6.75784281307168	0.173437526175607	6.41790526176749	7.09778036437587
7.10073821236685	0.178004961510983	6.75184848780532	7.44962793692838
7.04051128320318	0.16088008103017	6.72518632438404	7.35583624202231
6.85393688279344	0.164173994080552	6.53215585439556	7.17571791119133
6.77735548220945	0.201712750761895	6.38199849071614	7.17271247370276
7.13448006988075	0.17893695082654	6.78376364626073	7.48519649350077
7.05860438452063	0.164877092090269	6.7354452840237	7.38176348501756
7.06338773667966	0.189328090845354	6.69230467862277	7.43447079473655
7.05006145068609	0.178067944356153	6.70104827974803	7.39907462162415
7.36477200328884	0.177106723945979	7.01764282435472	7.71190118222296
6.93258490772078	0.173894319442772	6.59175204161295	7.27341777382861
6.72240718888403	0.193780256719968	6.34259788571289	7.10221649205517
7.1110545586564	0.16387780561175	6.78985405965737	7.43225505765543
7.10328633115478	0.179113096592317	6.75222466183384	7.45434800047572
7.01154669053439	0.180002101915618	6.65874257077978	7.364350810289
6.96214000520325	0.196318525582241	6.57735569506206	7.34692431534444
6.83253088868914	0.179630881111727	6.48045436171016	7.18460741566813
6.97048195141821	0.190186925173052	6.59771557807903	7.34324832475739
7.03516350693279	0.198091406297138	6.6469043505904	7.42342266327518
7.29086607444246	0.167244253033343	6.96306733849711	7.61866481038781
7.37655134735166	0.175879875539671	7.03182679129391	7.72127590340942
6.94901925940176	0.18317691051349	6.58999251479532	7.3080460040082
6.84029881332096	0.184176808527202	6.47931226860765	7.20128535803428
7.05804791158633	0.166164925177051	6.73236465823931	7.38373116493335
6.65281822743872	0.19832994649499	6.26409153230854	7.0415449225689
7.12138798117354	0.173639894824721	6.78105378731709	7.46172217502999
7.08988471195149	0.180323863414614	6.73644993965885	7.44331948424413
7.02315496830451	0.184143821959828	6.66223307726325	7.38407685934577
6.81186933339711	0.17702274165185	6.46490475975948	7.15883390703473
6.48683591877564	0.167948142404857	6.15765755966212	6.81601427788915
6.66069391679522	0.171769018731307	6.32402664008186	6.99736119350858
7.22621195971885	0.166397871190279	6.9000721321859	7.55235178725179
7.40987850224905	0.160460324685438	7.0953762658656	7.72438073863251
7.03305710449591	0.170690617367675	6.69850349445527	7.36761071453655
6.92280219057654	0.198436089100878	6.53386745593881	7.31173692521426
7.18714125087927	0.176246431555764	6.84169824502997	7.53258425672856
6.7911150964497	0.237711166984454	6.32520120916017	7.25702898373923
6.70032081707076	0.218185985007995	6.27267628645509	7.12796534768643
7.49656430205422	0.212367297709262	7.08032439854407	7.91280420556438
7.14129902248405	0.177088756009363	6.7942050607057	7.4883929842624
6.95687063472536	0.18356943834114	6.59707453557672	7.31666673387399
6.66429732056333	0.218574936994641	6.23589044405383	7.09270419707282
6.90994107646439	0.182952003051103	6.55135515048422	7.26852700244455
6.95178234271914	0.163664651786284	6.63099962521802	7.27256506022026
6.40723851287972	0.19281183853313	6.02932730935478	6.78514971640465
6.88867775710028	0.190104808997195	6.51607233146577	7.26128318273478
6.98355757070211	0.153646059724168	6.68241129364274	7.28470384776148
6.86852007577234	0.171038388398549	6.53328483451118	7.20375531703349
6.81899435515413	0.185754875261032	6.45491479964251	7.18307391066575
7.11442658643731	0.169885121335409	6.78145174861991	7.44740142425471
7.2995898761123	0.183106145370119	6.94070183118686	7.65847792103773
6.9611421984887	0.184069952166496	6.60036509224236	7.32191930473503
6.85736307385939	0.160072488010663	6.54362099735849	7.17110515036029
6.69048494891645	0.181731404878106	6.33429139535536	7.04667850247753
6.95855113001356	0.17782628976395	6.61001160207621	7.3070906579509
7.19861244558365	0.152730929159857	6.89925982443033	7.49796506673697
7.17611166248329	0.181953456851276	6.81948288705479	7.53274043791179
6.94310845976485	0.18274848072336	6.58492143754706	7.30129548198263
6.94138381217256	0.203580343446806	6.54236633901682	7.3404012853283
7.04622642624885	0.192963750898362	6.66801747448806	7.42443537800964
6.8121877211465	0.184701957055142	6.45017188531842	7.17420355697458
6.91171504713212	0.168887504405107	6.58069553849811	7.24273455576613
6.74406236009766	0.194079219113786	6.36366709063464	7.12445762956068
7.03116065210206	0.164652744966688	6.70844127196736	7.35388003223677
7.09472722401526	0.17318136794892	6.75529174283538	7.43416270519515
6.91226285746055	0.197690552566142	6.52478937443091	7.29973634049019
7.05571636252175	0.173781917326189	6.71510380456242	7.39632892048108
7.19648053406271	0.193233582107772	6.81774271313148	7.57521835499394
6.78288831546807	0.235783964426354	6.32075174519242	7.24502488574373
6.84799687264749	0.17175066845164	6.51136556248227	7.1846281828127
6.98708077193352	0.215887116789578	6.56394202302594	7.41021952084109
6.89076945623723	0.19417530551359	6.5101858574306	7.27135305504387
7.02527182567419	0.174259841017511	6.68372253727987	7.36682111406851
6.8011886007172	0.176363178395763	6.45551677106151	7.1468604303729
7.21315603226999	0.182655531632273	6.85515119027073	7.57116087426925
6.79746564567463	0.194484805740713	6.41627542642283	7.17865586492643
6.95769963760623	0.186203650433994	6.5927404827556	7.32265879245686
6.72759541581795	0.172753675146788	6.38899821253025	7.06619261910566
7.2259358826645	0.179865226796756	6.87340003814286	7.57847172718614
7.03154542379646	0.170388582928955	6.69758380125571	7.36550704633721
6.8712430817062	0.18913511839692	6.50053824964823	7.24194791376416
7.1631083715109	0.177933591605541	6.81435853196404	7.51185821105776
6.8328885718898	0.174824592375368	6.49023237083408	7.17554477294552
7.1486268186354	0.183433122703555	6.78909789813643	7.50815573913437
7.09071663412031	0.174600720343689	6.74849922224668	7.43293404599394
7.12054948843282	0.155568304321128	6.81563561196341	7.42546336490223
6.71206797727638	0.200979881333385	6.31814740986295	7.10598854468982
7.0528094674464	0.219055524751911	6.62346063893266	7.48215829596015
7.01824137168562	0.176240822116801	6.67280936033669	7.36367338303455
6.85418699177394	0.214382794485741	6.43399671458189	7.274377268966
6.91116440183968	0.186942241993054	6.54475760753329	7.27757119614606
6.89909954029654	0.184127671721787	6.53820930372184	7.25998977687124
6.57697943199532	0.161771576070081	6.25990714289796	6.89405172109268
7.03155760838593	0.186049812276262	6.66689997632446	7.39621524044741
6.89320734876517	0.159214838920371	6.58114626448125	7.2052684330491
6.75230270468808	0.184323630190364	6.39102838951497	7.11357701986119
7.38673832454198	0.192363803291629	7.00970527009038	7.76377137899357
7.22822364736967	0.1638638578954	6.90705048589469	7.54939680884466
7.13845174537086	0.178812664196782	6.78797892354517	7.48892456719655
7.09127351342126	0.183899485073117	6.73083052267795	7.45171650416457
7.01482710395303	0.198157500286888	6.62643840339072	7.40321580451533
7.05144054501614	0.148780435300911	6.75983089182635	7.34305019820593
7.14673376225742	0.178859534753499	6.79616907414056	7.49729845037428
6.99951749270888	0.228822989248414	6.55102443378199	7.44801055163577
6.92624450805565	0.175706308220871	6.58186014394275	7.27062887216856
6.84663233604949	0.187980319781829	6.4781909092771	7.21507376282187
6.86860687010561	0.173726806534137	6.5281023292987	7.20911141091252
6.53675830101493	0.177392841604418	6.18906833147027	6.88444827055959
6.97681458619741	0.184581623925604	6.61503460330322	7.33859456909159
6.91023332912054	0.189433483900326	6.53894370067591	7.28152295756518
6.932154683063	0.160822873910635	6.61694185019815	7.24736751592784
7.02216985480263	0.1730411631977	6.68300917493514	7.36133053467013
7.17932765836028	0.187668521753837	6.81149735572276	7.5471579609978
7.07659276768107	0.207950791245896	6.66900921683911	7.48417631852303
6.86059935701953	0.197741620861671	6.47302578013065	7.2481729339084
7.24445059489924	0.17996504303579	6.89171911054909	7.59718207924938
7.02487808523128	0.164818488426081	6.70183384791616	7.3479223225464
6.99724753384533	0.182085238170899	6.64036046703037	7.35413460066029
6.91134174610028	0.165624683985263	6.58671736548916	7.23596612671139
6.81473722918378	0.19525559407154	6.43203626480356	7.197438193564
6.62268779541544	0.525561952498743	5.5925863685179	7.65278922231298
6.78440410171523	0.155100090949272	6.48040792345466	7.0884002799758
6.97169606200629	0.171882298864866	6.63480675623115	7.30858536778143
6.83726216469453	0.201056450396809	6.44319152191678	7.23133280747227
7.00238671445015	0.191812941788954	6.6264333485438	7.3783400803565
6.78633542710747	0.179842466229574	6.4338441932975	7.13882666091743
6.70200305875799	0.183199167821168	6.3429326898285	7.06107342768748
6.75560546775018	0.173692308990768	6.41516854212828	7.09604239337209
7.09240643019865	0.176922227525295	6.74563886424907	7.43917399614822
7.09639298691049	0.18035684075717	6.74289357902644	7.44989239479454
6.92618852165131	0.173740117966969	6.58565789043605	7.26671915286657
6.96377249100197	0.212841814466194	6.54660253464823	7.38094244735571
6.975605605348	0.181729020478274	6.61941672521059	7.33179448548542
7.1967289934864	0.176844540276398	6.85011369454466	7.54334429242814
6.78464958236925	0.178853528192385	6.43409666711217	7.13520249762632
6.93639576139568	0.177834648871351	6.58783984960783	7.28495167318353
6.85853775693686	0.207796985028061	6.45125566628186	7.26581984759186
6.87353731136114	0.170302181281485	6.53974503604943	7.20732958667285
7.15245870825424	0.184429227715144	6.79097742193256	7.51393999457593
6.93699760928162	0.17692032193952	6.59023377828016	7.28376144028308
7.13606468358633	0.162520449526066	6.81752460251524	7.45460476465742
7.00741169678862	0.182751606898589	6.64921854726739	7.36560484630985
7.02597890665749	0.188010864290302	6.6574776126485	7.39448020066648
6.70350532006455	0.188852163829294	6.33335507895913	7.07365556116996
7.36329514985219	0.168517131630699	7.03300157185602	7.69358872784836
7.09576522085467	0.175392008002053	6.75199688517065	7.4395335565387
7.14866317530208	0.204653624597714	6.74754207109056	7.5497842795136
7.2541537134556	0.180452968315998	6.90046589555624	7.60784153135495
7.16513043356585	0.17108230156737	6.8298091224938	7.50045174463789
6.93810782671587	0.177220393998286	6.59075585447923	7.28545979895251
7.02917787847754	0.17244994734666	6.69117598167809	7.367179775277
6.83831475538807	0.186227949700296	6.47330797397549	7.20332153680065
6.81509462480735	0.173132245410464	6.47575542380284	7.15443382581186
7.27968736271577	0.183164648712685	6.92068465123891	7.63869007419263
6.92537204452221	0.186587987083011	6.55965958983951	7.29108449920491
6.68797178670808	0.195397290242887	6.30499309783202	7.07095047558413
7.22336723995807	0.180504680921326	6.86957806535227	7.57715641456387
6.97512538084627	0.168829638113194	6.64421929014441	7.30603147154813
7.11801001486788	0.188635425392834	6.74828458109793	7.48773544863784
6.89030947914445	0.214771872918776	6.46935660822365	7.31126235006525
7.03361110168305	0.172217940441691	6.69606393841734	7.37115826494877
7.09940627705115	0.204370746750123	6.69883961342091	7.49997294068139
6.85867087771519	0.218858169543594	6.42970886540975	7.28763289002064
7.02944969266032	0.182499558890218	6.6717505572355	7.38714882808515
7.03340685719736	0.170180670331487	6.69985274334765	7.36696097104708
6.76374970939642	0.184355192109195	6.4024135328624	7.12508588593044
6.86142390470653	0.173370396353014	6.52161792785463	7.20122988155844
6.845605013131	0.169492715848179	6.51339929006857	7.17781073619343
7.02930794488166	0.180761556466937	6.67501529420646	7.38360059555685
6.81646453299468	0.226853704193996	6.37183127277445	7.26109779321491
6.93856189407956	0.183696426640481	6.57851689786422	7.29860689029491
7.01600730209992	0.192293715403721	6.63911161990863	7.39290298429122
7.04228709640185	0.17254577487061	6.70409737765546	7.38047681514825
7.22702409426716	0.176009465083151	6.88204554270418	7.57200264583013
6.8521768752037	0.207664359155204	6.4451547312595	7.2591990191479
6.94130359863496	0.236483090476902	6.47779674130024	7.40481045596969
6.77961279544884	0.164346235574972	6.4574941737219	7.10173141717579
7.23973340018029	0.16648546448669	6.91342188978638	7.56604491057421
6.63784735994264	0.182840871479312	6.27947925184319	6.99621546804209
6.99735140674419	0.158473877737921	6.68674260637786	7.30796020711051
7.09877226265014	0.167700670397034	6.77007894867195	7.42746557662832
7.33531028510188	0.168424358687571	7.00519854207424	7.66542202812952
7.10326338801047	0.24094308946428	6.63101493266048	7.57551184336046
6.86991964251764	0.201462629528305	6.47505288864216	7.26478639639312
7.05793338982891	0.189830147369469	6.68586630098475	7.43000047867307
7.00239221848411	0.168381817213967	6.67236385674473	7.33242058022348
6.88539086314581	0.216468403615399	6.46111279205963	7.30966893423199
7.03610116737817	0.193966650650281	6.65592653210362	7.41627580265272
7.13842186744467	0.157447306315984	6.82982514706535	7.447018587824
6.76262833713633	0.197368836147385	6.37578541828745	7.1494712559852
7.05816776469219	0.174511642348376	6.71612494568937	7.40021058369501
6.94392140653905	0.169013955864312	6.612654053045	7.2751887600331
6.73396885746147	0.195647706488324	6.35049935274436	7.11743836217858
6.79198263360211	0.177946567697148	6.4432073609157	7.14075790628852
6.70533830832258	0.176179080827041	6.36002730990158	7.05064930674358
6.76822257489439	0.176610905578279	6.42206519996096	7.11437994982781
7.06046838337514	0.184257934452287	6.69932283184866	7.42161393490162
6.8964476235004	0.178760811099712	6.54607643374497	7.24681881325584
7.10454540551587	0.173701082006206	6.7640912847837	7.44499952624803
6.83465295195838	0.184162079610035	6.47369527592271	7.19561062799405
7.07367723132259	0.179340679651443	6.72216949920576	7.42518496343942
6.90416261085449	0.223783235852337	6.46554746858391	7.34277775312507
7.07244280967979	0.17983376757596	6.71996862523091	7.42491699412868
7.05322242418037	0.314769317519697	6.43627456184176	7.67017028651897
7.14173767619766	0.184989976835735	6.77915732159962	7.5043180307957
6.75581969949783	0.196011319212004	6.3716375138423	7.14000188515335
6.9571809221811	0.243271959836227	6.48036788090209	7.4339939634601
7.02574618822319	0.186685232778825	6.65984313197669	7.39164924446969
6.79339530806606	0.179038880115495	6.44247910303969	7.14431151309243
7.24298671025576	0.165151893844668	6.91928899832021	7.5666844221913
7.43376691845926	0.17828428658891	7.084329716745	7.78320412017353
7.0346347356901	0.165053911025675	6.71112907007978	7.35814040130042
7.07728951908337	0.160130811929728	6.76343312770111	7.39114591046564
7.0104338073398	0.179884562538943	6.65786006476347	7.36300754991613
7.13638029499031	0.183089280917973	6.77752530439109	7.49523528558954
7.0700609131072	0.165796980552529	6.74509883122424	7.39502299499016
6.72750900116201	0.198271670203795	6.33889652756257	7.11612147476145
7.32179536197452	0.168326651513068	6.9918751250089	7.65171559894013
7.04616213087578	0.172215433109293	6.70861988198157	7.38370437976999
6.50599790837174	0.164417900270633	6.1837388238413	6.82825699290219
6.90341920189966	0.179633148628128	6.55133823058852	7.25550017321079
6.71803009168054	0.213886920321393	6.29881172785061	7.13724845551047
6.94374196185738	0.1850567051822	6.58103081970027	7.30645310401449
6.99004869691416	0.182159969423777	6.63301515684356	7.34708223698477
6.76382165305073	0.171044431869711	6.42857456658609	7.09906873951536
7.16588472824535	0.164408610249009	6.84364385215729	7.4881256043334
7.18324283970052	0.164110370940089	6.86158651265794	7.50489916674309
6.95024547977032	0.162610095369842	6.63152969284543	7.26896126669521
6.83001620623646	0.19784241381082	6.44224507516726	7.21778733730567
7.14975904686026	0.183793591876402	6.78952360678252	7.50999448693801
6.9495747805896	0.205294204487153	6.54719813979478	7.35195142138442
7.14119124546661	0.19262989080775	6.76363665948342	7.5187458314498
6.87045799459911	0.162382886822403	6.5521875364272	7.18872845277102
6.94779289115434	0.184536344556253	6.58610165582408	7.30948412648459
7.35310511240419	0.220966066212721	6.92001162262726	7.78619860218113
6.9361620104337	0.190979436777589	6.56184231434962	7.31048170651777
7.05218917012775	0.186275671584047	6.68708885382302	7.41728948643248
6.99665455953243	0.169004728293744	6.6654052920767	7.32790382698817
6.95877667983833	0.194624664734129	6.57731233695944	7.34024102271723
7.09402896918598	0.158876980475914	6.78263008745319	7.40542785091877
6.9104275843112	0.171124059462437	6.57502442776482	7.24583074085757
6.90450589691677	0.177142326362584	6.5573069372461	7.25170485658743
6.79673163471426	0.171313489952757	6.46095719440686	7.13250607502167
6.9489648826985	0.179122803273047	6.59788418828333	7.30004557711367
6.56868524507761	0.185093792904133	6.20590141098551	6.93146907916971
7.00594987091036	0.193542691030381	6.62660619649081	7.3852935453299
7.04920099699152	0.197114408851002	6.66285675564356	7.43554523833949
7.10842119364791	0.171524182507922	6.77223379593238	7.44460859136344
6.94433135852548	0.172952390747042	6.60534467266128	7.28331804438968
6.7764325609468	0.17247126986557	6.43838887201029	7.11447624988332
6.94155054630095	0.182235070423691	6.58436980827052	7.29873128433139
6.57662797547014	0.204068196327381	6.17665431066847	6.97660164027181
6.78158723592213	0.176820960523778	6.43501815329553	7.12815631854874
7.02601225058481	0.172226141030881	6.68844901416428	7.36357548700533
7.10306857937329	0.174137326201334	6.76175942001868	7.44437773872791
6.88139710888341	0.172064311981518	6.54415105739964	7.21864316036719
6.86678127882756	0.172788358510067	6.52811609614782	7.20544646150729
6.46891250468928	0.178155999307833	6.11972674604592	6.81809826333263
6.65864305059224	0.17628007642082	6.31313410080743	7.00415200037705
7.21994178460806	0.17935147149501	6.86841290047784	7.57147066873828
7.07180800997474	0.160169741737888	6.75787531616848	7.385740703781
6.64332506760338	0.206076106268879	6.23941589931638	7.04723423589039
7.17553750247405	0.211517262023553	6.76096366890788	7.59011133604021
6.66805207476653	0.308663933701276	6.06307076471203	7.27303338482103
6.77760233189536	0.172945848444325	6.43862846894448	7.11657619484624
7.08787448504471	0.185720876085369	6.72386156791738	7.45188740217203
7.08470948024311	0.172329306640826	6.74694403922709	7.42247492125913
7.15613237426453	0.20885178294526	6.74678287969182	7.56548186883724
7.10217729871095	0.182560237259861	6.74435923368162	7.45999536374028
6.99699718291733	0.213632942842543	6.57827661494595	7.41571775088872
7.02662020508135	0.191086528199572	6.65209060981018	7.40114980035251
6.91561103852994	0.18640123452147	6.55026461886786	7.28095745819202
6.86710504435966	0.216029645293031	6.44368693958532	7.290523149134
6.73683886444393	0.18084282437939	6.38238692866033	7.09129080022754
7.02455012670643	0.210160160723682	6.61263621168801	7.43646404172484
7.12033831475859	0.165527353546524	6.7959047018074	7.44477192770977
6.94069430501765	0.166270234022451	6.61480464633365	7.26658396370166
7.07027317537743	0.179990836921573	6.71749113501115	7.42305521574372
6.99626449793777	0.164135529486053	6.67455886014511	7.31797013573043
6.74271266660417	0.18202998013097	6.38593390554747	7.09949142766087
7.20364997684953	0.230069000412873	6.7527147360403	7.65458521765876
7.13549136281707	0.161257933098483	6.81942581394404	7.4515569116901
6.87368562561211	0.199225666086928	6.48320332008173	7.26416793114249
6.97417807931048	0.241659394835385	6.50052566543313	7.44783049318784
6.86718136588963	0.163706507620538	6.54631661095337	7.18804612082588
7.09106359301115	0.182560005260258	6.73324598270104	7.44888120332125
6.71000146405526	0.178530046672529	6.3600825725771	7.05992035553341
6.71572760389548	0.170507995728658	6.38153193226731	7.04992327552364
7.14627579021733	0.165581216800654	6.82173660528805	7.47081497514661
6.70657375177591	0.173577219611516	6.36636240133734	7.04678510221448
7.14463866065711	0.181695250156462	6.78851597035045	7.50076135096378
7.14207555807219	0.188534415570425	6.77254810355416	7.51160301259022
6.86155020222621	0.171448388258529	6.5255113612395	7.19758904321293
7.32983814068476	0.168397008472724	6.99978000407822	7.6598962772913
6.65779038885794	0.296230099640193	6.07717939356316	7.23840138415272
7.05826622928294	0.184738465226816	6.69617883743838	7.4203536211275
6.43491767974688	0.251202379679079	5.94256101557588	6.92727434391788
6.79740271752423	0.195779479015889	6.41367493865309	7.18113049639537
6.86464506021154	0.178208642589464	6.51535612073619	7.21393399968689
7.01224664298963	0.183432949126717	6.65271806270126	7.37177522327799
6.89922301273051	0.174965008617664	6.55629159583988	7.24215442962113
7.36977703590313	0.187179307026837	7.00290559413053	7.73664847767574
7.07313653368622	0.168808739745262	6.74227140378551	7.40400166358694
6.87448488423601	0.174062304911186	6.53332276661009	7.21564700186194
7.26176897760772	0.157215186941897	6.9536272112016	7.56991074401384
7.31385604189168	0.170575244118041	6.97952856342032	7.64818352036304
7.15094839849848	0.172077358610596	6.81367677562171	7.48822002137525
7.04553503164436	0.170886991444897	6.71059652841236	7.38047353487636
6.57904487831236	0.158205600528455	6.26896190127659	6.88912785534813
6.6979943225681	0.197394161477126	6.31110176607293	7.08488687906327
7.16476885231387	0.165737545655809	6.83992326282848	7.48961444179926
7.23122827976283	0.184327480239424	6.86994641849356	7.5925101410321
6.97643812971747	0.178056024662286	6.62744832137939	7.32542793805555
6.91909313615353	0.205348296159917	6.5166104756801	7.32157579662697
6.88217678667608	0.174881109008385	6.53940981301964	7.22494376033251
6.89734322715264	0.203538567248126	6.49840763534631	7.29627881895897
6.9741395643162	0.179064151681169	6.62317382702111	7.32510530161129
6.94466054183602	0.211868515176075	6.52939825209091	7.35992283158112
6.88132630702218	0.167381426607391	6.55325871087169	7.20939390317266
6.74878568185123	0.16750981569004	6.42046644309875	7.0771049206037
7.01084933164382	0.196635515665804	6.62544372093884	7.39625494234879
7.12596373164092	0.172528008971227	6.78780883405731	7.46411862922452
6.90894314100424	0.239497284984608	6.43952846243441	7.37835781957407
6.95927424434218	0.191524131396618	6.58388694680481	7.33466154187955
6.59515017342904	0.194836477927265	6.2132706766916	6.97702967016648
6.83660935761144	0.1927921778309	6.45873668906288	7.21448202616001
7.06047659066897	0.175775632036877	6.71595635187669	7.40499682946125
7.2392010311557	0.202884437346631	6.84154753395631	7.6368545283551
6.8830516108394	0.180200161558793	6.52985929418416	7.23624392749463
7.11003779878277	0.17979905274961	6.75763165539354	7.46244394217201
7.09363386608365	0.189834898868751	6.7215574643009	7.4657102678664
7.25100200438273	0.180067635762267	6.89806943828868	7.60393457047677
6.96841906267723	0.218052269367208	6.5410366147175	7.39580151063696
7.30809302767978	0.172332113556883	6.97032208510829	7.64586397025127
7.15748185911729	0.212817050876416	6.74036043939952	7.57460327883507
7.11372223636575	0.201489196352389	6.71880341151506	7.50864106121643
7.23308329337496	0.191551320216578	6.85764270575047	7.60852388099946
6.85528723372159	0.18542378851676	6.49185660822874	7.21871785921444
6.9446517036232	0.182475405645436	6.58699990855815	7.30230349868826
6.92779077642095	0.187478323416465	6.56033326252468	7.29524829031722
7.08656622049808	0.173570428381597	6.74636818087015	7.42676426012601
6.99458570662185	0.160706437967062	6.67960108820641	7.30957032503729
7.00422859922701	0.178789492752292	6.65380119343252	7.3546560050215
7.13587800738342	0.180033926074466	6.78301151227747	7.48874450248937
7.05898462915843	0.162186206777454	6.74109966387462	7.37686959444224
6.73901162209033	0.17522187985259	6.39557673757926	7.08244650660141
7.03208520357098	0.162067702573684	6.71443250652656	7.3497379006154
6.87513454685306	0.162784168350934	6.55607757688523	7.19419151682089
7.05439957793124	0.195821437201743	6.67058956101582	7.43820959484665
6.80230103816886	0.16089829017957	6.4869403894169	7.11766168692081
6.8935646082412	0.182941187987706	6.5349998797853	7.2521293366971
7.00058090352677	0.167710719814038	6.67186789269126	7.32929391436229
7.03222814881196	0.182359390524463	6.67480374338401	7.38965255423991
6.84290118142652	0.171434011322484	6.50689051923445	7.17891184361859
6.90038710855323	0.226822536096714	6.45581493780367	7.34495927930279
6.92035074368332	0.189494808343918	6.54894091932924	7.2917605680374
7.19183713444561	0.172800342757037	6.85314846264181	7.5305258062494
7.19031582199277	0.180571472691454	6.83639573551753	7.54423590846802
6.98754181531279	0.176127673203363	6.6423315758342	7.33275205479138
6.8162522417524	0.174599525506016	6.4740371717606	7.15846731174419
6.94463726854574	0.176152217347852	6.59937892254395	7.28989561454753
7.19776813629832	0.191770763144801	6.82189744053451	7.57363883206213
7.22758722531159	0.168450647985529	6.89742395525995	7.55775049536322
7.144692496775	0.1823712822112	6.78724478364105	7.50214020990895
6.80228422642536	0.174501360694094	6.46026155946493	7.14430689338578
7.4816831599277	0.175301521331957	7.13809217811706	7.82527414173833
7.10347517882386	0.17586178492638	6.75878608036815	7.44816427727956
6.97040683146625	0.181032123336994	6.61558386972575	7.32522979320676
6.93507531815644	0.166607555839412	6.6085245087112	7.26162612760169
7.02783552027931	0.185330395537901	6.66458794502502	7.39108309553359
6.44455287395403	0.206973730973332	6.0388843612463	6.85022138666176
7.03220956827918	0.163446628882199	6.71185417567007	7.35256496088829
7.03751612438529	0.209531343143617	6.6268346918238	7.44819755694678
6.93536150150505	0.185107797563637	6.57255021828033	7.29817278472978
6.73287554824941	0.171688897594229	6.39636530896472	7.0693857875341
6.87219502705833	0.188233826875534	6.50325672638228	7.24113332773438
6.73260281983659	0.187079188419282	6.3659276105348	7.09927802913838
6.79410695228417	0.175584033535397	6.44996224655479	7.13825165801355
6.97307677504096	0.180680792951846	6.61894242085534	7.32721112922658
6.88609990859979	0.204769096512301	6.48475247943568	7.2874473377639
7.00314228008621	0.186964540370856	6.63669178095934	7.36959277921309
7.13889868119038	0.166145229107472	6.81325403213973	7.46454333024102
6.90285844563685	0.179012865243377	6.55199322975983	7.25372366151387
7.13372939926819	0.177798364453626	6.78524460493909	7.4822141935973
6.8772093994478	0.229473283695491	6.42744176340464	7.32697703549097
7.4238877018633	0.183376979335793	7.06446882236515	7.78330658136146
7.33127231180868	0.180197002405571	6.97808618709376	7.6844584365236
6.97818037175833	0.174313974355461	6.63652498202162	7.31983576149503
6.81701622724595	0.163609626090552	6.49634136010847	7.13769109438344
7.04447016778043	0.164437187495873	6.72217328028852	7.36676705527234
6.92350918447882	0.186209364653504	6.55853882975795	7.28847953919969
7.11839847201468	0.178284626118318	6.76896060482278	7.46783633920658
6.85093802444381	0.166021908898516	6.52553508300272	7.17634096588491
6.50217638634024	0.201746820043479	6.10675261905503	6.89760015362546
6.95879428367164	0.166531124092161	6.632393280451	7.28519528689228
7.01206545325768	0.170531030209241	6.67782463404757	7.3463062724678
6.93157660218464	0.176649017801712	6.58534452729328	7.277808677076
7.15692076970526	0.16987276614312	6.82397014806474	7.48987139134577
7.34498027961163	0.189293185251064	6.97396563651954	7.71599492270371
6.91693024520244	0.172107225015326	6.5796000841724	7.25426040623248
7.08485831649832	0.169260679300875	6.7531073850686	7.41660924792803
7.16984715413873	0.177497511358454	6.82195203187616	7.5177422764013
7.33066167595467	0.186101322373007	6.96590308410357	7.69542026780576
7.06982592854747	0.165526301497237	6.74539437761288	7.39425747948205
7.06168874707368	0.176059702584468	6.71661173000813	7.40676576413924
6.65767499957277	0.183006423740137	6.2989824090421	7.01636759010344
6.73011268009607	0.166134115052765	6.40448981459265	7.05573554559949
6.69159472694969	0.16997169131325	6.35845021197572	7.02473924192366
7.06077247516489	0.177635482499907	6.71260692946507	7.40893802086471
7.13157029243637	0.167878601125117	6.80252823423114	7.4606123506416
6.89163734513567	0.203982177256853	6.49183227771224	7.29144241255911
6.8720070930658	0.158015495452547	6.56229672197881	7.18171746415279
6.62288594803595	0.212741597526516	6.20591241688398	7.03985947918792
6.94031222099322	0.189637634458815	6.56862245745394	7.3120019845325
6.91160128402475	0.209539953065261	6.50090297601684	7.32229959203267
6.68245570805906	0.184506562139918	6.32082284626482	7.0440885698533
7.35535704252663	0.176597651689563	7.00922564521508	7.70148843983817
7.13090682034998	0.198589286848661	6.7416718181266	7.52014182257336
6.98509717935707	0.182673863763919	6.62705640637979	7.34313795233435
6.76776302774226	0.165153855188832	6.44406147157215	7.09146458391237
6.87262860852458	0.172600922702177	6.53433080002832	7.21092641702085
6.65788644668388	0.182681476951242	6.29983075185945	7.01594214150832
6.96766801131302	0.191382832259898	6.59255766008362	7.34277836254242
6.90809201343428	0.186983285077121	6.54160477468312	7.27457925218544
7.21610853216502	0.183590792403668	6.85627057905383	7.57594648527621
7.03320286782907	0.182737465037283	6.675037436356	7.39136829930215
6.98967654534072	0.184228735177188	6.62858822439343	7.35076486628801
6.98228326018852	0.184787651771668	6.62009946271605	7.34446705766099
7.01913579743426	0.179414283718535	6.66748380134594	7.37078779352259
6.99467210411341	0.191699978057005	6.61894014712168	7.37040406110514
7.02802815290326	0.167026146579321	6.70065690560779	7.35539940019873
6.97014601687691	0.195420712709139	6.587121419967	7.35317061378683
6.72513196278115	0.273691950067977	6.18869574064791	7.26156818491438
6.96884641645905	0.199952952926788	6.57693862872255	7.36075420419556
6.78569253695913	0.18424248982756	6.42457725689711	7.14680781702115
7.0222004365639	0.162844970512579	6.70302429435924	7.34137657876856
6.83135244122953	0.186590731673914	6.46563460714866	7.1970702753104
7.17290557539171	0.194248247679969	6.79217900993897	7.55363214084445
6.92866395376998	0.242497586208927	6.45336868480048	7.40395922273948
7.14238008694819	0.170203700056526	6.8087808348374	7.47597933905898
7.09956270632271	0.178945564523849	6.74882939985596	7.45029601278945
6.86956646102156	0.169318489071817	6.5377022224408	7.20143069960232
6.84424384654806	0.182948803536914	6.48566419161571	7.20282350148041
6.94601764488945	0.191181544049611	6.57130181855221	7.32073347122669
6.7501839227978	0.156941733218464	6.44257812568961	7.05778971990599
6.9081638808439	0.204648967440106	6.50705190466129	7.30927585702651
6.69177546430815	0.189642412570363	6.32007633567024	7.06347459294606
6.97859555851339	0.161195192650959	6.66265298091751	7.29453813610927
7.01502108069896	0.177929818811206	6.66627863582899	7.36376352556892
6.77259428950719	0.183554178141483	6.41282810034988	7.13236047866449
6.92880839547561	0.214918841532425	6.50756746607206	7.35004932487916
6.92971619697189	0.175694903471864	6.58535418616704	7.27407820777674
6.96646811145631	0.16985528928374	6.63355174446018	7.29938447845244
7.00709659975073	0.160965920092452	6.69160339636952	7.32258980313193
7.19641735127525	0.18006689419781	6.84348623864755	7.54934846390296
6.73818048833338	0.188523320552122	6.36867478005122	7.10768619661554
7.10758750880534	0.170883342553553	6.77265615740037	7.4425188602103
6.87194443688262	0.207096623049863	6.46603505570489	7.27785381806035
7.13607505952482	0.197482122172137	6.74901010006743	7.52314001898221
7.35265382435967	0.183276493687377	6.99343189673241	7.71187575198693
7.04234015754517	0.170796912356849	6.70757820932575	7.37710210576459
7.25255611546044	0.159891239796687	6.93916928545894	7.56594294546195
7.18813249189371	0.172440770748128	6.85014858122738	7.52611640256005
7.101709866575	0.169331844856675	6.76981945065591	7.43360028249408
7.00216295320203	0.174545688670034	6.66005340340876	7.34427250299529
7.37481975347978	0.201767867096838	6.97935473396998	7.77028477298958
6.8663255949425	0.162108799244837	6.54859234842263	7.18405884146238
6.91425620267692	0.173252120221162	6.57468204704344	7.2538303583104
6.86411924947126	0.184241715802498	6.50300548649836	7.22523301244416
7.12599348545692	0.187665395353165	6.75816931056471	7.49381766034912
6.92232532068803	0.171975208345536	6.58525391233078	7.25939672904528
7.12037254489044	0.17306055266652	6.78117386166406	7.45957122811682
6.88438910174325	0.159719401864386	6.57133907408906	7.19743912939745
6.96139648452474	0.212437627826403	6.545018733985	7.37777423506449
7.01369652180468	0.189473107361331	6.64232923137648	7.38506381223289
7.1006223766361	0.164119090724305	6.77894895881647	7.42229579445574
6.38107543935633	0.24445704547724	5.90193963022094	6.86021124849172
6.90122037671162	0.203113928749107	6.50311707636337	7.29932367705987
7.06769149410591	0.190639498261565	6.69403807751324	7.44134491069857
6.87853414691495	0.166771030858234	6.55166292643281	7.20540536739709
6.86454000179971	0.193404342940491	6.48546748963635	7.24361251396307
7.17376907671395	0.214961189520596	6.75244514525358	7.59509300817432
6.98299405319637	0.159198107424039	6.67096576264525	7.29502234374749
6.76686965886818	0.208884668193642	6.35745570920864	7.17628360852772
6.71439157628162	0.192189189516373	6.33770076482953	7.09108238773371
7.07925510449355	0.157676589908005	6.77020898827386	7.38830122071325
6.98123143130659	0.188328342804831	6.61210787940912	7.35035498320406
7.05957596766408	0.190259763531023	6.68666683114328	7.43248510418489
6.8026987737058	0.156455691269384	6.49604561881781	7.10935192859379
7.01243053328707	0.148805982758555	6.7207708070803	7.30409025949384
6.84189629104775	0.192097072932338	6.46538602810037	7.21840655399513
6.95348516752964	0.177835643266499	6.60492730672731	7.30204302833198
6.8986859410116	0.17996488416205	6.54595476805398	7.25141711396922
7.1579647043048	0.152274443954299	6.85950679415437	7.45642261445522
7.01505739410171	0.182140581836049	6.65806185370306	7.37205293450037
7.25817570184759	0.169209921530507	6.9265242556478	7.58982714804738
7.02600471563224	0.171074931612009	6.6906978496727	7.36131158159178
6.70319335932653	0.1956904028496	6.31964016974131	7.08674654891175
6.8628458308092	0.19513387516374	6.48038343548827	7.24530822613013
7.06871149079533	0.174036229952381	6.72760048008866	7.409822501502
7.14446293675227	0.187393972651899	6.77717075035455	7.51175512314999
6.76631347887195	0.194185026009499	6.38571082789333	7.14691612985056
7.01478158981461	0.178064547852859	6.66577507602301	7.36378810360621
6.92445481602858	0.200317824872356	6.53183187927877	7.3170777527784
6.80480048465254	0.21747384290252	6.3785517525636	7.23104921674148
6.61119302641955	0.188776162847038	6.24119174723936	6.98119430559974
6.92306539480133	0.179000467027008	6.5722244794284	7.27390631017427
7.21327657207895	0.181132108843374	6.85825763874593	7.56829550541196
7.26874410350599	0.198629855961233	6.87942958582197	7.65805862119001
7.21452301911834	0.181967874210711	6.85786598566535	7.57118005257133
6.79939116799703	0.177780259161922	6.45094186003967	7.1478404759544
7.20464233449701	0.170036573585349	6.87137065026973	7.5379140187243
6.6717144385533	0.189933039324793	6.29944568147671	7.0439831956299
7.03146385848702	0.200594976905288	6.63829770375266	7.42463001322139
7.01865029837672	0.158645502634924	6.70770511321227	7.32959548354117
7.31222612592983	0.191979428551905	6.93594644596809	7.68850580589156
6.64703342339641	0.192813642781099	6.26911868354546	7.02494816324737
6.41149462411839	0.279545457633939	5.86358552715587	6.95940372108091
7.33453942477937	0.190622505310346	6.96091931437109	7.70815953518765
7.04914429052938	0.171441725282321	6.71311850897603	7.38517007208273
6.68467379940935	0.193807728550817	6.30481065144975	7.06453694736895
7.10804561133119	0.199805582731025	6.71642666917838	7.499664553484
6.75548228323539	0.168029077218562	6.42614529188701	7.08481927458377
7.20939874581319	0.19353898019141	6.83006234463803	7.58873514698835
6.73528760393273	0.212226719560089	6.31932323359495	7.1512519742705
7.13699340293463	0.174864872667513	6.79425825250631	7.47972855336296
7.2669759755287	0.177725066309448	6.91863484556218	7.61531710549522
6.6477699164602	0.177334717484903	6.30019387018979	6.99534596273061
6.58719372535396	0.195065695691554	6.20486496179851	6.9695224889094
6.67220979898547	0.195076839110928	6.28985919432805	7.05456040364289
6.86894337900058	0.166411818746753	6.54277621425695	7.19511054374422
7.14632740448706	0.189682752285296	6.77454921000788	7.51810559896624
7.02373542671072	0.192653011741784	6.64613552369683	7.40133532972462
7.03201958543695	0.199913151991249	6.6401898075341	7.42384936333979
6.7361933457627	0.275639700682135	6.19593953242572	7.27644715909969
7.14518372580972	0.157497099326784	6.83648941112923	7.45387804049022
6.87687074673127	0.175460744113622	6.53296768826857	7.22077380519397
7.02949831728539	0.182836903916915	6.67113798560824	7.38785864896254
6.6796139958001	0.180675982418643	6.32548907025956	7.03373892134064
6.8221836895494	0.166045637856013	6.49673423935161	7.14763313974718
6.88582400480294	0.176639797666329	6.53961000137693	7.23203800822894
6.98503236813732	0.186062325449872	6.62035021025557	7.34971452601907
7.18277543154458	0.167619561065557	6.85424109185609	7.51130977123307
6.8094886303414	0.208586511604427	6.40065906759672	7.21831819308608
7.15577906003278	0.173240806522567	6.81622707924855	7.49533104081702
7.07204104337131	0.158179854075644	6.76200852938304	7.38207355735957
7.06771771501983	0.177781859396654	6.71926527060239	7.41617015943727
7.02532223160795	0.162115837529432	6.70757519005026	7.34306927316563
7.07402217816236	0.184448629151945	6.71250286502455	7.43554149130018
6.95334480717038	0.185426016837453	6.58990981416897	7.31677980017179
6.72827392481665	0.204880031162819	6.32670906373753	7.12983878589578
7.1095769314004	0.171089027906113	6.77424243670442	7.44491142609639
7.22690937409946	0.199796613763092	6.8353080111238	7.61851073707512
7.17268574050379	0.16353036283646	6.85216622934433	7.49320525166325
7.23688850227959	0.162974396517029	6.91745868510621	7.55631831945296
7.29883092871448	0.198986001801337	6.90881836518385	7.6888434922451
7.30902752449381	0.185314692996588	6.9458107262205	7.67224432276713
6.82479574102261	0.169027670870396	6.49350150611663	7.15608997592858
6.68543178730246	0.199246598678865	6.29490845389188	7.07595512071303
6.75090916511427	0.171592405951205	6.41458804944991	7.08723028077863
7.24146836450154	0.169036654551539	6.91015652158052	7.57278020742255
6.64571201638915	0.194924512154975	6.2636599725654	7.0277640602129
6.50559231945068	0.222907501850421	6.06869361582386	6.94249102307751
6.91358466063621	0.155752083198884	6.6083105775664	7.21885874370602
6.76962664265726	0.197457754386499	6.38260944405973	7.1566438412548
7.13586175271112	0.193179160305434	6.75723059851247	7.51449290690977
7.08281556818196	0.175948004147733	6.73795748005241	7.42767365631152
6.9606742308794	0.182637140904125	6.60270543470732	7.31864302705149
6.91535221526335	0.173311573149179	6.57566153189096	7.25504289863574
6.82177672517679	0.172768189182717	6.48315107437867	7.16040237597492
7.02931577549658	0.19227536972776	6.65245605083017	7.40617550016299
6.91806923305606	0.189726469263445	6.54620535329971	7.28993311281241
7.16661251391362	0.175153893083614	6.82331088346973	7.5099141443575
6.74459240794193	0.167273639282661	6.41673607494792	7.07244874093595
6.80539093407896	0.187151559893738	6.43857387668723	7.17220799147069
6.86345012741438	0.150061559513185	6.56932947076853	7.15757078406022
7.18358871709913	0.1799912221786	6.83080592162907	7.53637151256919
6.89272085551298	0.161428327907717	6.57632133281386	7.20912037821211
7.01528514068331	0.204401984893886	6.61465725029129	7.41591303107533
6.95547226301954	0.182844454369771	6.59709713245479	7.31384739358429
7.20383294492418	0.19542413618741	6.82080163799685	7.5868642518515
7.01600349135276	0.173807591966208	6.67534061109899	7.35666637160653
7.03928294878093	0.185179874726523	6.67633039431695	7.40223550324492
7.1467044917893	0.172087136056593	6.80941370511838	7.48399527846023
7.12900033389616	0.171691623589741	6.79248475166027	7.46551591613205
6.86185273610472	0.171299135005508	6.52610643149392	7.19759904071551
7.15038775575777	0.175003384246973	6.8073811226337	7.49339438888183
6.76135667296812	0.18045927584037	6.40765649232099	7.11505685361524
7.08760323952593	0.162143009576158	6.76980294075666	7.4054035382952
6.85355249181422	0.184736799287853	6.49146836521003	7.21563661841842
6.97472701029625	0.196720240550496	6.58915533881728	7.36029868177523
6.98287514371317	0.167117330492618	6.65532517594764	7.3104251114787
6.98714760870557	0.188880549003066	6.61694173265956	7.35735348475158
7.00474569928994	0.17568745917238	6.66039827931208	7.3490931192678
7.02709833846009	0.192728696180759	6.6493500939458	7.40484658297438
6.85780842172744	0.18318771416574	6.49876050196259	7.21685634149229
7.31008400431667	0.179412930589764	6.95843466036073	7.66173334827261
6.86115677226986	0.185808515519649	6.49697208185135	7.22534146268837
6.92882345005362	0.164304339097458	6.6067869454226	7.25085995468464
6.90140633937064	0.173247693436005	6.56184086023607	7.24097181850521
6.88622087248369	0.170521019505939	6.55199967425205	7.22044207071533
6.95679431834829	0.191428966321264	6.58159354435861	7.33199509233797
7.01394226059967	0.170552834967448	6.67965870406347	7.34822581713587
6.79852296466217	0.189911083664967	6.42629724067883	7.1707486886455
6.77667108148179	0.193805407414815	6.39681248294876	7.15652968001483
7.12719098997047	0.182338087782759	6.76980833791626	7.48457364202468
7.28745858809948	0.190856083972681	6.91338066351303	7.66153651268594
7.02975650680782	0.181886042519059	6.67325986347047	7.38625315014518
6.9245279193402	0.169535563597024	6.59223821469003	7.25681762399037
6.80192355125691	0.20396192123059	6.40215818564495	7.20168891686886
6.58344130940523	0.363817261914869	5.87035947605209	7.29652314275837
7.01319926131508	0.166743428926798	6.68638214061856	7.34001638201161
6.91941363532269	0.170460981690786	6.58531011120875	7.25351715943663
6.82341694738547	0.179563635946124	6.47147222093106	7.17536167383987
6.70713548478209	0.174753874730097	6.3646178903111	7.04965307925308
6.89054476716669	0.178905707685125	6.53988958010385	7.24119995422954
6.84076643529315	0.17208914778551	6.50347170563355	7.17806116495275
7.02782767016192	0.186414409422873	6.66245542769309	7.39319991263075
6.93484361636729	0.176229236364521	6.58943431309283	7.28025291964175
6.63961105280565	0.278704902689603	6.09334944353403	7.18587266207727
7.04012997298471	0.194429730163882	6.6590477018635	7.42121224410592
6.99498329368924	0.175593293288165	6.65082043884443	7.33914614853404
7.16330131548422	0.190620875329069	6.78968439983924	7.53691823112919
7.17066295306365	0.191928534089357	6.79448302624851	7.54684287987879
6.87641850427007	0.177433352902018	6.52864913258212	7.22418787595803
6.48257524504115	0.210614852426154	6.06977013428589	6.89538035579641
6.96859463988894	0.176288886348349	6.62306842264617	7.3141208571317
6.71705676009787	0.206126121314994	6.31304956232049	7.12106395787526
6.9580989552552	0.179458866842133	6.60635957624462	7.30983833426578
6.76277338942579	0.183638256052162	6.40284240756355	7.12270437128802
6.83666540956641	0.213257294696195	6.41868111196187	7.25464970717095
7.0122152393814	0.156869252732617	6.70475150402547	7.31967897473733
6.84494662292002	0.175503138498123	6.5009604714637	7.18893277437634
7.06949341489436	0.228876808046343	6.62089487112353	7.5180919586652
7.23080892467911	0.18180940232924	6.8744624961138	7.58715535324442
6.87589131710251	0.184848920869742	6.51358743219782	7.23819520200721
7.03190287197215	0.172646704565736	6.69351533102331	7.37029041292099
7.24546586250763	0.197084484559914	6.8591802727702	7.63175145224506
6.47632558876314	0.220424850169697	6.04429288243053	6.90835829509575
6.99987237394681	0.17079870212456	6.66510691778267	7.33463783011095
7.19111725774616	0.190087798752355	6.81854517219154	7.56368934330077
7.26372242179471	0.175939733171456	6.91888054477866	7.60856429881077
7.10478752599565	0.206568161894818	6.69991392868181	7.5096611233095
6.89194273157642	0.16944462156639	6.55983127330629	7.22405418984654
6.2900938366745	0.631629175684015	5.05210065233383	7.52808702101517
6.74009561558926	0.168849835889202	6.40914993724642	7.0710412939321
6.93841808713906	0.184843128458879	6.57612555535966	7.30071061891846
6.81005030350058	0.207511392797428	6.40332797361762	7.21677263338354
6.94228301558207	0.172592614265588	6.60400149162152	7.28056453954262
6.68467979621562	0.168437915099133	6.35454148262132	7.01481810980992
6.88691788477662	0.170764012434387	6.55222042040522	7.22161534914802
6.9285182144436	0.180509220088171	6.57472014307079	7.28231628581642
6.91741488440093	0.192318229374356	6.54047115482719	7.29435861397466
6.88496647066907	0.253796388330071	6.38752554954213	7.38240739179601
6.65760433005227	0.164059877666006	6.3360469698269	6.97916169027764
6.48657644340314	0.177841991966074	6.13800613914963	6.83514674765664
7.16488178233421	0.189589485373958	6.79328639100125	7.53647717366717
6.77043509845215	0.169645187630145	6.43793053069707	7.10293966620724
6.8193016777308	0.185405376928152	6.45590713895162	7.18269621650998
6.96778439922192	0.169866462227141	6.63484613325673	7.30072266518712
6.84974982582102	0.200097178592519	6.45755935577968	7.24194029586235
7.08973914313647	0.17586755453346	6.74503873625088	7.43443955002205
6.92392891889832	0.206722681733061	6.51875246270152	7.32910537509511
6.92707237222207	0.15577134787012	6.62176053039664	7.23238421404751
7.34812807040128	0.196199298081736	6.96357744616108	7.73267869464149
6.84224762954546	0.192219565160158	6.46549728183155	7.21899797725937
7.23927069123079	0.168170220348724	6.90965705934729	7.56888432311428
6.55696344987901	0.173630032656162	6.21664858587293	6.89727831388508
6.99470227622382	0.159335993612125	6.68240372874405	7.30700082370358
7.04861938279218	0.191088672089535	6.6740855854967	7.42315318008767
6.61583058956456	0.191295720485509	6.24089097741296	6.99077020171616
7.19196476722376	0.185709203742558	6.82797472788835	7.55595480655918
6.94331309053143	0.162209402114033	6.62538266238792	7.26124351867493
7.00424200428979	0.180684908644515	6.65009958334654	7.35838442523304
7.14861181618009	0.1791689778135	6.79744061966563	7.49978301269455
7.13306724943428	0.171794270258257	6.7963504797281	7.46978401914047
7.04764515436126	0.171907209312373	6.71070702410901	7.38458328461351
6.9214036661342	0.164088138154414	6.59979091535155	7.24301641691685
7.20626386756659	0.167962250347243	6.877057856886	7.53546987824719
7.1219093710633	0.183488780227738	6.76227136181693	7.48154738030967
6.99023846176021	0.175086272714346	6.64706936724009	7.33340755628033
6.47686437047257	0.220219749407251	6.04523366163436	6.90849507931078
6.9674226385341	0.176806687347994	6.62088153133203	7.31396374573617
6.88127234054406	0.176446996657287	6.53543622709578	7.22710845399234
7.07836388645327	0.208396038532747	6.66990765092908	7.48682012197745
7.01788565375324	0.182948327502517	6.65930693184831	7.37646437565818
6.82868836668482	0.177575387455137	6.48064060727276	7.17673612609689
6.94689795288164	0.206722664819731	6.54172152983497	7.35207437592831
6.9940139327358	0.168434960081771	6.66388141097553	7.32414645449607
6.85112341162273	0.180660530877568	6.49702877110269	7.20521805214276
7.12996000732429	0.189008781093608	6.75950279638082	7.50041721826777
6.95300595939934	0.239753809886018	6.48308849202274	7.42292342677593
6.82720364983478	0.192162676918712	6.4505648030741	7.20384249659546
6.98517835127528	0.21051120199532	6.57257639536446	7.39778030718611
6.77050747704012	0.203746343784179	6.37116464322313	7.16985031085711
7.05377390875827	0.167043705114769	6.72636824673332	7.38117957078322
6.77387911308455	0.164389165517767	6.45167634866972	7.09608187749937
6.72791442094979	0.179265733201754	6.37655358387435	7.07927525802523
7.04919257716053	0.202785033673309	6.65173391116084	7.44665124316021
6.96156436480502	0.190904226428549	6.58739208100507	7.33573664860498
7.35450097275378	0.17300679189511	7.01540766063937	7.6935942848682
7.21241121179554	0.177655137873822	6.86420714156284	7.56061528202823
6.69551390824019	0.181023824623218	6.34070721197868	7.0503206045017
7.04015070753367	0.185067822014557	6.67741777638514	7.4028836386822
7.13150891527647	0.163298712010084	6.81144343973671	7.45157439081624
6.85545772131912	0.169166775028219	6.52389084226381	7.18702460037443
6.9844371541522	0.155625898391799	6.67941039330428	7.28946391500013
7.42815903128434	0.180457637214709	7.07446206234351	7.78185600022517
7.21160226732914	0.222641438267921	6.77522504832401	7.64797948633426
6.87056905397741	0.172514532317288	6.53244057063553	7.20869753731929
6.85007630471635	0.179934147395745	6.49740537582069	7.20274723361201
6.99913483829069	0.186158793789577	6.63426360246312	7.36400607411826
7.30338074796989	0.184234804343925	6.9422805314558	7.66448096448398
6.77299316826094	0.177975452426869	6.42416128150427	7.1218250550176
6.67814265980244	0.180120788089934	6.32510591514617	7.03117940445871
6.89439849423696	0.170269258769436	6.56067074704887	7.22812624142506
7.41945529037347	0.167784698864216	7.09059728059961	7.74831330014734
6.94523701690572	0.179440570570584	6.59353349858737	7.29694053522406
6.9677744655276	0.177680311323299	6.61952105533394	7.31602787572127
6.85924988440521	0.174459204432155	6.51730984371819	7.20118992509224
6.97927263867466	0.177223037452084	6.63191548526857	7.32662979208074
6.99534273935864	0.170592163824625	6.66098209826238	7.32970338045491
7.24862568926981	0.189982597491039	6.87625979818737	7.62099158035225
7.195270126472	0.19110131692712	6.82071154529485	7.56982870764915
6.75576862165332	0.165857665325748	6.43068759761485	7.08084964569178
7.19197354823408	0.153414063739778	6.89128198330411	7.49266511316404
7.33857933307499	0.169429166974621	7.00649816580473	7.67066050034525
6.87380532786186	0.156954586270529	6.56617433877163	7.1814363169521
7.08552714866393	0.153297228988762	6.78506457984596	7.38598971748191
6.7430694721344	0.179409356389419	6.39142713361114	7.09471181065767
6.99012451335877	0.176046772482542	6.64507283929299	7.33517618742455
7.02877229828807	0.166680988559208	6.70207756071202	7.35546703586412
7.05519544023035	0.171003481344682	6.72002861679478	7.39036226366593
7.03065848017413	0.207247998050422	6.6244524039953	7.43686455635296
7.09701762187353	0.174499461262215	6.75499867779959	7.43903656594747
6.85286233724569	0.157975304671981	6.5432307400886	7.16249393440277
6.88284575861177	0.164023850252483	6.5613590121169	7.20433250510663
6.98248751188523	0.165596666703986	6.65791804514542	7.30705697862504
7.02789399707718	0.182121244724916	6.67093635741635	7.38485163673802
6.83374333712979	0.17273264320739	6.49518735644331	7.17229931781627
7.13600020178089	0.16732254963162	6.80804800450291	7.46395239905886
7.03856052314313	0.161123039160344	6.72275936638885	7.3543616798974
7.09708564222575	0.169416004563291	6.7650302732817	7.4291410111698
6.92921308362298	0.192934418480013	6.55106162340215	7.3073645438438
6.89550699072972	0.194343924603281	6.51459289850728	7.27642108295215
6.88275311663768	0.189445715653323	6.51143951395717	7.2540667193182
6.82619302327076	0.177314513225248	6.47865657734928	7.17372946919225
6.66949995929516	0.190036420041771	6.29702857601328	7.04197134257703
7.0254866071804	0.162849620102006	6.70630135178047	7.34467186258033
6.66298378157848	0.213556849335024	6.24441235688183	7.08155520627513
7.1467677082464	0.161064791715103	6.8310807164848	7.462454700008
6.84767735050603	0.187020978161236	6.48111623331001	7.21423846770206
6.75832889773171	0.195405592428092	6.37533393657265	7.14132385889077
6.97027683166216	0.18471005043133	6.60824513281675	7.33230853050757
7.13730057241113	0.187023636585194	6.77073424470415	7.50386690011811
6.7932719461126	0.194928300642989	6.41121247685235	7.17533141537286
7.1737068441914	0.172400089982618	6.83580266782546	7.51161102055733
7.09031275245445	0.174630735871457	6.74803651014639	7.43258899476251
6.92667670538498	0.170522034194582	6.5924535183636	7.26089989240636
7.00773954924745	0.167060634853493	6.68030070493461	7.3351783935603
6.9648639387404	0.178542124237848	6.61492137523422	7.31480650224658
6.84946381526959	0.191307436097114	6.47450124051925	7.22442639001994
7.14178668612301	0.20916449126585	6.73182428324194	7.55174908900407
7.06310098930136	0.16017675031491	6.74915455868414	7.37704741991858
6.85550038572762	0.168485508252303	6.5252687895531	7.18573198190213
7.07493255247441	0.178407564848789	6.72525372537079	7.42461137957804
7.28379626571138	0.162969343857257	6.96437635175116	7.60321617967161
7.12060326533505	0.172412625439807	6.78267451947303	7.45853201119708
7.2561620215953	0.179648482258206	6.90405099636922	7.60827304682139
6.73070948074431	0.324413073239122	6.09485985719563	7.36655910429299
6.8938442151725	0.166292085829114	6.56791172694743	7.21977670339756
7.20333813100186	0.199474705269103	6.81236770867442	7.5943085533293
6.76880445691227	0.173518288096017	6.42870861224407	7.10890030158046
7.01486432198101	0.17953010563966	6.66298531492728	7.36674332903475
7.13559278255752	0.186369594910851	6.77030837653225	7.50087718858279
6.74755502925666	0.175895021148514	6.40280078780557	7.09230927070775
6.77299218762106	0.161473720528898	6.45650369538441	7.0894806798577
7.11317470325532	0.189511758036268	6.74173165750423	7.4846177490064
7.07142376462316	0.182754436764676	6.7132250685644	7.42962246068192
7.48430860459011	0.28853951879557	6.91877114775079	8.04984606142943
7.00865230407963	0.15946519567555	6.69610052055555	7.3212040876037
6.86424274977655	0.167601738147177	6.53574334300809	7.19274215654502
7.10048598165829	0.159808184669251	6.78726193970656	7.41371002361002
6.93421867267014	0.187389554441546	6.56693514596471	7.30150219937557
6.78358569953391	0.250069965683885	6.29344856679349	7.27372283227432
6.94489653099867	0.17505810716888	6.60178264094766	7.28801042104967
6.85468891858031	0.179533818836836	6.50280263366011	7.20657520350051
6.93262046954308	0.169028909452625	6.60132380701594	7.26391713207023
7.2440525768779	0.227490447057121	6.79817130064594	7.68993385310985
6.97140682361394	0.174097534816064	6.63017565537446	7.31263799185343
7.18747165586342	0.162020252025829	6.8699119618928	7.50503134983405
7.06344191933355	0.175575490527876	6.71931395789891	7.40756988076819
6.94958197667171	0.175350812505646	6.60589438416065	7.29326956918278
6.98093636787309	0.168847982962709	6.64999432126618	7.31187841448
7.36921998444335	0.180855042168237	7.01474410179361	7.7236958670931
6.83140044328148	0.196672203009411	6.44592292538304	7.21687796117993
6.78695166042907	0.20718837032764	6.3808624545869	7.19304086627124
7.12054819967668	0.196771997077207	6.73487508540535	7.506221313948
7.13319349268202	0.182786109656205	6.77493271775586	7.49145426760818
7.24678138550794	0.182320976933012	6.88943227071924	7.60413050029665
7.03418585494891	0.19989411888191	6.64239338194037	7.42597832795746
6.94855694315469	0.186834604074191	6.58236111916928	7.31475276714011
7.0434541889446	0.179329628084855	6.69196811789828	7.39494025999091
6.99535944076591	0.178023414741979	6.64643354787163	7.34428533366019
6.95567801980918	0.167783889119801	6.62682159713437	7.28453444248399
7.41645871804723	0.183109831483047	7.05756344834046	7.775353987754
7.23772270658713	0.170556736926338	6.90343150221151	7.57201391096276
7.13597872855882	0.19809952783702	6.74770365399826	7.52425380311938
7.17970524584568	0.163595580490055	6.85905790808517	7.50035258360619
6.63089186344664	0.181880241939259	6.2744065892457	6.98737713764759
7.09110710439155	0.18341146450044	6.73162063397069	7.45059357481241
6.92437378410241	0.167116452184497	6.59682553782079	7.25192203038402
6.72605901852896	0.197789005088659	6.33839256855519	7.11372546850273
6.81030227588476	0.186030333227453	6.44568282275896	7.17492172901057
7.16245379741737	0.177231019870561	6.81508099847107	7.50982659636367
6.91462854047241	0.163843138450367	6.59349598910969	7.23576109183512
6.81314455536926	0.171456694165839	6.47708943480422	7.14919967593431
6.87839096098589	0.187984635908015	6.50994107460618	7.2468408473656
6.66020863726429	0.20406755793648	6.26023622370879	7.06018105081979
7.61380484374315	0.205562064509306	7.21090319730491	8.01670649018139
6.7861121535177	0.183604943773952	6.42624646372076	7.14597784331465
6.85053673023774	0.212990313756686	6.43307571527463	7.26799774520084
7.2306519154397	0.162033327372772	6.91306659378906	7.54823723709033
7.00501715455758	0.176793117662186	6.65850264393969	7.35153166517546
6.9022588028088	0.28271592873588	6.34813558248648	7.45638202313112
6.85959290863476	0.193927187057883	6.47949562200131	7.23969019526821
6.90965526824724	0.158865421760431	6.59827904159679	7.22103149489768
6.8179881421679	0.171696980201655	6.48146206097265	7.15451422336314
7.13867016893488	0.179331449332781	6.78718052824262	7.49015980962713
7.12679219126355	0.171623098393053	6.79041091841317	7.46317346411393
7.24129152951796	0.16705915280911	6.91385559001211	7.56872746902382
6.92799061875495	0.170485971501608	6.5938381146118	7.2621431228981
7.03385657590727	0.166635374920135	6.70725124106381	7.36046191075074
6.70515969274072	0.206894592530257	6.29964629138142	7.11067309410002
6.91442820051907	0.179224645051197	6.56314789621872	7.26570850481941
6.87044205706799	0.177987174818143	6.52158719442443	7.21929691971155
7.08240698745573	0.175500735912848	6.73842554506655	7.42638842984491
7.18650204791581	0.166734307608958	6.85970280500225	7.51330129082936
7.05347454964593	0.180337075659164	6.70001388135397	7.4069352179379
6.98514678961167	0.168087746035038	6.655694807383	7.31459877184035
6.71579355244334	0.18403264319636	6.35508957177848	7.07649753310821
6.7961109581146	0.161731461259087	6.47911729404679	7.11310462218241
7.07189281872698	0.183516371129156	6.71220073131383	7.43158490614012
7.01712015795151	0.187047771868246	6.65050652508975	7.38373379081327
7.20319613349889	0.168754365539747	6.87243757704098	7.53395468995679
7.33290281198715	0.174119289402927	6.99162900475741	7.67417661921688
7.01301508509851	0.165161209852167	6.68929911378826	7.33673105640876
6.89754935184379	0.166483245849598	6.57124218997858	7.223856513709
7.12169738268942	0.173850660091696	6.7809500889097	7.46244467646914
6.83598501024073	0.171155983911645	6.50051928177391	7.17145073870756
