estFinal_ipw	sdFinal_ipw	X1.1	X2.1
4.7888437218807	0.240351489125311	4.31775480319509	5.25993264056631
5.41113797326848	0.239479178966051	4.94175878249502	5.88051716404194
4.66546053188484	0.243262817028593	4.18866541050879	5.14225565326088
4.82006980008407	0.231178321036781	4.36696029085198	5.27317930931616
5.42582494166361	0.223381561503571	4.98799708111661	5.86365280221061
5.00502178774175	0.243615484197813	4.52753543871404	5.48250813676946
5.20261473351089	0.22078420103089	4.76987769949035	5.63535176753143
4.92506329105616	0.249211593838357	4.43660856713298	5.41351801497934
4.91300240498957	0.228324173723801	4.46548702449092	5.36051778548822
4.99190587583472	0.23843982758016	4.5245638137776	5.45924793789183
5.09653963049261	0.237564507220305	4.63091319634082	5.56216606464441
5.19232739267441	0.231896770207776	4.73780972306717	5.64684506228165
5.11088599537136	0.242110428622288	4.63634955527167	5.58542243547104
5.26816669601545	0.241105552902025	4.79559981232748	5.74073357970342
5.33133195273283	0.220064267400023	4.90000598862879	5.76265791683687
5.19833925313746	0.2378722138343	4.73210971402223	5.66456879225269
4.92310360697366	0.235674218250876	4.46118213920195	5.38502507474538
5.36010225784596	0.231738225325756	4.90589533620748	5.81430917948444
5.126859612092	0.222504301106613	4.69075118192304	5.56296804226096
5.41171157568524	0.244928862320322	4.9316510055374	5.89177214583307
5.27282649112366	0.236814029651282	4.80867099300714	5.73698198924017
5.213848622673	0.252521016666326	4.718907430007	5.708789815339
5.71641897842379	0.219963970881287	5.28528959549647	6.14754836135111
4.97951931469086	0.222175827030339	4.5440546937114	5.41498393567033
5.17758215941962	0.227954207581414	4.73079191256004	5.62437240627919
5.01626010269606	0.251670478373324	4.52298596508434	5.50953424030777
5.31320227871029	0.221695341191894	4.87867940997418	5.7477251474464
5.1925644963486	0.23898657794902	4.72415080356852	5.66097818912868
5.03268941431544	0.257431055812105	4.52812454492372	5.53725428370717
5.33297147525783	0.247935935904732	4.84701704088456	5.81892590963111
5.30032961786582	0.250371679990108	4.80960112508521	5.79105811064643
4.95971695351984	0.234125482610705	4.50083100760286	5.41860289943682
5.23137961770047	0.234458517054551	4.77184092427355	5.69091831112739
5.05287004229634	0.237935841344705	4.58651579326072	5.51922429133196
5.01334685013304	0.230038650840092	4.56247109448646	5.46422260577962
5.29479529420702	0.236546783178438	4.83116359917728	5.75842698923675
5.4784982765682	0.233758830572669	5.02033096864577	5.93666558449064
4.94514853434024	0.218026619534702	4.51781636005223	5.37248070862826
5.50911015157	0.246438173079217	5.02609133233473	5.99212897080526
4.84094063797395	0.247628841255121	4.35558810911392	5.32629316683399
5.20629734602616	0.231259482347786	4.7530287606245	5.65956593142782
5.10656567620271	0.246746865385547	4.62294182004704	5.59018953235839
4.77116376541678	0.240818955321945	4.29915861298577	5.24316891784779
4.92812005151317	0.226995813215249	4.48320825761128	5.37303184541506
5.36135593650489	0.232358067758152	4.90593412369891	5.81677774931087
5.32101005619269	0.233575337678291	4.86320239434324	5.77881771804214
5.25601586375168	0.250165528923012	4.76569142706257	5.74634030044078
5.0830355835557	0.224456984507447	4.64309989392111	5.5229712731903
5.42875685740639	0.250522334902791	4.93773308099692	5.91978063381586
5.28841882183055	0.240087447363564	4.81784742499797	5.75899021866314
5.47242685961971	0.233454594725457	5.01485585395781	5.9299978652816
4.9732395104633	0.229788186654121	4.52285466462122	5.42362435630538
5.10970430162359	0.259424040348836	4.60123318253987	5.61817542070731
5.63320689868028	0.226019593679708	5.19020849506806	6.07620530229251
4.93777967850467	0.226229272536438	4.49437030433325	5.38118905267609
5.11590621877911	0.230327283735108	4.6644647426583	5.56734769489993
5.44035850434915	0.231126667067878	4.98735023689611	5.89336677180219
5.31308140913983	0.224171905272129	4.87370447480646	5.75245834347321
4.86688955650374	0.237834100951942	4.40073471863793	5.33304439436954
4.95631747010976	0.229534340507884	4.5064301627143	5.40620477750521
5.31674902150781	0.228461164721331	4.868965138654	5.76453290436161
5.47112357602972	0.253479551803415	4.97430365449503	5.96794349756442
5.31855230821368	0.253216870362902	4.82224724230239	5.81485737412497
5.16295893799481	0.23353414441082	4.7052320149496	5.62068586104002
5.21956432297253	0.233181143709018	4.76252928130285	5.6765993646422
5.45920443227648	0.208851803315411	5.04985489777828	5.86855396677469
5.10387223900089	0.223852860830456	4.6651206317732	5.54262384622859
5.15149026226518	0.220508901420144	4.7192928154817	5.58368770904866
4.93907897703332	0.243824965197702	4.46118204524582	5.41697590882082
5.03157202427843	0.221375079181777	4.59767686908215	5.46546717947471
5.09094382201294	0.23288696275764	4.63448537500797	5.54740226901792
5.56513624316717	0.224007790563248	5.1260809736632	6.00419151267114
4.99085034090509	0.223950828479209	4.55190671708584	5.42979396472434
5.00710512599304	0.231578785677042	4.55321070606604	5.46099954592005
5.34441679594452	0.231137579731839	4.89138713967011	5.79744645221892
5.29015302405619	0.250065361946028	4.80002491464198	5.78028113347041
5.09814842340454	0.210692538445325	4.6851910480517	5.51110579875738
5.46720801996547	0.252161645287881	4.97297119520123	5.96144484472972
5.41128710939992	0.242118005844607	4.93673581794449	5.88583840085535
4.81635887221691	0.252566441412167	4.32132864704906	5.31138909738476
5.56619983115656	0.238971947501276	5.09781481405405	6.03458484825906
4.94902051961395	0.218845250574488	4.52008382848795	5.37795721073994
5.02253196145033	0.231552887605991	4.56868830174259	5.47637562115808
5.1577358072241	0.235623329171381	4.6959140820482	5.61955753240001
4.96345366647754	0.231757640740013	4.50920869062711	5.41769864232796
5.33550600205641	0.244927853821172	4.85544740856692	5.81556459554591
5.3429212695872	0.245302761389277	4.86212785726421	5.82371468191018
5.06905020009421	0.227312927772862	4.6235168616594	5.51458353852902
5.52511104848286	0.237698500485818	5.05922198753066	5.99100010943506
5.17743779512102	0.22739122515313	4.73175099382089	5.62312459642116
5.61414728424829	0.251911784893534	5.12040018585697	6.10789438263962
5.41511943340347	0.241546680304948	4.94168794000577	5.88855092680117
5.28681310673459	0.219817836774442	4.85597014665668	5.71765606681249
5.47455393139462	0.246824891873757	4.99077714332206	5.95833071946719
5.05336669344616	0.21603785605873	4.62993249557105	5.47680089132127
5.69087739797283	0.248450315086182	5.20391478040391	6.17784001554175
5.01831363651575	0.241176783987628	4.5456071399	5.49102013313151
5.2526568238733	0.224917749516143	4.81181803482166	5.69349561292494
5.35974662796416	0.220599359810151	4.92737188273626	5.79212137319206
5.67541167624117	0.252896862071175	5.17973382658167	6.17108952590067
5.03415535791275	0.22779521856795	4.58767672951956	5.48063398630593
5.4119721803799	0.249529328707993	4.92289469611223	5.90104966464756
5.3451110650725	0.249790571225983	4.85552154546957	5.83470058467542
5.43595570542329	0.232677483486366	4.97990783779001	5.89200357305656
4.90353337918666	0.228367405773188	4.45593326387121	5.35113349450211
5.05707157155231	0.230973271550122	4.60436395931407	5.50977918379055
5.27069683438083	0.225798344106342	4.8281320799324	5.71326158882926
5.5255787995829	0.240146747480187	5.05489117452174	5.99626642464407
4.90064214988037	0.238371943705627	4.43343314021734	5.3678511595434
5.22801875449748	0.218486165754849	4.79978586961798	5.65625163937699
5.04514553996364	0.244579463921709	4.56576979067709	5.52452128925018
5.13500045712242	0.252831619827853	4.63945048225983	5.63055043198501
5.30392891856181	0.238287984360216	4.83688446921579	5.77097336790783
5.4920729146933	0.235886781361744	5.02973482322428	5.95441100616232
4.86162340237912	0.255854412797773	4.36014875329548	5.36309805146275
5.20308904791924	0.239701745459592	4.73327362681844	5.67290446902004
5.69887350052959	0.24344540053553	5.22172051547995	6.17602648557923
5.12012950278794	0.219787008385453	4.68934696635245	5.55091203922342
4.95434190613779	0.235860555057662	4.49205521822477	5.41662859405081
5.24381111964808	0.244852936598122	4.76389936391576	5.7237228753804
5.42840702821627	0.251197385290579	4.93606015304673	5.9207539033858
5.29399445186159	0.220340460460117	4.86212714935976	5.72586175436342
5.00232936032529	0.257662340082941	4.49731117376272	5.50734754688785
5.28314321455397	0.253530491170507	4.78622345185978	5.78006297724817
5.26879353557489	0.227366377909282	4.8231554348727	5.71443163627708
5.19401738059262	0.233539390100377	4.73628017599588	5.65175458518935
5.00640691063669	0.232763633653685	4.55019018867546	5.46262363259791
5.00878170146205	0.26227993098212	4.4947130367371	5.52285036618701
4.92303215696425	0.236903791758516	4.45870072511756	5.38736358881094
5.10171196260957	0.232101800087265	4.64679243443853	5.55663149078061
5.74332860345482	0.231692117873739	5.28921205242229	6.19744515448735
5.22400968230811	0.240198174013146	4.75322126124235	5.69479810337388
5.05135350260378	0.243543795558857	4.57400766330842	5.52869934189914
5.33917816102082	0.228479392710665	4.89135855130791	5.78699777073372
4.92739860921139	0.233926771081631	4.46890213789139	5.38589508053138
5.0626381015929	0.252188131423409	4.56834936400301	5.55692683918278
5.00166313222066	0.237667498698882	4.53583483477085	5.46749142967047
5.25624440760895	0.210102036424539	4.84444441621685	5.66804439900104
5.39260055551065	0.222245452531825	4.95699946854827	5.82820164247303
5.18655480212123	0.250656838399543	4.69526739885812	5.67784220538433
5.11557157773642	0.234066078988214	4.65680206291952	5.57434109255332
5.07087976146103	0.233729379491939	4.61277017765683	5.52898934526523
5.32731957988693	0.225693612012408	4.88496010034261	5.76967905943125
4.53235860667964	0.223947209547351	4.09342207596683	4.97129513739245
5.12136298258555	0.234267300838881	4.66219907294134	5.58052689222975
5.27760613608897	0.253867102969277	4.78002661426919	5.77518565790876
4.95545226775653	0.244396061749966	4.4764359867266	5.43446854878646
5.64654225521696	0.222568941917632	5.2103071290584	6.08277738137552
5.34245046782489	0.209806707618975	4.9312293208917	5.75367161475808
4.69902610159089	0.237084831888261	4.2343398310899	5.16371237209189
5.33534734467537	0.244093581450541	4.8569239250323	5.81377076431843
5.21673460861109	0.240379473650027	4.74559084025704	5.68787837696514
5.24398081709836	0.239233133298577	4.77508387583315	5.71287775836357
5.21381731020619	0.231571639517653	4.75993689675159	5.66769772366079
5.11020329471085	0.222960902172665	4.67319992645243	5.54720666296928
5.0273967977906	0.229153342427234	4.57825624663322	5.47653734894798
5.31694076644946	0.252003860642463	4.82301319959023	5.81086833330869
4.63665510060234	0.209689370282971	4.22566393484771	5.04764626635696
5.02520453810646	0.234987195833688	4.56462963427244	5.48577944194049
5.63485004981303	0.237339475403391	5.16966467802238	6.10003542160368
5.21748653435235	0.22294154496083	4.78052110622913	5.65445196247558
4.8520455743343	0.236735646716597	4.38804370676977	5.31604744189884
5.02583049180654	0.237121344961382	4.56107265568224	5.49058832793085
5.07191383480947	0.226400557092808	4.62816874290756	5.51565892671137
4.71914603989548	0.259881945427553	4.20977742685747	5.22851465293348
4.85201370731046	0.229506270116896	4.40218141788135	5.30184599673958
5.05708758069025	0.241907865744108	4.5829481638318	5.5312269975487
5.07673643737895	0.233651814858286	4.61877888025671	5.53469399450119
4.89237526492178	0.239696915518732	4.42256931050507	5.36218121933849
5.2425590839907	0.227694909039968	4.79627706227236	5.68884110570903
5.29187407980757	0.209989598872304	4.88029446601786	5.70345369359729
5.34398369032712	0.228125659226732	4.89685739824273	5.79110998241152
5.23324864469515	0.235295809533013	4.77206885801044	5.69442843137986
5.24727570267101	0.230082451147332	4.79631409842224	5.69823730691978
5.05521769894168	0.213226154931646	4.63729443527565	5.47314096260771
5.10489793743604	0.256401971919406	4.60235007247401	5.60744580239808
4.94231684978553	0.220866111977589	4.50941927030945	5.3752144292616
5.33706772398765	0.223371091557893	4.89926038453418	5.77487506344112
5.19843191889467	0.238301100687355	4.73136176154745	5.66550207624189
5.58301089965701	0.23449841414594	5.12339400793096	6.04262779138305
5.20533500988099	0.23753165063594	4.73977297463455	5.67089704512744
4.77370296556045	0.216014445347636	4.35031465267908	5.19709127844181
5.1992465724841	0.243739518538091	4.72151711614945	5.67697602881876
5.18588105897213	0.249852638043482	4.6961698884069	5.67559222953735
5.41865238778483	0.229895550127037	4.96805710953583	5.86924766603382
5.16445195474359	0.238726166870329	4.69654866767775	5.63235524180944
5.36943374294777	0.239890288705183	4.89924877708561	5.83961870880993
5.12533882321309	0.243259954953506	4.64854931150422	5.60212833492196
5.42046374064722	0.244247697218295	4.94173825409936	5.89918922719508
5.48072799414676	0.274587929878479	4.94253565158494	6.01892033670857
5.03095234930342	0.23638539636365	4.56763697243067	5.49426772617617
5.26164907489603	0.252266489077662	4.76720675630381	5.75609139348824
5.07689375531021	0.212186247216908	4.66100871076507	5.49277879985535
5.05848715958422	0.229725806478773	4.60822457888583	5.50874974028262
5.15795439194137	0.234977615404821	4.69739826574792	5.61851051813482
5.00194536389803	0.238448238679746	4.53458681608573	5.46930391171033
4.80878350467919	0.223972652676118	4.36979710543399	5.24776990392438
5.34219741574236	0.230298841601969	4.8908116862025	5.79358314528222
5.14126013427387	0.257459031709013	4.6366404321242	5.64587983642353
5.31234908798959	0.238875388904814	4.84415332573615	5.78054485024302
5.43964218090504	0.242795476400321	4.96376304716041	5.91552131464967
5.13399112528852	0.231533968161899	4.68018454769119	5.58779770288584
4.92989671810128	0.223110309492536	4.49260051149591	5.36719292470665
5.24292696246238	0.245730086587372	4.76129599275114	5.72455793217363
5.5815077215978	0.240350731056535	5.11042028872699	6.05259515446861
5.1029599701678	0.229924767844591	4.6523074251924	5.5536125151432
5.23858926556101	0.230600168390049	4.78661293551651	5.6905655956055
4.92366712900422	0.253809677778397	4.42620016055856	5.42113409744987
5.14204153353037	0.247915315886476	4.65612751439288	5.62795555266787
5.16295518899215	0.254979158522743	4.66319603828758	5.66271433969673
5.1389434175401	0.237532761256346	4.67337920547766	5.60450762960254
5.28281908690669	0.223629523184569	4.84450522146493	5.72113295234844
5.19959997401078	0.238576846878855	4.73198935412822	5.66721059389333
5.00599940088491	0.231196976099423	4.55285332773004	5.45914547403978
5.00025122417282	0.243084694336591	4.5238052232731	5.47669722507254
5.13386665215353	0.244034268152961	4.65555948657373	5.61217381773333
5.45495975014702	0.240663309762514	4.98325966301249	5.92665983728154
5.2289031891687	0.233320129642341	4.77159573506972	5.68621064326769
5.1336678880652	0.229144661172966	4.68454435216619	5.58279142396422
5.04708201372236	0.227860285397346	4.60047585434356	5.49368817310115
5.04849665583456	0.230654539867877	4.59641375769352	5.5005795539756
5.09078041255695	0.237614572833517	4.62505584980325	5.55650497531064
5.39766247238467	0.233976814888546	4.93906791520311	5.85625702956622
5.14271621669132	0.225168328387337	4.70138629305214	5.5840461403305
5.10329866851474	0.248586111987308	4.61606988901961	5.59052744800986
5.27617296219161	0.221539752944835	4.84195504641974	5.71039087796349
5.25112609509521	0.224429298146565	4.81124467072794	5.69100751946248
5.48040581444109	0.214807484048621	5.05938314570579	5.90142848317638
5.7267112464621	0.232090791287416	5.27181329553876	6.18160919738543
5.51737264794261	0.243395710012334	5.04031705631843	5.99442823956678
5.31901954841543	0.231299460711668	4.86567260542056	5.77236649141029
5.13776657558726	0.250530188264647	4.64672740658855	5.62880574458597
5.11669690360058	0.247992475258799	4.63063165209333	5.60276215510783
4.89306708276014	0.219746194786819	4.46236454097797	5.3237696245423
5.20792558866775	0.229381811960139	4.75833723722587	5.65751394010962
4.9553080031853	0.244691950993949	4.47571177923716	5.43490422713344
5.00265585917302	0.253171670636578	4.50643938472533	5.49887233362071
5.17613678091161	0.226830376561794	4.73154924285049	5.62072431897272
4.8680253945157	0.222515112506069	4.4318957740038	5.30415501502759
5.21844905734405	0.230920503135232	4.765844871199	5.67105324348911
5.08181628314684	0.234365806436011	4.62245930253226	5.54117326376142
5.25146626321588	0.224826056759035	4.81080719196817	5.69212533446359
4.68311976894573	0.239502446394619	4.21369497401227	5.15254456387918
4.98361778854887	0.239378278869944	4.51443636196378	5.45279921513396
5.26146241405837	0.227811774123155	4.81495133677698	5.70797349133975
5.35104668900008	0.2503144618669	4.86043034374096	5.84166303425921
5.27636526671105	0.236653992571562	4.81252344127078	5.74020709215131
5.05606078865094	0.222564031738836	4.61983528644282	5.49228629085906
5.58337189356669	0.226809521787136	5.1388252308639	6.02791855626947
5.43527792971662	0.251481798736646	4.94237360419279	5.92818225524044
5.06668138159717	0.238418591462375	4.59938094233091	5.53398182086342
5.01958891624253	0.241572902451526	4.54610602743754	5.49307180504752
5.23141384821846	0.23815667990693	4.76462675560088	5.69820094083604
5.47546218882243	0.23176135157134	5.02120993974261	5.92971443790226
5.43886536288377	0.244491305272977	4.95966240454874	5.91806832121881
5.18385256365404	0.250370939183363	4.69312552285465	5.67457960445343
4.99572008495816	0.23997336223347	4.52537229498056	5.46606787493576
4.89547720844408	0.216054182987272	4.47201100978903	5.31894340709913
5.17211363344057	0.229574620226582	4.72214737779647	5.62207988908467
5.65562924819041	0.247579053542087	5.17037430324792	6.1408841931329
5.23250556441893	0.223704728748926	4.79404429607104	5.67096683276683
4.98735097267925	0.218737926593933	4.55862463655514	5.41607730880335
5.1503892160273	0.220262990696153	4.71867375426284	5.58210467779176
5.18487134671292	0.242312540023779	4.70993876826631	5.65980392515953
5.13491487327613	0.217513688966211	4.70858804290236	5.5612417036499
4.90906508258658	0.252648375546896	4.41387426651467	5.4042558986585
5.15576168020964	0.248506594278488	4.6686887554238	5.64283460499547
5.53845980318259	0.238344953604083	5.07130369411859	6.00561591224659
5.17201364039717	0.230689487860344	4.71986224419089	5.62416503660344
5.41987773283634	0.241944597970546	4.94566632081407	5.8940891448586
5.06792977991573	0.247643432825879	4.58254865157701	5.55331090825446
5.20423987944302	0.236699197463073	4.7403094524154	5.66817030647065
4.6875867768192	0.232854742969331	4.23119148059931	5.14398207303909
5.30943812814199	0.235741646745338	4.84738450052113	5.77149175576286
4.92352430276935	0.240290395496044	4.4525551275971	5.3944934779416
5.36116547226028	0.251873358261533	4.86749369006768	5.85483725445288
5.06475342356916	0.227685386178559	4.61849006665918	5.51101678047913
5.43040586211715	0.226616716520162	4.98623709773764	5.87457462649667
5.2404573097104	0.229168558735276	4.79128693458925	5.68962768483154
5.07641318227418	0.228189949325985	4.62916088159525	5.52366548295311
5.28207650958142	0.21890034812406	4.85303182725826	5.71112119190457
4.62510024357603	0.23836466454757	4.15790550106279	5.09229498608926
5.13931719754175	0.240584647820168	4.66777128781422	5.61086310726928
5.11584281319911	0.232495372150392	4.66015188378434	5.57153374261388
5.10674532065289	0.244217865837699	4.628078303611	5.58541233769478
5.14212492625927	0.234845319292875	4.68182810044523	5.6024217520733
5.10339391453653	0.247030931703574	4.61921328839752	5.58757454067553
5.10880402833781	0.235004595250252	4.64819502164732	5.56941303502831
4.70004459516046	0.227967763886721	4.25322777794248	5.14686141237843
5.22400765998712	0.224955764082506	4.7830943623854	5.66492095758883
4.91801560184534	0.235162227003984	4.45709763691753	5.37893356677315
5.31849583569123	0.223941581194238	4.87957033655052	5.75742133483194
5.17187133512598	0.235988803357119	4.70933328054603	5.63440938970594
5.24056500741574	0.234004974742976	4.78191525691951	5.69921475791198
4.88955948574652	0.243932237966202	4.41145229933277	5.36766667216028
5.35662706443739	0.220415483523709	4.92461271673092	5.78864141214386
5.23171639710131	0.228985458479187	4.78290489848211	5.68052789572052
5.60560363188789	0.252277691618256	5.11113935631611	6.10006790745967
5.23123077228411	0.238063490935258	4.76462633005101	5.69783521451722
5.17923774239688	0.233201145660431	4.72216349690243	5.63631198789133
4.96268179860676	0.235533157217919	4.50103681045964	5.42432678675388
5.13528937958972	0.254851978466917	4.63577950179456	5.63479925738488
5.54758608689817	0.225318061211965	5.10596268692272	5.98920948687362
5.30564472687109	0.230635965329938	4.85359823482441	5.75769121891777
4.85168166218813	0.255743487964912	4.35042442577691	5.35293889859936
5.52961808183019	0.223637397510892	5.09128878270884	5.96794738095154
4.97331850492241	0.229488443036856	4.52352115657017	5.42311585327465
5.08614513092541	0.24503739314281	4.6058718403655	5.56641842148531
4.95925367697317	0.241855753685078	4.48521639975042	5.43329095419593
5.28489458417841	0.234844717591099	4.82459893769985	5.74519023065696
5.39675449423325	0.246033863095382	4.9145281225663	5.8789808659002
4.89937585388181	0.228165419495829	4.45217163166998	5.34658007609363
4.85033918310228	0.244201816069073	4.3717036236069	5.32897474259766
4.97407502568206	0.237236823236439	4.50909085213864	5.43905919922548
5.07065967943441	0.24025933472502	4.59975138337337	5.54156797549545
5.34107689384506	0.230590199652552	4.88912010252606	5.79303368516406
5.01683669873093	0.225448291437043	4.57495804751432	5.45871534994753
5.57212378934585	0.226664165905281	5.12786202417149	6.0163855545202
5.1416567167822	0.228389088642737	4.69401410304243	5.58929933052196
5.11995913321236	0.224985179617763	4.67898818116154	5.56093008526317
5.01876336659517	0.226333001944381	4.57515068278418	5.46237605040616
5.5241343326953	0.243912113420943	5.04606659039025	6.00220207500034
5.28555231369789	0.229712383395936	4.83531604224186	5.73578858515392
5.3484395367568	0.246422939719607	4.86545057490637	5.83142849860723
5.07990053727497	0.232542974136789	4.62411630796687	5.53568476658308
5.25636421300666	0.236564754735107	4.79269729372585	5.72003113228747
5.32419938900049	0.248053931087481	4.83801368406902	5.81038509393195
5.81232118067626	0.228413853237441	5.36463002833088	6.26001233302165
4.90448321210615	0.223305467925411	4.46680449497234	5.34216192923995
5.39249503770055	0.218892778782741	4.96346519128638	5.82152488411472
5.13680429836461	0.216595195709763	4.71227771477348	5.56133088195575
5.3075050756183	0.236250361096626	4.84445436786892	5.77055578336769
5.52039827763214	0.24129211247987	5.04746573717159	5.99333081809268
4.93509421924076	0.238483428391536	4.46766669959335	5.40252173888817
5.24473506345152	0.227728053280968	4.79838807902082	5.69108204788222
5.28355756781889	0.230979180291386	4.83083837444778	5.73627676119001
5.33999843132109	0.252633495936285	4.84483677928597	5.83516008335621
5.14653062755661	0.238407984206414	4.67925097851203	5.61381027660118
5.15109049842409	0.233456799390561	4.69351517161859	5.60866582522959
5.14972641985306	0.24244442941386	4.67453533820189	5.62491750150422
4.93278197658077	0.241803833870845	4.45884646219391	5.40671749096763
5.23679512839054	0.243604135195917	4.75933102340655	5.71425923337454
5.05792442025063	0.232754752817927	4.6017251047275	5.51412373577377
5.36882126132826	0.22808968795793	4.92176547293072	5.8158770497258
5.28256384586086	0.242803558603142	4.80666887099871	5.75845882072302
5.15891084212731	0.249325942636815	4.67023199455916	5.64758968969547
5.29591005923465	0.242299136905855	4.82100375089918	5.77081636757013
5.39772566075147	0.230694660316518	4.94556412653109	5.84988719497184
5.17376913393021	0.226178513467392	4.73045924753412	5.6170790203263
5.20248803796949	0.260026877396922	4.69283535827152	5.71214071766746
5.17544706952692	0.229809491245177	4.72502046668637	5.62587367236746
5.15260497253564	0.218852032377103	4.72365498907652	5.58155495599476
5.5217129893374	0.230038889019513	5.07083676685915	5.97258921181564
5.34216115602511	0.252191714314671	4.84786539596836	5.83645691608186
5.31080119728926	0.238670599830223	4.84300682162202	5.7785955729565
5.03175708684845	0.242368887981258	4.55671406640519	5.50680010729172
5.29669707585693	0.252816229347171	4.80117726633647	5.79221688537738
5.46351585703208	0.228990575823702	5.01469432841762	5.91233738564653
4.84763958268651	0.23414750877179	4.3887104654938	5.30656869987922
5.60408683448097	0.243425204451352	5.12697343375632	6.08120023520562
5.56762238721244	0.247124723229232	5.08325792968314	6.05198684474173
5.22054363927386	0.229147795786082	4.77141395953314	5.66967331901458
5.39217971601687	0.231770331628462	4.93790986602509	5.84644956600866
5.61556731742841	0.243570182486032	5.13816975975579	6.09296487510104
5.12396434802573	0.238064364705687	4.65735819320258	5.59057050284887
5.15314302197171	0.241211236732556	4.6803689979759	5.62591704596752
5.15497211834525	0.233059008353389	4.69817646197261	5.61176777471789
5.16734519971286	0.260414943765841	4.65693190993182	5.67775848949391
4.84722745242235	0.245101902169931	4.36682772416928	5.32762718067541
5.12970715386007	0.235268273137059	4.66858133851144	5.59083296920871
5.0591606678341	0.223877859518971	4.62036006317692	5.49796127249128
5.19700610122537	0.241733960231102	4.72320753917242	5.67080466327833
4.86231060323513	0.275348316023317	4.32262790382943	5.40199330264083
5.44860177114249	0.251906921535028	4.95486420493384	5.94233933735115
5.19566060967651	0.240629931402167	4.72402594412827	5.66729527522476
5.24819566257235	0.230008079512714	4.79737982672743	5.69901149841727
5.45388400092693	0.238398673334958	4.98662260119042	5.92114540066345
5.30175674825434	0.223234179193026	4.86421775703601	5.73929573947267
4.98924480404645	0.220684175024321	4.55670382099878	5.42178578709412
5.36872224927718	0.244921857461041	4.88867540865354	5.84876908990082
5.4109167579702	0.230442649916534	4.9592491641338	5.86258435180661
5.68621114024487	0.233944881355785	5.22767917278753	6.14474310770221
5.26148963258017	0.219326197463796	4.83161028555114	5.69136897960921
5.14006450254916	0.224386095443556	4.7002677554798	5.57986124961853
5.09741571949178	0.2441943508916	4.61879479174425	5.57603664723932
5.33849877374095	0.245749627818942	4.85682950321582	5.82016804426607
5.67586736248397	0.218457471147525	5.24769071903482	6.10404400593312
5.02167782172165	0.221775595386449	4.58699765476421	5.45635798867909
4.89416597132052	0.245241022311462	4.41349356759005	5.37483837505098
5.17180691800251	0.248213359945054	4.6853087325102	5.65830510349481
5.00271182561121	0.25499361741191	4.50292433548387	5.50249931573856
5.36844504103713	0.243758021232118	4.89067931942218	5.84621076265208
4.91941485527414	0.234719246523341	4.45936513208839	5.37946457845989
5.48200450057538	0.221454380023919	5.0479539157285	5.91605508542227
5.20639693155244	0.226856175416947	4.76175882773523	5.65103503536966
5.17710967801534	0.224381098853694	4.7373227242621	5.61689663176858
5.26826714885675	0.24089848795277	4.79610611246932	5.74042818524417
5.42728482648317	0.238969349154165	4.95890490214101	5.89566475082533
5.27438770216254	0.233834989049298	4.81607112362591	5.73270428069916
4.65724685217521	0.221710249982324	4.22269476220986	5.09179894214057
5.42383042938711	0.223254750526036	4.98625111835608	5.86140974041814
5.18596516489241	0.22129540934013	4.75222616258575	5.61970416719906
5.39842425267188	0.234196226451508	4.93939964882692	5.85744885651683
5.23607506044215	0.241701046756863	4.7623410087987	5.7098091120856
4.81939958726045	0.224278491636586	4.37981374365274	5.25898543086816
4.93423214651668	0.223913361603033	4.49536195777474	5.37310233525862
5.22847329627587	0.227442347160175	4.78268629584192	5.67426029670981
5.42175829743836	0.231163711595822	4.96867742271055	5.87483917216618
5.01652343108396	0.242178993257826	4.54185260429862	5.49119425786929
5.48325514041397	0.238563242277272	5.01567118555052	5.95083909527743
5.18869943661178	0.221421016425552	4.7547142444177	5.62268462880586
5.14463021591464	0.236334976915524	4.68141366116021	5.60784677066906
5.29265787691659	0.258373519863619	4.7862457779839	5.79906997584928
5.49807509463619	0.231636312519526	5.04406792209792	5.95208226717446
4.96678891158209	0.226713505283385	4.52243044122665	5.41114738193752
5.19453168842454	0.230636325860158	4.74248448973863	5.64657888711045
5.39153866087411	0.249700636722477	4.90212541289805	5.88095190885016
4.7762542385279	0.233150962094176	4.31927835282332	5.23323012423249
5.02484237281889	0.22615603797148	4.58157653839479	5.46810820724299
5.37245581778213	0.237530837001676	4.90689537725885	5.83801625830542
5.17865450057616	0.227828194739931	4.7321112388859	5.62519776226642
5.71911873693987	0.268769617599125	5.19233028644559	6.24590718743416
5.46185790001037	0.239769099373074	4.99191046523915	5.9318053347816
4.78314257649552	0.237012171518279	4.3185987203197	5.24768643267135
5.09823338457254	0.22621011408563	4.65486156096471	5.54160520818038
5.60052268365877	0.239843409098292	5.13042960182612	6.07061576549142
5.09151395165744	0.273308355971064	4.55582957395416	5.62719832936073
5.80314760595551	0.217953392990266	5.37595895569459	6.23033625621643
5.16885535026038	0.238476068412417	4.70144225617205	5.63626844434872
5.27469182984545	0.223076962189612	4.83746098395381	5.71192267573709
5.68821332602847	0.221674635020533	5.25373104138822	6.12269561066871
5.09096364888723	0.236298895791809	4.62781781313528	5.55410948463918
5.21912457794596	0.230030501376826	4.76826479524738	5.66998436064454
4.87017171352393	0.260150788663238	4.36027616774398	5.38006725930387
4.92393573727728	0.240079097857818	4.45338070547595	5.3944907690786
4.94028043710544	0.251004117580583	4.4483123666475	5.43224850756339
5.11185283745464	0.244921336857179	4.63180701721457	5.59189865769471
5.35787600885297	0.258307167721225	4.85159396011936	5.86415805758657
5.10112318088216	0.24467435990688	4.62156143546468	5.58068492629965
5.08890294372706	0.262363436628716	4.57467060793477	5.60313527951934
4.84755783724121	0.247463262514962	4.36252984271189	5.33258583177054
5.12437026073732	0.254175699358986	4.62618588999371	5.62255463148094
4.96953416487352	0.238130586577751	4.50279821518113	5.43627011456592
4.79465921213131	0.246912256371808	4.31071118964257	5.27860723462005
4.80049365505996	0.243391668506286	4.32344598478764	5.27754132533228
5.16624673261955	0.225875390604738	4.72353096703426	5.60896249820483
5.37404591331061	0.24453106526311	4.89476502539492	5.85332680122631
5.16935038459549	0.218473111184734	4.74114308667341	5.59755768251757
5.14232761317299	0.257540672259402	4.63754789554456	5.64710733080142
5.05019182625502	0.253344428906988	4.55363674559732	5.54674690691271
5.01509174898651	0.235370704883556	4.55376516741474	5.47641833055828
5.3125636577509	0.23662199069739	4.84878455598402	5.77634275951779
5.36406425807886	0.235136597832648	4.90319652632687	5.82493198983085
5.16786717710431	0.217964737276772	4.74065629204183	5.59507806216678
5.12625413102113	0.238299987249415	4.65918615601228	5.59332210602998
5.37740934471425	0.226458832804843	4.93355003241675	5.82126865701174
5.43089079785124	0.251930892589725	4.93710624837538	5.9246753473271
5.40037821566389	0.244989564497212	4.92019866924936	5.88055776207843
5.11209938479408	0.238532065811382	4.64457653580377	5.57962223378439
5.55759181268524	0.226292150108476	5.11405919847262	6.00112442689785
5.10631314456476	0.241134551196043	4.63368942422051	5.578936864909
5.26800270290813	0.223917501896172	4.82912439919163	5.70688100662463
5.06847170101001	0.224729593389707	4.62800169796618	5.50894170405384
4.9890539068465	0.252947177349042	4.49327743924237	5.48483037445062
5.13146976087663	0.234334934222108	4.6721732898013	5.59076623195196
5.04092865165249	0.23109790727248	4.58797675339843	5.49388054990655
5.17512487971877	0.239561789042134	4.70558377319619	5.64466598624135
5.01247838948657	0.238574929607122	4.54487152745661	5.48008525151652
4.87388282401727	0.246292547691525	4.39114943054188	5.35661621749265
5.60081852876573	0.231724291970306	5.14663891650393	6.05499814102753
5.09627153331767	0.23820579683892	4.62938817151338	5.56315489512195
4.83162931454892	0.227217472680037	4.38628306809605	5.27697556100179
5.05605928561476	0.226543729342363	4.61203357610373	5.50008499512579
5.4272761221721	0.225666059534488	4.98497064548451	5.8695815988597
4.83121209157157	0.241697748438824	4.35748450463147	5.30493967851166
5.55405178535785	0.230927584553932	5.10143371963215	6.00666985108356
5.03602228281092	0.23622348987362	4.57302424265863	5.49902032296322
5.49541132634669	0.234030217513706	5.03671210001982	5.95411055267355
5.18533803857678	0.233863454132624	4.72696566847683	5.64371040867672
5.44361822780169	0.241218172996803	4.97083060872796	5.91640584687543
5.00727115450404	0.250054487389248	4.51716435922112	5.49737794978697
4.82722039139039	0.22054832342487	4.39494567747764	5.25949510530313
4.98279181317498	0.218663295760311	4.55421175348477	5.41137187286519
5.16732917401896	0.251258135854658	4.67486322774383	5.65979512029409
5.07278836417193	0.249596818441724	4.58357860002615	5.56199812831771
5.20210202129844	0.246117361749982	4.71971199226847	5.6844920503284
5.51614204129175	0.231638600297182	5.06213038470927	5.97015369787423
5.09852255589645	0.232943685558003	4.64195293220276	5.55509217959013
5.16840123342865	0.23316104364876	4.71140558787708	5.62539687898022
5.13938808987789	0.214522423945172	4.71892413894536	5.55985204081043
5.3017457857796	0.217600102475948	4.87524958492674	5.72824198663245
5.24145683216387	0.232958257983883	4.78485864651546	5.69805501781228
4.87867651560591	0.232329073915331	4.42331153073186	5.33404150047996
5.48749400293213	0.247730408789856	5.00194240170401	5.97304560416025
5.14246375474412	0.229835549571252	4.69198607758446	5.59294143190377
5.28704520949903	0.240259834966422	4.81613593296484	5.75795448603321
4.86708791170861	0.253746191183459	4.36974537698904	5.36443044642819
5.18424593306512	0.239069555453417	4.71566960437642	5.65282226175382
5.51481559926643	0.213027840515782	5.0972810318555	5.93235016667736
4.91900999939	0.234340342134968	4.45970292880546	5.37831706997453
5.64862314919689	0.221370409473884	5.21473714662808	6.0825091517657
4.90552406632556	0.23007706214734	4.45457302451678	5.35647510813435
4.70653526534044	0.236787655677893	4.24243146021177	5.17063907046911
5.41607694829043	0.2327639198554	4.95985966537384	5.87229423120701
4.88723893254634	0.236699120089251	4.4233086571714	5.35116920792127
4.69012856296152	0.235012148033146	4.22950475281655	5.15075237310648
5.26932344297056	0.245612006565229	4.78792391010272	5.75072297583841
4.99053231409778	0.210856107795475	4.57725434281865	5.40381028537691
5.18898342259961	0.233198844290226	4.73191368779076	5.64605315740845
5.16719465616141	0.237937715031366	4.70083673469993	5.63355257762289
5.09209552225385	0.247490852442377	4.60701345146679	5.57717759304091
5.37069279189499	0.249218201805956	4.88222511635532	5.85916046743466
5.18825850114933	0.231760088598825	4.73400872749563	5.64250827480302
5.18518252339042	0.247090611535028	4.70088492478176	5.66948012199907
5.11786924257591	0.225422377611564	4.67604138245725	5.55969710269458
5.32381122861325	0.233901724110098	4.86536384935746	5.78225860786904
5.33229416371542	0.22586334085931	4.88960201563117	5.77498631179966
5.38780998762208	0.217077747673347	4.96233760218232	5.81328237306184
5.43749615404854	0.241493774854911	4.96416835533291	5.91082395276416
5.25237437797045	0.231298364152853	4.79902958423086	5.70571917171004
5.10093025755803	0.238121694156274	4.63421173701173	5.56764877810432
5.42970633030485	0.225732648694715	4.98727033886321	5.87214232174649
5.25117102113515	0.212197161585516	4.83526458442754	5.66707745784276
5.30585835003215	0.231438533327588	4.85223882471008	5.75947787535422
4.97006831827649	0.226414936583655	4.52629504257253	5.41384159398046
4.96445128300743	0.21558407182986	4.54190650222091	5.38699606379396
5.2673812626447	0.252852205072196	4.7717909407032	5.76297158458621
5.47802243860082	0.232916323522855	5.02150644449602	5.93453843270561
5.65991815385806	0.226226341036545	5.21651452542643	6.10332178228969
5.29204508204741	0.226253112961281	4.8485889806433	5.73550118345152
5.22673543397291	0.224698692566242	4.78632599654307	5.66714487140274
5.45309625444327	0.256564451731476	4.95022992904958	5.95596257983696
5.55276359713009	0.240189253166011	5.08199266092471	6.02353453333547
5.14627526752436	0.237066298727018	4.6816253220194	5.61092521302931
5.15939769107027	0.229007201023903	4.71054357706342	5.60825180507711
5.03234179314847	0.238867698812202	4.56416110347656	5.50052248282039
5.46839107864024	0.237970792754033	5.00196832484234	5.93481383243815
5.26971321979018	0.236993055644206	4.80520683072754	5.73421960885283
5.52298120935175	0.225695699338986	5.08061763864734	5.96534478005616
5.06569927458855	0.236994898104991	4.60118927430277	5.53020927487433
5.30508381398238	0.262492682726583	4.79059815583828	5.81956947212648
5.35349311182397	0.234087345067363	4.89468191549194	5.81230430815601
5.06912631530083	0.223285961625923	4.63148583051402	5.50676680008764
5.06358373291334	0.254967923112363	4.56384660361311	5.56332086221357
5.17288931556221	0.228748177412067	4.72454288783456	5.62123574328986
5.32696376261494	0.230668241013814	4.87485401022787	5.77907351500202
5.21656543003302	0.256688138479494	4.71345667861321	5.71967418145283
5.19018414700006	0.23717694506149	4.72531733467954	5.65505095932058
5.33226153560252	0.241254542452271	4.85940263239607	5.80512043880897
5.07747844700511	0.251830549546196	4.58389056989456	5.57106632411565
5.19129911560646	0.232893784869818	4.73482729726162	5.64777093395131
4.90452025944346	0.244940383442434	4.42443710789629	5.38460341099064
5.24260180371147	0.258736259924038	4.73547873426035	5.74972487316258
5.23588856047383	0.245110166640528	4.7554726338584	5.71630448708927
5.33931354942249	0.214817307491313	4.91827162673952	5.76035547210546
5.0009779498214	0.22644425333591	4.55714721328302	5.44480868635978
4.93206460265432	0.249063847825562	4.44389946091622	5.42022974439242
5.40617684670152	0.213278226959547	4.98815152186081	5.82420217154224
4.6418900763873	0.243627194577327	4.16438077501574	5.11939937775886
5.45476000883283	0.251926998692628	4.96098309139528	5.94853692627038
5.46248108653531	0.228568253511781	5.01448730965222	5.9104748634184
5.04278679310422	0.215325059890571	4.6207496757187	5.46482391048974
4.92411705068245	0.235147408486621	4.46322813004868	5.38500597131623
4.94713252362358	0.221971447787206	4.51206848596066	5.38219656128651
5.29525754649645	0.243187766487892	4.81860952418018	5.77190556881272
5.31867896600967	0.244820446092056	4.83883089166924	5.7985270403501
4.75944379130088	0.257250106282434	4.25523358298731	5.26365399961445
4.66201484227175	0.238546850398426	4.19446301549083	5.12956666905266
4.5769149803431	0.230842225262361	4.12446421882887	5.02936574185733
5.14326623742418	0.227878999210768	4.69662339897107	5.58990907587729
5.15269254497104	0.218710907169748	4.72401916691833	5.58136592302374
5.16785786901056	0.262309198591405	4.65373183977141	5.68198389824971
4.7936667220913	0.238282298859492	4.3266334163267	5.26070002785591
4.75501023620408	0.230228533719255	4.30376231011434	5.20625816229382
5.0980469532936	0.244992936137203	4.61786079846468	5.57823310812251
5.17167713725425	0.249435075733017	4.68278438881753	5.66056988569096
5.34109362652438	0.218625970472853	4.91258672439759	5.76960052865118
5.05605088045113	0.252564250738657	4.56102494900336	5.55107681189889
5.0744397765066	0.247268418555756	4.58979367613732	5.55908587687589
5.32141350959014	0.237739565201077	4.85544396179603	5.78738305738425
4.6795988865361	0.242265848104369	4.20475782425154	5.15443994882066
4.94369797422904	0.220655186338923	4.51121380900475	5.37618213945333
5.19362849825113	0.215126794489834	4.77197998105105	5.6152770154512
4.7017216420279	0.224661961462285	4.26138419756182	5.14205908649398
5.38670709414413	0.270506273012631	4.85651479903938	5.91689938924889
5.11331061570363	0.230421431372915	4.66168461021272	5.56493662119454
4.81003765142676	0.250296926486544	4.31945567551314	5.30061962734039
5.54132647487741	0.219376756093959	5.11134803293325	5.97130491682157
4.95039486569731	0.226952101527858	4.50556874670271	5.39522098469191
4.93084778677843	0.223275592216248	4.49322762603458	5.36846794752228
4.96106004261785	0.238722182474771	4.4931645649673	5.4289555202684
5.5552417044777	0.252966024411599	5.05942829663097	6.05105511232444
5.48722578636036	0.222883677092836	5.0503737792584	5.92407779346231
5.25452641682912	0.262686008297696	4.73966184056564	5.76939099309261
5.08978652713554	0.214395623630645	4.66957110481948	5.51000194945161
5.34144572434001	0.247554193479779	4.85623950511964	5.82665194356037
5.43624820667074	0.265511112522968	4.91584642612572	5.95664998721576
4.89875183951572	0.223912735916675	4.45988287711904	5.33762080191241
5.32789773668683	0.247687352912377	4.84243052497857	5.81336494839509
5.49422502740796	0.237504514381216	5.02871617922078	5.95973387559514
5.35998336530864	0.236013154940864	4.89739758162455	5.82256914899274
4.86356160310117	0.233119295720836	4.40664778348833	5.32047542271401
5.15976556496085	0.241821564592709	4.68579529835914	5.63373583156256
5.28445598721304	0.240264714283525	4.81353714721734	5.75537482720875
5.18688784055037	0.249323305453687	4.69821416186115	5.6755615192396
5.32740925813344	0.237451475592606	4.86200436597194	5.79281415029495
4.73323634081362	0.221601981160698	4.29889645773865	5.16757622388859
5.52208621660881	0.24716514383083	5.03764253470039	6.00652989851724
5.3494138435964	0.245049951255295	4.86911593913602	5.82971174805678
5.0073957410502	0.22842037360467	4.55969180878505	5.45509967331535
5.01891872796905	0.25604267749174	4.51707508008524	5.52076237585286
4.80261289052862	0.2442146710649	4.32395213524142	5.28127364581583
5.12719774962489	0.211696519628442	4.71227257115315	5.54212292809664
4.99130639025659	0.231625823839725	4.53731977553073	5.44529300498246
5.29497578151749	0.238723600232465	4.82707752506186	5.76287403797312
5.39532831565154	0.229666938130337	4.94518111691608	5.845475514387
5.05221653933422	0.242674966560475	4.57657360487569	5.52785947379275
5.05544211993576	0.245243175611999	4.57476549573624	5.53611874413527
5.11445579107419	0.226565206245637	4.67038798683274	5.55852359531564
5.29536394523507	0.234878873235647	4.8350013536932	5.75572653677694
5.07418403402512	0.245088589611761	4.59381039838606	5.55455766966417
4.90898902978163	0.235917057560392	4.44659159696326	5.3713864626
5.09153647717638	0.236217802386169	4.62854958449949	5.55452336985327
5.23551152915823	0.251088451636596	4.7433781639505	5.72764489436596
5.11800517022232	0.220875969541645	4.68508826992069	5.55092207052394
4.90216317192452	0.230666630113663	4.45005657690174	5.3542697669473
5.24744481844413	0.239428032854473	4.77816587404936	5.71672376283889
5.47127040196705	0.247060321144369	4.98703217252409	5.95550863141002
4.77685804688791	0.240752228725947	4.30498367858505	5.24873241519076
5.15234022915608	0.224979914803324	4.71137959614157	5.5933008621706
5.2774895157833	0.231782818862419	4.82319519081296	5.73178384075364
4.8592687809121	0.245397768687628	4.37828915428435	5.34024840753985
5.62301648939306	0.233263577062752	5.16581987835007	6.08021310043606
5.58514754932465	0.261750633426766	5.07211630780818	6.09817879084111
5.10127144181142	0.23107758743573	4.64835937043739	5.55418351318546
5.09663057318954	0.241167894292821	4.62394150037561	5.56931964600347
5.3192103576773	0.236064990904284	4.85652297550491	5.7818977398497
5.0829035922229	0.234503519551989	4.623276693901	5.5425304905448
5.42362016985834	0.232920308922798	4.96709636436966	5.88014397534702
5.20869042341494	0.257416930552788	4.70415323953147	5.7132276072984
5.24046439610527	0.24083704395062	4.76842378996206	5.71250500224849
4.94328060741762	0.241521435849857	4.4698985931519	5.41666262168334
5.54967212418399	0.244235684909048	5.07097018176226	6.02837406660573
5.66510558015908	0.21555415871617	5.24261942907538	6.08759173124277
5.47289525657301	0.262561752010119	4.95827422263317	5.98751629051284
4.87200729407771	0.243580109020071	4.39459028039837	5.34942430775705
4.82676829690325	0.235686143830622	4.36482345499523	5.28871313881127
4.99940499989095	0.254881119828873	4.49983800502636	5.49897199475554
4.84910540922855	0.243010880828678	4.37280408280434	5.32540673565276
5.13982616904462	0.238275458522663	4.6728062703402	5.60684606774904
5.096251984942	0.232125907757814	4.64128520573669	5.55121876414732
5.07658049005663	0.228238667483223	4.62923270178951	5.52392827832375
4.71974218616172	0.245163366073737	4.2392219886572	5.20026238366625
5.08503904765279	0.24001092322489	4.614617638132	5.55546045717357
5.40362556816737	0.234269366715026	4.94445760940592	5.86279352692882
5.2258977809324	0.246356512863964	4.74303901571903	5.70875654614577
5.30950854209391	0.225890407262114	4.86676334386016	5.75225374032765
5.45307785328376	0.226578450789375	5.00898408973659	5.89717161683094
5.11619681772909	0.256665347634333	4.6131327363658	5.61926089909239
5.07910696835155	0.21527776641174	4.65716254618454	5.50105139051856
5.64373680311177	0.249419022743189	5.15487551853512	6.13259808768842
5.05211399464874	0.246750105279804	4.56848378830033	5.53574420099716
5.04486170053839	0.222577515871093	4.60860976943105	5.48111363164573
5.57744778652998	0.241754623091126	5.10360872527137	6.05128684778858
4.92905092005523	0.25594903109543	4.42739081910819	5.43071102100228
5.10297011171992	0.22696707011383	4.65811465429682	5.54782556914303
5.32447820203421	0.218085622609349	4.89703038171989	5.75192602234854
4.81625619521103	0.233349263483403	4.35889163878356	5.2736207516385
5.44667404413728	0.259744133385253	4.93757554270218	5.95577254557237
4.99852547574179	0.219519725676945	4.56826681341498	5.4287841380686
4.72001738771586	0.242717413945072	4.24429125638351	5.1957435190482
5.12871676470647	0.249130558598876	4.64042086985267	5.61701265956027
5.0093565877164	0.250755935815073	4.51787495351886	5.50083822191395
5.14698933710264	0.222456025492217	4.71097552713789	5.58300314706738
4.98156917517349	0.215527474955467	4.55913532426078	5.40400302608621
5.47955204642927	0.249177731685154	4.99116369232637	5.96794040053218
5.09456957524262	0.224997237457476	4.65357498982597	5.53556416065928
5.28029594585818	0.226452779058501	4.83644849890352	5.72414339281284
5.3174838849798	0.228262540878628	4.87008930485769	5.76487846510191
5.3203967277971	0.225941812876166	4.87755077455981	5.76324268103438
5.33454849123223	0.248052367081432	4.84836585175262	5.82073113071184
5.22105251110943	0.21724472297746	4.79525285407361	5.64685216814525
5.40433713339676	0.264661207329286	4.88560116703136	5.92307309976216
5.2066839683202	0.250403326474415	4.71589344843034	5.69747448821005
5.08996290547401	0.229407369635444	4.64032446098854	5.53960134995948
5.05123769721734	0.234882174762585	4.59086863468267	5.51160675975201
5.18824240718339	0.246277242361388	4.70553901215507	5.6709458022117
5.04355695828783	0.242753100112913	4.56776088206652	5.51935303450914
5.29263832250293	0.230772202927961	4.84032480476412	5.74495184024173
5.12174036589485	0.238066082373752	4.65513084444229	5.5883498873474
5.23057026303801	0.235795731150428	4.76841062998317	5.69272989609285
5.04391656245843	0.244361713164355	4.56496760465629	5.52286552026056
5.24072689446877	0.240166908516475	4.76999975377648	5.71145403516106
4.96608043806779	0.234089706512481	4.50726461330332	5.42489626283225
5.28939107367121	0.219836683674707	4.85851117366879	5.72027097367364
5.21307941181742	0.231555637495891	4.75923036232547	5.66692846130936
5.32447455767701	0.24781531580878	4.8387565386918	5.81019257666221
5.39634913448555	0.241293228009946	4.92341440758606	5.86928386138504
5.15933021109124	0.231895177997908	4.70481566221534	5.61384475996714
5.05324222398033	0.239934086543906	4.58297141435427	5.52351303360638
5.28931897319793	0.219596038395887	4.85891073794199	5.71972720845387
5.12836636517522	0.23492297541436	4.66791733336308	5.58881539698737
4.84477152809525	0.230511705080347	4.39296858613777	5.29657447005273
5.20520619123746	0.245412664669567	4.72419736848511	5.68621501398981
5.29307358203989	0.244574134829797	4.81370827777349	5.77243888630629
4.93661905091334	0.249039716293819	4.44850120697745	5.42473689484922
5.12004225763326	0.244135240176453	4.64153718688742	5.59854732837911
4.66254238738261	0.228676308390402	4.21433682293742	5.1107479518278
5.05757814996628	0.224098275574543	4.61834552984018	5.49681077009239
4.96097838669666	0.246621229922133	4.47760077604928	5.44435599734404
5.16918743280234	0.247229117301037	4.6846183628923	5.65375650271237
5.22632171415821	0.237568500083129	4.76068745399528	5.69195597432114
5.30957632906822	0.209301185333156	4.89934600581524	5.71980665232121
5.11373007943835	0.224313260020059	4.67407608979903	5.55338406907766
5.19563939331228	0.231724055240771	4.74146024504037	5.64981854158419
5.47645972196413	0.233899002091708	5.01801767786439	5.93490176606388
5.23401730370768	0.222810658460439	4.79730841312522	5.67072619429014
4.92989639553105	0.241550924841187	4.45645658284232	5.40333620821977
5.2301329752373	0.235221309198912	4.76909920920743	5.69116674126717
5.16044165077136	0.233378275916796	4.70302022997444	5.61786307156828
4.73992866451495	0.224830537557522	4.29926081090221	5.1805965181277
5.15921290755285	0.228323210876796	4.71169941423433	5.60672640087137
5.42297746614244	0.275025928701454	4.88392664588759	5.96202828639729
4.79709230135325	0.222773895583828	4.36045546600895	5.23372913669755
5.2904084203778	0.236618491270192	4.82663617748822	5.75418066326738
5.49560753721703	0.248753839160469	5.00805001246251	5.98316506197155
5.18399459212075	0.217491087902469	4.75771205983191	5.61027712440959
5.27759649600794	0.234916566927713	4.81716002482963	5.73803296718626
5.78565956079899	0.230509219170216	5.33386149122536	6.23745763037261
4.44537583151173	0.250560451985789	3.95427734561958	4.93647431740388
5.0700562325907	0.234114618098686	4.61119158111727	5.52892088406412
5.17098881592676	0.232920715053283	4.71446421442233	5.6275134174312
5.04626564305388	0.240078644943523	4.57571149896457	5.51681978714318
5.59987890382421	0.239083447298027	5.13127534712007	6.06848246052834
5.7167209577109	0.240621124761758	5.24510355317785	6.18833836224394
5.11632092729822	0.233780298995004	4.65811154126801	5.57453031332843
5.25896099428867	0.271167809656325	4.72747208736228	5.79044990121507
5.51449450850348	0.232704695581455	5.05839330516383	5.97059571184313
5.1732283514756	0.234054132389582	4.71448225199202	5.63197445095918
5.10910202061091	0.2193168898453	4.67924091651412	5.5389631247077
5.549212912138	0.246043770522747	5.06696712191341	6.03145870236258
5.28911960467354	0.231912060399085	4.83457196629134	5.74366724305575
5.43090433076281	0.237165150746576	4.96606063529952	5.8957480262261
5.12231303368172	0.239371023050447	4.65314582850284	5.59148023886059
5.15894510794699	0.232616016280168	4.70301771603786	5.61487249985612
5.23912212968008	0.244159026260604	4.7605704382093	5.71767382115087
4.89883836948157	0.238312952027944	4.4317449835068	5.36593175545634
5.10300179988598	0.242442783176694	4.62781394485966	5.5781896549123
5.36443935303652	0.228460876652549	4.91665603479752	5.81222267127552
5.15302084985594	0.2397525225279	4.68310590570126	5.62293579401062
5.29695933108059	0.218799194714921	4.86811290943934	5.72580575272183
4.80528775813921	0.213917817171514	4.38600883648304	5.22456667979538
5.2253328559712	0.224109280323377	4.78607866653738	5.66458704540502
5.11796274782959	0.245897390224631	4.63600386298931	5.59992163266986
5.19336029422977	0.232872094161585	4.73693098967307	5.64978959878648
5.45215169777824	0.227238387990442	5.00676445731697	5.89753893823951
5.49524603709845	0.241055999529832	5.02277627801998	5.96771579617692
5.35082065477347	0.242624871105474	4.87527590740674	5.8263654021402
4.94415942645237	0.237970597905667	4.47773705455726	5.41058179834748
5.30489875286376	0.224864747368064	4.86416384802236	5.74563365770517
5.22997727295627	0.238527623868432	4.76246313017414	5.69749141573839
5.20106936623035	0.247064346896425	4.71682324631335	5.68531548614734
5.47760415496827	0.223992488829054	5.03857887686333	5.91662943307322
4.81188044855962	0.247608331973782	4.326568117891	5.29719277922823
5.36895914607621	0.236744831253577	4.9049392768192	5.83297901533322
5.22061872128112	0.232539954975449	4.76484040952924	5.676397033033
5.13849470722675	0.251795302494128	4.64497591433826	5.63201350011524
5.49677964363701	0.241071584239019	5.02427933852853	5.96927994874549
5.43393108224583	0.233346457067422	4.97657202639369	5.89129013809798
5.18513105397896	0.23037502001045	4.73359601475848	5.63666609319945
5.35134558930515	0.235398780245171	4.88996398002461	5.81272719858569
5.13171836513239	0.256450224816417	4.62907592449221	5.63436080577256
5.41151943747083	0.234687316985503	4.95153229617924	5.87150657876242
5.75767891294551	0.252176217140065	5.26341352735098	6.25194429854003
5.32828245181406	0.243679164313589	4.85067128975942	5.80589361386869
5.11024371248471	0.233222898421955	4.65312683157767	5.56736059339174
5.59829600770593	0.219720528774604	5.16764377130771	6.02894824410415
5.6047748938845	0.248682370021072	5.1173574486432	6.0921923391258
5.35989085692941	0.242892675803196	4.88382121235514	5.83596050150367
5.15383536601924	0.238583442943844	4.6862118178493	5.62145891418917
5.39033685359279	0.254212199433335	4.89208094270345	5.88859276448213
5.20377335420046	0.241498977782498	4.73043535774676	5.67711135065416
4.7733294068868	0.234584366914651	4.31354404773408	5.23311476603951
5.61890616593192	0.232809546896572	5.16259945401464	6.0752128778492
5.40152941434383	0.25954144869855	4.89282817489467	5.91023065379299
5.47628261068071	0.246013490089151	4.99409617010597	5.95846905125545
4.98392433054207	0.244836110511033	4.50404555394045	5.4638031071437
5.1950289855813	0.223809718104024	4.75636193809741	5.63369603306519
5.06068106404409	0.246722608247554	4.57710475187889	5.5442573762093
5.39313806612539	0.216572495370883	4.96865597519846	5.81762015705233
4.62420132966422	0.218938161794796	4.19508253254642	5.05332012678202
4.96830861843919	0.231432789641323	4.5147003507422	5.42191688613618
5.43254836650636	0.255611430008137	4.93154996369041	5.93354676932231
5.52278826721587	0.236824420980247	5.05861240209459	5.98696413233716
5.16807275347878	0.252146426429606	4.67386575767676	5.66227974928081
5.37237336938202	0.229202465539027	4.92313653692553	5.82161020183851
4.9064338436708	0.202064744318229	4.51038694480707	5.30248074253453
5.05338492372989	0.223773042349702	4.61478976072448	5.49198008673531
4.78938661175156	0.234827060307033	4.32912557354977	5.24964764995334
5.16658741870532	0.237420105912488	4.70124401111684	5.6319308262938
5.17178425270249	0.233378744544308	4.71436191339564	5.62920659200933
5.43210323521627	0.217447852012948	5.00590544527089	5.85830102516165
5.1817625669362	0.241643746835566	4.70814082313849	5.65538431073391
5.24714518991181	0.226935733116295	4.80235115300387	5.69193922681974
5.22691201306912	0.234749079929102	4.76680381640808	5.68702020973016
5.09887712553834	0.224447714167341	4.65895960577036	5.53879464530633
5.84645821043186	0.210688658504315	5.43350843976341	6.25940798110032
5.1105538416375	0.205757898429816	4.70726836071506	5.51383932255994
5.4339008233102	0.211030653623388	5.02028074220836	5.84752090441204
5.05618216681282	0.234632839477657	4.59630180143661	5.51606253218903
4.94366816716375	0.228984436981552	4.4948586706799	5.39247766364759
4.86642882148983	0.237601186481863	4.40073049598538	5.33212714699428
5.22735642726507	0.238258689171	4.76036939648991	5.69434345804023
4.94124258884274	0.222696981161821	4.50475650576557	5.37772867191991
4.66616440181852	0.233886342975151	4.20774716958723	5.12458163404982
5.16666426114669	0.226824466104007	4.72208830758284	5.61124021471054
5.37403667721886	0.248506158038025	4.88696460746434	5.86110874697339
5.38476375187851	0.259025413766671	4.87707394089584	5.89245356286119
5.39492445619513	0.233889765276847	4.93650051625251	5.85334839613775
4.92527322728801	0.251138613701186	4.43304154443368	5.41750491014233
4.83616189390273	0.224213012915491	4.39670438858836	5.27561939921709
4.88135308939128	0.232803184148767	4.4250588484597	5.33764733032286
5.39748001592659	0.228514343769936	4.94959190213752	5.84536812971567
5.24379848747584	0.227232972333751	4.79842186170169	5.68917511324999
4.93194837759877	0.219797589671001	4.50114510184361	5.36275165335394
5.03511867970361	0.226832415243186	4.59052714582696	5.47971021358025
4.99996876168032	0.230362356095941	4.54845854373228	5.45147897962837
5.1126912046028	0.238528583797475	4.64517518035975	5.58020722884585
5.29773935913555	0.239373832445741	4.82856664754189	5.7669120707292
4.79150213176023	0.245837066799271	4.30966148083365	5.2733427826868
5.45209637929938	0.238155084524569	4.98531241363123	5.91888034496754
4.90010933791001	0.252618316898889	4.40497743678819	5.39524123903183
5.5535703320303	0.229587190608673	5.1035794384373	6.0035612256233
5.13984279233201	0.234728242426872	4.67977543717535	5.59991014748868
5.68065990738949	0.221782681713923	5.24596585123021	6.11535396354878
5.42025611272463	0.224384677024823	4.98046214575598	5.86005007969329
5.37654912288836	0.229964928848763	4.92581786234478	5.82728038343193
5.41867275096477	0.223354545742058	4.98089784131034	5.85644766061921
5.06739007732179	0.229368090203439	4.61782862052305	5.51695153412053
5.25634855658088	0.247501038849584	4.7712465204357	5.74145059272607
5.60862394953666	0.234584446002741	5.14883843537129	6.06840946370204
4.78076550022876	0.237790534285305	4.31469605302956	5.24683494742796
5.50446385614524	0.232499618538358	5.04876460381006	5.96016310848042
5.21402629390645	0.226222305456991	4.77063057521074	5.65742201260215
5.01072408212969	0.211792278123997	4.59561121700666	5.42583694725272
5.08946475155659	0.255868713229203	4.58796207362736	5.59096742948583
5.21414496758826	0.212047086918015	4.79853267722895	5.62975725794757
4.92874963010106	0.214466385761927	4.50839551400768	5.34910374619443
5.45517294035062	0.225150326033668	5.01387830132463	5.89646757937661
4.89191229318394	0.246485474667265	4.4088007628361	5.37502382353178
5.17471406691008	0.213415208703523	4.75642025785118	5.59300787596899
5.22407429478516	0.245939099589243	4.74203365959024	5.70611492998007
5.49071866674634	0.220651740340587	5.05824125567879	5.92319607781389
5.27713626945302	0.23435273290709	4.81780491295513	5.73646762595092
4.9695285262119	0.214551516883949	4.54900755311936	5.39004949930444
5.27799704194197	0.210274176184386	4.86585965662057	5.69013442726337
5.24417727197148	0.234089177058515	4.78536248493679	5.70299205900617
4.86137444837445	0.222755623928764	4.42477342547408	5.29797547127483
5.18212743625248	0.228517787099578	4.73423257353731	5.63002229896765
5.38873857891353	0.231774659740668	4.93446024582182	5.84301691200524
5.49975444291436	0.234903501804889	5.03934357937678	5.96016530645194
5.30323312126109	0.232367456711789	4.84779290610599	5.7586733364162
5.29980383918956	0.229823413163401	4.8493499493893	5.75025772898983
5.52467013061452	0.247854538111731	5.03887523591553	6.01046502531351
5.36531141553935	0.23032602990178	4.91387239693186	5.81675043414684
5.22196360920919	0.242142919563005	4.7473634868657	5.69656373155268
5.059248026826	0.245945484531793	4.57719487714369	5.54130117650831
5.40556649799514	0.234137110430291	4.94665776155177	5.86447523443851
4.96490434787006	0.246860362676307	4.4810580370245	5.44875065871562
4.87753183696459	0.243808672736215	4.39966683840161	5.35539683552757
5.3365357955332	0.238556190649576	4.86896566186003	5.80410592920637
5.06819222672282	0.251672970818053	4.57491320391943	5.5614712495262
4.69450499284068	0.230577220869338	4.24257363993678	5.14643634574459
4.71959546560953	0.2222949200671	4.28389742227801	5.15529350894104
5.04097850850993	0.231193907929163	4.58783844896877	5.49411856805109
5.22013346076659	0.236277150162703	4.75703024644769	5.68323667508549
5.22055080080769	0.230086797722637	4.76958067727132	5.67152092434405
5.18627189543445	0.229656468055826	4.73614521804503	5.63639857282387
5.52927671714442	0.254411324529386	5.03063052106683	6.02792291322202
5.69558457272965	0.239594632629181	5.22597909277646	6.16519005268285
5.08319671143268	0.23342481527219	4.62568407349919	5.54070934936618
5.60203419915333	0.231188763355009	5.14890422297751	6.05516417532915
4.78603817986791	0.235980013843424	4.3235173527348	5.24855900700102
5.28577544215498	0.250972501049512	4.79386934009794	5.77768154421203
5.36460558118115	0.230459640502908	4.91290468579545	5.81630647656685
5.38337758521345	0.226700012676189	4.93904556036812	5.82770961005878
5.42875313906263	0.223306041586172	4.99107329755373	5.86643298057152
4.92624260233409	0.237308998842746	4.46111696460231	5.39136824006587
5.37585231147263	0.24613277560651	4.89343207128387	5.85827255166139
5.28755374415545	0.23239088954171	4.8320676006537	5.7430398876572
5.27924444463773	0.235598754551797	4.81747088571621	5.74101800355925
5.31596117534738	0.226152116746054	4.87270302652512	5.75921932416965
5.61147889697596	0.229333278406563	5.16198567129909	6.06097212265282
5.92909318658739	0.219939159109882	5.49801243473202	6.36017393844276
5.32413626154789	0.245863402253043	4.84224399313193	5.80602852996386
5.1744570174098	0.231315481601004	4.72107867347183	5.62783536134777
5.51093498756274	0.216110176756098	5.08735904112078	5.93451093400469
5.62994853134077	0.231663186407606	5.17588868598186	6.08400837669968
5.06484743392596	0.221308832622958	4.63108212198496	5.49861274586695
5.37132602055035	0.233535378580122	4.91359667853331	5.82905536256738
5.44446368792701	0.250204579482974	4.95406271214038	5.93486466371364
5.40031130805827	0.225778183918049	4.9577860675789	5.84283654853765
5.41297040623629	0.242060616533976	4.9385315978297	5.88740921464288
5.24486805367257	0.225987158019379	4.80193322395459	5.68780288339055
5.18828353119505	0.226353241677447	4.74463117750726	5.63193588488285
5.01874422772698	0.255888384144031	4.51720299480468	5.52028546064928
5.09475550689313	0.233180971637551	4.63772080248353	5.55179021130273
5.12104696764595	0.220370011336841	4.68912174542574	5.55297218986616
5.93640253588583	0.228852755011395	5.48785113606349	6.38495393570816
5.32650598507244	0.232839171204393	4.87014120951182	5.78287076063305
5.28801520495522	0.227470941493807	4.84217215962736	5.73385825028308
5.459024142403	0.255562632476279	4.9581213827495	5.95992690205651
5.1345001622257	0.24630870152567	4.65173510723539	5.61726521721602
5.19805505243424	0.231583458906591	4.74415147297732	5.65195863189116
5.07618349183966	0.240428526819406	4.60494357927363	5.5474234044057
5.03186301804369	0.227602900177641	4.58576133369551	5.47796470239187
4.99922785206379	0.255686602767055	4.49808211064036	5.50037359348722
5.38953436717208	0.248255191590988	4.90295419165375	5.87611454269042
5.19686768344539	0.273136045258465	4.6615210347388	5.73221433215198
4.84401401156353	0.232493535631703	4.38832668172539	5.29970134140167
5.28819834342801	0.228231715566491	4.84086418091769	5.73553250593834
5.28581461299194	0.237676233407117	4.81996919551399	5.75166003046989
5.15930096176635	0.23478688488	4.69911866740155	5.61948325613115
5.00819888109042	0.223210304691053	4.57070668389596	5.44569107828489
5.24351614106202	0.270200002816224	4.71392413554222	5.77310814658182
5.26757019911631	0.22002684722976	4.83631757854598	5.69882281968663
5.25163894546249	0.240235859794666	4.78077666026494	5.72250123066003
4.98289760877131	0.240721515513641	4.51108343836457	5.45471177917804
5.37484797975113	0.236961417378551	4.91040360168917	5.83929235781309
5.40058508235028	0.227626948885287	4.95443626253512	5.84673390216544
5.4342024688909	0.237759869198099	4.96819312526263	5.90021181251918
5.18523434118638	0.231091151501055	4.73229568424431	5.63817299812845
5.64800089743243	0.247886391953098	5.16214356920436	6.1338582256605
5.12091125306884	0.225077814111813	4.67975873740968	5.56206376872799
5.42528357228059	0.243149372573054	4.9487108020374	5.90185634252378
5.35543621572655	0.233026566009103	4.89870414634871	5.81216828510439
5.26503794993731	0.233394896774979	4.80758395225835	5.72249194761626
5.22963987195762	0.212960778326455	4.81223674643777	5.64704299747747
5.09504707389769	0.228062176786014	4.6480452073971	5.54204894039827
5.63953967153705	0.227361778786976	5.19391058511458	6.08516875795953
5.08878975959276	0.244586289470677	4.60940063223024	5.56817888695529
4.88080712989686	0.247117507423081	4.39645681534762	5.36515744444609
5.32753785324094	0.227669651032767	4.88130533721671	5.77377036926516
5.08970331451898	0.233093407518896	4.63284023578194	5.54656639325601
5.07003855276149	0.23734302290146	4.60484622787463	5.53523087764835
5.30796849164843	0.229316770680846	4.85850762111397	5.75742936218289
5.13388725732301	0.219811476745559	4.70305676290171	5.5647177517443
5.10648793217034	0.246816015536229	4.62272854171933	5.59024732262135
5.01952341050028	0.232068801672139	4.56466855922289	5.47437826177767
5.21283859501309	0.235618515701323	4.75102630423849	5.67465088578768
5.41499159532289	0.216115575639174	4.99140506707011	5.83857812357567
5.34831161259203	0.235362399550213	4.88700130947361	5.80962191571045
5.10713677619502	0.244426605969255	4.62806062849528	5.58621292389476
5.54460853870958	0.245269444596943	5.06388042729957	6.02533665011959
5.2347008643088	0.233404152484297	4.77722872543958	5.69217300317802
5.4055645865558	0.238072180992767	4.93894311180998	5.87218606130163
5.39550676939045	0.24983415272969	4.90583183004026	5.88518170874064
5.41287546096278	0.250568468046423	4.92176126359179	5.90398965833376
5.27380970968204	0.206999194313037	4.86809128882849	5.67952813053559
5.56485088005691	0.219531506737232	5.13456912685194	5.99513263326189
5.52716665600652	0.237911418698775	5.06086027535692	5.99347303665612
5.59313933204961	0.252321632165776	5.09858893300469	6.08768973109453
5.46457414942959	0.222074098115554	5.02930891712311	5.89983938173608
5.02503509623812	0.247369536822749	4.54019080406553	5.50987938841071
5.18449811295269	0.219355590192552	4.75456115617528	5.61443506973009
5.21121499930923	0.235188372811044	4.75024578859958	5.67218421001888
5.10674682921624	0.241960866579379	4.63250353072066	5.58099012771182
5.48603386986223	0.251163418185175	4.99375357021928	5.97831416950517
5.26081565459002	0.221403657439775	4.82686448600806	5.69476682317198
5.52401706106123	0.232642462721925	5.06803783412626	5.9799962879962
4.83342279338246	0.236133188801534	4.37060174333145	5.29624384343347
5.65307690178057	0.24006359836737	5.18255224898053	6.12360155458062
5.18545394900797	0.22850889197051	4.73757652074577	5.63333137727017
5.2514387585754	0.22750804443272	4.80552299148727	5.69735452566353
5.5537026799697	0.237907466390706	5.08740404584392	6.02000131409549
5.266367417438	0.243486436421626	4.78913400205162	5.74360083282439
5.33877288675963	0.235429710681383	4.87733065382412	5.80021511969514
5.07332157743277	0.234918563323151	4.61288119331939	5.53376196154615
5.13395211129299	0.239299504567767	4.66492508234017	5.60297914024582
4.73496470321391	0.238853906725542	4.26681104603185	5.20311836039597
5.5436187784057	0.220628641712181	5.11118664064983	5.97605091616158
5.275426812121	0.234141630501239	4.81650921633858	5.73434440790343
5.1613186375743	0.231830071107718	4.70693169820317	5.61570557694542
5.20634032878241	0.206544369188687	4.80151336517258	5.61116729239224
4.88500409917501	0.237617413107999	4.41927396948333	5.35073422886669
5.08136173581515	0.241468394526986	4.60808368254226	5.55463978908804
5.10712545058018	0.223625845364252	4.66881879366625	5.54543210749412
5.56218920834925	0.238086860970302	5.09553896084746	6.02883945585104
5.00360962077235	0.234258889314567	4.5444621977158	5.4627570438289
4.75123798859351	0.243834622158836	4.2733221291622	5.22915384802483
5.13496690955013	0.233971185973988	4.67638338504111	5.59355043405915
5.08065529590972	0.233289428382847	4.62340801627934	5.5379025755401
5.17925697952794	0.233548843577093	4.72150124611684	5.63701271293905
5.50734126802271	0.233776715436358	5.04913890576745	5.96554363027797
5.31630201947567	0.250256668724953	4.82579894877476	5.80680509017658
5.52067797308392	0.242487319714969	5.04540282644258	5.99595311972526
5.1550040401638	0.246514866210336	4.67183490239154	5.63817317793605
5.2852901511017	0.24434477188724	4.8063743982027	5.76420590400069
5.04885905965228	0.236747878181357	4.58483321841682	5.51288490088774
5.11214259528374	0.242822629904906	4.63621024067013	5.58807494989736
