estFinal_ipw	sdFinal_ipw	X1.1	X2.1
6.73504854104659	0.308304828627008	6.13077107693765	7.33932600515552
7.36113715738593	0.265870865630053	6.84003026075102	7.88224405402083
6.79794976594362	0.239144232626179	6.3292270699963	7.26667246189093
6.63508945104189	0.247424315269506	6.15013779311366	7.12004110897012
7.01693264863872	0.244976718770889	6.53677827984778	7.49708701742966
7.25454716039259	0.268383419647	6.72851565788447	7.78057866290071
7.05414163624252	0.244047705031871	6.57580813438005	7.53247513810498
6.83073071322826	0.250715012578024	6.33932928857533	7.32213213788118
6.95831864151451	0.235763434810933	6.49622230928508	7.42041497374394
6.79823938905853	0.29050710749141	6.22884545837537	7.3676333197417
7.15247408167531	0.284002988460817	6.59582822429211	7.70911993905851
6.92997734110415	0.24595692494145	6.4479017682189	7.41205291398939
7.28567647826138	0.247413804739326	6.8007454209723	7.77060753555046
7.19991096044648	0.251598407015004	6.70677808269707	7.69304383819589
6.93222115228392	0.221231409026035	6.49860759059289	7.36583471397495
7.02905092351941	0.249218220918631	6.5405832105189	7.51751863651993
6.77390920054473	0.247645574173293	6.28852387516507	7.25929452592438
7.16835832900385	0.21649105987057	6.74403585165754	7.59268080635017
6.96061046023908	0.231545890933953	6.50678051400854	7.41444040646963
7.30424356513224	0.226266932178012	6.86076037806334	7.74772675220115
7.14236624543134	0.272274082276882	6.60870904416865	7.67602344669403
7.1716317944268	0.258412052961016	6.66514417062321	7.67811941823039
7.20611721819269	0.224343309623961	6.76640433132972	7.64583010505565
6.67135740662885	0.272628519083565	6.13700550922507	7.20570930403264
7.18713801372884	0.219160799694992	6.75758284632666	7.61669318113103
7.23707496081082	0.253381118744552	6.74044796807149	7.73370195355014
7.17667541294219	0.225329340163444	6.73502990622184	7.61832091966254
6.76170780393973	0.256012524257352	6.25992325639532	7.26349235148414
6.82825580234715	0.302699400126409	6.23496497809939	7.42154662659491
7.11385347314229	0.274800356350929	6.57524477469447	7.65246217159012
6.64987578647399	0.340151846804908	5.98317816673637	7.31657340621161
6.97551218511972	0.301564106976017	6.38444653544673	7.56657783479271
7.19461860323946	0.277161760426059	6.65138155280438	7.73785565367454
7.13946469883151	0.25634789315538	6.63702282824697	7.64190656941606
7.22881428649972	0.311081943131445	6.61909367796209	7.83853489503735
6.98918828028646	0.241521155262225	6.5158068159725	7.46256974460042
6.98503610363109	0.287700558242038	6.4211430094767	7.54892919778549
7.06832565631956	0.1987017438531	6.67887023836749	7.45778107427164
7.06659192883174	0.248507917333127	6.57951641085881	7.55366744680467
6.92399390675259	0.244447344278267	6.44487711196719	7.40311070153799
6.88403468021917	0.257667727407992	6.3790059344995	7.38906342593883
6.84654106477472	0.283675450001125	6.29053718277251	7.40254494677692
6.45658141009779	0.299109321698268	5.87032713956918	7.0428356806264
6.22830329842182	0.553072550862348	5.14428109873162	7.31232549811202
7.36337131098326	0.232123984549953	6.90840830126536	7.81833432070117
6.8223566520707	0.25574674862364	6.32109302476837	7.32362027937304
7.26273879953447	0.232846485701679	6.80635968755918	7.71911791150976
6.88583097199504	0.223547492417275	6.44767788685718	7.32398405713289
7.26544424361333	0.242347490968115	6.79044316131583	7.74044532591084
7.05448801811802	0.2531243261695	6.5583643388258	7.55061169741024
7.16070060702031	0.270910372744748	6.6297162764406	7.69168493760001
6.66112874221334	0.274866775606074	6.12238986202544	7.19986762240125
7.01949157702297	0.272311676106377	6.48576069185447	7.55322246219147
7.23560432196075	0.249217267812716	6.74713847704783	7.72407016687367
6.64465330057035	0.258423114425551	6.13814399629627	7.15116260484443
7.03752999611038	0.233621932908573	6.57963100760958	7.49542898461119
7.00363383723233	0.211147296092073	6.58978513689187	7.41748253757279
7.11325996629869	0.226792525885531	6.66874661556305	7.55777331703433
6.75891180221224	0.260352881834778	6.24862015381607	7.26920345060841
7.07639150155088	0.253094207540446	6.58032685477161	7.57245614833016
6.98768137515853	0.293354507090636	6.41270654126088	7.56265620905617
7.19718937715713	0.25269226848979	6.70191253091714	7.69246622339712
7.3067216903283	0.236062964056311	6.84403828077793	7.76940509987867
7.07300353535617	0.266082213361767	6.5514823971671	7.59452467354523
7.01367177815991	0.24991772855124	6.52383303019948	7.50351052612034
7.11819379009101	0.257113739835969	6.61425086001251	7.62213672016951
6.62221947830673	0.232497507613609	6.16652436338406	7.0779145932294
6.83301589870442	0.273882707415934	6.29620579216918	7.36982600523965
7.09240794942488	0.215663266743809	6.66970794660701	7.51510795224274
6.6684637159408	0.275297312761285	6.12888098292868	7.20804644895292
7.24974586480401	0.227275813997592	6.80428526936873	7.69520646023929
7.33179278552069	0.278279767022602	6.78636444215639	7.877221128885
6.46628483982594	0.271134997857356	5.93486024402552	6.99770943562636
6.8443308856729	0.236685675199072	6.38042696228272	7.30823480906309
7.09882705359474	0.230586242794567	6.64687801771739	7.55077608947209
7.30832071349153	0.278986735354923	6.76150671219588	7.85513471478718
7.21513243978119	0.218668338522715	6.78654249627667	7.64372238328571
7.14017559274966	0.243775157744498	6.66237628357045	7.61797490192888
7.51274253547906	0.25111815035296	7.02055096078726	8.00493411017086
6.88880072476273	0.254533433686253	6.38991519473768	7.38768625478779
6.98472507097357	0.267567418634774	6.46029293044941	7.50915721149773
6.75889546398614	0.208894437245547	6.34946236698487	7.16832856098741
6.98447810844135	0.271185221763743	6.45295507378441	7.51600114309828
6.99907619591259	0.242790293027121	6.52320722157944	7.47494517024575
6.75669591008828	0.264967335034695	6.23735993342028	7.27603188675629
7.07566035788024	0.227474083798305	6.62981115363556	7.52150956212491
7.10426232580574	0.310778268529883	6.49513691948717	7.71338773212431
6.8126222570848	0.243086474829757	6.33617276641847	7.28907174775112
7.35298623519722	0.226972198582219	6.90812072597608	7.79785174441837
6.82061343745937	0.261794985875548	6.30749526514329	7.33373160977544
7.17152916379407	0.268844184908699	6.64459456137302	7.69846376621512
7.40466660863785	0.282869933743402	6.85024153850078	7.95909167877491
7.15098638433531	0.238679582689031	6.68317440226481	7.61879836640581
6.95011035692991	0.234504994752335	6.49048056721534	7.40974014664449
6.99291678084977	0.261407827094135	6.48055743974527	7.50527612195427
7.63164453848816	0.276543247138587	7.08961977409653	8.17366930287979
7.0799172398376	0.249256275681452	6.59137493950195	7.56845954017324
6.76740232783102	0.315662440083686	6.14870394526699	7.38610071039504
7.0339513682258	0.269852401713931	6.5050406608665	7.56286207558511
7.32783564782523	0.279389252995769	6.78023271195352	7.87543858369694
6.8060679527675	0.228321484641531	6.3585578428701	7.2535780626649
7.08667293381174	0.258943576039132	6.57914352477504	7.59420234284844
7.49357115228869	0.284175190604571	6.93658777870373	8.05055452587365
7.18890769382917	0.233747873549836	6.7307618616715	7.64705352598685
6.72700918932186	0.235251704371566	6.26591584875359	7.18810252989013
6.88526572906238	0.263309245507886	6.36917960786693	7.40135185025784
6.77662757177227	0.250969885444975	6.28472659630011	7.26852854724442
7.64881831524429	0.241821714697502	7.17484775443719	8.12278887605139
6.68849229477503	0.240503806683065	6.21710483367623	7.15987975587384
6.67994627727542	0.239240637963087	6.21103462686777	7.14885792768307
6.71226875083278	0.248034147360852	6.22612182200551	7.19841567966005
7.33128502028963	0.251647894536948	6.83805514699721	7.82451489358205
7.34545104911152	0.217696042751498	6.91876680531858	7.77213529290445
7.237403358664	0.304644893283813	6.64029936782773	7.83450734950027
7.0593378488299	0.261830662293654	6.54614975073434	7.57252594692546
7.50864915583626	0.296088134530508	6.92831641215646	8.08898189951605
7.39689081066368	0.204199934710416	6.99665893863126	7.7971226826961
6.68395919999081	0.222520056475656	6.24781988929853	7.1200985106831
6.91614422279774	0.263155630014107	6.40035918797009	7.43192925762539
6.94518534171111	0.237549478664973	6.47958836352776	7.41078231989446
7.32466379689744	0.222441387423394	6.88867867754759	7.76064891624729
6.76613491353122	0.236764206909034	6.30207706798951	7.23019275907292
7.12361236836209	0.293086039791733	6.54916373037029	7.69806100635388
7.02476762612877	0.245898692619634	6.54280618859429	7.50672906366325
6.59403132090623	0.329174858716806	5.94884859782129	7.23921404399117
6.81427266538175	0.241297042853197	6.34133046138949	7.28721486937402
6.68926612874587	0.22353800567476	6.25113163762334	7.1274006198684
6.92270467569916	0.279950749034371	6.3740012075918	7.47140814380653
6.59138953071678	0.274738387730013	6.05290229076596	7.12987677066761
6.94113607932472	0.226854297046328	6.49650165711392	7.38577050153552
7.46039958525938	0.212270592875587	7.04434922322323	7.87644994729553
7.1776833987789	0.218477899604106	6.74946671555485	7.60590008200295
7.40389405084888	0.238388381023496	6.93665282404283	7.87113527765493
6.80644991065509	0.252822966799554	6.31091689572796	7.30198292558221
6.98125933136652	0.401367225475924	6.1945795694337	7.76793909329933
7.004507663823	0.236492428301044	6.54098250435295	7.46803282329304
7.12080894409708	0.229097437351646	6.67177796688785	7.5698399213063
6.78897015120872	0.245340536784521	6.30810269911106	7.26983760330638
6.96251535378417	0.242307582760431	6.48759249157373	7.43743821599462
7.04275837142277	0.226194649180444	6.5994168590291	7.48609988381644
7.14910351608503	0.267293539020011	6.62520817960581	7.67299885256426
7.17765709779307	0.245920004600385	6.69565388877632	7.65966030680983
6.97559735406564	0.230810512002927	6.52320875053991	7.42798595759138
6.52180583655227	0.252512472245794	6.02688139095051	7.01673028215402
6.70533427821914	0.250941726912265	6.2134884934711	7.19718006296717
7.20294050724025	0.213554326646529	6.78437402701305	7.62150698746744
7.00853384475011	0.316050182592157	6.38907548686948	7.62799220263074
7.03066929145328	0.241298529355751	6.557724173916	7.50361440899055
7.03461277507631	0.249726931173252	6.54514798997674	7.52407756017589
7.05950580534533	0.276452087247912	6.51765971433942	7.60135189635123
7.13924802261353	0.215507069451748	6.71685416648811	7.56164187873896
7.11747019445372	0.237629379799708	6.65171661004629	7.58322377886115
6.97693867034139	0.261610075591994	6.46418292218108	7.4896944185017
7.01615256760775	0.256161212981479	6.51407659016405	7.51822854505144
6.68257393055389	0.216876706565657	6.2574955856852	7.10765227542258
6.98485265496338	0.233457086609681	6.5272767652084	7.44242854471835
7.03102276618391	0.233552003830034	6.57326083867704	7.48878469369077
6.35853083876868	0.229663116085573	5.90839113124096	6.8086705462964
6.79055869611416	0.233914212123872	6.33208684035137	7.24903055187695
7.17180987056189	0.215037916217653	6.7503355547753	7.59328418634849
7.03577440948504	0.224621157291922	6.59551694119287	7.4760318777772
7.04267928344848	0.245894498885986	6.56072606563195	7.52463250126501
6.83841649229447	0.430557474847705	5.99452384159296	7.68230914299597
6.80308942892497	0.238250599570626	6.33611825376654	7.27006060408339
6.76013007562865	0.259939307745444	6.25064903244758	7.26961111880972
7.26275450545016	0.256903745624288	6.75922316402656	7.76628584687376
6.98418886686236	0.276419268856041	6.44240709990452	7.5259706338202
6.70341590529167	0.269468532511905	6.17525758156833	7.231574229015
6.55466454573975	0.287167697724491	5.99181585819975	7.11751323327975
7.14730010286327	0.239208447828042	6.6784515451203	7.61614866060623
6.57762458310539	0.333230189711893	5.92449341127008	7.2307557549407
6.86092130103146	0.266577727693395	6.3384289547524	7.38341364731051
7.23764806501306	0.230445579822964	6.78597472856005	7.68932140146607
6.90414985827064	0.255934627875313	6.40251798763503	7.40578172890625
6.98929100113192	0.230370957438416	6.53776392455263	7.44081807771122
7.05050702683495	0.306965052808658	6.44885552332998	7.65215853033992
6.37629910606926	0.326703094874954	5.73596104011435	7.01663717202417
7.00216645726689	0.258463911437795	6.49557719084881	7.50875572368497
7.72511387744063	0.336233427731863	7.06609635908618	8.38413139579508
7.15235603894315	0.276323525006111	6.61076192993118	7.69395014795513
7.45775699326589	0.298206695990173	6.87327186912515	8.04224211740663
6.57467946694261	0.254508809677136	6.07584219997543	7.0735167339098
6.98433359418799	0.263097956344739	6.46866159975231	7.50000558862368
7.22813395376205	0.262019648569408	6.71457544256601	7.74169246495809
6.96103418324244	0.27267265844925	6.42659577268191	7.49547259380297
7.16187930888989	0.250533819277602	6.67083302310579	7.65292559467399
7.5432743634714	0.201901195887731	7.14754801953144	7.93900070741135
6.97763999727778	0.291013623999245	6.40725329423926	7.5480267003163
7.13026301678479	0.260098396024381	6.62047016057701	7.64005587299258
7.39283555292934	0.25160602150737	6.8996877507749	7.88598335508379
7.02221038332046	0.220625210444472	6.58978497084929	7.45463579579162
7.35670860182972	0.254241279432381	6.85839569414225	7.85502150951719
6.71657927110019	0.24095924328449	6.24429915426259	7.18885938793779
6.89977709687084	0.251223745354004	6.40737855597699	7.39217563776469
6.90106800563636	0.286420819537976	6.33968319934193	7.4624528119308
6.71055862636436	0.207481049029615	6.30389577026631	7.1172214824624
6.76264188628472	0.251033559584233	6.27061610949962	7.25466766306981
7.01750382899844	0.305228781263368	6.41925541772223	7.61575224027464
7.16718871360826	0.26767809958683	6.64253963841808	7.69183778879845
6.63511674114643	0.239055102352047	6.16656874053642	7.10366474175644
7.17615343173089	0.303294043519244	6.58169710643317	7.77060975702861
6.99877516673585	0.280533135575417	6.44893022100803	7.54862011246367
6.70980267638631	0.223524561480472	6.27169453588459	7.14791081688804
7.30885620271436	0.229121286553924	6.85977848106867	7.75793392436005
7.37843488526776	0.217188343482442	6.95274573204218	7.80412403849335
6.68453700402515	0.260479418944662	6.17399734289361	7.19507666515668
6.89108213961162	0.265416219061937	6.37086635025022	7.41129792897301
6.90993026185525	0.26605764641426	6.3884572748833	7.4314032488272
6.6369530769127	0.300304109128832	6.04835702302019	7.22554913080521
6.97298584568336	0.295028589738767	6.39472980979537	7.55124188157134
7.01109663584464	0.226492990824695	6.56717037382824	7.45502289786104
7.05625718478209	0.244499421931718	6.57703831779592	7.53547605176825
6.8045074316587	0.304471281156559	6.20774372059184	7.40127114272555
6.94465081242499	0.273504569923611	6.40858185537471	7.48071976947527
7.49772633754833	0.247194027142251	7.01322604434952	7.98222663074714
6.75959874640009	0.291825705192414	6.18762036422296	7.33157712857722
6.89582952069919	0.225188981596996	6.45445911676908	7.3371999246293
7.19456388081348	0.32186884864618	6.56370093746697	7.82542682415999
7.19351730304481	0.235569579615522	6.73180092699839	7.65523367909124
6.8673045499632	0.234467444586425	6.40774835857381	7.3268607413526
6.62752690380458	0.246991409330325	6.14342374151714	7.11163006609201
6.73982859063119	0.251179973486568	6.24751584259751	7.23214133866486
6.93780898227474	0.283451642634108	6.38224376271189	7.49337420183759
6.80283142228418	0.234087131921048	6.34402064371892	7.26164220084943
6.90497541459666	0.252376253234075	6.41031795825787	7.39963287093545
7.07701113114549	0.223384168378312	6.639178161124	7.51484410116698
7.11681964128636	0.321775894104929	6.4861388888407	7.74750039373202
6.84698136183138	0.231931997397934	6.39239464693143	7.30156807673133
7.4798131488804	0.291963411016168	6.90756486328871	8.05206143447209
7.68946750498634	0.268499191090296	7.16320909044936	8.21572591952332
7.07234357494112	0.248910813056697	6.58447838135	7.56020876853225
6.94218796699418	0.245780760528116	6.46045767635907	7.42391825762929
7.20027654170535	0.241960641582444	6.72603368420376	7.67451939920694
6.53193380137292	0.233858444717683	6.07357124972626	6.99029635301958
7.2194545364371	0.250138133854017	6.72918379408323	7.70972527879097
6.85955874568896	0.246719732196356	6.3759880705841	7.34312942079382
6.90472015250399	0.27633623957415	6.36310112293865	7.44633918206932
6.75870515379645	0.29917760013504	6.17231705753178	7.34509325006113
6.79215287585106	0.247803252165007	6.30645850160765	7.27784725009448
7.17246638179614	0.267715423869552	6.64774415101182	7.69718861258046
6.76661875690058	0.25484804370638	6.26711659123608	7.26612092256509
7.13936074546913	0.225265644645368	6.6978400819642	7.58088140897405
6.08373208658421	0.282200868083863	5.53061838513984	6.63684578802858
6.79876179448547	0.25815468799758	6.29277860601021	7.30474498296072
7.01192904352418	0.245530441900365	6.53068937739947	7.4931687096489
7.51815909757378	0.27878335143862	6.97174372875408	8.06457446639347
6.95158304467952	0.228955680596205	6.50282991071096	7.40033617864808
7.20291277764383	0.214927988468974	6.78165392024464	7.62417163504302
7.32999994275703	0.267191867479712	6.80630388249679	7.85369600301726
7.02051298313685	0.324266158967672	6.38495131156021	7.65607465471349
7.64419505623636	0.275372600128633	7.10446475998424	8.18392535248848
6.91418753777937	0.210985049198241	6.50065684135082	7.32771823420793
6.93941290929426	0.260440895717335	6.42894875368828	7.44987706490024
7.41930714070148	0.237286326304678	6.95422594114431	7.88438834025865
7.04834058345987	0.225980008206742	6.60541976737466	7.49126139954509
6.76293075375706	0.258470443789515	6.25632868392961	7.26953282358451
7.00581722158316	0.309689952267013	6.39882491513981	7.6128095280265
6.51620018293468	0.466786868519573	5.60129792063631	7.43110244523304
6.76588254580222	0.253693962692703	6.26864237892452	7.26312271267992
7.08370882080293	0.256448889592727	6.58106899720119	7.58634864440467
6.78321916993058	0.232043531043319	6.32841384908568	7.23802449077549
6.85251640924733	0.243142573326303	6.37595696552778	7.32907585296689
6.70892099541353	0.231471153047222	6.25523753544098	7.16260445538609
6.8015004480216	0.270946165629822	6.27044596338715	7.33255493265605
6.85748625821764	0.268739096558011	6.33075762896394	7.38421488747134
6.85559045973522	0.265723650634703	6.3347721044912	7.37640881497924
7.06340252323274	0.287898593557926	6.49912127985921	7.62768376660628
7.31126438044801	0.261380727340707	6.79895815486023	7.8235706060358
6.77482097202465	0.236045144489577	6.31217248882508	7.23746945522422
7.08574645501497	0.249840991498458	6.59605811167799	7.57543479835195
6.87475833429808	0.296169641269907	6.29426583740906	7.4552508311871
7.13751891621931	0.298467547773112	6.55252252258401	7.72251530985461
6.50476349068332	0.248057232161182	6.0185713156474	6.99095566571923
6.84341825185995	0.245495516020885	6.36224704045902	7.32458946326089
6.60371731232834	0.306194888852731	6.00357533017698	7.20385929447969
7.23644274626418	0.279402031468213	6.68881476458649	7.78407072794188
6.78134142586413	0.250617939854444	6.29013026374942	7.27255258797884
7.17743323825179	0.267987769392263	6.65217721024296	7.70268926626063
6.91135931996366	0.226754874247408	6.46691976643874	7.35579887348858
7.18060412698727	0.27969886057183	6.63239436026649	7.72881389370806
6.66908832133414	0.256349734110339	6.16664284247787	7.1715338001904
6.50924332634668	0.282489814780781	5.95556328937634	7.06292336331701
6.79509293360832	0.243066209606066	6.31868316278043	7.27150270443621
6.82216544453737	0.268083783085596	6.2967212296896	7.34760965938514
6.90205002385402	0.23736344516918	6.43681767132243	7.36728237638561
6.78442980874009	0.23855544363832	6.31686113920898	7.2519984782712
6.95218261621419	0.265671479244979	6.43146651689403	7.47289871553435
6.75968284293632	0.242405602530312	6.28456786197691	7.23479782389574
6.84057915043417	0.265118009500756	6.32094785181269	7.36021044905565
7.01240823811188	0.221654970297839	6.57796449632812	7.44685197989565
6.67745829666558	0.30015814181331	6.08914833871149	7.26576825461966
6.80024353462919	0.228971556996853	6.35145928291536	7.24902778634302
7.06752225210865	0.272696714835227	6.53303669103161	7.6020078131857
7.20028297938561	0.270310875214289	6.6704736639656	7.73009229480561
6.62955834385958	0.253820840259832	6.13206949695031	7.12704719076885
7.30640670363908	0.232366280172997	6.85096879450001	7.76184461277815
7.36702062833944	0.227014559642869	6.92207209143941	7.81196916523946
7.2962127620961	0.236724705013734	6.83223234026918	7.76019318392302
6.99100688782856	0.243748320476317	6.51326017969498	7.46875359596214
6.76231495411323	0.243875640949995	6.28431869785124	7.24031121037522
6.70450955288616	0.320661980245402	6.07601207160517	7.33300703416715
7.11467271597872	0.265108622659937	6.59505981556524	7.6342856163922
7.16265755664669	0.245457600940872	6.68156065880259	7.6437544544908
7.03847630129369	0.249124720193539	6.55019184971436	7.52676075287303
6.95881768714247	0.236762445587512	6.49476329379095	7.422872080494
7.03209866235138	0.256212747054	6.52992167812554	7.53427564657722
6.61643894879208	0.24458997398491	6.13704259978166	7.09583529780251
7.10229559111387	0.308682817007188	6.49727726977978	7.70731391244795
7.11745100924098	0.268588456473133	6.59101763455364	7.64388438392832
7.06147204880154	0.246341044986598	6.57864360062781	7.54430049697527
7.60346597534241	0.245349841678918	7.12258028565173	8.08435166503309
6.84490136930476	0.212233355355679	6.42892399280763	7.26087874580189
7.12690066256667	0.250135534298135	6.63663501534232	7.61716630979101
6.46915336338109	0.244920899460817	5.98910840043789	6.94919832632429
7.24653580820374	0.258534984380903	6.73980723881717	7.75326437759031
6.76837668596594	0.252672927916666	6.27313774724927	7.2636156246826
6.35389387218177	0.247365811397156	5.86905688184334	6.8387308625202
7.02934282082515	0.248297743808295	6.54267924296089	7.51600639868941
6.81696481113981	0.258208163990542	6.31087680971835	7.32305281256127
6.59332487952989	0.264613343339295	6.07468272658487	7.11196703247491
7.1552355856085	0.238061010933078	6.68863600417966	7.62183516703733
7.05890264598067	0.231183193883569	6.60578358596887	7.51202170599246
6.73574496721424	0.25948349390024	6.22715731916977	7.24433261525871
6.59044591955536	0.273828487171669	6.05374208469889	7.12714975441183
6.71019019527586	0.240723741430269	6.23837166207253	7.18200872847919
7.09056664854559	0.264035563788525	6.57305694352008	7.6080763535711
7.5187444074977	0.318704653888663	6.89408328587592	8.14340552911948
7.43012697758484	0.282954158628115	6.87553682667373	7.98471712849594
6.90155374746123	0.249040016262482	6.41343531558677	7.3896721793357
6.76632481987344	0.257221499804975	6.26217068025569	7.27047895949119
6.87784461124691	0.295883694799314	6.29791256944026	7.45777665305357
6.78226868549522	0.24004489517549	6.31178069095125	7.25275668003918
7.20991281371561	0.257523750441483	6.70516626285031	7.71465936458092
6.8716773229728	0.273761943589682	6.33510391353703	7.40825073240858
6.82452359442149	0.233796252067013	6.36628294037014	7.28276424847283
6.99867401862396	0.272057641373468	6.46544104153196	7.53190699571596
7.30953042792333	0.244704934086748	6.82990875711331	7.78915209873336
6.88923981194257	0.24651995854997	6.40606069318463	7.37241893070052
6.77734784805852	0.304032027991589	6.18144507319501	7.37325062292204
7.2654618612599	0.232033381241879	6.81067643402582	7.72024728849399
7.22034360966032	0.228586885644099	6.77231331379789	7.66837390552275
7.04211247772552	0.229813562035717	6.59167789613551	7.49254705931552
6.91039306192735	0.305168738266674	6.31226233492467	7.50852378893003
7.21580632940836	0.223726610080126	6.77730217365131	7.65431048516541
6.99013797811709	0.2617964779194	6.47701688139507	7.50325907483911
7.03947631844986	0.247723037486826	6.55393916497568	7.52501347192404
7.32753256564879	0.267068833099445	6.80407765277388	7.8509874785237
7.25655052343931	0.239315516344579	6.78749211140394	7.72560893547469
6.74058561332939	0.260378364132018	6.23024401963064	7.25092720702815
7.47178213301651	0.269673616007511	6.94322184564179	8.00034242039123
7.37930084840066	0.241260919368842	6.90642944643773	7.85217225036359
6.61410137520972	0.284916919840665	6.05566421232201	7.17253853809742
7.3124894841083	0.242029518775843	6.83811162730765	7.78686734090895
7.12188507390498	0.249967532333474	6.63194871053138	7.61182143727859
6.59913294766749	0.240859627064171	6.12704807862171	7.07121781671326
6.84692596866294	0.254561949958608	6.34798454674407	7.34586739058181
6.91069238987954	0.226773815812508	6.46621571088702	7.35516906887206
7.21677929620974	0.228797607744625	6.76833598503028	7.66522260738921
7.10948483841824	0.240201633854968	6.63868963606251	7.58028004077398
7.41478826388895	0.262098968559263	6.9010742855128	7.92850224226511
7.05704674704253	0.276479028018721	6.51514785212583	7.59894564195922
7.1371839518978	0.252400775700878	6.64247843152408	7.63188947227152
7.05410879924631	0.271282243880015	6.52239560124148	7.58582199725114
7.18639061101823	0.289364466529828	6.61923625661976	7.75354496541669
7.40878099918383	0.2670352927707	6.88539182535326	7.9321701730144
6.88993385375581	0.213019848075709	6.47241495152742	7.3074527559842
6.99588720865844	0.249924247816391	6.50603568293831	7.48573873437857
7.06334776955304	0.247901467035107	6.57746089416423	7.54923464494185
6.89086717486146	0.287820614764741	6.32673876992257	7.45499557980035
7.30869474835206	0.256269341628965	6.80640683875929	7.81098265794483
7.16205037803061	0.216973898011285	6.73678153792849	7.58731921813273
6.92528490541399	0.275812834229249	6.38469175032467	7.46587806050332
7.2596018580001	0.26711746878363	6.73605161918419	7.78315209681602
6.91980552583516	0.227973932976972	6.47297661720029	7.36663443447002
7.01782913037285	0.237859234134695	6.55162503146884	7.48403322927685
6.79520016242087	0.264182091883893	6.27740326232844	7.3129970625133
7.31803459284165	0.239114559490546	6.84937005624018	7.78669912944312
6.90059511337832	0.28497147599874	6.34205102042079	7.45913920633585
6.57787367692124	0.289777764724807	6.00990925806061	7.14583809578186
6.95515376052749	0.239222331251909	6.48627799127375	7.42402952978124
7.29240896905425	0.225914570883517	6.84961641012255	7.73520152798594
7.14153460582352	0.243111988105504	6.66503510913673	7.61803410251031
7.22814298774996	0.243663079321389	6.75056335228004	7.70572262321989
6.8593056692815	0.266391740885603	6.33717785714572	7.38143348141728
6.59897195147977	0.236071602806223	6.13627160997957	7.06167229297997
7.04743690279121	0.311678763581171	6.43654652617211	7.6583272794103
7.22015136458194	0.230306580582413	6.76875046664041	7.67155226252347
6.77613920729562	0.234626379482973	6.31627150350899	7.23600691108225
6.43964605480177	0.585671546810709	5.29172982305278	7.58756228655076
6.90041159391912	0.25742220762457	6.39586406697496	7.40495912086327
7.02917555559769	0.248792088023507	6.54154306307161	7.51680804812376
7.15490746940257	0.249087138791039	6.66669667737213	7.643118261433
7.05889906959526	0.245399172820883	6.57791669086633	7.53988144832419
7.19243244613589	0.24346771431804	6.71523572607253	7.66962916619925
7.25892823879251	0.257742190253864	6.75375354589494	7.76410293169009
6.8695374584928	0.234744212049182	6.40943880287641	7.3296361141092
6.93368174206443	0.239956795674371	6.46336642254266	7.4039970615862
7.45893605853873	0.235028389041711	6.99828041601698	7.91959170106048
6.92060562240849	0.215173204561229	6.49886614146848	7.3423451033485
6.73280634295702	0.24153721878905	6.25939339413048	7.20621929178356
6.35981447590459	0.400303788367051	5.57521905070517	7.14440990110401
6.73102691943012	0.224256403000135	6.29148436954986	7.17056946931039
7.07623277431248	0.302694990137756	6.48295059364248	7.66951495498249
6.5611241708582	0.262580124455617	6.04646712692519	7.07578121479121
6.49911046637753	0.358761381455117	5.7959381587255	7.20228277402956
6.55204045500614	0.275347597012294	6.01235916486204	7.09172174515024
7.13031931683745	0.256958327660453	6.62668099462296	7.63395763905194
7.15061713961414	0.253947858639421	6.65287933668088	7.64835494254741
6.80375878881471	0.249667633330746	6.31441022748644	7.29310735014297
6.87678941872006	0.288995118429135	6.31035898659896	7.44321985084117
6.95275770781854	0.222570163370679	6.51652018761201	7.38899522802507
7.25383006499455	0.231968677821715	6.79917145646399	7.70848867352511
6.73269016292845	0.260520020720125	6.222070922317	7.24330940353989
7.17694269933127	0.223284008413215	6.73930604284137	7.61457935582117
6.49019657486085	0.245440164182845	6.00913385306248	6.97125929665923
6.88364277714052	0.234651185782131	6.42372645300754	7.34355910127349
6.8279378567287	0.235045633454638	6.36724841515761	7.28862729829979
6.54312690802811	0.244165755550281	6.06456202714956	7.02169178890667
6.95562944099065	0.227262056539891	6.51019581017247	7.40106307180884
6.99600455217252	0.2452476343326	6.51531918888063	7.47668991546442
6.98708357349372	0.28298595179219	6.43243110798103	7.54173603900642
7.20043966195062	0.231694650706924	6.74631814656505	7.65456117733619
7.12565561412329	0.281561188506689	6.57379568465018	7.6775155435964
6.76555023317922	0.258254230145756	6.25937194209353	7.2717285242649
6.8880278033504	0.288043973787373	6.32346161472715	7.45259399197365
7.5329635351649	0.253652645881354	7.03580434923745	8.03012272109235
7.15822988940705	0.294302901634681	6.58139620220307	7.73506357661102
7.22683240760386	0.236383810165117	6.76352013968023	7.69014467552748
6.8173829283399	0.238131059640206	6.35064605144509	7.2841198052347
7.21226082715397	0.202539169032104	6.81528405585104	7.60923759845689
7.25604065625628	0.207911526238336	6.84853406482914	7.66354724768342
6.90782005852941	0.225554233403837	6.46573376105789	7.34990635600093
6.66608410197849	0.297506555203875	6.0829712537789	7.24919695017809
7.19197170846554	0.265110151791079	6.67235581095503	7.71158760597606
7.15385460158831	0.242497871702347	6.67855877305171	7.62915043012491
6.80893704753445	0.280292630766301	6.25956349123251	7.3583106038364
6.80366299719778	0.291604577835925	6.23211802463936	7.37520796975619
7.45451371407029	0.322155704721607	6.82308853281594	8.08593889532464
6.66693576698829	0.368327934715276	5.94501301494635	7.38885851903023
6.89778843293613	0.309389517305593	6.29138497901717	7.50419188685509
7.07783324162206	0.235667149784571	6.61592562804431	7.53974085519982
6.7403813895032	0.265062401320448	6.22085908291513	7.25990369609128
6.28084579582078	0.253588912641308	5.78381152704381	6.77788006459774
7.05315645487471	0.237066393761436	6.58850632310229	7.51780658664712
7.03979833402798	0.241733422476506	6.56600082597403	7.51359584208193
6.98965258842799	0.360060984826339	6.28393305816837	7.69537211868761
7.14474218723492	0.243646808555567	6.66719444246601	7.62228993200384
6.81583533606758	0.224854872082424	6.37511978678603	7.25655088534913
6.92740695886242	0.246186594115383	6.44488123439627	7.40993268332857
7.05413832459537	0.25891547046861	6.5466640024769	7.56161264671385
6.50045288160165	0.252138065982484	6.00626227227598	6.99464349092732
6.89385222312044	0.267071660075564	6.37039176937234	7.41731267686855
6.89985376737909	0.241835393416437	6.42585639628287	7.3738511384753
6.99756914786153	0.236461306453277	6.53410498721311	7.46103330850995
6.81160716715085	0.264980080822342	6.29224620873906	7.33096812556264
7.07477839827026	0.242200147799636	6.60006610858297	7.54949068795754
7.31516314088128	0.254552647103983	6.81623995255747	7.81408632920508
7.15523068411963	0.228288496881691	6.70778523023152	7.60267613800775
7.07227736235495	0.294960172332954	6.49415542458236	7.65039930012754
7.10991233739703	0.322934198432864	6.47696130846862	7.74286336632544
6.95924695730867	0.254672401806177	6.46008904976856	7.45840486484877
7.13394884173645	0.239899229400916	6.66374635211065	7.60415133136224
7.04523594418461	0.208824863745606	6.63593921124322	7.454532677126
6.66466538828439	0.248214398570661	6.17816516708589	7.15116560948288
6.65553533937812	0.235884912231183	6.19320091140501	7.11786976735124
6.89325582977171	0.230369967325385	6.44173069381396	7.34478096572947
7.07596844445169	0.241213204366275	6.60319056389379	7.54874632500959
7.12259335158622	0.282154080713048	6.56957135338865	7.67561534978379
6.99199527732795	0.304143872497325	6.39587328723319	7.5881172674227
7.4863259572433	0.267845397289295	6.96134897855628	8.01130293593032
6.48635002507486	0.266938532093834	5.96315050217094	7.00954954797877
6.9915404737397	0.243353246760842	6.51456811008845	7.46851283739095
6.85026248216502	0.22961121842821	6.40022449404573	7.30030047028432
7.29296611311874	0.240935552522123	6.82073243017538	7.7651997960621
6.67895285012711	0.252453879495289	6.18414324631634	7.17376245393787
6.89056453613064	0.23822361100719	6.42364625855655	7.35748281370473
6.72207013260005	0.258482177295264	6.21544506510134	7.22869520009877
7.0656219445177	0.242919263643012	6.5895001877774	7.541743701258
6.84048625597281	0.289725577170526	6.27262412471858	7.40834838722704
7.26801262741905	0.243722604549812	6.79031632250142	7.74570893233669
6.96001877170723	0.293660166097703	6.38444484615574	7.53559269725873
6.41171271232671	0.302231648834354	5.81933868061138	7.00408674404205
6.77984397070098	0.241119441198577	6.30724986595177	7.25243807545019
6.80076032151784	0.236361133857672	6.3374924991568	7.26402814387888
6.80442596823564	0.249543562648558	6.31532058544447	7.29353135102682
7.71727060142486	0.256529248268624	7.21447327481836	8.22006792803136
7.35812642536831	0.261040779458859	6.84648649762894	7.86976635310767
7.30895397542018	0.270728705416141	6.77832571280454	7.83958223803582
6.7753525710526	0.284542967763608	6.21764835423593	7.33305678786927
6.67901373070955	0.297910958648816	6.09510825175787	7.26291920966123
6.93572479683794	0.334097224597594	6.28089423662666	7.59055535704923
7.23074147188568	0.23426785958732	6.77157646709454	7.68990647667683
6.51958260010833	0.258751704436624	6.01242925941254	7.02673594080411
7.1028104832811	0.23634552283753	6.63957325851954	7.56604770804266
6.84599222930864	0.269267363153908	6.31822819752698	7.37375626109029
7.07026787294815	0.265042738769244	6.55078410496043	7.58975164093587
7.17488775609823	0.323472682680642	6.54088129804417	7.80889421415229
6.61955862883011	0.234813884365404	6.15932341547392	7.0797938421863
7.15020783599781	0.209320000075446	6.73994063584994	7.56047503614568
6.76411014822957	0.233363910017284	6.30671688459569	7.22150341186344
7.45574997675479	0.256928984785697	6.95216916657483	7.95933078693476
6.82222932083358	0.227413639624275	6.37649858717001	7.26796005449716
6.84149495766129	0.250000220571338	6.35149452534147	7.33149538998112
7.12326802116192	0.234518219608355	6.66361231072955	7.5829237315943
6.66153260165279	0.265071608550281	6.14199224889424	7.18107295441134
7.08090093958238	0.261707725674544	6.56795379726027	7.59384808190448
7.23995635629586	0.235979018360349	6.77743748030958	7.70247523228215
6.7584421615317	0.287063734165013	6.19579724256827	7.32108708049512
6.40240678647873	0.290721790186906	5.8325920777124	6.97222149524507
6.63037908694959	0.258714664638525	6.12329834425809	7.1374598296411
7.10953757221889	0.271512377953738	6.57737331142956	7.64170183300821
7.15844331209511	0.27210178135678	6.62512382063582	7.6917628035544
7.11060847897771	0.270752915801481	6.57993276400681	7.64128419394861
7.21142403588918	0.23648145825303	6.74792037771324	7.67492769406512
6.94678660532061	0.239068874185194	6.47821161191763	7.41536159872359
7.08725156526264	0.258163716991307	6.58125067995968	7.5932524505656
7.20177447076417	0.206195623637304	6.79763104843505	7.60591789309328
6.99096945979754	0.222845914598154	6.55419146718516	7.42774745240992
6.92640665725579	0.272065780142763	6.39315772817597	7.4596555863356
7.01702233917442	0.232382268316126	6.56155309327481	7.47249158507403
7.07806464282991	0.240198920327234	6.60727475898853	7.54885452667129
7.47764154693633	0.204392366518445	7.07703250856018	7.87825058531248
6.78918939092251	0.254859638382462	6.28966449969288	7.28871428215213
6.98141041418623	0.255864073683	6.47991682976756	7.48290399860491
6.81662546522366	0.26343696135146	6.3002890209748	7.33296190947252
6.79145695442881	0.268071573625834	6.26603667012218	7.31687723873544
7.36112001143177	0.265516834523043	6.84070701576661	7.88153300709694
6.93013670789124	0.278751144649092	6.38378446437902	7.47648895140346
7.1647547059631	0.284642103611438	6.60685618288468	7.72265322904152
6.97293867080663	0.280798591962831	6.42257343055949	7.52330391105378
7.07939774044932	0.220135271682184	6.64793260795224	7.5108628729464
7.37069784217822	0.247764567530516	6.88507928981841	7.85631639453803
7.19858273795316	0.252891789890069	6.70291482976863	7.6942506461377
7.04415702645899	0.289739638539157	6.47626733492225	7.61204671799574
6.90211193724853	0.237382574696865	6.43684209084267	7.36738178365438
6.87393739127461	0.243600184119612	6.39648103040017	7.35139375214905
6.76912639241185	0.26139266273295	6.25679677345526	7.28145601136843
7.36747796660777	0.19775621595172	6.9798757833424	7.75508014987314
7.35399335558091	0.273204224105319	6.81851307633449	7.88947363482734
7.14558645923343	0.287723552124906	6.58164829706862	7.70952462139825
7.25872439603066	0.270459267622494	6.72862423149057	7.78882456057075
7.24657334020385	0.236218733354199	6.78358462282962	7.70956205757808
6.67273413592254	0.246239090845695	6.19010551786498	7.15536275398011
6.63194525083771	0.249006706459763	6.14389210617657	7.11999839549884
7.04211417788396	0.236759188346535	6.57806616872475	7.50616218704317
7.22542185256858	0.230857891715198	6.77294038480679	7.67790332033036
6.92646933933694	0.279248177993914	6.37914291046886	7.47379576820501
6.70815265286592	0.275156289507425	6.16884632543137	7.24745898030047
7.05514110788678	0.250811489129965	6.56355058919205	7.54673162658151
7.29040550416471	0.246281745770273	6.80769328245497	7.77311772587444
6.84412994022903	0.294684604468731	6.26654811547032	7.42171176498775
7.16860898008653	0.317902023372323	6.54552101427678	7.79169694589628
6.97390646439982	0.308123979390093	6.36998346479524	7.57782946400441
7.21497801625862	0.225587817271525	6.77282589440644	7.65713013811081
6.5833482700359	0.236070931936948	6.12064924343949	7.04604729663232
6.71333634730759	0.246654645168291	6.22989324277774	7.19677945183744
7.0874935707628	0.29370949168298	6.51182296706416	7.66316417446144
7.1752112236917	0.242685966006652	6.69954673031866	7.65087571706474
6.71292246661793	0.269405976929811	6.1848867518355	7.24095818140036
7.24290110266973	0.253778685910189	6.74549487828576	7.7403073270537
7.12086218413324	0.248042073543166	6.63469971998863	7.60702464827785
6.95919007523097	0.209988783386365	6.54761205979369	7.37076809066825
7.07763122935603	0.246012144683309	6.59544742577674	7.55981503293532
6.55118756508618	0.26835387313254	6.0252139737464	7.07716115642596
7.25985446306841	0.255884829630587	6.75832019699246	7.76138872914436
7.26686207160978	0.22328820150758	6.82921719665492	7.70450694656463
6.56338540685381	0.238087637477747	6.09673363739742	7.03003717631019
6.84339165315598	0.250301806495288	6.35280011242522	7.33398319388675
6.68450322222205	0.272818900963283	6.14977817633401	7.21922826811008
7.0791788500618	0.232039651547747	6.62438113302822	7.53397656709538
6.77826266370595	0.350494683504698	6.09129308403674	7.46523224337516
6.97949141075916	0.243525121069578	6.50218217346279	7.45680064805554
6.65599514467915	0.270344253479478	6.12612040785938	7.18586988149893
7.09223210051084	0.261474636135466	6.57974181368533	7.60472238733635
7.16500950110027	0.279681278397155	6.61683419544185	7.71318480675869
7.20004537665377	0.229431964303352	6.7503587266192	7.64973202668834
6.87406029118402	0.216075932990162	6.4505514625233	7.29756911984473
7.0007398526285	0.247192009439055	6.51624351412795	7.48523619112905
7.06201359179231	0.235936159636264	6.59957871890523	7.52444846467938
7.11443815583807	0.244236409205182	6.63573479379591	7.59314151788023
6.97796739627996	0.24426908863673	6.49919998255197	7.45673481000795
6.35096740831511	0.304730956361252	5.75369473384705	6.94824008278316
6.97686745595273	0.245841561243154	6.49501799591614	7.45871691598931
6.91662995642142	0.214835566104107	6.49555224685737	7.33770766598547
7.11863630145992	0.232864799963562	6.66222129353134	7.5750513093885
6.7521976154853	0.252518959585054	6.25726045469859	7.24713477627201
7.0108345360855	0.246149012340571	6.52838247189797	7.49328660027302
6.57357846256575	0.239359937372189	6.10443298531626	7.04272393981524
6.95116966228438	0.255436164328943	6.45051478019965	7.45182454436911
6.72696803260473	0.255155898604153	6.22686247134059	7.22707359386887
6.84359662786527	0.258159282669016	6.337604433834	7.34958882189655
7.12974765117707	0.251456490136462	6.63689293050961	7.62260237184454
7.08754047374345	0.264306705929532	6.56949933012157	7.60558161736533
7.09149477941969	0.300619855336482	6.50227986296018	7.68070969587919
7.15263080526348	0.21387928931327	6.73342739820947	7.57183421231749
6.91204637999995	0.230460898914984	6.46034301812659	7.36374974187332
7.50155616204715	0.25475614187542	7.00223412397133	8.00087820012298
7.01613075292748	0.228339199634295	6.56858592164426	7.4636755842107
7.25483361373741	0.242293699884414	6.77993796196396	7.72972926551086
7.32760724878779	0.262719197946952	6.81267762081177	7.84253687676382
7.26451850735271	0.22767370910409	6.8182780375087	7.71075897719673
6.95264854607279	0.241490737747755	6.47932670008719	7.42597039205839
6.89568899200581	0.288166698009396	6.33088226390739	7.46049572010422
7.30004368023321	0.260091318236543	6.79026469648959	7.80982266397683
7.39967949684771	0.260840482573468	6.88843215100372	7.91092684269171
6.69992017773031	0.348822240843045	6.01622858567794	7.38361176978268
6.68939663052064	0.254268554173613	6.19103026434036	7.18776299670092
7.11535245170549	0.268779626510072	6.58854438374575	7.64216051966523
7.12481985074514	0.237858441746733	6.65861730492154	7.59102239656873
7.01158562361149	0.238965833436752	6.54321259007546	7.47995865714753
7.21436287423941	0.272022426974086	6.6811989173702	7.74752683110862
6.81275356125927	0.283225228528558	6.25763211334329	7.36787500917524
6.93567099353613	0.240381571337619	6.4645231137144	7.40681887335786
6.88184967625244	0.263282193612232	6.36581657677247	7.39788277573242
7.07634592475204	0.237443256407038	6.61095714219425	7.54173470730984
7.2362663152817	0.245706690052443	6.75468120277891	7.71785142778449
7.3145953498372	0.224243459739293	6.87507816874819	7.75411253092622
7.07139230654781	0.240932145246126	6.5991653018654	7.54361931123021
6.69708019153919	0.263932549366064	6.17977239478171	7.21438798829668
7.11645433973948	0.267631931791928	6.59189575342731	7.64101292605166
7.02898256412514	0.310288197775271	6.42081769648561	7.63714743176467
6.72857717146714	0.250449359405004	6.23769642703333	7.21945791590095
6.67370817875047	0.274147050866306	6.13637995905251	7.21103639844843
7.25428181265145	0.293774944373441	6.67848292167951	7.8300807036234
7.21895457266648	0.218573695619487	6.79055012925229	7.64735901608068
6.66024570424882	0.236825158502345	6.19606839358422	7.12442301491341
7.49145411311318	0.245102575751997	7.01105306463926	7.97185516158709
7.39204539471159	0.247456786001979	6.90703009414771	7.87706069527547
7.11496093773057	0.259534176816003	6.60627395117121	7.62364792428994
6.78787651717664	0.228718107490066	6.33958902649611	7.23616400785717
6.9071480524449	0.243819047682126	6.42926271898793	7.38503338590187
7.06033481474572	0.286221444814022	6.49934078291024	7.6213288465812
7.29776888916265	0.27233068519747	6.76400074617561	7.83153703214969
7.32445691318642	0.23736460705261	6.85922228336331	7.78969154300954
6.92349104363916	0.226262383353906	6.4800167722655	7.36696531501281
6.69534042052716	0.267448691786333	6.17114098462595	7.21953985642838
7.11496119429817	0.21988857131448	6.68397959452179	7.54594279407455
7.04244203098965	0.246956758453349	6.55840678442109	7.52647727755821
7.08789512506931	0.244560294641555	6.60855694757187	7.56723330256676
7.26308629294736	0.257221972827481	6.75893122620549	7.76724135968922
7.16812474273901	0.249959142578087	6.67820482328596	7.65804466219206
6.73322059120339	0.260665983962536	6.22231526263682	7.24412591976996
7.16279509479952	0.288916565654634	6.59651862611644	7.72907156348261
7.35134214870165	0.245635620369788	6.86989633277687	7.83278796462644
7.13800328145779	0.273698322831768	6.60155456870752	7.67445199420805
7.295253563673	0.228130168846257	6.84811843273434	7.74238869461166
6.6176482739239	0.242745789545979	6.14186652641378	7.09343002143402
6.87142566118252	0.227224771965827	6.4260651081295	7.31678621423554
6.6760131552861	0.265226417849087	6.15616937630189	7.19585693427031
7.09643206327053	0.235472506707982	6.63490595012288	7.55795817641817
6.7337967972731	0.245341347596641	6.25292775598368	7.21466583856252
6.91334907560453	0.258118685679696	6.40743645167233	7.41926169953673
6.87968799520174	0.251837117076487	6.38608724573182	7.37328874467165
7.09519986544727	0.248609441722031	6.60792535967209	7.58247437122245
7.11591863205128	0.303518250204806	6.52102286164986	7.7108144024527
6.61304609763217	0.269629948034997	6.08457139948357	7.14152079578076
7.11650119443048	0.242710981994008	6.64078766972222	7.59221471913874
7.18529083295597	0.222203446018773	6.74977207875918	7.62080958715277
7.51207723239115	0.260944733481023	7.00062555476834	8.02352891001395
6.66321155855988	0.251136503099799	6.17098401248427	7.15543910463548
7.29487806122445	0.249856939025514	6.80515846073445	7.78459766171446
6.82038556579472	0.276806056896572	6.27784569427744	7.362925437312
6.79220820028526	0.24599167527278	6.31006451675061	7.27435188381991
6.87891442564394	0.310084422160315	6.27114895820972	7.48667989307815
7.36003167241168	0.268946520364937	6.8328964924964	7.88716685232695
6.90595238478376	0.270276317427784	6.3762108026253	7.43569396694221
6.78537676578399	0.240054326546169	6.31487028575349	7.25588324581448
7.02797417871228	0.27541997176013	6.48815103406243	7.56779732336214
6.94985506668129	0.295764720292776	6.37015621490745	7.52955391845513
6.77745349366376	0.249414104652659	6.28860184854455	7.26630513878297
6.67636581540644	0.309639021173076	6.06947333390722	7.28325829690567
7.05552450153618	0.266816225067805	6.53256470040328	7.57848430266908
6.81581965408034	0.263745107605206	6.29887924317414	7.33276006498655
7.12591749768352	0.221760213190471	6.69126747983019	7.56056751553684
6.93240588317348	0.276588589270038	6.3902922482042	7.47451951814275
7.50028874408068	0.253276983414103	7.00386585658903	7.99671163157232
6.96389766186753	0.226344456771441	6.52026252659551	7.40753279713956
6.77859440816824	0.226168503579624	6.33530414115218	7.2218846751843
6.80384329104388	0.22767637972251	6.35759758678776	7.2500889953
7.48624752381063	0.251376419603287	6.99354974138819	7.97894530623307
7.10502062968155	0.261686053037576	6.5921159657279	7.6179252936352
6.79348793755773	0.217395560926361	6.36739263814206	7.2195832369734
6.95004805596074	0.269862819849077	6.42111692905655	7.47897918286494
7.39268437916474	0.280775068568084	6.8423652447713	7.94300351355819
7.29999827637563	0.24770983525264	6.81448699928046	7.7855095534708
6.95757356025356	0.20826500830984	6.54937414396627	7.36577297654085
7.17565818164517	0.270717151171422	6.64505256534919	7.70626379794116
6.96331091054502	0.251026721043365	6.47129853730002	7.45532328379002
6.86968886142456	0.238316953447156	6.40258763266813	7.33679009018098
6.8755455396302	0.273070579009619	6.34032720477135	7.41076387448905
6.89235434415171	0.249609668115445	6.40311939464544	7.38158929365798
7.10758377974826	0.240535398163544	6.63613439934771	7.57903316014881
7.14436217558727	0.264152075946937	6.62662410673127	7.66210024444327
6.99073530729663	0.236874293496541	6.52646169204341	7.45500892254985
7.01358664971455	0.236283956133109	6.55047009569366	7.47670320373545
7.15248985747962	0.227224925136881	6.70712900421134	7.59785071074791
7.4234211532703	0.276693068721932	6.88110273857531	7.96573956796528
6.73062345992516	0.26162977588883	6.21782909918306	7.24341782066727
7.14679022556085	0.247009293445402	6.66265201040786	7.63092844071384
7.03907262316794	0.23165714424085	6.58502462045587	7.49312062588
7.06777701955689	0.237392431071437	6.60248785465688	7.53306618445691
7.2271637466839	0.223071043129201	6.78994450215066	7.66438299121713
6.96243059623369	0.252241214288277	6.46803781622867	7.45682337623872
7.32287310923106	0.241288470776058	6.84994770650999	7.79579851195214
6.95223277121997	0.261710509414804	6.43928017276695	7.46518536967298
6.72588401898926	0.27978082013477	6.17751361152511	7.27425442645341
6.92065604270159	0.2332225116815	6.46353991980585	7.37777216559733
6.82376894144814	0.242244746332675	6.3489692386361	7.29856864426019
6.80050276146453	0.283033608208176	6.2457568893765	7.35524863355255
6.79052764859269	0.250610083452392	6.299331885026	7.28172341215938
7.16582833287453	0.263239868536148	6.64987819054368	7.68177847520538
6.88524541909403	0.231666434010442	6.43117920843356	7.3393116297545
6.84396191679536	0.334936621640826	6.18748613837934	7.50043769521138
6.92311455336873	0.303381404293782	6.32848700095292	7.51774210578455
7.12304638386817	0.23352055167367	6.66534610258777	7.58074666514856
7.13096912919687	0.268120970457663	6.60545202709985	7.65648623129389
7.14028944933612	0.214046502078682	6.72075830526191	7.55982059341034
7.13460802342487	0.235730892104394	6.67257547490026	7.59664057194949
6.89185202330612	0.249959915696644	6.4019305885407	7.38177345807154
7.09538361072136	0.253936312956252	6.5976684373271	7.59309878411561
6.98721023925055	0.249118691662025	6.49893760359298	7.47548287490812
7.18482062273852	0.258615470423324	6.6779343007088	7.69170694476823
7.45102878134721	0.223380367689311	7.01320326067616	7.88885430201826
6.58744692594149	0.25793803053646	6.08188838609003	7.09300546579295
7.25691588138903	0.30122692599892	6.66651110643115	7.84732065634692
7.10856848030173	0.212113810256546	6.6928254121989	7.52431154840456
6.45132776540297	0.231869325459474	5.9968638875024	6.90579164330354
7.14774670876412	0.321630566915878	6.51735079760899	7.77814261991924
7.60493258794533	0.232591439247859	7.14905336701952	8.06081180887113
6.98395763608656	0.259945383334394	6.47446468475114	7.49345058742197
6.5598121630459	0.278763810367041	6.0134350947265	7.1061892313653
7.50964703138514	0.299702975142163	6.9222292001065	8.09706486266378
7.31995005615318	0.253658387016948	6.82277961759996	7.8171204947064
7.2881701288364	0.252661142372014	6.79295428978726	7.78338596788555
6.96607416953555	0.326584449824626	6.32596864787928	7.60617969119181
6.93352042377075	0.251976753898139	6.43964598613039	7.4273948614111
6.84544464083594	0.29855659292823	6.26027371869661	7.43061556297527
6.67732643733663	0.260786972006112	6.16618397220465	7.18846890246861
7.03524248886683	0.234049054973834	6.57650634111811	7.49397863661554
7.30377942620759	0.262558509576451	6.78916474743775	7.81839410497743
6.94351183847951	0.305185070140616	6.3453491010039	7.54167457595511
6.85922039038693	0.259098437898051	6.35138745210675	7.36705332866711
7.26376414526217	0.264768446079627	6.7448179909461	7.78271029957823
6.83664868615617	0.255153855010465	6.33654713033566	7.33675024197668
7.19099426498034	0.278215299583864	6.64569227779597	7.73629625216471
6.76759242382508	0.250295219154879	6.27701379428152	7.25817105336865
6.97029623238055	0.268007549999111	6.44500143438229	7.49559103037881
6.91902065053757	0.249387256709136	6.43022162738766	7.40781967368747
6.76072579858617	0.303877386993245	6.16512612007941	7.35632547709293
6.62800329883079	0.244007696031323	6.14974821460939	7.10625838305218
7.38370931590714	0.245203268358371	6.90311090992473	7.86430772188954
6.47655843993617	0.253151054486398	5.98038237314283	6.97273450672952
7.26631245559422	0.280101280131853	6.71731394653578	7.81531096465265
6.83656906515306	0.258257000928278	6.33038534333363	7.34275278697248
6.78848988782759	0.253090260479857	6.29243297728707	7.28454679836811
7.68373694707197	0.336688234738778	7.02382800698396	8.34364588715997
7.11254496189951	0.264432947931844	6.59425638395309	7.63083353984592
6.83346055556355	0.282570533354837	6.27962231018807	7.38729880093903
6.74893748736121	0.224206394493753	6.30949295415345	7.18838202056896
7.26844317793257	0.287306922493925	6.70532160984448	7.83156474602066
6.16286728082773	0.327300614301223	5.52135807679733	6.80437648485813
7.54389326434585	0.258397371970498	7.03743441528367	8.05035211340802
7.32138356157167	0.243024269897553	6.84505599257246	7.79771113057087
6.96627182013762	0.278926988937173	6.41957492182076	7.51296871845448
7.43585901351052	0.238245698780976	6.96889744389981	7.90282058312123
6.63789369352111	0.245912741509638	6.15590472016222	7.11988266688
7.33683833091777	0.250689090324768	6.84548771388122	7.82818894795431
6.72246225782047	0.287176627512631	6.15959606789571	7.28532844774523
7.20786938775799	0.212607568907597	6.7911585526991	7.62458022281688
6.99062201865509	0.239068771118421	6.52204722726299	7.4591968100472
7.06887800544056	0.235620549638993	6.60706172814813	7.53069428273298
6.58154275671074	0.399648770335392	5.79823116685337	7.36485434656811
7.00348556206559	0.276723123402881	6.46110824019594	7.54586288393523
7.88563238016885	0.231566186550784	7.43176265452931	8.33950210580838
6.83861055823174	0.268213315379701	6.31291246008752	7.36430865637595
6.72289967667209	0.219320467169698	6.29303156101948	7.1527677923247
7.06366369449612	0.246015228805002	6.58147384603831	7.54585354295392
6.81008428637088	0.24988705779521	6.32030565309227	7.2998629196495
7.35503069561323	0.238389856552675	6.88778657676999	7.82227481445647
6.59718031383647	0.322426886688085	5.96522361592782	7.22913701174512
7.20904551340928	0.240461959040414	6.73774007369007	7.68035095312849
7.22470778008385	0.263532334844716	6.7081844037882	7.74123115637949
6.85132942787439	0.223193764895362	6.41386964867948	7.2887892070693
7.43758902099213	0.241616706567078	6.96402027612066	7.9111577658636
7.35648403075528	0.247066465833092	6.87223375772242	7.84073430378814
7.24104706433219	0.259909348098201	6.73162474205972	7.75046938660467
7.18522339733098	0.285504397328836	6.62563477856646	7.7448120160955
6.91415142024313	0.21814052188231	6.4865959973538	7.34170684313246
7.40005855950196	0.23137550403006	6.94656257160304	7.85355454740088
6.87960511740129	0.240604495391609	6.40802030643374	7.35118992836885
6.61879784580127	0.241695142345905	6.1450753668033	7.09252032479924
6.83152880464746	0.306176227111349	6.23142339950922	7.43163420978571
7.3491830895856	0.253635901644917	6.85205672236156	7.84630945680963
7.22973285145055	0.228646060524822	6.7815865728219	7.6778791300792
7.09083335463028	0.274143057617752	6.55351296169948	7.62815374756107
7.37724697369349	0.228221281198684	6.92993326254407	7.82456068484291
6.70170768793889	0.216451824139875	6.27746211262473	7.12595326325304
6.83237728187248	0.252606242801807	6.33726904598093	7.32748551776402
6.55663341648816	0.241700283282206	6.08290086125504	7.03036597172129
7.24915028612738	0.245592810522398	6.76778837750348	7.73051219475127
6.56935548321114	0.275824388726173	6.02873968130784	7.10997128511444
7.08794272600297	0.232160362251261	6.6329084159905	7.54297703601544
7.17418245729163	0.244303759687904	6.69534708830334	7.65301782627992
7.33888502284461	0.296629180513776	6.75749182903761	7.92027821665162
7.2351178539169	0.238398579792389	6.76785663752382	7.70237907030998
6.43013490731733	0.228540205005949	5.98219610550567	6.87807370912899
7.31273066884057	0.210834101303203	6.89949583028629	7.72596550739485
6.92853151493253	0.238057398000057	6.46193901485242	7.39512401501264
6.79266055887665	0.224206243730194	6.35321632116547	7.23210479658783
6.35603826986599	0.289578204647085	5.7884649887577	6.92361155097428
7.06809991272964	0.216962652156608	6.64285311450269	7.49334671095659
6.92809031680269	0.239480994421941	6.45870756773569	7.3974730658697
7.48714904896605	0.244269937628677	7.00837997121384	7.96591812671825
7.06425665603294	0.235690739291703	6.6023028070212	7.52621050504468
7.0217386253756	0.3599494008318	6.31623779974527	7.72723945100593
7.01732973493471	0.236795017677591	6.55321150028663	7.48144796958279
7.10164372968287	0.226360185343102	6.65797776641039	7.54530969295535
7.3590894839265	0.2529315040042	6.86334373607827	7.85483523177473
7.25011726308758	0.25908526027327	6.74231015295197	7.75792437322319
6.81752454208573	0.246643876663766	6.33410254382475	7.30094654034671
6.59360737444407	0.258442030108201	6.08706099543199	7.10015375345614
6.75407728231683	0.277559930229973	6.21005981906608	7.29809474556757
6.93302272846849	0.234583847937991	6.47323838651003	7.39280707042695
7.16469039141846	0.240498475802168	6.69331337884621	7.63606740399071
6.32719679577194	0.283158350891603	5.77220642802439	6.88218716351948
6.50918804552617	0.260699394627853	5.99821723205558	7.02015885899676
6.88485550467072	0.263456965748059	6.36847985180452	7.40123115753691
6.74230514424306	0.265640519600848	6.22164972582539	7.26296056266072
6.90798607081815	0.232637732721154	6.45201611468469	7.36395602695161
6.32337705029294	0.389942540390345	5.55908967112786	7.08766442945801
7.52340704903539	0.220034008712214	7.09214039195945	7.95467370611133
6.57968202844436	0.26371255858406	6.0628054136196	7.09655864326912
7.16539747218025	0.270445550050186	6.63532419408189	7.69547075027862
7.06831101350425	0.248427771749717	6.5813925808748	7.55522944613369
6.97646310807914	0.255902213546178	6.47489476952863	7.47803144662965
7.02575511248889	0.266186300101384	6.50402996429018	7.54748026068761
7.22343412478884	0.246159963301455	6.74096059671798	7.70590765285969
6.87680270708225	0.274200684449861	6.33936936556052	7.41423604860397
6.55015245667164	0.222398788914874	6.11425083039848	6.98605408294479
6.77081635709431	0.30482359493027	6.17336211103098	7.36827060315764
7.16962730226384	0.261640012293557	6.65681287816847	7.68244172635921
6.50192287366712	0.243096008695711	6.02545469662352	6.97839105071071
6.79591050414085	0.241640583678949	6.32229496013011	7.26952604815159
6.84503619010814	0.210756399143162	6.43195364778754	7.25811873242873
6.68374881149914	0.243519951133957	6.20644970727658	7.16104791572169
6.67726295251307	0.277558153440932	6.13324897176885	7.2212769332573
6.60869891973402	0.209608004284722	6.19786723133596	7.01953060813207
7.0228860413659	0.217094902678318	6.5973800321164	7.4483920506154
7.01678751839528	0.252405997641683	6.52207176301758	7.51150327377298
7.25454689051608	0.291682227162556	6.68284972527747	7.82624405575469
7.07642927538525	0.229796459974761	6.62602821383472	7.52683033693578
7.4102467267759	0.273409472741612	6.87436416020234	7.94612929334946
7.13716111154449	0.220795617903149	6.70440170045432	7.56992052263466
7.23015260183376	0.248536494612233	6.74302107239378	7.71728413127373
6.89370669790332	0.221867706383271	6.45884599339211	7.32856740241453
6.66841533004488	0.225790453844808	6.22586604050905	7.1109646195807
6.99616201985	0.282821472842597	6.44183193307851	7.55049210662149
7.01205872289147	0.210705333462901	6.59907626930418	7.42504117647875
7.04726189570654	0.245193705430962	6.56668223306185	7.52784155835122
6.98250223822389	0.275324425650264	6.44286636394937	7.52213811249841
7.36744483531094	0.294238324729891	6.79073771884035	7.94415195178152
7.25868704961239	0.271711104830422	6.72613328414476	7.79124081508001
6.74055062081412	0.223004909983062	6.30346099724731	7.17764024438092
7.1884790661203	0.3434458075658	6.51532528329133	7.86163284894927
7.40325040979075	0.231686120887712	6.94914561285083	7.85735520673066
6.48488119967721	0.307165039397656	5.88283772245781	7.08692467689662
7.10772867063739	0.257509150202578	6.60301073624033	7.61244660503444
6.85665559910175	0.215810148233225	6.43366770856463	7.27964348963887
7.1852645376829	0.266847432239987	6.66224357049253	7.70828550487328
6.59742908460903	0.264399848104872	6.07920538232348	7.11565278689458
7.37208764365953	0.253033900169883	6.87614119932656	7.8680340879925
7.26038585768134	0.278875200403752	6.71379046488999	7.8069812504727
6.86828998145636	0.253659259683968	6.37111783247579	7.36546213043694
6.44110491213881	0.250774209319028	5.94958746187351	6.9326223624041
7.18539383124263	0.248007840201425	6.69929846444784	7.67148919803743
6.86461105764797	0.247105718115824	6.38028385014095	7.34893826515498
6.79873213652568	0.225244785649499	6.35725235665267	7.2402119163987
7.09996627258969	0.234507604011066	6.640331368728	7.55960117645138
7.43726421259091	0.270481511481907	6.90712045008637	7.96740797509544
7.3794204030488	0.230185632584775	6.92825656318265	7.83058424291496
6.63223728660366	0.242546593763748	6.15684596282671	7.1076286103806
7.27827298463289	0.236202510323915	6.81531606439801	7.74122990486776
6.61514149098546	0.272159066468387	6.08170972070742	7.14857326126349
7.23263378087084	0.238960679678237	6.76427084870149	7.70099671304018
6.68735451635216	0.235316021245105	6.22613511471176	7.14857391799257
6.9200458165169	0.259283884470154	6.4118494029554	7.4282422300784
6.99269565922075	0.227562946693065	6.54667228370234	7.43871903473915
6.96125627907195	0.231575354849139	6.50736858356764	7.41514397457627
6.954744718219	0.234961035171616	6.49422108928263	7.41526834715537
7.04567172023583	0.245191262586748	6.56509684556581	7.52624659490586
6.87958716868707	0.235453644269843	6.41809802591818	7.34107631145597
6.89705517127548	0.23443634805884	6.43755992908015	7.35655041347081
7.10659148289191	0.239378703592488	6.63740922385063	7.57577374193318
7.32421215956875	0.30032392438144	6.73557726778113	7.91284705135638
6.90196852343179	0.260689798230449	6.39101651890011	7.41292052796347
7.14055925655411	0.228478883553651	6.69274064478895	7.58837786831927
7.12370691982474	0.231314060808622	6.67033136063985	7.57708247900964
7.48420506510667	0.271251328811718	6.9525524606357	8.01585766957764
6.81848745830169	0.208822920776709	6.40919453357934	7.22778038302404
6.76323986677124	0.258351437835329	6.256871048614	7.26960868492849
7.01380274366178	0.224910639725711	6.57297788979939	7.45462759752418
7.17395438113368	0.315333104203384	6.55590149689505	7.79200726537232
6.96386714065408	0.227302752229749	6.51835374628377	7.40938053502439
7.17321377178417	0.260212991869167	6.6631963077206	7.68323123584773
6.51345217861269	0.300925632757575	5.92363793840785	7.10326641881754
7.0756078663015	0.286189448173518	6.5146765478814	7.63653918472159
6.82945851275458	0.300371135496289	6.24073108718185	7.4181859383273
7.10243983293521	0.236383738804677	6.63912770487804	7.56575196099237
6.93594023852099	0.207261543847197	6.52970761258048	7.34217286446149
7.33303728869193	0.235056865431656	6.87232583244589	7.79374874493798
6.9715068465822	0.247002447616515	6.48738204925383	7.45563164391057
7.21267756646003	0.266298193457668	6.690733107283	7.73462202563706
7.1816179980088	0.297518966523618	6.59848082362251	7.76475517239509
6.73745771440435	0.253512642439723	6.2405729352225	7.23434249358621
7.29186527999777	0.245599899774309	6.81048947644013	7.77324108355542
7.08862278259891	0.231506503918567	6.63487003491852	7.5423755302793
6.96789038507577	0.257524972594082	6.46314143879137	7.47263933136017
7.12252837452523	0.300118682518043	6.53429575678987	7.7107609922606
6.61075071362847	0.266369764398318	6.08866597540776	7.13283545184917
6.55412103290082	0.254864142458682	6.0545873136818	7.05365475211984
7.16981102915177	0.211792039134357	6.75469863244843	7.58492342585511
7.0974544169383	0.217321312153995	6.67150464511647	7.52340418876014
6.77013062177135	0.282462533911412	6.21650405530498	7.32375718823772
6.66173432987097	0.288387658824392	6.09649451857516	7.22697414116678
7.09517754012274	0.298613282063342	6.50989550727859	7.68045957296689
7.02549329957587	0.255923345967524	6.52388354147953	7.52710305767222
6.85538980715375	0.251628116178011	6.36219869944485	7.34858091486266
6.71524555658027	0.254869328776668	6.215701672178	7.21478944098254
7.09655241779732	0.274947642349905	6.55765503879151	7.63544979680313
7.04926941149781	0.244583654694935	6.56988544829574	7.52865337469988
7.05561330307508	0.252243834726984	6.56121538701019	7.55001121913997
7.17485890054976	0.224032294882883	6.73575560257931	7.61396219852022
6.99696033109112	0.295007589186509	6.41874545628556	7.57517520589668
6.61940014400998	0.248371597196409	6.13259181350502	7.10620847451495
6.90666054677024	0.216772568231713	6.48178631303608	7.33153478050439
7.31656724891715	0.236000194985041	6.85400686674647	7.77912763108783
7.00423409226745	0.237303835471354	6.53911857474359	7.4693496097913
7.00974208908037	0.254116811615141	6.51167313831469	7.50781103984604
6.82928334253963	0.253088826190662	6.33322924320593	7.32533744187333
7.1087079325863	0.270729036959636	6.57807902014541	7.63933684502718
6.74852035593247	0.273603417932995	6.2122576567838	7.28478305508114
6.92328461621736	0.35906226399636	6.21952257878449	7.62704665365023
7.31424989185437	0.209274781772355	6.90407131958056	7.72442846412819
6.46808761865619	0.279740744828438	5.91979575879245	7.01637947851993
7.04494671499795	0.237570986352486	6.57930758174708	7.51058584824882
6.82446138368734	0.235263929366763	6.36334408212848	7.28557868524619
7.45950953768046	0.292698325337539	6.88582082001889	8.03319825534204
7.00584452309612	0.338983982818052	6.34143591677274	7.6702531294195
7.22243025950399	0.231604102049694	6.76848621948659	7.67637429952139
7.2726779824694	0.247343832906162	6.78788406997332	7.75747189496547
6.31121706940033	0.223356121706748	5.87343907085511	6.74899506794556
7.07036574463113	0.292123679918194	6.49780333199146	7.64292815727079
7.09815557962518	0.244844108010549	6.6182611279245	7.57805003132585
7.14546566675658	0.273144122016465	6.61010318760431	7.68082814590885
7.0512843937023	0.294428669638408	6.47420420121102	7.62836458619358
7.07649196463526	0.244148213945328	6.59796146530242	7.5550224639681
7.19953325340799	0.293181576352505	6.62489736375708	7.7741691430589
7.17045686154641	0.237351629962182	6.70524766682053	7.63566605627228
6.75623248286814	0.207895077930274	6.3487581301248	7.16370683561147
7.35678885260765	0.228947646565241	6.90805146533978	7.80552623987552
7.42422539073329	0.265985994786474	6.9028928409518	7.94555794051478
6.48468626603214	0.423874003441987	5.65389321928585	7.31547931277844
7.32896241156969	0.201137935822973	6.93473205735666	7.72319276578271
6.89149416576725	0.262232990649629	6.37751750409398	7.40547082744053
6.79391681297479	0.247285772219328	6.3092366994249	7.27859692652467
6.81592043187544	0.229576243428768	6.36595099475506	7.26588986899583
7.11561286523961	0.260453584980506	6.60512383867782	7.6261018918014
7.61588583520263	0.224875495583677	7.17512986385863	8.05664180654664
7.02568755309644	0.259024300799605	6.51799992352922	7.53337518266367
7.11415663302778	0.244641824617716	6.63465865677706	7.59365460927851
6.75164693360148	0.215660774365797	6.32895181584451	7.17434205135844
7.28993115487933	0.285377127073064	6.73059198581612	7.84927032394253
6.39142378922631	0.280983526065488	5.84069607813795	6.94215150031466
6.70919259274475	0.249540977146537	6.22009227753753	7.19829290795196
7.38882908142305	0.263856399308747	6.8716705387779	7.90598762406819
6.93933481614801	0.259672212893469	6.43037727887681	7.44829235341921
7.07861851940971	0.266933851200439	6.55542817105685	7.60180886776258
6.82828856724839	0.260966669634914	6.31679389476396	7.33978323973282
6.98829506415007	0.236616577047581	6.52452657313681	7.45206355516332
6.5166358510504	0.315283498790249	5.89868019342151	7.13459150867929
7.15767569921597	0.235025936715833	6.69702486325294	7.61832653517901
7.11672444772276	0.244475864782804	6.63755175274846	7.59589714269705
6.78580556433499	0.265323939963554	6.26577064200642	7.30584048666355
7.19453100759941	0.2020929326801	6.79842885954642	7.59063315565241
6.93228361671087	0.239422050781878	6.46301639717839	7.40155083624335
6.78591482914319	0.238542401130707	6.318371722927	7.25345793535937
6.94610715226056	0.249157625363267	6.45775820654856	7.43445609797256
7.37710252667899	0.229225815080001	6.92781992912219	7.8263851242358
6.67765545009555	0.254904858375194	6.17804192768017	7.17726897251093
6.66844057268269	0.255837071180948	6.16699991316803	7.16988123219734
6.90106962008074	0.269438312594819	6.37297052739489	7.42916871276658
6.83150801822569	0.219982506162795	6.40034230614661	7.26267373030476
7.30026012372201	0.239965450822321	6.82992784011026	7.77059240733376
7.51828593722106	0.243010987107509	7.04198440249034	7.99458747195178
7.21910659056523	0.231909861612837	6.76456326180407	7.67364991932639
7.58478550052951	0.260485899451563	7.07423313760445	8.09533786345457
7.37524556398026	0.239396502702555	6.90602841868325	7.84446270927727
7.30932306512604	0.341392129290372	6.64019449171691	7.97845163853517
6.7922643108522	0.257637557076232	6.28729469898279	7.29723392272162
7.22295657217935	0.241575382719752	6.74946882204864	7.69644432231006
