estFinal_msm11	sdFinal_msm11	X1	X2
5.34792778978304	0.207029103085344	4.94215074773577	5.75370483183031
5.39429407813389	0.19223350112491	5.01751641592907	5.77107174033872
5.21866834516809	0.220449948540721	4.78658644602828	5.6507502443079
4.86619664268573	0.223756414886823	4.42763406950756	5.30475921586391
4.97121331749872	0.218875758857904	4.54221683013723	5.40020980486022
4.96566152012088	0.189279224606617	4.59467423989191	5.33664880034985
4.84919313759745	0.21447672036508	4.4288187656819	5.26956750951301
4.67215262013075	0.199825446341575	4.28049474530126	5.06381049496023
5.33337473231238	0.203579936658702	4.93435805646132	5.73239140816343
4.86182409352653	0.19779242145158	4.47415094748144	5.24949723957163
4.97727778078316	0.215089741072634	4.5557018882808	5.39885367328552
4.98956267650555	0.19285433147589	4.61156818681281	5.3675571661983
5.20834427836475	0.217441244750628	4.78215943865352	5.63452911807598
4.66702616118891	0.212974781017401	4.2495955903948	5.08445673198301
5.24216579058996	0.200437127824459	4.84930902005402	5.6350225611259
5.17076656068711	0.207523421052761	4.7640206554237	5.57751246595053
5.40908872919187	0.200475899132428	5.01615596689231	5.80202149149143
4.79046868778118	0.201284158538058	4.39595173704658	5.18498563851577
4.77103078744618	0.216131076234504	4.34741387802655	5.19464769686581
5.23762981650177	0.209135968013901	4.82772331919453	5.64753631380902
5.119823792995	0.207127865142361	4.71385317731598	5.52579440867403
4.87267118911618	0.193729461068804	4.49296144542132	5.25238093281104
5.13694778224837	0.204129544439996	4.73685387514598	5.53704168935076
4.89249340611688	0.220953081157444	4.45942536704829	5.32556144518547
5.01819359628477	0.204855487732964	4.61667684032816	5.41971035224138
4.88093007825362	0.227122191566586	4.43577058278311	5.32608957372413
4.87585967003919	0.197186068861664	4.48937497507033	5.26234436500805
4.95903069611013	0.202637419178402	4.56186135452047	5.3562000376998
4.99227220968449	0.223406332861314	4.55439579727631	5.43014862209266
5.1951354957934	0.22931823544017	4.74567175433066	5.64459923725613
4.76578979806677	0.211343415217248	4.35155670424096	5.18002289189257
5.28831546670543	0.234239012160082	4.82920700287167	5.74742393053919
4.93853664170614	0.206596351784727	4.53360779220807	5.3434654912042
5.10472445510093	0.194706531444734	4.72309965346925	5.48634925673261
5.33511342590472	0.215882218921505	4.91198427681857	5.75824257499087
4.82511184788648	0.191960643970486	4.44886898570433	5.20135471006863
4.9502088008362	0.211000338284625	4.53664813779833	5.36376946387406
5.05403293728781	0.201066345480345	4.65994290014634	5.44812297442929
4.71722953917924	0.201772683369612	4.3217550797748	5.11270399858368
5.05037614279206	0.182025422536548	4.69360631462043	5.4071459709637
5.07446659202346	0.215922858785583	4.65125778880371	5.4976753952432
5.13154189265669	0.206250010269545	4.72729187252839	5.535791912785
4.66196899346591	0.229993023237054	4.21118266792128	5.11275531901053
5.12606424181037	0.210348912293916	4.7137803737143	5.53834810990645
4.79234933864128	0.19473914828213	4.41066060800831	5.17403806927425
4.63345755350293	0.201678423652462	4.23816784314411	5.02874726386176
5.27383328610257	0.211679799673133	4.85894087874323	5.68872569346191
5.14650058609039	0.197720290442288	4.7589688168235	5.53403235535727
5.02214262522957	0.20288295381658	4.62449203574908	5.41979321471007
4.78370071962944	0.205884888967257	4.38016633725362	5.18723510200527
5.07542011688338	0.205905894894723	4.67184456288973	5.47899567087704
4.94889251162235	0.193103749594705	4.57040916241673	5.32737586082797
5.21377083338128	0.221609311226311	4.77941658337771	5.64812508338485
5.07983658684082	0.212447261049697	4.66343995518341	5.49623321849823
5.23119009115036	0.203111833807871	4.83309089688694	5.62928928541379
4.87405091450671	0.207195756065998	4.46794723261735	5.28015459639607
4.79147979548785	0.195009391400682	4.40926138834252	5.17369820263319
4.97682611144375	0.197983878215478	4.58877771014141	5.36487451274609
4.71400978730548	0.217720956198476	4.28727671315647	5.14074286145449
5.07899568302745	0.178667295556569	4.72880778373657	5.42918358231832
4.76397420319405	0.191265215528434	4.38909438075832	5.13885402562978
5.34255634687273	0.203590836609414	4.94351830711827	5.74159438662718
4.94277107698064	0.193713189579155	4.56309322540549	5.32244892855578
4.73649099906361	0.211509626430612	4.32193213125961	5.15104986686761
5.0214988735149	0.205457361683321	4.61880244461559	5.42419530241421
5.02663450530683	0.213230028919389	4.60870364862483	5.44456536198883
5.15304916955333	0.186756080313167	4.78700725213952	5.51909108696713
4.76937561275952	0.185022852553264	4.40673082175512	5.13202040376392
4.74046058893512	0.204346767698581	4.33994092424591	5.14098025362434
4.74651491428029	0.187736761101708	4.37855086252094	5.11447896603964
5.3279272226484	0.203585262370807	4.92890010840162	5.72695433689519
5.22213135224825	0.200968935216265	4.82823223922437	5.61603046527213
5.03052179086718	0.211229331564819	4.61651230100014	5.44453128073423
4.94950818142566	0.202846453038908	4.5519291334694	5.34708722938192
4.94704885001701	0.217045137606076	4.5216403803091	5.37245731972492
5.22200568279011	0.201043695840313	4.82796003894309	5.61605132663712
5.21202984593371	0.191624283892822	4.83644624950377	5.58761344236364
5.1828706401203	0.196465234078678	4.79779878132609	5.56794249891451
5.25604049074719	0.18617119194742	4.89114495453024	5.62093602696413
4.86579059633948	0.213292966736151	4.44773638153663	5.28384481114234
4.90817047188409	0.232234146010875	4.45299154570278	5.36334939806541
4.70722333770113	0.192016543471561	4.33087091249687	5.08357576290539
5.01371718350547	0.216434416533657	4.5895057270995	5.43792863991144
5.38217949606232	0.223358789847474	4.94439626796127	5.81996272416337
4.83899958128167	0.19559447119861	4.45563441773239	5.22236474483095
5.12986536469145	0.194629288098019	4.74839196001933	5.51133876936357
5.07526195168296	0.211654936333377	4.66041827646954	5.49010562689638
4.99516754565019	0.18559156060109	4.63140808687206	5.35892700442833
5.39951219040592	0.203044730191489	5.0015445192306	5.79747986158123
5.07242302595805	0.19057302001343	4.69889990673173	5.44594614518438
4.755963706595	0.221828245113823	4.32118034617191	5.19074706701809
5.00482136386266	0.196009918537857	4.62064192352846	5.38900080419686
4.91116602126439	0.219791315030825	4.48037504380398	5.34195699872481
4.92056743535635	0.216948388868512	4.49534859317406	5.34578627753863
5.01084641298028	0.169927278912977	4.67778894631085	5.34390387964971
5.09604680502513	0.232769366545385	4.63981884659618	5.55227476345409
5.05872951820555	0.219770890569941	4.62797857268847	5.48948046372264
5.17124441611327	0.203405349095884	4.77256993188533	5.5699189003412
4.95875717012189	0.199531343148782	4.56767573755027	5.3498386026935
5.0922280895459	0.207269353695924	4.68598015630189	5.49847602278992
4.9674943186816	0.209580539038474	4.55671646216619	5.37827217519701
4.97902698004068	0.184647596300197	4.6171176912923	5.34093626878907
5.14041696952132	0.202081412149122	4.74433740170904	5.5364965373336
4.8778453486925	0.193278262712598	4.49901995377581	5.25667074360919
5.17033437319716	0.195121710924874	4.78789581978441	5.55277292660991
4.80515844725831	0.190391320928326	4.43199145823879	5.17832543627783
5.39141622219671	0.198422624698139	5.00250787778835	5.78032456660506
5.09595259099751	0.228747136471834	4.64760820351272	5.54429697848231
4.78705780667654	0.196766543345716	4.40139538171894	5.17272023163415
4.96432821498626	0.187763441305172	4.59631187002813	5.3323445599444
5.00201773041079	0.193144728510197	4.6234540625308	5.38058139829078
5.06437720659091	0.207762455810486	4.65716279320235	5.47159161997946
4.81059363973406	0.202606562420024	4.41348477739081	5.2077025020773
4.97500568081055	0.210995357312965	4.56145478047714	5.38855658114397
5.04103770702867	0.185144386419491	4.67815470964646	5.40392070441087
5.02625467991094	0.224931985192925	4.58538798893281	5.46712137088908
5.2076079421108	0.209600970555244	4.79679003982252	5.61842584439908
4.89671869159699	0.214653202886825	4.47599841393882	5.31743896925517
5.29547353125936	0.191966961279188	4.91921828715215	5.67172877536657
5.09301258222937	0.220375216629199	4.66107715763614	5.52494800682261
4.90044297868827	0.210977685328726	4.48692671544396	5.31395924193257
4.94235762499117	0.203228836158046	4.5440291061214	5.34068614386094
5.11076372293819	0.202132516272624	4.71458399104385	5.50694345483254
4.75555193150199	0.207124659433952	4.34958759901144	5.16151626399253
4.74427117340552	0.216875243876268	4.31919569540803	5.169346651403
5.0304448842595	0.200012831836474	4.63841973386001	5.42247003465898
4.62180091641105	0.194585848705535	4.2404126529482	5.0031891798739
5.07828197726583	0.200726134963339	4.68485875273769	5.47170520179398
4.89951614987654	0.224561647753333	4.45937532028	5.33965697947307
4.9127937426198	0.201809664892289	4.51724679943091	5.30834068580869
4.99130374180276	0.234664660977931	4.53136100628602	5.45124647731951
5.24525381940841	0.193185225829108	4.86661077678335	5.62389686203346
5.03293507157431	0.192775990257975	4.65509413066868	5.41077601247995
5.01717166671117	0.20313573302132	4.61902562998938	5.41531770343296
4.80148464528602	0.201649662235533	4.40625130730438	5.19671798326767
4.99840293582682	0.199141373147465	4.60808584445779	5.38872002719585
5.34223566142482	0.190188845705977	4.9694655238411	5.71500579900853
5.15306376659143	0.20352832809682	4.75414824352166	5.5519792896612
4.97741724048709	0.171794870141154	4.64069929501043	5.31413518596376
5.27136258384521	0.230858306350691	4.81888030339786	5.72384486429256
5.25754901705424	0.216036150149496	4.83411816276123	5.68097987134725
5.55710173001463	0.191158318343619	5.18243142606114	5.93177203396813
4.62318527334098	0.204055821010471	4.22323586416046	5.02313468252151
4.68590110508725	0.183930515036257	4.32539729561619	5.04640491455832
4.95448923235661	0.206197848564262	4.55034144917065	5.35863701554256
5.19302723271592	0.184573606329462	4.83126296431017	5.55479150112166
5.1789082456411	0.221243188689064	4.74527159581053	5.61254489547166
4.99956819046326	0.212068140887703	4.58391463432337	5.41522174660316
5.02563429879321	0.185649403470627	4.66176146799079	5.38950712959564
4.82108896295613	0.212460492201879	4.40466639824045	5.23751152767181
4.91499378321493	0.190399216450316	4.54181131897232	5.28817624745755
5.17997376246004	0.202883859370794	4.78232139809328	5.57762612682679
4.79856985509937	0.208316594146284	4.39026933057265	5.20687037962609
4.835193834519	0.193919708269925	4.45511120630994	5.21527646272805
4.88165231907029	0.223740030193819	4.44312185989041	5.32018277825018
4.95610510197076	0.210719655454494	4.54309457727995	5.36911562666156
4.98896625806696	0.206598469715612	4.58403325742436	5.39389925870956
4.88349882972127	0.194004378168949	4.50325024851013	5.26374741093241
5.17042312682053	0.195203145660331	4.78782496132628	5.55302129231478
5.2466868210976	0.193497307062306	4.86743209925548	5.62594154293972
5.15504751169429	0.199672066168758	4.76369026200353	5.54640476138506
5.0964405431322	0.199110422935933	4.70618411417777	5.48669697208663
4.77386265828775	0.202947397960089	4.37608575828598	5.17163955828953
5.03443283584863	0.199757654848528	4.64290783234551	5.42595783935174
5.04989060993753	0.196350509638692	4.66504361104569	5.43473760882936
5.48941822381175	0.215786077786175	5.06647751135085	5.91235893627265
4.79764746235269	0.211610342204553	4.38289119163177	5.21240373307361
5.06050711921781	0.191933002631623	4.68431843405983	5.4366958043758
5.07275029606238	0.18912460556331	4.70206606915829	5.44343452296646
5.26334724996971	0.200397046440319	4.87056903894668	5.65612546099274
5.02435327323165	0.178387627381251	4.6747135235644	5.3739930228989
5.36627007090335	0.17785106995762	5.01768197378641	5.71485816802028
4.83906226749343	0.202019413191698	4.4431042176377	5.23502031734916
5.04041208701773	0.196240286814249	4.65578112486181	5.42504304917366
5.38277593507581	0.200812888383526	4.9891826738441	5.77636919630752
4.92465545415049	0.216080234630187	4.50113819427533	5.34817271402566
4.90604616249816	0.187659586105302	4.53823337373177	5.27385895126455
4.97330044229636	0.197564145862301	4.58607471640625	5.36052616818647
5.11698930643793	0.227610929130349	4.67087188534244	5.56310672753341
5.09612554867867	0.196739882460479	4.71051537905613	5.48173571830121
4.73720998176001	0.17179752697706	4.40048682888497	5.07393313463504
5.19801543015202	0.21250221547142	4.78151108782804	5.614519772476
5.02351376296839	0.205849404028138	4.62004893107324	5.42697859486354
4.8567370344019	0.19456249094012	4.47539455215926	5.23807951664453
4.84177288759473	0.191586585765321	4.46626317949471	5.21728259569476
4.68237342588699	0.221303418350143	4.24861872592071	5.11612812585327
5.32140446480119	0.216982601756971	4.89611856535753	5.74669036424486
5.08528283302028	0.226137973811984	4.64205240434879	5.52851326169177
5.53646986955135	0.222348545384268	5.10066672059818	5.97227301850451
5.12492576943004	0.206084171201631	4.72100079387485	5.52885074498524
4.9646126095241	0.207635553192464	4.55764692526687	5.37157829378133
4.97966949423276	0.212115854552818	4.56392241930924	5.39541656915628
5.13569090312169	0.203891301618279	4.73606395194987	5.53531785429352
5.10948183542526	0.209959365144696	4.69796147974166	5.52100219110886
5.12672638616278	0.217875452733067	4.69969049880597	5.55376227351959
4.60146430093152	0.209425621291922	4.19099008319935	5.01193851866369
5.03159348095374	0.201073595106288	4.63748923454542	5.42569772736207
5.01153077621463	0.226442580829263	4.56770331778928	5.45535823463999
5.20353551064958	0.206293106230935	4.79920102243695	5.60786999886222
4.70110713101115	0.224453590839112	4.26117809296649	5.14103616905581
5.07528733089548	0.200652276967013	4.68200886804014	5.46856579375083
4.77376006974684	0.222420510193859	4.33781586976688	5.20970426972681
5.32729815519365	0.190157991955808	4.95458849096027	5.70000781942703
5.07458303195082	0.199807612417662	4.68296011161221	5.46620595228944
5.21336760317492	0.208911438115769	4.80390118446801	5.62283402188183
4.47643611081453	0.186219043502808	4.11144678554903	4.84142543608004
4.76434967608583	0.208220951729518	4.35623661069597	5.17246274147568
4.6837675283221	0.192661480763369	4.30615102602589	5.0613840306183
5.00911938706915	0.211014016472338	4.59553191478337	5.42270685935493
5.08223866437881	0.209209164525644	4.67218870190855	5.49228862684907
4.92118244107958	0.18121876635891	4.56599365901612	5.27637122314304
5.05626025172404	0.183915312614444	4.69578623899973	5.41673426444835
5.03244561018572	0.196619694614372	4.64707100874155	5.41782021162989
5.18338920712243	0.212088887377193	4.76769498786313	5.59908342638173
5.13413328249634	0.210467450989398	4.72161707855712	5.54664948643556
4.52432006498756	0.227118884753311	4.07916705087107	4.96947307910405
5.34177922655896	0.231096701264423	4.88882969208069	5.79472876103723
4.69914093655758	0.208548027518061	4.29038680262218	5.10789507049298
4.96654662852439	0.192113057461592	4.59000503589967	5.34308822114911
5.78364499837067	0.195167177787238	5.40111732990768	6.16617266683366
5.28442053308327	0.209348223756321	4.87409801452088	5.69474305164565
5.0435899264848	0.191425905369342	4.66839515196089	5.41878470100871
5.06439469713868	0.203226212846474	4.66607131995959	5.46271807431777
4.91393055915171	0.186651652814538	4.54809331963522	5.27976779866821
5.00641778873721	0.219159215245874	4.5768657268553	5.43596985061912
4.90740992563833	0.186171062524827	4.54251464308966	5.27230520818699
5.00256186024622	0.200611333585953	4.60936364641775	5.39576007407469
5.15905918949539	0.197498467288286	4.77196219361035	5.54615618538043
4.92687217463817	0.220349200529842	4.49498774159968	5.35875660767666
4.97608385087434	0.19142405117561	4.60089271057015	5.35127499117854
4.74707556220357	0.197917504210814	4.35915725395038	5.13499387045677
5.04213160432836	0.19928331823406	4.6515363005896	5.43272690806711
5.26325648747101	0.211302198553198	4.84910417830675	5.67740879663528
4.920870650972	0.210100166415871	4.50907432479689	5.33266697714711
5.16900291388568	0.193336394628084	4.79006358041463	5.54794224735672
4.86949321393571	0.188172330261369	4.50067544662342	5.23831098124799
5.14567416382787	0.209328369180751	4.7353905602336	5.55595776742214
5.31935387213538	0.212178565753722	4.90348388325809	5.73522386101268
5.08615871829085	0.180030013565973	4.73329989170155	5.43901754488016
4.94980840822725	0.198100619964587	4.56153119309666	5.33808562335784
5.19245651977123	0.194414164175817	4.81140475798663	5.57350828155583
5.36692577908753	0.203307281706692	4.96844350694241	5.76540805123264
4.75921005731711	0.189876915244265	4.38705130343835	5.13136881119587
5.03115042330087	0.212848972748727	4.61396643671337	5.44833440988838
4.91198758584837	0.212770005616954	4.49495837483914	5.3290167968576
5.32082107452723	0.223416796826298	4.88292415274768	5.75871799630677
5.30575688069298	0.215191626752833	4.88398129225743	5.72753246912853
5.39642767189409	0.229893210388542	4.94583697953254	5.84701836425563
5.16504795235915	0.188473888878807	4.79563913015669	5.53445677456161
5.17356609560862	0.202567316475588	4.77653415531646	5.57059803590077
5.15198972150876	0.206034034759334	4.74816301338046	5.55581642963705
4.83857965016555	0.198320575420024	4.4498713223423	5.2272879779888
4.83607488601349	0.209526163105994	4.42540360632574	5.24674616570124
5.10380798773116	0.236157445320909	4.64093939490218	5.56667658056015
4.72058172055789	0.204444277144257	4.31987093735514	5.12129250376063
5.37509240342577	0.210046090705375	4.96340206564324	5.78678274120831
4.99684972946728	0.187840321085177	4.62868270014034	5.36501675879423
4.77756071778967	0.201099829711479	4.38340505155517	5.17171638402417
4.66642919505938	0.207822516073999	4.25909706355435	5.07376132656442
5.09292353076306	0.19445396266598	4.71179376393773	5.47405329758838
5.16681516633023	0.181461818233548	4.81115000259248	5.52248033006799
5.29457040602888	0.202821239367515	4.89704077686855	5.69210003518921
4.81469072951615	0.184688835007928	4.45270061290061	5.17668084613169
5.4627867269239	0.209044381405226	5.05305973936966	5.87251371447814
4.73850032432715	0.190436826542716	4.36524414430343	5.11175650435087
5.14837854738287	0.2039749770236	4.74858759241661	5.54816950234912
5.1485684580463	0.193023190088221	4.77024300547339	5.52689391061922
4.80917692888822	0.208944797812063	4.39964512517657	5.21870873259986
4.63714092061833	0.194815529224871	4.25530248333758	5.01897935789907
4.6894654255162	0.184042991512159	4.32874116215237	5.05018968888003
4.9644501899574	0.204090701629394	4.56443241476379	5.36446796515101
5.15128352828368	0.208803037325831	4.74202957512505	5.56053748144231
5.35355869691732	0.20386166828093	4.9539898270867	5.75312756674794
4.87892111410393	0.18630882938194	4.51375580851532	5.24408641969253
4.96695373546227	0.20530488006031	4.56455617054406	5.36935130038048
5.21324926447833	0.201820183769627	4.81768170428986	5.6088168246668
4.66775462087762	0.185343047566131	4.30448224764801	5.03102699410724
4.88250126805632	0.196156595760086	4.49803434036655	5.26696819574609
5.40383127614553	0.188241463923262	5.03487800685594	5.77278454543512
4.56937541044276	0.203108062623235	4.17128360770122	4.9674672131843
5.16907590577884	0.198605855926983	4.77980842816195	5.55834338339573
4.50963746268796	0.190964097946087	4.13534783071363	4.88392709466229
5.43352415195363	0.192651416070694	5.05592737645507	5.81112092745219
5.20010451046646	0.198069363658743	4.81188855769532	5.58832046323759
4.97566113754965	0.194767620946388	4.59391660049473	5.35740567460457
4.77154549689939	0.22518253617352	4.33018772599929	5.21290326779948
4.82672872389725	0.19635776662961	4.44186750130321	5.21158994649128
5.10208193936935	0.209099144586558	4.6922476159797	5.51191626275901
4.9058116210935	0.209625623115166	4.49494539978777	5.31667784239922
5.04533051184014	0.213642886045333	4.62659045519128	5.46407056848899
5.09917149950585	0.202110204236467	4.70303549920238	5.49530749980933
5.06282344400266	0.209642506245964	4.65192413176057	5.47372275624475
4.95998637978884	0.18312833485571	4.60105484347165	5.31891791610603
5.12515719175639	0.21031828186719	4.7129333592967	5.53738102421608
4.80337890946604	0.192879234148243	4.42533561053548	5.18142220839659
4.96329944872942	0.193940136637771	4.58317678091939	5.34342211653945
4.90969009403367	0.218236360689478	4.48194682708229	5.33743336098505
5.05046104207472	0.172097003038585	4.71315091611909	5.38777116803035
5.35067252040872	0.217698471703942	4.923983515869	5.77736152494845
4.65504260026068	0.2084809465488	4.24641994502503	5.06366525549633
4.79817072279311	0.196031620175059	4.41394874725	5.18239269833623
5.16332712913742	0.1925319066006	4.78596459220025	5.5406896660746
4.76687564866883	0.207990569047919	4.35921413333491	5.17453716400275
5.0031355856027	0.176459086747566	4.65727577557747	5.34899539562792
4.99896085756534	0.200861617643271	4.60527208698453	5.39264962814616
4.93207278504159	0.200579443653119	4.53893707548148	5.32520849460171
5.15404140198743	0.197654795316632	4.76663800316683	5.54144480080803
4.68495831901768	0.209454451741259	4.27442759360481	5.09548904443054
4.67144047316157	0.20925151594535	4.26130750190869	5.08157344441446
4.85071013823064	0.211658151258851	4.4358601617633	5.26556011469799
4.86781827200916	0.202336599477655	4.47123853703296	5.26439800698536
4.93758771442866	0.192519453777968	4.56024958502385	5.31492584383348
4.30195565176515	0.212130704928203	3.88617947010587	4.71773183342443
4.65032972427397	0.190034200568319	4.27786269116006	5.02279675738787
4.9322914949394	0.213947536290598	4.51295432380983	5.35162866606897
5.37162954517596	0.217320077272848	4.94568219372117	5.79757689663074
5.09319368232676	0.202055540714024	4.69716482252727	5.48922254212624
5.00964886203053	0.189212030950928	4.63879328136671	5.38050444269435
5.09205907518209	0.19996893624682	4.70011996013833	5.48399819022586
5.19626743911045	0.202236012818343	4.7998848539865	5.5926500242344
5.14429152840604	0.208154099701505	4.73630949299109	5.55227356382099
4.94580438343028	0.215352112787767	4.52371424236626	5.36789452449431
5.11473676201652	0.20126996674842	4.72024762718962	5.50922589684343
4.929878461231	0.182147306270644	4.57286974094053	5.28688718152146
4.62125380824803	0.20118299578404	4.22693513651131	5.01557247998475
5.09919500335388	0.180562969910188	4.74529158232991	5.45309842437784
4.79474810672196	0.220255772923112	4.36304679179266	5.22644942165126
4.77929782379816	0.198172322864815	4.39088007098312	5.1677155766132
4.6069055061155	0.248482418405841	4.11987996604005	5.09393104619095
5.30076382724533	0.19870119391625	4.91130948716948	5.69021816732118
4.92973499650423	0.200379377885659	4.53699141584834	5.32247857716013
5.0632999831043	0.188093945272473	4.69463585037025	5.43196411583835
5.30910640770164	0.1888722426653	4.93891681207765	5.67929600332563
5.26346132996665	0.18826584622256	4.89446027137043	5.63246238856287
5.125080372437	0.179673765196356	4.77291979265214	5.47724095222186
5.03459548636624	0.217469060624348	4.60835612754252	5.46083484518996
4.70963474563549	0.202931690381161	4.31188863248842	5.10738085878257
5.13920445041956	0.195750345828172	4.75553377259634	5.52287512824277
5.16965013926665	0.203572726079296	4.77064759615124	5.56865268238207
5.21698593998462	0.190887501682537	4.84284643668685	5.59112544328239
4.96899216565364	0.21165491269885	4.55414853676389	5.38383579454339
4.45522196565276	0.215501480550702	4.03283906377338	4.87760486753213
5.18445602949217	0.209203212294108	4.77441773339572	5.59449432558862
5.17388913645253	0.215657629584468	4.75120018246697	5.59657809043809
4.84955643765774	0.212720756979386	4.43262375397815	5.26648912133734
4.90315287729826	0.200587900085823	4.51000059313005	5.29630516146647
4.90416602057433	0.203610847430515	4.50508875961052	5.30324328153814
4.74884673129597	0.210484212733254	4.3362976743388	5.16139578825315
4.95963781057235	0.220127223044056	4.528188453406	5.3910871677387
5.00666739926954	0.215653098620032	4.58398732597428	5.4293474725648
4.80935354423116	0.205223838569015	4.4071148206359	5.21159226782643
5.12082887957713	0.203486062240319	4.72199619758611	5.51966156156816
5.11924900121674	0.197568476198469	4.73201478786774	5.50648321456574
4.80957187700345	0.192179167778108	4.43290070815836	5.18624304584854
4.84738522665018	0.185049731787799	4.48468775234609	5.21008270095426
5.0151931268192	0.214005833008022	4.59574169412347	5.43464455951492
4.65183221790631	0.196793098456629	4.26611774493131	5.0375466908813
4.69884260083484	0.200193341859903	4.30646365078943	5.09122155088025
4.98152016926248	0.199780583401149	4.58995022579623	5.37309011272874
5.08569037164064	0.212076771011531	4.67001990045804	5.50136084282324
4.88189591716198	0.206594548232761	4.47697060262577	5.28682123169819
5.09387620368071	0.209398190931997	4.68345574945399	5.50429665790742
5.08260022503621	0.208261066019157	4.67440853563867	5.49079191443376
4.97954636471576	0.198184501026491	4.59110474270384	5.36798798672769
5.33065712619634	0.195155193950014	4.94815294605431	5.71316130633837
4.97131735463736	0.204927327600825	4.56965979253974	5.37297491673497
5.25917670222366	0.206155934838726	4.85511106993975	5.66324233450756
4.90994061299326	0.217671819031869	4.4833038476908	5.33657737829573
4.90128474565599	0.200159726739085	4.50897168124739	5.2935978100646
5.02488049876131	0.232359895981287	4.56945510263799	5.48030589488463
5.26318207493286	0.211492723651392	4.84865633657614	5.67770781328959
4.70356093595851	0.232130044241328	4.24858604924551	5.15853582267151
4.99837954140212	0.209805370418672	4.58716101538152	5.40959806742272
5.02824814107812	0.201513625566285	4.6332814349682	5.42321484718804
5.01596165752671	0.232918108997061	4.55944216389247	5.47248115116095
4.80236410288384	0.194355865972661	4.42142660557742	5.18330160019025
4.99227699613086	0.194969371267903	4.61013702844577	5.37441696381594
5.05853473615475	0.186755490939329	4.69249397391367	5.42457549839583
5.12501730914024	0.21440368345738	4.70478608956377	5.5452485287167
4.91849890944792	0.205089132868814	4.51652420902505	5.3204736098708
4.73372182632932	0.200235649685796	4.34125995294516	5.12618369971348
4.97998251976476	0.22502239736166	4.53893862093591	5.42102641859361
5.01764334467154	0.216748749744391	4.59281579517253	5.44247089417055
4.62236062411988	0.184414424117726	4.26090835284913	4.98381289539062
4.85142614915089	0.198408387014028	4.4625457106034	5.24030658769838
4.9001770383286	0.195636292297899	4.51672990542472	5.28362417123248
5.18326945646485	0.203096407913218	4.78520049695494	5.58133841597475
5.11143369531171	0.214165482748184	4.69166934912527	5.53119804149815
4.9353606012019	0.192268120160104	4.5585150856881	5.3122061167157
5.08894535078319	0.211881258048014	4.67365808500908	5.50423261655729
4.96812640931769	0.189771356406793	4.59617455076037	5.340078267875
4.79810822441571	0.184016534019625	4.43743581773724	5.15878063109417
4.6310475063582	0.17283080593113	4.29229912673318	4.96979588598321
5.3128135568413	0.204462939253514	4.91206619590441	5.71356091777819
5.11768124091507	0.228104905539604	4.67059562605745	5.5647668557727
5.03294887130346	0.182052810178629	4.67612536335335	5.38977237925357
4.6290499373182	0.195140803483093	4.24657396249134	5.01152591214506
5.06454906730923	0.211901432308695	4.64922225998419	5.47987587463428
4.97310985890613	0.190038392393139	4.60063460981557	5.34558510799668
4.82528002718455	0.202479282355146	4.42842063376847	5.22213942060064
5.21474059919509	0.201409684986944	4.81997761662068	5.6095035817695
4.72927542606959	0.199434943140722	4.33838293751377	5.1201679146254
5.20771615026927	0.182972428231501	4.84909019093552	5.56634210960301
4.8657580646698	0.208734333789323	4.45663877044273	5.27487735889687
4.88508781379625	0.211692731246291	4.47017006055352	5.30000556703898
5.09130627871247	0.199284629480066	4.70070840493154	5.4819041524934
4.88081482604308	0.196551010580405	4.49557484530549	5.26605480678068
4.80457034069485	0.190887725881366	4.43043039796737	5.17871028342233
5.04051762434042	0.193896185625216	4.660481100515	5.42055414816584
4.90744400662839	0.220489039137619	4.47528548991865	5.33960252333812
4.87043124923068	0.19535697147414	4.48753158514137	5.25333091331999
4.50514811117326	0.190023148761943	4.13270273959985	4.87759348274667
5.06363905690288	0.203827969377058	4.66413623692385	5.46314187688192
5.17929843739274	0.177467444121665	4.83146224691428	5.5271346278712
4.99831335309863	0.208560360517378	4.58953504648457	5.40709165971269
4.81804117538282	0.198391371744434	4.42919408676373	5.20688826400191
4.84620343278572	0.194270666477886	4.46543292648906	5.22697393908237
5.06907608461828	0.184731271710459	4.70700279206578	5.43114937717078
5.14448646743473	0.191343067174748	4.76945405577222	5.51951887909723
5.58738631056252	0.21367529453152	5.16858273328074	6.0061898878443
5.09139158205786	0.199695662685485	4.69998808319431	5.48279508092142
4.85958687022833	0.209942161688942	4.44810023331801	5.27107350713866
4.73259311344634	0.200036197198428	4.34052216693742	5.12466405995526
5.19040254694328	0.206196768605823	4.78625688047586	5.59454821341069
4.75384872174688	0.189840889081575	4.38176057914699	5.12593686434677
4.90470798260446	0.197807618499926	4.51700505034461	5.29241091486432
4.77673253101931	0.212982633256546	4.35928656983648	5.19417849220214
5.27601001420391	0.202236140936448	4.87962717796847	5.67239285043935
5.13249716138437	0.216464127308856	4.70822747185901	5.55676685090972
5.0580414075386	0.198331544096262	4.66931158110992	5.44677123396727
4.93125309758167	0.17544776688671	4.58737547448372	5.27513072067962
5.03125305138105	0.187979581085995	4.6628130724525	5.3996930303096
4.93186706042434	0.200047599685069	4.5397737650416	5.32396035580707
4.75655042113055	0.195816178790452	4.37275071070126	5.14035013155983
5.04469626085211	0.218998947806899	4.61545832315059	5.47393419855363
5.27196187240264	0.22270096563879	4.83546797975061	5.70845576505467
4.84876756051315	0.1947450028043	4.46706735501672	5.23046776600958
5.31993433646133	0.224194482560053	4.88051315064363	5.75935552227904
5.11460996537192	0.207208934191554	4.70848045435648	5.52073947638737
4.77668212644258	0.185606766463823	4.41289286417349	5.14047138871168
4.78977850875489	0.197651590583703	4.40238139121083	5.17717562629894
5.11825996281614	0.188846544430674	4.74812073573202	5.48839918990027
5.08444465862481	0.204663801559053	4.68330360756907	5.48558570968056
5.32270979706838	0.218201914616421	4.89503404442019	5.75038554971656
4.73938493803336	0.207205939808911	4.33326129600789	5.14550858005882
5.18054990282968	0.22108370566973	4.74722583971701	5.61387396594235
4.78111881074229	0.196316657437306	4.39633816216517	5.16589945931941
4.94097768551335	0.20006960917684	4.54884125152674	5.33311411949996
5.19381567303797	0.198699658561977	4.80436434225649	5.58326700381944
4.74081084955582	0.223865181108333	4.30203509458348	5.17958660452815
5.02300769837913	0.192806298750026	4.64510735282908	5.40090804392918
4.81729336274848	0.201248359363477	4.42284657839606	5.21174014710089
5.20302552842201	0.198975919040993	4.81303272710167	5.59301832974236
4.97768974891632	0.192706430823796	4.59998514450168	5.35539435333096
5.07554820607101	0.207015859719386	4.66979712102101	5.48129929112101
5.01380888648645	0.192970015487615	4.63558765613072	5.39203011684217
4.77627254019808	0.214620823081358	4.35561572695862	5.19692935343754
5.15782421684693	0.198256460644168	4.76924155398436	5.5464068797095
5.15487661214008	0.203331968644851	4.75634595359618	5.55340727068399
5.26762605141094	0.217468224680297	4.84138833103755	5.69386377178432
4.82765342065337	0.207187341868909	4.42156623059031	5.23374061071643
4.83906441667751	0.222291409546513	4.40337325396634	5.27475557938868
5.07645884052023	0.185715395867957	4.71245666461903	5.44046101642143
5.10246977703738	0.209344235720106	4.69215507502598	5.51278447904879
5.4091096949153	0.200594627265442	5.01594422547503	5.80227516435557
5.01183611530229	0.182499912145694	4.65413628749673	5.36953594310785
4.78501076559526	0.202931519415184	4.38726498754149	5.18275654364902
5.06535295584891	0.214584160664599	4.64476800094629	5.48593791075152
5.10511265514196	0.205677164471385	4.70198541277805	5.50823989750588
4.99320988185305	0.211600737507067	4.5784724363392	5.4079473273669
5.032932655936	0.208860018764346	4.62356701915788	5.44229829271412
5.18566377403707	0.205964195685946	4.78197395049261	5.58935359758152
5.06710859483816	0.197667942504683	4.67967942752898	5.45453776214734
5.16622778196998	0.183780816226009	4.806017382167	5.52643818177296
5.17191253268609	0.200796824856571	4.77835075596721	5.56547430940497
4.76411389174457	0.19674031912629	4.37850286625704	5.1497249172321
4.85391310727774	0.214211094456425	4.43405936214314	5.27376685241233
5.24144134062617	0.214528430390699	4.8209656170604	5.66191706419194
5.28435664185538	0.194153035080971	4.90381669309668	5.66489659061408
4.98024979392903	0.231801065094259	4.52591970634428	5.43457988151378
4.81597340021149	0.184234607527161	4.45487356945825	5.17707323096473
4.79856971012589	0.200456043475823	4.40567586491327	5.1914635553385
5.09558616070586	0.210564792579508	4.68287916725003	5.5082931541617
5.08781291641207	0.199394243001435	4.69700020012926	5.47862563269489
4.98747011794303	0.185376402961794	4.62413236813792	5.35080786774815
4.77500866633605	0.20906537155658	4.36524053808516	5.18477679458695
5.13744782577449	0.234725920720719	4.67738502116188	5.5975106303871
4.97486698410495	0.187379945835784	4.60760229026681	5.34213167794308
4.90915955294071	0.18890509377268	4.53890556914625	5.27941353673516
4.96175578161856	0.186856950742972	4.59551615816234	5.32799540507479
4.95044198575847	0.194899321144713	4.56843931631483	5.3324446552021
4.75944194573348	0.225451676184504	4.31755666041186	5.20132723105511
5.23484344668204	0.197894119655953	4.84697097215637	5.62271592120771
5.42885943478848	0.201999733015329	5.03293995807843	5.82477891149852
4.93310076053662	0.198174689536194	4.54467836904568	5.32152315202756
5.10586106375101	0.202054761541646	4.70983373112939	5.50188839637264
4.99335359703612	0.206805335462467	4.58801513952969	5.39869205454256
4.87795327394756	0.176084792283489	4.53282708107193	5.2230794668232
4.9431563201825	0.197597112595104	4.5558659794961	5.3304466608689
4.76728104464481	0.201273357256758	4.37278526442157	5.16177682486806
5.24215226608511	0.191271172471695	4.86726076804059	5.61704376412963
4.96081324744785	0.193671833077396	4.58121645461615	5.34041004027954
5.00775962316734	0.193874626550634	4.6277653551281	5.38775389120659
4.56928105892296	0.197342409757068	4.18248993579911	4.95607218204682
5.37878428810654	0.201012997405431	4.9847988131919	5.77276976302119
5.0085478856374	0.214156862368085	4.58880043539595	5.42829533587884
4.85933840116696	0.20368496700458	4.46011586583799	5.25856093649594
5.39134672985481	0.211515952962388	4.97677546204853	5.80591799766109
4.8985214557961	0.208587782773185	4.48968940156065	5.30735351003154
5.02835930333926	0.189262318764577	4.65740515856069	5.39931344811782
4.92153041641817	0.193713661286478	4.54185164029667	5.30120919253966
4.81509436542076	0.207661648147808	4.40807753505106	5.22211119579047
4.84221013019355	0.188969096808885	4.47183070044813	5.21258955993896
4.62089901508404	0.222629386747375	4.18454541705918	5.05725261310889
5.14059012173292	0.190382643525715	4.76744014042252	5.51374010304332
4.98742058069442	0.202893432127536	4.58974945372445	5.38509170766439
5.15949072848772	0.206067986570999	4.75559747480856	5.56338398216688
4.80106453282271	0.201378034231709	4.40636358572856	5.19576547991686
5.12121435602414	0.184933712986127	4.75874427857133	5.48368443347695
5.05329161577543	0.195167432912336	4.67076344726725	5.43581978428361
5.00155808962036	0.203993308239145	4.60173120547164	5.40138497376909
5.22757219688312	0.187723793055849	4.85963356249365	5.59551083127258
4.67262838799254	0.200115496833482	4.28040201419892	5.06485476178617
4.83992792118422	0.212997357193927	4.42245310108412	5.25740274128431
4.74148694610717	0.215033627904738	4.32002103541389	5.16295285680046
4.50085687863994	0.186669768964685	4.13498413146916	4.86672962581072
4.95697887322091	0.197582067420952	4.56971802107585	5.34423972536598
4.88619038078701	0.22734643363017	4.44059137087187	5.33178939070214
5.01005757570188	0.189488399004279	4.6386603136535	5.38145483775027
5.1103569646427	0.203109026224599	4.71226327324249	5.50845065604291
4.89658714520873	0.20599305362148	4.49284076011063	5.30033353030683
4.72171843918539	0.196686418835461	4.33621305826789	5.1072238201029
4.60635846556757	0.225817697028379	4.16375577939195	5.0489611517432
5.03478340770588	0.194829798994591	4.65291700167648	5.41664981373527
4.88673402448201	0.209821183075136	4.47548450565474	5.29798354330928
4.9577723929682	0.214239728744898	4.53786252462819	5.3776822613082
5.16663501912119	0.207893474878643	4.75916380835905	5.57410622988333
5.10892070765226	0.215781990616974	4.68598800604299	5.53185340926153
5.03876010874073	0.196721018411524	4.65318691265414	5.42433330482731
4.80305412220899	0.203751086518352	4.40370199263302	5.20240625178496
5.06307132005729	0.20803526807745	4.65532219462548	5.47082044548909
4.85381379483045	0.198401759767043	4.46494634568704	5.24268124397385
4.4794539643778	0.21820115956524	4.05177969162993	4.90712823712567
4.84535877230995	0.248417753535143	4.35845997538107	5.33225756923883
4.930195824158	0.21866173684166	4.50161881994835	5.35877282836765
4.92221310343058	0.210700246616801	4.50924062006165	5.33518558679951
5.21956920460114	0.198591676625802	4.83032951841456	5.60880889078771
5.16914955428453	0.181263604542187	4.81387288938184	5.52442621918721
4.93120971149432	0.213840132016242	4.51208305274249	5.35033637024616
5.05002906263805	0.207874673093816	4.64259470337417	5.45746342190193
5.02926104292623	0.207851405583655	4.62187228798227	5.43664979787019
5.24422492038415	0.203035863385249	4.84627462814906	5.64217521261924
5.05358659822767	0.195613182328834	4.67018476086316	5.43698843559219
5.027043711463	0.183139901239081	4.66808950503441	5.3859979178916
4.87822569805955	0.206339744225059	4.47379979937844	5.28265159674067
5.13688905697879	0.213120603694441	4.71917267373768	5.55460544021989
4.85770436208295	0.219302304331734	4.42787184559275	5.28753687857315
4.78790042055441	0.210809331587606	4.37471413064271	5.20108671046612
4.96724136944588	0.216790796931846	4.54233140745947	5.3921513314323
5.11474654322062	0.20084717733123	4.72108607565141	5.50840701078983
4.84797508356711	0.203940016218204	4.44825265177943	5.24769751535479
4.89583530269469	0.189850119253621	4.52372906895759	5.26794153643179
5.01967853998707	0.220568737619356	4.58736381425313	5.451993265721
4.97881157050601	0.213130080077723	4.56107661355368	5.39654652745835
5.08014965338736	0.214703125949218	4.65933152652689	5.50096778024783
4.65479943485374	0.18158865099773	4.29888567889819	5.01071319080929
5.27756373492843	0.209472493942688	4.86699764680076	5.6881298230561
4.63206731028725	0.185714994072633	4.26806592190489	4.99606869866961
4.80940204381693	0.192782798292741	4.43154775916316	5.1872563284707
5.02481145934919	0.22432805220167	4.58512847703391	5.46449444166446
4.96460939929506	0.206080401509231	4.56069181233697	5.36852698625315
4.958443668483	0.207635006266298	4.55147905620106	5.36540828076494
4.48808454330053	0.200324749805447	4.09544803368185	4.88072105291921
4.88735212738354	0.196661064222341	4.50189644150775	5.27280781325933
4.91167911919056	0.209787926989419	4.5004947822913	5.32286345608982
4.99496932657436	0.206733928642823	4.58977082643443	5.4001678267143
4.75951549177177	0.216610765938724	4.33495839053187	5.18407259301166
4.94291120729187	0.19870486305395	4.55344967570613	5.33237273887761
5.0816546337678	0.210216698954695	4.6696299038166	5.493679363719
5.18641474142823	0.20564343050302	4.78335361764232	5.58947586521415
4.68000022896998	0.206978878086949	4.27432162791956	5.0856788300204
5.07192471448596	0.181433161765533	4.71631571742552	5.42753371154641
4.85991587964312	0.209584142614335	4.44913096011902	5.27070079916721
4.98361164225751	0.205225493064602	4.5813696758509	5.38585360866413
4.87940817466776	0.203343254595444	4.48085539566069	5.27796095367483
5.06285489952416	0.21547480926621	4.64052427336239	5.48518552568593
5.04275029188772	0.192207659420226	4.66602327942408	5.41947730435137
4.97404123640348	0.215295887387057	4.55206129712484	5.39602117568211
4.93973229518721	0.219228967598446	4.51004351869425	5.36942107168016
4.96970657887412	0.212833564586498	4.55255279228459	5.38686036546366
5.16294724760917	0.191363852097134	4.78787409749878	5.53802039771955
5.16054396098277	0.196867219093892	4.77468421155874	5.5464037104068
5.41684835070491	0.210208665432656	5.00483936645691	5.82885733495292
5.27057124807151	0.183781197863065	4.9103601002599	5.63078239588311
4.7673255848549	0.197374538216595	4.38047148995037	5.15417967975942
5.29793804952217	0.19047724951726	4.92460264046834	5.671273458576
5.03834405989288	0.221595974945041	4.6040159490006	5.47267217078516
5.1801084437022	0.192804769685916	4.80221109511781	5.5580057922866
5.06331904068078	0.209590482269898	4.65252169543178	5.47411638592978
5.00259675582689	0.193241487598848	4.62384344013315	5.38135007152063
4.92833620944335	0.204843206151207	4.52684352538698	5.32982889349971
4.96038182823892	0.201831605593975	4.56479188127473	5.35597177520311
4.25842920866422	0.197700455879372	3.87093631514065	4.64592210218779
4.97256251185981	0.18732888242663	4.60539790230361	5.339727121416
4.81798136491534	0.232349529577776	4.3625762869429	5.27338644288778
5.24332192366633	0.194246859384217	4.86259807927327	5.6240457680594
4.78920411270516	0.206869538173072	4.38373981788594	5.19466840752438
4.9156107070993	0.205895920338868	4.51205470323512	5.31916671096348
4.97677206473886	0.208671079581721	4.56777674875869	5.38576738071904
4.87129092660777	0.198237477583247	4.4827454705446	5.25983638267093
5.47510121107412	0.210371195479039	5.0627736679352	5.88742875421304
5.18586933297266	0.203087721254031	4.78781739931476	5.58392126663056
5.01741127298475	0.192007286253856	4.64107699192719	5.39374555404231
4.87673466913719	0.20928973376207	4.46652679096353	5.28694254731085
4.88273064178359	0.21284766120007	4.46554922583146	5.29991205773573
4.85090721702282	0.2014012542033	4.45616075878435	5.24565367526128
5.19939114905616	0.18694461903087	4.83297969575566	5.56580260235667
4.96513796490406	0.178805885431936	4.61467842945746	5.31559750035065
5.16408804181748	0.207127032254933	4.75811905859781	5.57005702503715
4.89489688505333	0.201817404622201	4.49933477199381	5.29045899811284
5.1635352829287	0.203766460738224	4.76415301988178	5.56291754597562
5.21864898384211	0.211215328108869	4.80466694074873	5.6326310269355
4.85909121666143	0.16796739816981	4.5298751162486	5.18830731707425
4.63221235865531	0.203782455951812	4.23279874498976	5.03162597232086
5.00790071394325	0.225114232653455	4.56667681794247	5.44912460994402
4.68606385566456	0.210630246272012	4.27322857297141	5.0988991383577
4.99581895097142	0.205637867831927	4.59276873002084	5.398869171922
4.9231009931337	0.183465354700438	4.56350889792084	5.28269308834655
5.12255793786367	0.191095534355652	4.74801069052659	5.49710518520075
4.86835231887482	0.206562265343631	4.46349027880131	5.27321435894834
4.91621498012318	0.220319937819387	4.48438790199719	5.34804205824918
5.31289929972115	0.209344228739436	4.90258461139185	5.72321398805044
4.86796921219627	0.205798204208302	4.464604731948	5.27133369244454
4.82510880767401	0.195896283718985	4.4411520915848	5.20906552376322
5.16058062463547	0.224477981849262	4.72060378021091	5.60055746906002
4.87652103977585	0.214004088945296	4.45707302544307	5.29596905410863
4.77773026303785	0.215392314979407	4.35556132567822	5.19989920039749
4.82986096499291	0.198549109208848	4.44070471094357	5.21901721904225
5.12647373889805	0.199737299700327	4.73498863148541	5.51795884631069
5.10187402193594	0.189268690802291	4.73090738796345	5.47284065590843
4.69447096196388	0.217381388508105	4.268403440488	5.12053848343977
4.69250515552244	0.188143961196598	4.32374299157711	5.06126731946777
5.34169116003578	0.220693607384393	4.90913168956237	5.77425063050919
4.6965375404298	0.196574931521125	4.31125067464839	5.0818244062112
4.96360126242152	0.220882182500411	4.53067218472072	5.39653034012233
5.10018777014757	0.194784428341707	4.71841029059783	5.48196524969732
5.40695726282405	0.198367757009035	5.01815645908635	5.79575806656176
5.21626936165551	0.193744359086207	4.83653041784654	5.59600830546447
5.04247166857208	0.213498271314442	4.62401505679577	5.46092828034838
4.98886211758678	0.196518216385633	4.60368641347094	5.37403782170262
4.79778770310877	0.222122745407344	4.36242712211037	5.23314828410716
5.30111138448153	0.213666179716415	4.88232567223736	5.7198970967257
5.00785703997887	0.18194444115419	4.65124593531666	5.36446814464108
5.05864751915193	0.22705442401597	4.61362084808063	5.50367419022323
4.83655471437572	0.218822651117777	4.40766231818488	5.26544711056657
5.27103232010771	0.214853975627627	4.84991852787756	5.69214611233785
5.13195889901027	0.229324738407885	4.68248241173081	5.58143538628972
4.86313555439225	0.192010810917444	4.48679436499406	5.23947674379044
5.03984182478834	0.198035351129201	4.65169253657511	5.42799111300157
5.12926045968409	0.208722262941927	4.72016482431791	5.53835609505027
4.72330291011715	0.203375857947796	4.32468622853947	5.12191959169483
5.19629645664881	0.196704397500318	4.81075583754819	5.58183707574944
5.01424339273799	0.204191340186386	4.61402836597268	5.41445841950331
4.92834295456974	0.191759203513206	4.55249491568385	5.30419099345562
5.08467967311868	0.214620001088872	4.66402447098449	5.50533487525287
4.93333776375508	0.191882017109267	4.55724901022092	5.30942651728924
5.09482332622169	0.209250286219573	4.68469276523132	5.50495388721205
4.37189697670458	0.214504433315982	3.95146828740526	4.79232566600391
5.28368356704914	0.231080923230785	4.8307649575168	5.73660217658148
5.17196780560403	0.209476668230099	4.76139353587303	5.58254207533502
4.87993846785579	0.193983356959884	4.49973108821442	5.26014584749716
4.7963495377151	0.197779092647723	4.40870251612556	5.18399655930463
4.72559461607107	0.200788800422764	4.33204856724245	5.11914066489968
5.23596982331273	0.223366203319652	4.79817206480621	5.67376758181925
5.30007877873138	0.200001189246095	4.90807644780903	5.69208110965373
4.66980166101646	0.194172660640662	4.28922324616077	5.05038007587216
5.18958463983329	0.215171154989969	4.76784917605296	5.61132010361363
4.7814691905717	0.205768494982522	4.37816294040596	5.18477544073744
5.01617453800692	0.195509715630823	4.63297549537051	5.39937358064334
5.1976325838052	0.204598172141306	4.79662016640824	5.59864500120216
4.99182572560542	0.201349318146182	4.5971810620389	5.38647038917193
4.76030724302997	0.184778914911165	4.39814056980408	5.12247391625585
4.95896183083273	0.21460903531523	4.53832812161488	5.37959554005058
5.05462764010895	0.205338413612818	4.65216434942782	5.45709093079007
5.08049632160193	0.185338470665063	4.7172329190984	5.44375972410545
4.76340301114808	0.199121043174711	4.37312576652564	5.15368025577051
5.29312453419951	0.1935738767448	4.9137197357797	5.67252933261931
4.92957436724799	0.197040292173675	4.54337539458758	5.31577333990839
4.9876451917857	0.191393166310544	4.61251458581703	5.36277579775436
5.00773983359244	0.19771586029725	4.62021674740983	5.39526291977505
5.03985142928934	0.194465855191902	4.65869835311321	5.42100450546547
5.12993966981761	0.190295559895546	4.75696037242234	5.50291896721288
4.60102813026496	0.209416721598239	4.19057135593241	5.01148490459751
5.17619011891998	0.21210819950241	4.76045804789526	5.5919221899447
4.83153488882313	0.204577158987887	4.43056365720687	5.23250612043939
5.11279246585941	0.202176223388487	4.71652706801797	5.50905786370084
4.62893980391857	0.186064499895628	4.26425338412314	4.993626223714
4.85359945603418	0.203072098800402	4.45557814238539	5.25162076968297
5.00898280787192	0.210945880209858	4.5955288826606	5.42243673308324
4.82990260779417	0.208316027546634	4.42160319380277	5.23820202178557
4.93812110112656	0.204511483087389	4.53727859427528	5.33896360797784
5.16450321909377	0.217842598139516	4.73753172674032	5.59147471144722
5.42669397315672	0.208550583562414	5.01793482937438	5.83545311693905
5.14229922362011	0.208121127470586	4.73438181377777	5.55021663346246
5.06965044382413	0.208998160293482	4.66001404964891	5.47928683799936
4.8071137922884	0.194930117683063	4.4250507616296	5.18917682294721
5.32026112180027	0.177712892866725	4.97194385178148	5.66857839181905
5.11024819154595	0.180267274157298	4.75692433419765	5.46357204889425
4.9810461477561	0.201634716105463	4.58584210418939	5.37625019132281
5.18795402068338	0.188195116400672	4.81909159253806	5.55681644882869
4.86165847782571	0.216790999273156	4.43674811925032	5.28656883640109
4.86129947456128	0.207833896019969	4.45394503836214	5.26865391076042
4.26732183058437	0.196384760536583	3.88240769993267	4.65223596123608
5.044435163775	0.202903001378202	4.64674528107372	5.44212504647627
5.14760922744011	0.195426730744793	4.76457283518032	5.53064561969991
4.94353389047336	0.207936903957748	4.53597755871618	5.35109022223055
4.95437447437513	0.208112220459221	4.54647452227506	5.36227442647521
4.59598065927092	0.22111371913381	4.16259776976866	5.02936354877319
5.10795605413931	0.202929121448569	4.71021497610011	5.5056971321785
4.8606643906387	0.211737102528955	4.44565966968195	5.27566911159545
4.90024033138225	0.1937602416491	4.52047025775002	5.28001040501449
5.2438021682279	0.198357998657281	4.85502049085962	5.63258384559617
5.07551901164341	0.205860979127652	4.67203149255321	5.47900653073361
4.85049413503346	0.207381850032995	4.44402570896879	5.25696256109813
4.85672045086385	0.208399354575648	4.44825771589558	5.26518318583212
4.85933081909754	0.18795701723077	4.49093506532523	5.22772657286985
4.84556082528964	0.224000305436398	4.4065202266343	5.28460142394498
5.00378776341526	0.221985833805135	4.56869552915719	5.43887999767332
5.05126412927876	0.196491336452924	4.66614110983103	5.43638714872649
4.87623353270192	0.211957110968279	4.4607975952041	5.29166947019975
4.62794365861321	0.210661689817837	4.21504674657026	5.04084057065617
5.07712075279388	0.204436135832465	4.67642592656225	5.47781557902551
4.9018695844347	0.195101148439364	4.51947133349355	5.28426783537586
5.36123162637598	0.211263148211825	4.94715585588081	5.77530739687116
5.09254361114013	0.210499610279821	4.67996437499168	5.50512284728857
5.04430919344282	0.189974997192682	4.67195819894516	5.41666018794047
5.0628008825886	0.18901395603622	4.69233352875761	5.43326823641959
4.95112561730942	0.201416807587123	4.55634867443865	5.34590256018018
5.06859435905559	0.193234120525944	4.68985548282474	5.44733323528644
4.85063424145899	0.200260402486275	4.45812385258589	5.24314463033209
5.23365649220074	0.206328374338234	4.8292528784978	5.63806010590367
4.88677465612199	0.195630576639542	4.50333872590849	5.2702105863355
5.19717746912	0.217397764142104	4.77107785140147	5.62327708683852
5.09225511674745	0.206746133668378	4.68703269475743	5.49747753873747
5.11223485645962	0.188549791053887	4.742677265994	5.48179244692524
4.80928174459512	0.20812136738127	4.40136386452783	5.21719962466241
5.09937425250141	0.190206553848265	4.72656940695881	5.47217909804401
4.72882349732939	0.201078767069111	4.33470911387394	5.12293788078485
4.80360410103113	0.21420948706409	4.38375350638552	5.22345469567675
4.57053951270753	0.205036063218209	4.16866882879984	4.97241019661522
5.03671351003892	0.209581576608284	4.62593361988669	5.44749340019116
4.85269119834188	0.193110405571002	4.47419480342272	5.23118759326105
5.30706601212836	0.194352549570136	4.92613501497089	5.68799700928582
5.11992618415829	0.188988433176312	4.74950885513272	5.49034351318386
5.0615848172632	0.191157275539408	4.68691655720596	5.43625307732044
4.91337103771428	0.173029983445856	4.5742322701604	5.25250980526816
5.07110907816981	0.171977250051917	4.73403366806806	5.40818448827157
5.24146801878148	0.190839706102358	4.86742219482086	5.61551384274211
5.18212412009408	0.212334084684268	4.76594931411291	5.59829892607525
5.13984029925482	0.218745757797577	4.71109861397156	5.56858198453807
4.84101223757169	0.227030766568545	4.39603193509734	5.28599254004604
5.02282777388735	0.210153068635445	4.61092775936188	5.43472778841283
5.04698745822489	0.193621919039777	4.66748849690692	5.42648641954285
4.99168909393048	0.22501238772249	4.5506648139944	5.43271337386656
4.88281122560524	0.201888131896688	4.48711048708773	5.27851196412275
5.39734001121278	0.18540909761756	5.03393817988237	5.7607418425432
5.2313576129439	0.195746617247602	4.8476942431386	5.6150209827492
5.37935777827352	0.202064351446416	4.98331164943854	5.7754039071085
5.09089958918731	0.217586620752481	4.66442981251244	5.51736936586217
4.98663018406948	0.201270032941621	4.5921409195039	5.38111944863506
5.01852352214695	0.216765720406715	4.59366271014979	5.44338433414412
4.99434312708963	0.224013201967188	4.55527725123395	5.43340900294532
5.30613620856096	0.184852099954816	4.94382609264952	5.6684463244724
4.50060134993512	0.187114604797013	4.13385672453297	4.86734597533726
5.07258515631172	0.227151483588739	4.62736824847779	5.51780206414565
5.24077515789302	0.186992646749348	4.8742695702643	5.60728074552174
4.8941647388027	0.237227106029665	4.42919961098456	5.35912986662085
4.77609450081033	0.201810578747817	4.38054576646461	5.17164323515605
4.98595455753517	0.202938415035021	4.58819526406652	5.38371385100381
4.92627420800382	0.205789475328642	4.52292683635968	5.32962157964796
4.83052184525906	0.211722440146563	4.4155458625718	5.24549782794633
4.97446154393156	0.207495484754602	4.56777039381254	5.38115269405058
5.0388545961761	0.209094748257117	4.62902888959215	5.44868030276004
5.40248001614241	0.203940822838319	5.0027560033793	5.80220402890552
4.80219611892355	0.204441920220334	4.4014899552917	5.20290228255541
5.08281805427681	0.193071865546751	4.70439719780518	5.46123891074844
5.0488898421052	0.199768538769886	4.65734350611622	5.44043617809418
5.00793070785173	0.208020550612439	4.60021042865135	5.41565098705211
4.76291605460591	0.214205098025088	4.34307406247673	5.18275804673508
4.90159461652025	0.192219644992901	4.52484411233416	5.27834512070633
5.05488058332357	0.212685518714772	4.63801696664261	5.47174420000452
5.04604249888493	0.189553965794079	4.67451672592854	5.41756827184133
5.16081174274013	0.21031555086378	4.74859326304712	5.57303022243314
5.42704516188592	0.208976984097766	5.0174502730543	5.83664005071754
4.93628107756859	0.202709449801669	4.53897055595732	5.33359159917986
5.00033917847908	0.206988531246355	4.59464165723622	5.40603669972194
4.54150932090572	0.209743112059139	4.13041282126981	4.95260582054163
4.88168201922344	0.19056618103354	4.50817230439771	5.25519173404918
4.90936725933335	0.201977842762789	4.51349068751829	5.30524383114842
4.98050249935687	0.197664463107761	4.59308015166566	5.36792484704809
4.63503641037374	0.21694020514279	4.20983360829387	5.06023921245361
4.9900327971899	0.199284887476164	4.59943441773662	5.38063117664318
4.77965788615999	0.203689665919271	4.38042614095822	5.17888963136176
4.9116933613524	0.173736247226962	4.57117031678755	5.25221640591724
4.8854369971454	0.227075830391223	4.44036836957861	5.3305056247122
4.86932597605809	0.195022501841385	4.48708187244898	5.25157007966721
5.17949156039914	0.205968953581636	4.77579241137913	5.58319070941914
4.91527690344515	0.191297314571058	4.54033416688587	5.29021964000442
5.25958313063551	0.200142154353027	4.86730450810358	5.65186175316744
4.89218708998065	0.196254642269456	4.50752799113252	5.27684618882879
5.34225707775511	0.196249849782354	4.9576073721817	5.72690678332852
4.80224481955282	0.197248480245218	4.41563779827219	5.18885184083345
4.62698065270676	0.199413942274302	4.23612932584913	5.01783197956439
5.19851237470649	0.201172861094641	4.80421356696099	5.59281118245199
5.13137896248045	0.194988964166884	4.74920059271335	5.51355733224754
5.38301013113335	0.203978706078497	4.98321186721949	5.7828083950472
4.97298605870058	0.204666685343693	4.57183935542694	5.37413276197421
5.00689006910183	0.213633232700138	4.58816893300956	5.4256112051941
5.38328842709734	0.207561394466166	4.97646809394366	5.79010876025103
4.88787345766501	0.206768863793719	4.48260648462932	5.2931404307007
5.13768079651078	0.202110663822136	4.7415438954194	5.53381769760217
5.0017817807112	0.187367814735683	4.63454086382927	5.36902269759314
5.32286278168217	0.195899334872353	4.93890008533236	5.70682547803199
5.02367960172798	0.191669241476482	4.64800788843408	5.39935131502189
5.34412510044316	0.206518665426269	4.93934851620768	5.74890168467865
4.58373520052224	0.189406167130708	4.21249911294605	4.95497128809842
5.24907423667724	0.217192553465737	4.8233768318844	5.67477164147009
4.94517851255563	0.210600252243327	4.53240201815871	5.35795500695255
4.88082330891249	0.228729759745837	4.43251297981065	5.32913363801433
4.67856281706674	0.191734205851674	4.30276377359745	5.05436186053602
4.99227904241099	0.203286193865152	4.59383810243529	5.39071998238668
5.03274371533277	0.228888966672462	4.58412134065475	5.4813660900108
4.95209462325111	0.20005014604427	4.55999633700434	5.34419290949788
4.94563807227611	0.182002854367179	4.58891247771644	5.30236366683578
4.79840189811563	0.223244736281035	4.3608422150048	5.23596158122646
5.22321421861264	0.214471788587025	4.80284951298208	5.64357892424321
4.58590899920119	0.205216375432607	4.18368490335328	4.9881330950491
4.8467826845868	0.216582247433529	4.42228147961709	5.27128388955652
4.75551768721495	0.206369385986934	4.35103369068056	5.16000168374935
4.75667569280088	0.190871060255515	4.38256841470007	5.13078297090169
5.03134522370582	0.187810237969925	4.66323715728477	5.39945329012687
4.98327224303304	0.208892108563674	4.57384371024824	5.39270077581784
5.21205368473032	0.204443728330405	4.81134397720273	5.61276339225792
4.9569192038843	0.167900040794186	4.62783512392769	5.2860032838409
4.65079996030024	0.195718035756749	4.26719261021701	5.03440731038346
4.85957004221289	0.203572916291633	4.46056712628128	5.25857295814449
4.5612984904253	0.196196114893677	4.17675410523369	4.9458428756169
4.81225661488111	0.210770467887086	4.39914649782242	5.2253667319398
5.1368899742959	0.172675838670624	4.79844533050147	5.47533461809032
5.10569360323173	0.224262830604105	4.66613845524768	5.54524875121577
4.91044669454741	0.226131880739626	4.46722820829774	5.35366518079707
5.08042872174728	0.222592927118954	4.64414658459413	5.51671085890043
4.99559860987306	0.176667893567407	4.64932953848094	5.34186768126518
5.04381927348013	0.190594080026665	4.67025487662787	5.41738367033239
4.88580478061255	0.205588840280949	4.48285065366189	5.28875890756321
5.28065290742566	0.182479402236131	4.92299327904284	5.63831253580848
5.11630571101434	0.214042420142953	4.69678256753415	5.53582885449453
4.82712265183016	0.195902195943039	4.44315434778181	5.21109095587852
5.0414198093449	0.191929981139381	4.66523704631171	5.41760257237808
5.00255517560238	0.206831652938264	4.59716513584338	5.40794521536138
4.88724660258492	0.202058543344662	4.49121185762938	5.28328134754045
5.09488501898343	0.18902528503118	4.72439546032231	5.46537457764454
5.06066549489226	0.204040869064222	4.66074539152638	5.46058559825813
5.27799671999313	0.197584121313666	4.89073184221834	5.66526159776791
5.19712128440304	0.219111762485827	4.76766222993082	5.62658033887526
4.82186148252602	0.226464830214385	4.37799041530582	5.26573254974621
5.20386410211251	0.217288263795935	4.77797910507248	5.62974909915254
4.97504581652583	0.201239911320495	4.58061559033766	5.369476042714
4.97627490205706	0.188781704763016	4.60626276072155	5.34628704339257
4.62283467695339	0.209239555233097	4.21272514869652	5.03294420521026
4.80196240773672	0.202434600769441	4.40519059022862	5.19873422524483
4.83477259140499	0.203678903440739	4.43556194066115	5.23398324214884
4.9512791730219	0.201738910007349	4.5558709094075	5.3466874366363
4.95028445210053	0.212877457282381	4.53304463582706	5.36752426837399
5.41170657279557	0.200357090652853	5.01900667511598	5.80440647047516
4.83847449276079	0.178034834113304	4.48952621789871	5.18742276762286
4.98162895286541	0.192531187644891	4.60426782508142	5.35899008064939
5.19419603838327	0.212670948293177	4.77736097972864	5.61103109703789
4.63784663123071	0.218364744192764	4.20985173261289	5.06584152984852
5.19002048495055	0.211166771520601	4.77613361277017	5.60390735713092
4.73224615902835	0.190011884653176	4.35982286510812	5.10466945294857
5.00585163953803	0.198971951316558	4.61586661495758	5.39583666411849
5.66224156546212	0.196953578904652	5.276212550809	6.04827058011524
4.75755959083694	0.195333442404115	4.37470604372488	5.140413137949
4.94567897550345	0.198806848892338	4.55601755167447	5.33534039933244
4.80840315356471	0.215220750371069	4.38657048283742	5.23023582429201
5.03742019035384	0.201028155432827	4.6434050057055	5.43143537500218
4.86322191173642	0.230436684030569	4.41156601103651	5.31487781243634
4.98029625409307	0.2028892355125	4.58263335248857	5.37795915569757
5.13212623501971	0.187728231047616	4.76417890216638	5.50007356787304
5.06863128282178	0.21352754264276	4.65011729924197	5.48714526640159
4.81280591719496	0.200283034115113	4.42025117032934	5.20536066406059
5.33460946423672	0.217775094109764	4.90777027978158	5.76144864869186
4.92803726474027	0.176309528159341	4.58247058954796	5.27360393993258
4.65993430022356	0.213437351325832	4.24159709162493	5.07827150882219
5.19569751480132	0.193333675450721	4.8167635109179	5.57463151868473
5.21947326523505	0.198762523849019	4.82989871849098	5.60904781197913
4.65139679218404	0.204909134755823	4.24977488806263	5.05301869630546
5.11848661845567	0.224993412561316	4.67749952983549	5.55947370707585
4.86642027839916	0.192865868701516	4.48840317574418	5.24443738105413
4.79888574519653	0.230790138476975	4.34653707378166	5.25123441661141
4.61245322812785	0.25806496816115	4.10664589053199	5.1182605657237
5.13790960520604	0.183408325304662	4.7784292876089	5.49738992280318
4.93843134870375	0.206365020889757	4.53395590775982	5.34290678964767
4.93563243155647	0.192177780792794	4.5589639812026	5.31230088191035
5.02223153317753	0.208996030194676	4.61259931399596	5.43186375235909
5.00682050168675	0.211150925612674	4.5929646874859	5.42067631588759
5.25568998998852	0.198224377360909	4.86717021036114	5.6442097696159
4.89025422197837	0.18953457103708	4.51876646274569	5.26174198121105
4.99631883148287	0.238421238124723	4.52901320475841	5.46362445820733
4.95411721465518	0.212123379057018	4.53835539170343	5.36987903760694
4.73014268997165	0.208319650402943	4.32183617518188	5.13844920476142
5.04794699980991	0.222441017267358	4.61196260596588	5.48393139365393
5.34723854453219	0.201687769962482	4.95193051540572	5.74254657365866
5.20021493377728	0.20326582087376	4.80181392486471	5.59861594268985
5.50828343746511	0.190618176951173	5.13467181064081	5.88189506428941
5.04452933750519	0.193254871094946	4.66574979015909	5.42330888485128
5.32158186596595	0.187877212752771	4.95334252897051	5.68982120296138
5.04642639709952	0.22598734365899	4.6034912035279	5.48936159067114
5.05326367852305	0.200884133520217	4.65953077682343	5.44699658022268
5.03315054508553	0.211203279798547	4.61919211668038	5.44710897349069
4.84366055488615	0.194112957232247	4.46319915871095	5.22412195106136
5.17306403518566	0.226031801393745	4.73004170445392	5.6160863659174
4.88459150031195	0.202188852990479	4.48830134845061	5.28088165217328
5.19253182748261	0.208200968598696	4.78445792902916	5.60060572593605
5.46473806313392	0.196924219454582	5.07876659300294	5.8507095332649
5.28013375750241	0.201780821260099	4.88464334783262	5.6756241671722
4.90966887806805	0.207602671895343	4.50276764115317	5.31657011498292
5.0076120761016	0.209011071599712	4.59795037576616	5.41727377643703
5.30668973874374	0.190035682392365	4.93421980125471	5.67915967623278
4.98361609580311	0.19565945038516	4.60012357304819	5.36710861855802
4.70831030907015	0.206592176594711	4.30338964294451	5.11323097519578
5.22119010427628	0.221796998391422	4.78646798742909	5.65591222112347
5.21201961667261	0.21341324115852	4.79372966400191	5.63030956934331
4.94404274634661	0.227016795261708	4.49908982763366	5.38899566505955
5.13001626259908	0.182559613671701	4.77219941980254	5.48783310539561
5.38782034472851	0.215961461431744	4.96453588032229	5.81110480913472
5.10382927462936	0.194471357677689	4.72266541358109	5.48499313567763
4.8586510537773	0.18913324268082	4.4879498981229	5.22935220943171
5.24535900066684	0.207230490669734	4.83918723895417	5.65153076237952
5.06982557822257	0.218395015586138	4.64177134767374	5.4978798087714
4.95644627700952	0.200530616173556	4.56340626930935	5.34948628470969
4.89317713943391	0.207009373047492	4.48743876826083	5.298915510607
4.85678964534581	0.19311698433195	4.47828035605518	5.23529893463643
5.06533387534745	0.199438958262168	4.6744335171536	5.4562342335413
4.9928876313735	0.211235942519902	4.57886518403449	5.4069100787125
5.12293200826483	0.204598493567418	4.72191896087269	5.52394505565697
5.0410809282611	0.217404177406386	4.61496874054458	5.46719311597762
4.94774390472655	0.191551459109407	4.57230304487212	5.32318476458099
4.94469830278087	0.194437398741801	4.56360100124694	5.3257956043148
4.91437418712171	0.192445830107814	4.5371803601104	5.29156801413303
5.01637623179917	0.196586656519268	4.6310663850214	5.40168607857694
5.09290371552435	0.194266484392788	4.71214140611448	5.47366602493421
5.10468778629207	0.191889209165305	4.72858493632807	5.48079063625606
5.23410521283961	0.224746199292494	4.79360266222632	5.67460776345289
5.18846473353398	0.211927032455906	4.7730877499204	5.60384171714755
4.91800681546181	0.193650033681253	4.53845274944655	5.29756088147706
5.06232786495351	0.185118796471303	4.69949502386975	5.42516070603726
4.94653943064296	0.230522696594801	4.49471494531715	5.39836391596877
5.38998944043862	0.198459466950878	5.0010088852149	5.77896999566234
5.16446761212452	0.221141277305995	4.73103070860477	5.59790451564427
5.04434127264835	0.217352708774555	4.61832996345023	5.47035258184648
4.764027848974	0.234195364540863	4.30500493447391	5.22305076347409
4.92618216751776	0.191839912973052	4.55017593809058	5.30218839694494
4.52214739833096	0.226076721691272	4.07903702381607	4.96525777284586
4.63644200544143	0.219051511703637	4.20710104250231	5.06578296838056
4.98115625292585	0.198355699296278	4.59237908230515	5.36993342354656
4.96045852110257	0.197127231882582	4.57408914661271	5.34682789559243
4.80088413804233	0.201404114107144	4.40613207439233	5.19563620169233
4.74258460983939	0.215893054862247	4.31943422230938	5.16573499736939
4.58339376462458	0.20756991241191	4.17655673629724	4.99023079295192
4.90011150418208	0.227068053581817	4.45505811916171	5.34516488920244
4.85470319399249	0.192044723498747	4.47829553593494	5.23111085205003
5.11085057932159	0.217142295274784	4.68525168058301	5.53644947806017
5.14079746047614	0.192145450127887	4.76419237822549	5.5174025427268
4.98517915395246	0.198715078988346	4.59569759913531	5.37466070876962
5.03824318929944	0.187843473257311	4.67006998171511	5.40641639688377
5.40856347109027	0.213769788651039	4.98957468533423	5.8275522568463
5.32010666555034	0.219614170017214	4.8896628923166	5.75055043878408
5.43610752805029	0.225235884835242	4.99464519377322	5.87756986232736
5.06789255155156	0.216327632657602	4.64389039154266	5.49189471156045
4.86468243618942	0.2166969775674	4.43995636015732	5.28940851222152
5.28076914687786	0.200148934946833	4.88847723438207	5.67306105937366
5.20386434285045	0.179453836635435	4.852134823045	5.5555938626559
4.6679650792931	0.209667007249077	4.25701774508491	5.07891241350129
5.11251710291712	0.207042474652875	4.70671385259749	5.51832035323675
4.6892023794159	0.21134901545482	4.27495830912446	5.10344644970735
4.78512334326325	0.198385827546231	4.39628712127263	5.17395956525386
4.91140138054514	0.210972465445685	4.49789534827159	5.32490741281868
5.1651343614362	0.185828619315916	4.80091026757701	5.5293584552954
5.26216393384356	0.202396348834616	4.86546709012771	5.65886077755941
5.16538832616519	0.187395088748451	4.79809395221823	5.53268270011216
5.20723272144761	0.198200385574842	4.81875996572092	5.5957054771743
5.344104152306	0.226210340441668	4.90073188504033	5.78747641957167
4.98402729394679	0.198782927506407	4.59441275603423	5.37364183185935
4.69371514066729	0.20732450770517	4.28735910556516	5.10007117576942
5.06142931715909	0.195175751155999	4.67888484489333	5.44397378942485
4.84516770846493	0.192154678380992	4.46854453883818	5.22179087809167
4.7389556515963	0.197804271996982	4.35125927848222	5.12665202471039
4.86718760381152	0.208910137469349	4.4577237343716	5.27665147325144
