estFinal_msm11	sdFinal_msm11	X1	X2
6.80962779270476	0.275274882568198	6.27008902287109	7.34916656253843
6.81380127008871	0.30637698532335	6.21330237885494	7.41430016132248
6.93056012510611	0.32367170866857	6.29616357611571	7.56495667409651
6.55868193745313	0.292257101048578	5.98585801939791	7.13150585550834
6.74968200492616	0.326495936882832	6.10974996863581	7.38961404121651
6.70646153254905	0.292851680671192	6.13247223843351	7.28045082666459
6.75701003911554	0.317995745964812	6.13373837702451	7.38028170120657
6.12992760281683	0.322617425422229	5.49759744898926	6.7622577566444
7.26541278892673	0.254844569484539	6.76591743273704	7.76490814511643
6.54340285817131	0.314052572169112	5.92785981671985	7.15894589962277
6.89053392564792	0.317579910641813	6.26807730078996	7.51299055050587
6.87803358549709	0.306910962033497	6.27648809991143	7.47957907108274
7.29231066132273	0.318882695194577	6.66730057874136	7.9173207439041
6.40338735684505	0.364687338641642	5.68860017310743	7.11817454058267
7.34732894202644	0.317184622811013	6.72564708131685	7.96901080273602
6.71442786705314	0.302773565253293	6.12099167915669	7.30786405494959
7.21173569179932	0.2992915776223	6.62512419965962	7.79834718393903
6.61252382608902	0.313752182388159	5.99756954860823	7.22747810356981
6.64896869422998	0.322399491690709	6.01706569051619	7.28087169794377
7.12742568941502	0.30072929922038	6.53799626294307	7.71685511588696
6.62450722889457	0.313653220887113	6.00974691595582	7.23926754183331
6.93746386364273	0.314517112466842	6.32101032320772	7.55391740407774
7.0233153483191	0.292601015983855	6.44981735699075	7.59681333964746
7.14007951512523	0.334404107346066	6.48464746472694	7.79551156552352
6.69766179459472	0.348733158388459	6.01414480415334	7.3811787850361
6.37690951297585	0.306238002715371	5.77668302765373	6.97713599829798
7.02950669244673	0.333809118297273	6.37524082058408	7.68377256430939
6.31767026005232	0.30492374666798	5.72001971658308	6.91532080352156
7.19344348068616	0.352077144887781	6.50337227670611	7.88351468466621
7.18434181489956	0.387561380404601	6.42472150930654	7.94396212049257
6.75462003785604	0.310443601171167	6.14615057956055	7.36308949615153
7.11571102837417	0.319966407782164	6.48857686912113	7.74284518762722
7.20549218502296	0.298862343279377	6.61972199219538	7.79126237785054
6.63670773650993	0.289701410119327	6.06889297267605	7.20452250034381
6.85660092945056	0.303605191873452	6.26153475337859	7.45166710552253
6.45018670361207	0.298793685146963	5.86455108072402	7.03582232650011
7.05291351978539	0.329481401890225	6.40712997208055	7.69869706749023
6.4158392519546	0.341242293804332	5.7470043560981	7.08467414781109
6.68871135581336	0.306294816191502	6.08837351607802	7.2890491955487
6.38132836250092	0.29702289054186	5.79916349703888	6.96349322796297
6.91553531570645	0.342283895376201	6.2446588807691	7.58641175064381
6.59847425573478	0.331286869995765	5.94915199054308	7.24779652092648
6.54753556131668	0.310235787096927	5.9394734186067	7.15559770402665
6.85408585318743	0.282141246378688	6.3010890102852	7.40708269608965
6.4690897714259	0.339286184673149	5.80408884946653	7.13409069338527
6.67915736356174	0.311329564259212	6.06895141761368	7.28936330950979
7.81311346990976	0.297857495299699	7.22931277912235	8.39691416069717
6.86546836292034	0.306929884974401	6.26388578837051	7.46705093747017
6.9177251442865	0.363395441193019	6.20547007954818	7.62998020902482
6.81783309166202	0.303552834290884	6.22286953645188	7.41279664687215
7.03666666601566	0.320690394144128	6.40811349349317	7.66521983853815
7.21469498896183	0.311727486024165	6.60370911635446	7.82568086156919
6.61189584722961	0.29641858674405	6.03091541721127	7.19287627724795
7.04789774526043	0.278881635991487	6.50128973871711	7.59450575180374
6.91297342724817	0.310272393948981	6.30483953510817	7.52110731938818
6.61839148679111	0.298172556050906	6.03397327693133	7.20280969665088
6.82982806921343	0.306243286734993	6.22959122721285	7.43006491121402
7.18010505278191	0.305869570232887	6.58060069512546	7.77960941043837
6.64868236278269	0.332373563420052	5.99723017847939	7.30013454708599
6.78063461853373	0.288522557134241	6.21513040655062	7.34613883051685
5.78649084731589	0.308581462182133	5.18167118143891	6.39131051319287
6.73949146963613	0.304779144540992	6.14212434633579	7.33685859293647
6.54181551869301	0.30471401612593	5.94457604708618	7.13905499029983
7.08473131198878	0.341359361540916	6.41566696336859	7.75379566060898
6.66241398182798	0.302926873267447	6.06867731022378	7.25615065343218
6.95552413415428	0.28234668211512	6.40212463720864	7.50892363109991
6.56731571656833	0.309255592284214	5.96117475569127	7.17345667744539
6.7698581483198	0.314896573173906	6.15266086489894	7.38705543174065
7.03337849398284	0.324410409771435	6.39753409083082	7.66922289713485
6.28772859099092	0.321548542143625	5.65749344838942	6.91796373359242
6.7432455285773	0.321096756723321	6.11389588539959	7.37259517175501
7.33738293888277	0.282231203363153	6.78420978029099	7.89055609747455
6.80676377500564	0.301811347304369	6.21521353428908	7.39831401572221
6.45038120982482	0.308423602161446	5.84587094958838	7.05489147006125
6.5620914131582	0.329201175131326	5.9168571099008	7.2073257164156
6.69359015522276	0.296485211609038	6.11247914046904	7.27470116997647
7.05468521836239	0.289778456743895	6.48671944314436	7.62265099358043
6.57960235570115	0.335364135841688	5.92228864945144	7.23691606195086
6.60506667377409	0.307582987323656	6.00220401861972	7.20792932892845
6.36826292820734	0.318716122292501	5.74357932851404	6.99294652790065
6.65266094465812	0.314580325346239	6.03608350697949	7.26923838233675
6.87463388936365	0.316011052298571	6.25525222685846	7.49401555186885
6.81800340984077	0.291600275490301	6.24646686987978	7.38953994980176
6.70623913514089	0.325328341052741	6.06859558667752	7.34388268360426
6.75556592295489	0.276542333864919	6.21354294857965	7.29758889733013
6.07736790403893	0.25065345806158	5.58608712623823	6.56864868183962
6.93414855854233	0.316404152306132	6.31399642002231	7.55430069706235
6.89180938407215	0.29707685613028	6.3095387460568	7.4740800220875
6.95371815935135	0.293709005158339	6.378048509241	7.52938780946169
6.45656007939805	0.278380574092367	5.91093415417701	7.00218600461908
6.34899943844734	0.285770658955443	5.78888894689467	6.90910993000001
6.49395001217339	0.342703936067168	5.82225029748174	7.16564972686504
6.42973582873691	0.324206788348173	5.79429052357449	7.06518113389933
6.41333275771615	0.334603827853176	5.75750925512392	7.06915626030837
6.46566665310722	0.265623373605166	5.9450448408411	6.98628846537335
7.37069389916603	0.308811080970074	6.76542418046469	7.97596361786738
6.81140432973099	0.294404052061105	6.23437238769123	7.38843627177076
6.76380042393144	0.324895449563588	6.1270053427868	7.40059550507607
6.97490207864758	0.364031395919828	6.26140054264472	7.68840361465044
6.87858771811173	0.322185141460254	6.24710484084963	7.51007059537382
6.55798422130432	0.307164621134803	5.95594156388011	7.16002687872854
6.09228865034927	0.295678690967483	5.51275841605301	6.67181888464554
6.53544566189044	0.321774454121515	5.90476773181227	7.16612359196861
6.25339670126953	0.325490173341298	5.61543596152059	6.89135744101848
6.97477320733667	0.312583953770863	6.36210865794578	7.58743775672756
6.54672430282779	0.307088145204311	5.94483153822734	7.14861706742824
7.27255018319283	0.316986013380691	6.65125759696667	7.89384276941898
6.90920139144595	0.311914916061241	6.29784815596592	7.52055462692599
6.05680433757598	0.305842643447744	5.4573527564184	6.65625591873355
6.70195584274641	0.350115794302191	6.01572888591411	7.3881827995787
6.10789643517928	0.315318609339849	5.48987196087317	6.72592090948538
6.7246854605786	0.308133966399427	6.12074288643572	7.32862803472148
6.24923397971842	0.284735602295786	5.69115219921868	6.80731576021816
7.07497632394765	0.27863182069968	6.52885795537628	7.62109469251903
6.64621317475255	0.318438728764588	6.02207326637396	7.27035308313115
7.27310868713278	0.339180064384553	6.60831576093906	7.93790161332651
7.04848697610397	0.317666889121729	6.42585987342539	7.67111407878256
6.7642643458085	0.304811289781252	6.16683421783724	7.36169447377975
6.80971100938864	0.279228888281651	6.2624223883566	7.35699963042068
6.80898463075349	0.355605170013146	6.11199849752772	7.50597076397925
6.80789809460523	0.305900335660024	6.20833343671158	7.40746275249888
6.67549869166159	0.3041834398462	6.07929914956303	7.27169823376014
6.73396020397565	0.315682913726396	6.11522169307192	7.35269871487939
6.72377824747549	0.310050941715136	6.11607840171382	7.33147809323716
7.11799167471882	0.324673169790902	6.48163226192866	7.75435108750899
6.41301851839081	0.292827961750241	5.83907571336033	6.98696132342128
6.49043936475857	0.31754114282564	5.86805872482032	7.11282000469683
7.27978991733351	0.298608941955702	6.69451639110034	7.86506344356669
6.98821811706712	0.336869695913254	6.32795351307714	7.6484827210571
7.32429506490705	0.334677243180327	6.66832766827361	7.98026246154049
6.63109615063685	0.339011492508479	5.96663362532023	7.29555867595347
6.84420344091395	0.301701524745779	6.25286845241222	7.43553842941568
6.63657572504282	0.331105493089414	5.98760895858756	7.28554249149807
6.80085546885545	0.302369103517169	6.2082120259618	7.3934989117491
6.32536854250174	0.275910052589651	5.78458483942602	6.86615224557745
6.36319201762183	0.325085234895618	5.72602495722641	7.00035907801724
7.13038083742771	0.309830514401963	6.52311302919987	7.73764864565556
6.9976064931142	0.300349999354347	6.40892049437968	7.58629249184872
6.49795353329753	0.286712392284909	5.93599724441911	7.05990982217595
7.23773900258695	0.336284434915213	6.57862151015314	7.89685649502077
7.14945789793586	0.305196673870834	6.55127241714902	7.74764337872269
6.85477018995954	0.292166563670142	6.28212372516606	7.42741665475302
6.45985801819329	0.304059928745823	5.86390055785148	7.05581547853511
6.35489354032132	0.307578684473083	5.75203931875407	6.95774776188856
7.16466120281952	0.286508169835672	6.6031051899416	7.72621721569744
6.81375358554251	0.328819838364178	6.16926670234872	7.4582404687363
6.91790724310395	0.330414019732206	6.27029576442882	7.56551872177907
6.75789565892221	0.348904816930896	6.07404221773766	7.44174910010677
6.43506015629513	0.28404605403265	5.87832989039113	6.99179042219912
6.43004804809694	0.328582766340799	5.78602582606898	7.07407027012491
6.45548707032599	0.285212894673988	5.89646979676498	7.01450434388701
6.70552022242972	0.340108478153273	6.03890760524931	7.37213283961014
6.05397793629661	0.310211992536791	5.4459624309245	6.66199344166872
6.69918580254221	0.286654596705191	6.13734279300003	7.26102881208438
6.66851462361553	0.301296476661755	6.07797352935849	7.25905571787257
6.81270446708626	0.33740314820175	6.15139429661083	7.47401463756169
6.79307142957028	0.30587099680155	6.19356427583924	7.39257858330132
6.99343726197217	0.283448967583285	6.43787728550893	7.54899723843541
7.13690412242327	0.320953717852764	6.50783483543185	7.76597340941468
7.06805986515366	0.270276582688939	6.53831776308334	7.59780196722398
6.82402211846043	0.289493153461611	6.25661553767567	7.39142869924519
6.99099996202643	0.329304317640882	6.3455634994503	7.63643642460256
6.36080988922082	0.355511453118869	5.66400744110784	7.05761233733381
6.76813268813093	0.287351746418884	6.20492326514991	7.33134211111194
7.01891724999311	0.324631631816673	6.38263925163243	7.65519524835379
7.19186433560254	0.337909479068796	6.5295617566277	7.85416691457738
6.39856782785856	0.328095995822519	5.75549967604642	7.0416359796707
6.60067401256613	0.283098676995286	6.04580060565537	7.15554741947689
6.6824660310424	0.346226720802731	6.00386165826905	7.36107040381575
6.93906549296359	0.300804670943017	6.34948833791528	7.52864264801191
6.91176771254927	0.303732703121957	6.31645161443023	7.5070838106683
6.82648329291364	0.260091699837499	6.31670356123214	7.33626302459514
6.47488550732685	0.291449150612756	5.90364517212585	7.04612584252785
6.51277402698399	0.340159533095087	5.84606134211762	7.17948671185036
7.00497374146815	0.300756979130698	6.41549006237198	7.59445742056432
7.10985001977908	0.302655567672536	6.51664510714091	7.70305493241726
6.28017834125945	0.306116434870125	5.680190128914	6.8801665536049
6.84215227564788	0.309578517558427	6.23537838123336	7.4489261700624
6.57949967533436	0.295871338369247	5.99959185213064	7.15940749853808
7.29555864100887	0.298083655976304	6.71131467529531	7.87980260672242
6.45890590123907	0.30145038353145	5.86806314951743	7.04974865296071
6.88935334135918	0.311177847687676	6.27944475989133	7.49926192282702
6.79791153947948	0.309989221703515	6.19033266494059	7.40549041401836
6.83096129509337	0.315957965655983	6.21168368240764	7.4502389077791
6.99793043837332	0.32689270927805	6.35722072818834	7.63864014855829
7.07263317504272	0.33072513271593	6.4244119149195	7.72085443516595
7.08332820311392	0.311239104066934	6.47329955914273	7.69335684708511
6.95133713761977	0.326534945696548	6.31132864405453	7.591345631185
7.35885019166575	0.34019693808234	6.69206419302436	8.02563619030713
6.72098027756301	0.333062032829841	6.06817869321652	7.3737818619095
7.00859321750994	0.337439733933018	6.34721133900122	7.66997509601865
6.77759022815301	0.332435438623346	6.12601676845125	7.42916368785477
7.15640987129997	0.300428506380787	6.56756999879363	7.74524974380631
6.52466517754794	0.290204185783304	5.95586497341266	7.09346538168321
6.58832513764146	0.342842591794194	5.91635365772484	7.26029661755808
6.2920124892592	0.312054100631872	5.68038645202073	6.90363852649767
7.13759271834389	0.30889121779558	6.53216593146455	7.74301950522323
7.33974913803836	0.289335605643046	6.77265135097799	7.90684692509873
6.87417016780089	0.275279615016561	6.33462212236843	7.41371821323335
6.61622773314527	0.313892232775155	6.00099895690596	7.23145650938457
6.89223326374052	0.319213511157342	6.26657478187213	7.51789174560891
6.9378480032747	0.316802436752075	6.31691522724064	7.55878077930877
7.08202106612526	0.270847710544813	6.55115955345743	7.61288257879309
6.57065643270836	0.309699691859311	5.96364503666411	7.17766782875261
7.09260495697162	0.327719345031448	6.45027504070999	7.73493487323326
6.11087121306667	0.286596288292864	5.54914248801266	6.67259993812069
7.10004985034777	0.32832284639366	6.4565370714162	7.74356262927934
6.26998453170857	0.293476381388993	5.69477082418614	6.84519823923099
6.50370321357771	0.261687342147308	5.99079602296899	7.01661040418644
6.96310381218598	0.276161774397084	6.4218267343677	7.50438089000427
6.48772735163263	0.308711153284403	5.8826534911952	7.09280121207006
6.85915864266248	0.347241875918424	6.17856456586237	7.53975271946259
6.91880039987692	0.277102141739603	6.3756802020673	7.46192059768654
6.56476655963137	0.354535525775184	5.86987692911201	7.25965619015073
7.40882636278584	0.324627639638403	6.77255618909457	8.04509653647711
7.10283705968487	0.402305912617158	6.31431747095524	7.8913566484145
7.66047196663245	0.325971883237716	7.02156707548653	8.29937685777837
6.94042549947352	0.336778026007498	6.28034056849883	7.60051043044822
6.55558809066669	0.297144143946195	5.97318556853215	7.13799061280123
7.58710581556959	0.281900257421336	7.03458131102377	8.13963032011541
7.35255200505644	0.322701306057749	6.72005744518325	7.98504656492963
6.69826354848058	0.320136789990764	6.07079544009868	7.32573165686247
7.15240080142144	0.285559628135886	6.59270393027511	7.71209767256778
6.34692519485067	0.302731957917227	5.7535705573329	6.94027983236843
6.6477930764429	0.299603155190905	6.06057089226872	7.23501526061707
6.6780546203843	0.335248782267767	6.02096700713948	7.33514223362912
6.51652448735507	0.330257159772999	5.8692204542	7.16382852051015
6.76439973537821	0.32575551615881	6.12591892370694	7.40288054704948
7.016265963696	0.397119681335248	6.23791138827892	7.79462053911309
6.9969863713844	0.330771756846955	6.34867372796437	7.64529901480443
6.15112202206354	0.303519803517604	5.55622320716904	6.74602083695804
6.31785942565188	0.30909510952239	5.71203301098799	6.92368584031576
6.74815983845494	0.298708951179307	6.16269029414349	7.33362938276638
6.35845173017805	0.311135467145176	5.74862621457351	6.9682772457826
7.26288494121467	0.295010532177486	6.68466429814679	7.84110558428254
6.30805055001152	0.325443713570199	5.67018087141393	6.94592022860911
6.99431737207189	0.327089392084574	6.35322216358612	7.63541258055765
7.18816501316888	0.316654903959117	6.56752140140901	7.80880862492875
6.92800641380362	0.315770232255257	6.30909675858332	7.54691606902393
7.05719659972561	0.348729566802986	6.37368664879176	7.74070655065946
6.8134258241739	0.255578596304319	6.31249177541743	7.31435987293036
6.99500915199381	0.322854829431944	6.3622136863072	7.62780461768042
6.34012316832012	0.316352072619912	5.72007310598509	6.96017323065515
6.63016897708372	0.318066825203416	6.00675799968502	7.25357995448242
6.0520633713102	0.327821334905651	5.40953355489512	6.69459318772527
7.15736180796749	0.324912316340252	6.5205336679406	7.79418994799438
7.20264754452779	0.298186405847126	6.61820218906742	7.78709289998816
7.38463172231563	0.288335243806849	6.81949464445421	7.94976880017706
7.10522742384827	0.315501825909866	6.48684384506493	7.72361100263161
7.0437799703026	0.310180712846262	6.43582577312392	7.65173416748127
6.65562479641994	0.32053592188972	6.02737438951609	7.28387520332379
7.07783669136195	0.349655584287184	6.39251174615907	7.76316163656483
6.25914342993444	0.320374602867796	5.63120920831356	6.88707765155532
7.13651852832288	0.320945260944814	6.50746581687105	7.76557123977472
7.11474280723696	0.316585182044126	6.49423585043047	7.73524976404345
7.14234292051176	0.282473189263835	6.58869546955464	7.69599037146887
6.83345938761913	0.298431201330968	6.24853423301043	7.41838454222782
6.23729024757121	0.269792679012606	5.70849659670651	6.76608389843592
6.68375586397545	0.347287026994457	6.00307329106631	7.36443843688459
6.75794682330722	0.303965751864989	6.16217394965184	7.3537196969626
6.45111238048922	0.30941454652495	5.84465986930032	7.05756489167813
7.69889983508886	0.323738343003342	7.06437268280231	8.33342698737541
6.63624533022976	0.305186249591013	6.03808028103137	7.23441037942814
7.15793231451905	0.306891970010232	6.55642405329899	7.7594405757391
6.04971912446003	0.332915275397932	5.39720518468009	6.70223306423998
7.14110389832353	0.305675428345341	6.54198005876666	7.7402277378804
6.81115977881656	0.311816011308728	6.20000039665145	7.42231916098167
6.71380925417753	0.311237583306047	6.10378359089768	7.32383491745738
6.33856158041965	0.310239199316151	5.73049274975999	6.9466304110793
6.39603308359339	0.292947396536351	5.82185618638214	6.97020998080464
6.93741864189949	0.315948128599277	6.3181603098449	7.55667697395407
6.9099906738466	0.319213388990643	6.28433243142494	7.53564891626826
7.15619534658236	0.283531768535132	6.6004730802535	7.71191761291122
6.93639906728894	0.301412675515494	6.34563022327857	7.5271679112993
6.82868155203747	0.351037643427452	6.14064777091967	7.51671533315528
7.27137162568785	0.299093128051578	6.68514909470675	7.85759415666894
6.3945100454653	0.302613096937763	5.80138837546729	6.98763171546332
6.39848302116444	0.302966525982306	5.80466863023912	6.99229741208976
6.90174963744296	0.281395418522349	6.35021461713916	7.45328465774677
6.65476833530664	0.364850488799505	5.9396613772596	7.36987529335367
7.02850107276989	0.317615032204108	6.40597560964984	7.65102653588994
6.35356516739486	0.278693694832517	5.80732552552313	6.89980480926659
7.15679111197566	0.28864967005324	6.59103775867131	7.72254446528
7.15878620806559	0.30888276435963	6.55337598992072	7.76419642621047
6.74983058148324	0.299998693470395	6.16183314228126	7.33782802068521
6.88735641502391	0.303028184063012	6.2934211742604	7.48129165578741
6.73513075703229	0.320175762020003	6.10758626347308	7.36267525059149
7.34084707957225	0.348852982018009	6.65709523481695	8.02459892432754
6.67305638648185	0.268556275789171	6.14668608593508	7.19942668702863
6.74638637714086	0.313841380568162	6.13125727122726	7.36151548305446
6.7206790980418	0.259323012301035	6.21240599393178	7.22895220215183
7.06465950357301	0.301878752288345	6.47297714908785	7.65634185805816
6.93771950019399	0.316850931421722	6.31669167460742	7.55874732578057
6.59581040343922	0.352151375921109	5.90559370663385	7.2860271002446
6.31597258800516	0.298054557518136	5.73178565526961	6.9001595207407
6.44564197115873	0.310612715604994	5.83684104857294	7.05444289374452
6.00183949212123	0.308003472238055	5.39815268653464	6.60552629770781
6.58555819011104	0.286583128947141	6.02385525737464	7.14726112284744
6.73568502410749	0.3175870304011	6.11321444452133	7.35815560369364
6.84288016226049	0.304885604340802	6.24530437775251	7.44045594676846
6.33478140722693	0.303133673704074	5.74063940676695	6.92892340768692
6.58660009619437	0.317922850681977	5.96347130885769	7.20972888353104
6.53709268018307	0.310726436338213	5.92806886496018	7.14611649540597
7.07916866177574	0.340556208228307	6.41167849364826	7.74665882990322
7.04179161584756	0.32610554205044	6.4026247534287	7.68095847826642
6.74778873411087	0.304289061313001	6.15138217393739	7.34419529428435
6.81475807045676	0.265168655917204	6.29502750485904	7.33448863605448
6.0618011069977	0.316326990020283	5.44180020655795	6.68180200743746
6.66893421590759	0.323215123522395	6.0354325738037	7.30243585801148
7.0716086330143	0.347638698836499	6.39023678329476	7.75298048273383
6.53388328252433	0.302667310298465	5.94065535433934	7.12711121070932
6.71073032677258	0.308757835701339	6.10556496879796	7.31589568474721
6.05966506465835	0.284164604300955	5.50270244022848	6.61662768908822
6.63553342501794	0.298633227918019	6.05021229829862	7.22085455173726
6.60062210392268	0.313714975811651	5.98574075133185	7.21550345651352
6.85351058945021	0.277441929947728	6.30972440675266	7.39729677214775
7.24421075504268	0.347763865282617	6.56259357908875	7.92582793099661
6.65336554940871	0.28248659919966	6.09969181497737	7.20703928384004
6.42972417163958	0.286017174058635	5.86913051048465	6.9903178327945
6.72541684164304	0.309438824619676	6.11891674538848	7.33191693789761
7.58439970062619	0.303234439682146	6.99006019884918	8.17873920240319
6.62564363338804	0.30860855095027	6.02077087352551	7.23051639325057
7.06387734477936	0.308244197700277	6.45971871728682	7.66803597227191
6.56016853832174	0.318705173707185	5.93550639785566	7.18483067878782
6.70966609895941	0.289898444272079	6.14146514818614	7.27786704973269
6.84324298656112	0.289900305989956	6.27503838682081	7.41144758630143
6.71858416732666	0.293324838405691	6.14366748405151	7.29350085060182
6.29304224563708	0.297768232146913	5.70941651062913	6.87666798064503
6.41223435837336	0.376062020587478	5.6751527980219	7.14931591872481
6.81137133866354	0.302308341858256	6.21884698862136	7.40389568870572
6.57310935182256	0.36221493392193	5.86316808133557	7.28305062230954
6.50315685579908	0.252051280050108	6.00913634690087	6.9971773646973
7.06513403913862	0.301000334810598	6.47517338290985	7.65509469536739
6.77290209516828	0.255266333903174	6.27258008071806	7.2732241096185
7.06827721032859	0.353485158493734	6.37544629968087	7.76110812097631
7.25089274688245	0.319273792227579	6.62511611411639	7.8766693796485
6.82691251520167	0.284916952850737	6.26847528761422	7.38534974278911
6.85531259007037	0.273486392230471	6.31927926129865	7.3913459188421
6.80442301317613	0.297718939611763	6.22089389153708	7.38795213481519
6.78983762858052	0.281327936052355	6.2384348739179	7.34124038324313
6.57205152342619	0.332796531220868	5.91977032223329	7.22433272461909
6.38659184998776	0.318236366394198	5.76284857185513	7.01033512812039
6.50785356665273	0.258837131116056	6.00053278966526	7.0151743436402
7.06575228826707	0.271546793032862	6.53352057392266	7.59798400261147
7.11579149376223	0.342378584675769	6.44472946779772	7.78685351972674
7.13261311226074	0.323861018430682	6.49784551613661	7.76738070838488
6.65886720785428	0.323390555107114	6.02502171984434	7.29271269586423
6.84000794732882	0.312055449661737	6.22837926599182	7.45163662866583
6.3835321695412	0.321825263151903	5.75275465376347	7.01430968531893
6.64423086167706	0.361890451254545	5.93492557721815	7.35353614613596
6.62655813916182	0.333707341358928	5.97249175009832	7.28062452822531
7.03668655419339	0.327064044174848	6.39564102761069	7.67773208077609
6.77361869236279	0.340737660219204	6.10577287833315	7.44146450639242
6.37274215886719	0.29015658734195	5.80403524767696	6.94144907005741
6.4043270743881	0.301173993207504	5.81402604770139	6.99462810107481
7.45547085878833	0.321513535276366	6.82530432964665	8.08563738793001
6.14296215242152	0.317493133736295	5.52067561029838	6.76524869454465
6.41465550368342	0.317862927939046	5.79164416492289	7.03766684244395
6.95071680166944	0.311059184721304	6.34104079961569	7.5603928037232
6.69987064040702	0.308346017518689	6.09551244607039	7.30422883474365
6.41867997799576	0.368009423816861	5.69738150731471	7.13997844867681
6.77879442700687	0.303794649209753	6.18335691455576	7.37423193945799
6.87106719104132	0.303129082023173	6.2769341902759	7.46520019180674
6.75308988638612	0.30756846447703	6.15025569601114	7.3559240767611
7.11433052486944	0.283467989017537	6.55873326639507	7.66992778334382
6.88779658169055	0.329438172619933	6.24209776335548	7.53349540002562
6.84263733528864	0.363549651864694	6.13008001763383	7.55519465294344
7.23629666642482	0.335422812451733	6.57886795401943	7.89372537883022
6.88300075132422	0.268193479770994	6.35734153097307	7.40865997167537
7.0525705007787	0.326055054865965	6.41350259324141	7.69163840831599
6.93935804535264	0.293131982907682	6.36481935885358	7.5138967318517
7.09218644353845	0.324626228419224	6.45591903583677	7.72845385124013
7.35360832901211	0.332633527910582	6.70164661430737	8.00557004371685
6.5467668326779	0.328596814533151	5.90271707619293	7.19081658916288
7.03062038600199	0.321228261843753	6.40101299278823	7.66022777921574
6.47336778331534	0.323725668550913	5.83886547295555	7.10787009367513
6.58174142253251	0.294430126809409	6.00465837398607	7.15882447107895
6.47882322601592	0.327254758436779	5.83740389947984	7.12024255255201
6.88023429728933	0.32751324479487	6.23830833749139	7.52216025708728
7.05158216521603	0.328259854923461	6.40819284956605	7.69497148086602
6.330086155118	0.339326817521521	5.66500559277582	6.99516671746018
7.02851709034114	0.355118004725586	6.33248580107899	7.72454837960328
6.94696862351307	0.328061197527085	6.30396867635999	7.58996857066616
6.57333566133923	0.330415476696283	5.92572132701451	7.22094999566394
6.81548054797758	0.309914567251995	6.20804799616367	7.42291309979149
6.41696818439428	0.2923537370809	5.84395485971572	6.98998150907285
6.44160540788762	0.330554646332376	5.79371830107616	7.08949251469907
7.15581602896106	0.287489148837819	6.59233729723893	7.71929476068318
6.50102499963458	0.295147042716101	5.92253679591102	7.07951320335814
7.57673294014761	0.317874050394763	6.95369980137388	8.19976607892135
6.36950125848474	0.29142789461792	5.79830258503362	6.94069993193586
5.98815577424436	0.308301087993498	5.3838856417771	6.59242590671162
6.21733375774923	0.308069651988788	5.6135172398512	6.82115027564725
6.76978890016786	0.30359617894203	6.17474038944148	7.36483741089424
6.90990589775933	0.330308611445585	6.26250101932598	7.55731077619268
6.39104485735469	0.320087782272275	5.76367280410103	7.01841691060835
6.42296511824201	0.355028100972044	5.7271100403368	7.11882019614722
6.65108034789376	0.312785996500303	6.03801979475316	7.26414090103435
6.90364394413341	0.30327263659839	6.30922957640057	7.49805831186626
7.10775983302922	0.351881491350243	6.41807210998275	7.7974475560757
6.92131703026424	0.289405283906816	6.35408267380688	7.4885513867216
6.36089152710336	0.298155679918952	5.77650639446222	6.94527665974451
7.12988108984577	0.322045449493855	6.49867200883781	7.76109017085373
6.63805519869077	0.323583106689217	6.0038323095799	7.27227808780163
6.78347666491662	0.296194879522799	6.20293470105193	7.3640186287813
6.30883833380907	0.32838278084461	5.66520808335363	6.9524685842645
6.48552588567279	0.320884149992159	5.85659295168816	7.11445881965742
6.21078553387211	0.287913381637673	5.64647530586227	6.77509576188195
6.79132988493037	0.277558584805947	6.24731505871071	7.33534471115002
6.65728702793468	0.330811174222118	6.00889712645932	7.30567692941003
6.78662688166972	0.356947034996825	6.08701069307595	7.4862430702635
6.53305864363301	0.321548014687075	5.90282453484634	7.16329275241967
6.76499941807094	0.3034813746824	6.17017592369344	7.35982291244844
6.8491573521955	0.293439321223495	6.27401628259745	7.42429842179355
7.23757471289164	0.370102266873819	6.51217426981895	7.96297515596433
6.30966176747352	0.327977495515004	5.66682587626411	6.95249765868293
6.52145216152741	0.299482912494458	5.93446565303827	7.10843867001655
6.85230329247231	0.302840781255185	6.25873536121215	7.44587122373247
6.83443342570904	0.283195127541894	6.27937097572693	7.38949587569115
7.31546344167646	0.297523284572203	6.73231780391494	7.89860907943797
6.69325223503275	0.324778583369309	6.0566862116289	7.3298182584366
7.11112256975855	0.344416862640669	6.43606551898284	7.78617962053426
6.55389440375222	0.334068923230463	5.89911931422051	7.20866949328393
6.92846166279845	0.321802282097492	6.29772918988736	7.55919413570953
6.46543236040104	0.288630066042231	5.89971743095826	7.03114728984381
6.56137522669905	0.275008318444934	6.02235892254698	7.10039153085112
7.1847296741559	0.310002242764378	6.57712527833772	7.79233406997408
6.54566339732161	0.317603351133274	5.92316082910039	7.16816596554282
6.91513226456074	0.327082787900253	6.27405000027625	7.55621452884524
7.00111645017841	0.342354974354057	6.33010070044446	7.67213219991237
6.62529168742614	0.314117750484654	6.00962089647622	7.24096247837607
6.65897013287389	0.286533926282522	6.09736363736015	7.22057662838763
7.05802405325488	0.299618170713919	6.47077243865559	7.64527566785416
6.29677381017728	0.314285810241261	5.6807736221044	6.91277399825015
6.90300485514649	0.295259167792919	6.32429688627237	7.48171282402061
6.81497893666537	0.322895343941665	6.18210406253971	7.44785381079104
6.56709492482724	0.312014245757078	5.95554700314337	7.17864284651111
7.2569262899737	0.34452360060992	6.58166003277825	7.93219254716914
6.75369280460167	0.319269063385968	6.12792544036517	7.37946016883817
6.5668005358052	0.285863692153995	6.00650769918337	7.12709337242703
6.44915397769444	0.332518831912182	5.79741706714657	7.10089088824232
6.98204668142166	0.32634265922717	6.34241506933641	7.62167829350692
6.62090924907993	0.346564861154471	5.94164212121717	7.30017637694269
6.78847140017076	0.288641581736593	6.22273389996704	7.35420890037449
6.08261141387222	0.346523249663898	5.40342584453098	6.76179698321346
7.15187548563906	0.285069812319453	6.59313865349294	7.71061231778519
6.65905384620483	0.33527897631713	6.00190705262325	7.3162006397864
6.37129564698213	0.34428021601257	5.6965064235975	7.04608487036677
7.35722065457408	0.278103709768428	6.81213738342797	7.9023039257202
6.10741910965575	0.341487332505773	5.43810393794444	6.77673428136707
6.86634995855915	0.308098002187074	6.26247787427249	7.47022204284582
6.98451742551372	0.30869074883595	6.37948355779525	7.58955129323218
6.31473349371477	0.318221204642572	5.69101993261533	6.93844705481421
6.74343530435414	0.29185645278363	6.17139665689823	7.31547395181006
6.5296125772178	0.29431692957351	5.95275139525372	7.10647375918188
6.33791962367024	0.289933086595693	5.76965077394269	6.9061884733978
6.41214260613504	0.285289565961369	5.85297505685075	6.97131015541932
6.40934348237864	0.325391908124039	5.77157534245552	7.04711162230176
6.88170234172348	0.301536562597875	6.29069067903165	7.47271400441532
7.39832879671235	0.306320183991918	6.79794123608819	7.99871635733651
6.99023142921108	0.325827482202474	6.35160956409423	7.62885329432793
7.08972153709501	0.336038905446729	6.43108528241942	7.7483577917706
6.40803131508855	0.311251127889574	5.79797910442498	7.01808352575211
6.71707125532468	0.31708266250487	6.09558923681514	7.33855327383423
6.95931125293641	0.348113516010073	6.27700876155667	7.64161374431615
6.36121639680873	0.309754889412998	5.75409681355926	6.96833598005821
6.7134553834816	0.351822991340016	6.02388232045517	7.40302844650803
7.06012685456575	0.318184153302271	6.4364859140933	7.6837677950382
6.64042799973824	0.321436469906721	6.01041251872106	7.27044348075541
6.56681544010422	0.345776222054025	5.88909404487833	7.24453683533011
6.43792650663078	0.278593530397593	5.8918831870515	6.98396982621006
6.47241188459294	0.321506965147258	5.84225823290431	7.10256553628157
6.86062576902654	0.329323459324202	6.2151517887511	7.50609974930197
6.21922957238858	0.289561663917723	5.65168871110984	6.78677043366732
6.85152968128289	0.301036396994606	6.26149834317346	7.44156101939231
6.79989097817695	0.302104291329896	6.20776656717035	7.39201538918354
6.22503048962283	0.319064783634894	5.59966351369844	6.85039746554722
6.84934602487486	0.309579183312448	6.24257082558246	7.45612122416725
6.77512872782045	0.293432476065886	6.20000107473132	7.35025638090959
6.77006408010317	0.334665492949381	6.11411971392238	7.42600844628396
6.63485474743529	0.301383757615891	6.04414258250814	7.22556691236243
6.98802295916831	0.324423985331442	6.35215194791868	7.62389397041793
7.29706974381103	0.309136879680341	6.69116145963756	7.9029780279845
7.07571631947536	0.315579661394668	6.45718018314181	7.69425245580891
6.72364808029301	0.292621215911982	6.15011049710553	7.2971856634805
6.3965856672409	0.315647470861679	5.77791662435201	7.01525471012979
7.13275301988006	0.299383878325133	6.5459606183628	7.71954542139732
6.72763567097868	0.294100157875227	6.15119936154323	7.30407198041412
6.6933820374581	0.30242931780242	6.10062057456535	7.28614350035084
6.89121488557729	0.325187178321699	6.25384801606676	7.52858175508782
6.34668456532619	0.356450788552941	5.64804101976243	7.04532811088995
6.74263845478286	0.284213557104302	6.18557988285843	7.2996970267073
6.91408563412529	0.288252589924053	6.34911055787414	7.47906071037643
7.23946751748344	0.277490832542072	6.69558548570098	7.7833495492659
7.14737691038643	0.309736055594865	6.5402942414205	7.75445957935237
6.90089408330436	0.305048529925416	6.30299896465054	7.49878920195817
6.84201897383943	0.299946694131308	6.25412345334206	7.42991449433679
6.17120104515202	0.305264579355319	5.5728824696156	6.76951962068844
6.75335479754099	0.285929694555356	6.1929325962125	7.31377699886949
6.32368778778597	0.310358457388127	5.71538521130524	6.9319903642667
6.60897663291623	0.31141327775075	5.99860660852476	7.2193466573077
6.48960625827645	0.311777979159079	5.87852141912465	7.10069109742824
6.83834465036521	0.272836159798433	6.30358577716028	7.37310352357014
6.49314862097416	0.31565104092529	5.87447258076059	7.11182466118772
7.27175496535941	0.332750804843212	6.61956338786671	7.9239465428521
6.59342410030032	0.330052507599215	5.94652118540585	7.24032701519478
7.05925466682411	0.322453021171411	6.42724674532814	7.69126258832007
7.60879366710768	0.306592842738602	7.00787169534002	8.20971563887534
6.53775549339037	0.31087730810548	5.92843596950363	7.14707501727711
6.77318174834559	0.321552503774981	6.14293884094663	7.40342465574455
6.09649931843196	0.312285198279366	5.48442032980441	6.70857830705952
6.51094200727236	0.316063189590766	5.89145815567446	7.13042585887026
6.17767243683086	0.269446605651992	5.64955708975296	6.70578778390876
6.5497757623828	0.333119069815257	5.8968623855449	7.2026891392207
6.88900085393128	0.305388559875721	6.29043927657487	7.4875624312877
7.18381057798773	0.299387600804935	6.59701088041006	7.7706102755654
7.15761329481043	0.311341947178503	6.54738307834056	7.76784351128029
6.55660487754485	0.32063397470687	5.92816228711939	7.18504746797032
6.19435455422903	0.288884536444773	5.62814086279727	6.76056824566078
7.03470908617691	0.300849413421892	6.44504423587001	7.62437393648382
6.53335903264943	0.342992743954589	5.86109325449843	7.20562481080042
6.53147490444269	0.287966627714437	5.9670603141224	7.09588949476299
6.84437555848429	0.326565476649598	6.20430722425108	7.4844438927175
6.78105453216957	0.326089782132916	6.14191855918905	7.42019050515008
6.37581330852178	0.338531230244516	5.71229209724253	7.03933451980104
6.03214746057983	0.325386763729007	5.39438940367098	6.66990551748868
6.73789724200841	0.303284652675061	6.14345932276529	7.33233516125153
6.92391096639934	0.297736639450035	6.34034715307728	7.50747477972141
6.75336981891967	0.281182077154853	6.20225294769616	7.30448669014318
6.70303793311946	0.316261994027209	6.08316442482613	7.32291144141279
6.67803676203174	0.296853461054417	6.09620397836508	7.2598695456984
6.63183067131715	0.336523575114689	5.97224446409236	7.29141687854194
6.48735613361427	0.303391163561182	5.89270945303436	7.08200281419419
6.43167971397205	0.32286287487679	5.79886847921354	7.06449094873056
6.75313034264081	0.331138751252825	6.10409839018527	7.40216229509635
7.2222680002331	0.325655609363218	6.5839830058812	7.86055299458501
6.48692462550375	0.33343206543344	5.8333977772542	7.14045147375329
7.18440283878733	0.303581336050312	6.58938342012872	7.77942225744594
6.59705159329716	0.286933499867077	6.03466193355769	7.15944125303663
6.43768394837265	0.347048654707264	5.75746858514642	7.11789931159889
6.58760867424628	0.309271055961238	5.98143740456226	7.19377994393031
6.40368754062312	0.322251702722775	5.77207420328648	7.03530087795976
5.98039145949822	0.316217825116115	5.36060452227063	6.60017839672581
6.91442143851712	0.373708759887138	6.18195226913833	7.64689060789591
6.7284838192867	0.374169555367257	5.99511149076688	7.46185614780653
6.7708767124741	0.373208556200064	6.03938794232197	7.50236548262623
7.00654391257903	0.325258889300462	6.36903648955012	7.64405133560793
6.43316802095092	0.293437848089519	5.85802983869546	7.00830620320638
6.76854626830123	0.296777455924815	6.18686245468859	7.35023008191386
6.86282021359168	0.327875887898042	6.22018347331152	7.50545695387185
6.52743091740944	0.32674232961074	5.88701595137239	7.16784588344649
6.85080605504288	0.281201418206654	6.29965127535784	7.40196083472792
6.627335164682	0.325135770720875	5.99006905406908	7.26460127529491
6.64738712721008	0.277641784298916	6.1032092299842	7.19156502443595
6.86994705805639	0.375586473089171	6.13379757080161	7.60609654531116
7.39453863715096	0.323071864747489	6.76131778224588	8.02775949205604
6.73487971952087	0.321720304364816	6.10430792296584	7.36545151607591
6.78944331607115	0.297368838222242	6.20660039315556	7.37228623898674
6.56911941602741	0.280823186434722	6.01870597061536	7.11953286143947
6.7807731512887	0.295063221822522	6.20244923651656	7.35909706606084
6.68399566924265	0.292832704288557	6.11004356883708	7.25794776964823
6.67408962638161	0.306622317555911	6.07310988397203	7.2750693687912
6.80283699264008	0.323495749010589	6.16878532457933	7.43688866070084
6.50017214764916	0.354212846182699	5.80591496913107	7.19442932616725
6.5631110634437	0.301489062142576	5.97219250164425	7.15402962524315
6.25445617252332	0.328782547207195	5.61004237999722	6.89886996504942
6.9754654836341	0.284192199759097	6.41844877210627	7.53248219516193
6.76605600820353	0.302375943049688	6.17339915982614	7.35871285658091
6.28306301911773	0.323207316395937	5.64957667898169	6.91654935925376
6.67784392624571	0.281968625115164	6.12518542101999	7.23050243147143
7.01346064987992	0.357044455004936	6.31365351807025	7.71326778168959
7.04480307592326	0.326160952566881	6.40552760889218	7.68407854295435
6.53438723529936	0.312419562081047	5.9220448936205	7.14672957697821
7.00281888723389	0.336556464445722	6.34316821692028	7.66246955754751
6.56422498956197	0.34374140723373	5.89049183138386	7.23795814774008
6.80249149237618	0.30117822237634	6.21218217651855	7.3928008082338
6.6683685177396	0.306180609746162	6.06825452263713	7.26848251284208
6.99266594588256	0.336586070769469	6.3329572471744	7.65237464459072
6.72514301508306	0.310362504233326	6.11683250678574	7.33345352338038
7.12866054647051	0.273490372246023	6.59261941686831	7.66470167607272
6.61964498339574	0.336481408457796	5.96014142281846	7.27914854397302
7.03478932723384	0.319355494408326	6.40885255819352	7.66072609627415
6.97191283990565	0.329693821740268	6.32571294929472	7.61811273051657
6.71633193063247	0.27919467577805	6.16911036610749	7.26355349515745
6.7323096417402	0.30809430197762	6.12844480986406	7.33617447361633
6.62245272969995	0.327773956273406	5.98001577540407	7.26488968399583
6.70041033988211	0.335871073225767	6.0421030363596	7.35871764340461
6.66576439153388	0.279577207303612	6.1177930652188	7.21373571784896
6.79437397126187	0.334666025221427	6.13842856182788	7.45031938069587
7.49306341868193	0.341509610513181	6.8237045820761	8.16242225528777
6.93191493013605	0.292831896674513	6.357964412654	7.50586544761809
6.59324245296818	0.336873583374997	5.93297022955319	7.25351467638318
6.75389297480835	0.34704998495653	6.07367500429356	7.43411094532315
6.46046647693045	0.302878861124863	5.86682390912572	7.05410904473519
6.40467823389486	0.315596183541525	5.78610971415348	7.02324675363625
7.09064579397855	0.337605971652085	6.42893808954046	7.75235349841664
7.59011147111332	0.334652019827661	6.93419351225111	8.24602942997554
7.09606982474097	0.30220800674864	6.50374213151364	7.68839751796831
6.57922754242904	0.34489059599339	5.90324197428199	7.25521311057608
6.79332038146233	0.335001635610645	6.13671717566547	7.4499235872592
6.82375360460648	0.285011003387697	6.2651320379666	7.38237517124637
6.60959824137545	0.33698593898179	5.94910580097114	7.27009068177976
6.11659788117534	0.298258405110369	5.53201140715901	6.70118435519166
7.13214730326527	0.300852226646786	6.54247693903757	7.72181766749297
6.93344296448315	0.381583937785464	6.18553844642364	7.68134748254266
6.7339703176166	0.340327184101903	6.06692903677687	7.40101159845633
6.24765642057069	0.287628862544833	5.68390384998281	6.81140899115856
6.65366491228746	0.30553015294354	6.05482581251812	7.2525040120568
6.74662494229604	0.266579256298964	6.22412959995007	7.26912028464201
6.20248916356043	0.297484767595904	5.61941901907246	6.7855593080484
7.08096570302294	0.341977481770709	6.41068983875235	7.75124156729353
6.95817220226848	0.324704571778711	6.32175124158221	7.59459316295476
6.541499540793	0.282472939572796	5.98785257923033	7.09514650235568
6.45677336014931	0.343050253848612	5.78439486260603	7.12915185769259
6.73395597139649	0.319441179220673	6.10785126012397	7.360060682669
6.83366447185957	0.280202138831456	6.28446827974991	7.38286066396922
6.93173718074549	0.327541783500674	6.28975528508416	7.57371907640681
6.42327284497656	0.303284626593182	5.82883497685392	7.0177107130992
6.91191434148775	0.33851683522067	6.24842134445523	7.57540733852026
6.65896178076487	0.344438316294511	5.98386268082763	7.33406088070212
7.02126575913994	0.298564696565905	6.43607895387076	7.60645256440911
6.99608400482087	0.314024297957228	6.3805963808247	7.61157162881703
6.34235900623473	0.309544252549088	5.73565227123852	6.94906574123094
6.40201565922335	0.338716939036966	5.73813045871089	7.0659008597358
7.01624550962207	0.295447478292806	6.43716845216817	7.59532256707597
6.65033461042699	0.301105292317758	6.06016823748418	7.24050098336979
6.76684193766076	0.321618025980778	6.13647060673843	7.39721326858309
6.95899396414097	0.282756130340002	6.40479194867457	7.51319597960737
6.71330270748006	0.275710829906925	6.17290948086249	7.25369593409763
6.69431027246459	0.318196923357411	6.07064430268406	7.31797624224511
7.1064730476339	0.32366485508732	6.47208993166275	7.74085616360505
6.94161818567749	0.33209249460283	6.29071689625594	7.59251947509904
6.48505403782745	0.323760040014034	5.85048435939994	7.11962371625495
6.29646330996108	0.305088662465009	5.69848953152966	6.8944370883925
6.88371978350521	0.293233254636704	6.30898260441727	7.45845696259315
6.70729389795766	0.319340597945026	6.08138632598541	7.33320146992991
6.92624966564266	0.338593195073187	6.26260700329922	7.58989232798611
6.72588148262468	0.303462558255117	6.13109486844465	7.32066809680471
6.81161108682417	0.358198934088198	6.10954117601131	7.51368099763704
6.86969977643851	0.342411505283731	6.1985732260824	7.54082632679463
7.27360307875975	0.31827913542313	6.64977597333042	7.89743018418908
6.53034282542649	0.330978565366207	5.88162483730872	7.17906081354425
6.67172196888296	0.279142784515103	6.12460211123336	7.21884182653256
6.67806328205767	0.275136887880493	6.1387949818119	7.21733158230343
6.46373922655643	0.30746534781573	5.8611071448376	7.06637130827526
7.00811938913333	0.316741168257487	6.38730669934866	7.62893207891801
7.17894380990068	0.301943332366351	6.58713487846264	7.77075274133873
6.87078970597376	0.314833821053156	6.25371541670957	7.48786399523794
6.42101718587601	0.317025719117089	5.79964677640652	7.0423875953455
6.60885307259867	0.307890192649305	6.00538829500603	7.2123178501913
6.48055460959865	0.332777918563936	5.82830988921333	7.13279932998396
7.06081030053543	0.311687102281431	6.44990358006382	7.67171702100703
6.8036719771348	0.293420303283418	6.2285681826993	7.3787757715703
7.34352402648263	0.29953043041651	6.75644438286628	7.93060367009899
6.72609288165555	0.327397873352281	6.08439304988508	7.36779271342602
7.12795360942264	0.277489482929581	6.58407422288067	7.67183299596462
6.83682843491244	0.316133665274629	6.21720645097417	7.45645041885071
6.36418750424539	0.308422322008382	5.75967975310896	6.96869525538182
6.89268293164361	0.334763522734722	6.23654642708355	7.54881943620366
6.93508954742295	0.293708234903102	6.35942140701287	7.51075768783303
6.57768272275517	0.31770753244366	5.95497595916559	7.20038948634474
6.65096560148086	0.312464414910246	6.03853534825678	7.26339585470495
6.93813677194484	0.346167186815487	6.25964908578648	7.61662445810319
6.68357136550127	0.329909103532228	6.0369495225781	7.33019320842443
6.53228282310063	0.333757674305651	5.87811778146155	7.1864478647397
6.83846486788554	0.28946983409008	6.27110399306898	7.4058257427021
6.9179772020322	0.305461492240816	6.3192726772402	7.5166817268242
6.36677681542449	0.387359615324799	5.60755196938788	7.1260016614611
7.09066398474372	0.383426850446728	6.33914735786814	7.84218061161931
6.78683327302396	0.287176807995174	6.22396672935342	7.3496998166945
6.38064953777929	0.31588429584148	5.76151631792999	6.99978275762859
6.34740737746471	0.353578710769874	5.65439310435575	7.04042165057366
6.39960217159617	0.355746497230661	5.70233903702407	7.09686530616827
7.13053018508657	0.28771757175673	6.56660374444338	7.69445662572976
6.78876806054538	0.322044837196699	6.15756017963985	7.41997594145091
6.45952962967404	0.319185992176013	5.83392508500905	7.08513417433902
7.16329046696355	0.329083974813402	6.51828587632928	7.80829505759782
6.83690237453449	0.290805239734238	6.26692410465538	7.4068806444136
6.55191180583278	0.304192835654739	5.95569384794949	7.14812976371606
7.03995944742002	0.285732469490743	6.47992380721816	7.59999508762187
6.15979033934884	0.321967144666352	5.52873473580279	6.79084594289489
6.62198457367947	0.269842085148223	6.09309408678896	7.15087506056999
6.63500888242477	0.287173958674115	6.07214792342351	7.19786984142604
6.6016931012991	0.30194086135233	6.00988901304854	7.19349718954967
6.66586884367072	0.281681856880719	6.11377240418452	7.21796528315693
6.52058412354012	0.35284078091252	5.82901619295158	7.21215205412866
7.01924980380105	0.344590772847577	6.3438518890198	7.6946477185823
6.27773470179588	0.281963728495141	5.7250857939454	6.83038360964636
7.1408069194171	0.319798836617717	6.51400119964637	7.76761263918782
6.28481309069924	0.328171993263917	5.64159598390196	6.92803019749652
7.15851316774931	0.34303155772199	6.48617131461421	7.83085502088441
6.60995108284422	0.28902691672768	6.04345832605796	7.17644383963047
6.73675633647649	0.309126833466921	6.13086774288132	7.34264493007165
7.07325873090624	0.303567250204094	6.47826692050622	7.66825054130626
6.60001941527133	0.314441030611348	5.98371499527309	7.21632383526958
6.83904218682351	0.291378056171626	6.26794119672713	7.4101431769199
6.68961491394466	0.272652867083106	6.15521529446178	7.22401453342755
6.4132438612052	0.296358533346242	5.83238113584657	6.99410658656384
6.64000866398486	0.316786141563293	6.01910782652081	7.26090950144892
6.63542740399757	0.258444144972173	6.12887687985211	7.14197792814303
6.59200148199656	0.320838230410216	5.96315855039254	7.22084441360058
6.99533072846814	0.287487035654861	6.43185613858461	7.55880531835166
7.06271936212421	0.300245145108618	6.47423887771131	7.6511998465371
7.01476737093922	0.27119342432394	6.4832282592643	7.54630648261415
6.75023153790828	0.293016091141874	6.17591999927021	7.32454307654636
6.47453222495463	0.323205364504351	5.8410497105261	7.10801473938315
7.13314428693984	0.288189958963265	6.56829196737184	7.69799660650783
6.7447105935358	0.34315141041931	6.07213382911396	7.41728735795765
6.95383789165742	0.266218006398087	6.43205059911717	7.47562518419767
6.85984408478736	0.312857554810795	6.24664327735821	7.47304489221652
6.88537085124945	0.321562286988437	6.25510876875212	7.51563293374679
6.80367312938043	0.309914944457549	6.19623983824363	7.41110642051722
5.98844252481156	0.336959922868645	5.32800107598901	6.6488839736341
6.63415877740742	0.284161652932197	6.07720193766032	7.19111561715453
7.08851564743831	0.315032855649192	6.47105125036589	7.70598004451072
6.57321912533371	0.344052270480857	5.89887667519123	7.24756157547619
6.66488310029278	0.331183245330615	6.01576393944477	7.31400226114078
6.05556768612674	0.313219852641204	5.44165677494998	6.6694785973035
6.81488719581619	0.267384338842731	6.29081389168444	7.33896049994795
6.62247755248014	0.295782122738005	6.04274459191365	7.20221051304663
6.44655234077806	0.271152200102644	5.91509402857687	6.97801065297924
7.07527050472268	0.308340235062353	6.47092364400047	7.67961736544489
6.92442105179857	0.301047103037216	6.33436872984562	7.51447337375151
6.46379000037845	0.331176479579946	5.81468410040176	7.11289590035515
6.53490587652389	0.325280053169425	5.89735697231181	7.17245478073596
6.48578115369425	0.319946338594921	5.85868633004821	7.1128759773403
6.17424318905355	0.311704488192224	5.56330239219679	6.78518398591031
6.82669686444723	0.336593513015642	6.16697357893657	7.48642014995789
7.13006324874091	0.278509387843532	6.58418484856758	7.67594164891423
6.37679703740633	0.315442037449324	5.75853064400565	6.995063430807
6.63488410857078	0.328458072488343	5.99110628649363	7.27866193064794
6.95037476650691	0.303264489716642	6.35597636666229	7.54477316635152
6.73607691175092	0.347403001677689	6.05516702846265	7.41698679503919
7.43576189440454	0.302543783530023	6.8427760786857	8.02874771012339
7.11765256851041	0.349531775012659	6.4325702894856	7.80273484753522
6.22727683852373	0.302714013071819	5.63395737290296	6.8205963041445
6.91103886888302	0.296481047543694	6.32993601569738	7.49214172206866
6.61615586414463	0.283977532306919	6.05955990082306	7.17275182746619
6.71690373499109	0.274416974770976	6.17904646443998	7.2547610055422
6.69159403226015	0.311795650312531	6.08047455764759	7.30271350687271
7.23713309725331	0.32703657001123	6.59614142003129	7.87812477447532
6.4840557998967	0.321319964964889	5.85426866856552	7.11384293122788
7.07279895531252	0.301865236432568	6.48114309190468	7.66445481872035
6.7699482444587	0.343796220521084	6.09610765223738	7.44378883668003
6.60923234269579	0.309186741242087	6.0032263298613	7.21523835553028
6.72597375225842	0.309076975581686	6.12018288011831	7.33176462439852
6.98457452434007	0.296168765191919	6.40408374456391	7.56506530411623
6.30838324980421	0.335063266909767	5.65165924666107	6.96510725294736
6.84791377233568	0.325678024774387	6.20958484377788	7.48624270089347
7.05578922371572	0.303066538540988	6.46177880817539	7.64979963925606
7.1458306167517	0.315294868535792	6.52785267442155	7.76380855908185
6.78672349551926	0.338064385322051	6.12411730028804	7.44932969075048
7.28494222792476	0.304521514107595	6.68808006027387	7.88180439557564
7.17613880195542	0.312794105755034	6.56306235467555	7.78921524923529
6.91834343205682	0.331307364742348	6.26898099716182	7.56770586695182
6.08838323350993	0.313957247670919	5.47302702807492	6.70373943894493
7.05800525037514	0.300993393065988	6.4680581999658	7.64795230078447
7.05348721901062	0.282504551746872	6.49977829758675	7.60719614043449
7.0015643141388	0.285300597396201	6.44237514324224	7.56075348503535
6.71878749541747	0.308285706652486	6.1145475103786	7.32302748045634
7.45253476827066	0.353399575538722	6.75987160021477	8.14519793632656
6.81590621529392	0.313261123960915	6.20191441233052	7.42989801825731
6.65299646652742	0.312182500117684	6.04111876629676	7.26487416675808
6.98606369966881	0.331638498002467	6.33605224358398	7.63607515575365
6.68667844240779	0.329971094145552	6.03993509788251	7.33342178693307
7.05645491017896	0.339899727499033	6.39025144428085	7.72265837607706
7.30862892726657	0.306683548810815	6.70752917159738	7.90972868293577
7.20984642188414	0.31104252089138	6.60020308093703	7.81948976283124
6.61691447593989	0.288924011211859	6.05062341396464	7.18320553791513
6.60894898121611	0.31766476134075	5.98632604898824	7.23157191344398
6.96653945354363	0.322634196992124	6.33417642743907	7.5989024796482
6.34626025997867	0.323916281075495	5.7113843490707	6.98113617088664
6.4612480359516	0.276121832989869	5.92004924329146	7.00244682861174
6.11318362584114	0.317118032682307	5.49163228178382	6.73473496989846
7.05404054336916	0.342052915013895	6.38361682994193	7.7244642567964
7.11580749858432	0.309756847515472	6.50868407745399	7.72293091971464
7.06532861600655	0.307939280715109	6.46176762580493	7.66888960620816
6.73879281405355	0.324369580388839	6.10302843649142	7.37455719161567
6.72251211210563	0.294991085652338	6.14432958422705	7.30069463998421
6.44218289319142	0.287170355522997	5.87932899636635	7.00503679001649
6.48271227670873	0.328402207735822	5.83904394954652	7.12638060387094
7.04869643696428	0.32880733337035	6.4042340635584	7.69315881037017
6.79183795925464	0.271845090668588	6.2590215815442	7.32465433696507
7.64731136717187	0.346955392303168	6.96727879825766	8.32734393608608
6.38449759180774	0.321065185516566	5.75520982819527	7.01378535542021
7.14269541716831	0.310376245012939	6.53435797694295	7.75103285739367
7.14534481606256	0.339050122744913	6.48080657548253	7.80988305664259
6.60248366232287	0.293486311803699	6.02725049118762	7.17771683345812
6.92067642668847	0.319180180722386	6.2950832724726	7.54626958090435
6.58335723216475	0.296065197637983	6.0030694447943	7.16364501953519
7.06794459560321	0.330301553645429	6.42055355045817	7.71533564074825
6.97609159531767	0.319436185034105	6.34999667265083	7.60218651798452
6.92544735735195	0.300017977313144	6.33741212181819	7.51348259288572
7.10037160983628	0.308026609855468	6.49663945451957	7.704103765153
6.45252501350862	0.353261377988012	5.76013271265212	7.14491731436513
6.72516302244414	0.306868490895127	6.12370078028969	7.32662526459858
6.55588522926735	0.327780094019245	5.91343624498963	7.19833421354507
5.96405239548767	0.294289732018456	5.3872445207315	6.54086027024385
6.9090405952851	0.303615460572912	6.31395429256219	7.50412689800801
6.53185677401938	0.325439889913936	5.89399458978806	7.16971895825069
6.68805605815804	0.292523242566497	6.1147105027277	7.26140161358837
6.72329332047238	0.263453639538206	6.2069241869775	7.23966245396726
6.18634147114536	0.32353437556066	5.55221409504646	6.82046884724425
6.89617612550092	0.309268671423167	6.29000952951151	7.50234272149033
6.83816118411734	0.300334787187741	6.24950500122937	7.42681736700531
6.64558682517085	0.359699819049906	5.94057517983303	7.35059847050866
6.52539556503528	0.279043151830453	5.97847098744759	7.07232014262296
6.50850790235593	0.292618911698211	5.93497483542744	7.08204096928443
6.70027707555755	0.295752878485782	6.12060143372542	7.27995271738968
7.268230910295	0.318646652735097	6.64368347093421	7.89277834965579
6.85764480605033	0.335754275761031	6.19956642555871	7.51572318654195
6.37269095905268	0.278162417633386	5.82749262049125	6.91788929761412
6.95616370310433	0.301381886621199	6.36545520532678	7.54687220088188
7.1049874183618	0.366715916236156	6.38622422253894	7.82375061418467
7.15510884181366	0.291066576404278	6.58461835206128	7.72559933156605
7.05201802124359	0.272504870047658	6.51790847595018	7.586127566537
6.78745509818745	0.313822652379049	6.17236269952451	7.40254749685039
6.68198497859432	0.327579750377555	6.03992866785431	7.32404128933433
7.25308186903315	0.304487790494529	6.65628579966387	7.84987793840242
6.70307653413575	0.299600777035891	6.11585901114541	7.2902940571261
7.07177916186897	0.305354780004754	6.47328379305965	7.67027453067829
6.62977790130701	0.290966438751802	6.05948368135348	7.20007212126055
6.77021448900749	0.29079708136634	6.20025220952947	7.34017676848552
6.86859349390441	0.284213996896179	6.3115340599879	7.42565292782092
6.75798407411349	0.307612082401401	6.15506439260675	7.36090375562024
6.15509691091138	0.303739700380867	5.55976709816488	6.75042672365788
7.40795934750506	0.345980568732874	6.72983743278863	8.08608126222149
6.3776563508031	0.285002172710238	5.81905209229103	6.93626060931517
6.67117369621791	0.350673713575574	5.98385321760979	7.35849417482604
6.74464572900069	0.303227006904837	6.15032079546721	7.33897066253417
6.70051322217886	0.302210669046466	6.10818031084778	7.29284613350993
6.68258258503611	0.313080494901273	6.06894481502961	7.2962203550426
6.58597885180745	0.303143228963067	5.99181812303984	7.18013958057506
6.50230815552204	0.294873733235556	5.92435563838035	7.08026067266373
6.61585341171645	0.324818496733345	5.97920915811909	7.2524976653138
6.95731553600097	0.308756249123822	6.35215328771828	7.56247778428366
6.50403551524398	0.327594347103351	5.86195059492142	7.14612043556655
6.75774875009372	0.290471406141618	6.18842479405615	7.3270727061313
6.46185606879261	0.300685028422938	5.87251341308365	7.05119872450157
6.68727901586704	0.321580225928721	6.05698177304675	7.31757625868734
6.59985132144774	0.290256509322711	6.03094856317522	7.16875407972025
6.81695075623444	0.315230627363107	6.19909872660275	7.43480278586613
6.70637184113611	0.300762722309841	6.11687690540882	7.2958667768634
6.45175103145186	0.279052221743018	5.90480867683554	6.99869338606818
6.80117017124326	0.274955885334957	6.26225663598674	7.34008370649977
6.53760459392481	0.324466008203071	5.90165121784679	7.17355797000283
6.39319614190914	0.328476138292006	5.74938291085681	7.03700937296147
6.98553206730738	0.306385095938463	6.38501727926799	7.58604685534677
6.84917282372187	0.296643379842305	6.26775179923095	7.43059384821279
6.72368728043594	0.304228556635771	6.12739930942983	7.31997525144205
6.82632089737321	0.301631149463306	6.23512384442513	7.41751795032128
6.64992624708064	0.295044135171793	6.07163974214393	7.22821275201736
6.71148940076888	0.304832190695643	6.11401830700542	7.30896049453234
6.44325999927204	0.30994804822464	5.83576182475175	7.05075817379234
6.74924628541743	0.327408805458623	6.10752502671853	7.39096754411633
6.91179557680837	0.282007882442272	6.35906012722152	7.46453102639522
6.51219712322186	0.344048266745142	5.83786252040138	7.18653172604234
6.40612859261663	0.335606520380897	5.74833981267007	7.06391737256319
7.05929276824752	0.356181905637644	6.36117623319774	7.7574093032973
6.71861689555449	0.352993685883784	6.02674927122227	7.4104845198867
6.69213553559045	0.322185764161743	6.06065143783343	7.32361963334747
6.6840933151376	0.278886159697099	6.13747644213129	7.23071018814392
7.03821560025325	0.295528626007507	6.45897949327853	7.61745170722796
6.54357595647153	0.361453825804916	5.83512645789389	7.25202545504916
6.91834847517374	0.303692281615894	6.32311160320659	7.51358534714089
6.43850074570686	0.322896956832643	5.80562271031488	7.07137878109884
7.00137966935477	0.303698715638852	6.40613018670262	7.59662915200692
6.45612322215337	0.318365343447779	5.83212714899572	7.08011929531102
6.5196721788105	0.28468119037248	5.96169704568044	7.07764731194056
6.17900432155803	0.356647079485866	5.47997604576573	6.87803259735033
6.47909635147368	0.275042954729122	5.9400121602046	7.01818054274276
6.50822542309176	0.3359721085458	5.84972009034199	7.16673075584153
6.44073469713531	0.292673110091945	5.8670954013551	7.01437399291552
6.65916149029391	0.304217703673856	6.06289479109315	7.25542818949467
7.06401062409824	0.296337242147185	6.48318962948976	7.64483161870672
6.57146622429159	0.289484466233956	6.00407667047303	7.13885577811014
6.99717137872801	0.2977479383992	6.41358541946558	7.58075733799045
7.10800622198932	0.341188771191835	6.43927623045332	7.77673621352531
6.80929337377356	0.327372583116567	6.16764311086509	7.45094363668204
7.02836183208487	0.287371243979473	6.4651141938851	7.59160947028463
6.14075065609652	0.305954026876594	5.54108076341839	6.74042054877464
6.64720326990118	0.276020311820302	6.10620345873339	7.18820308106897
7.18296803146669	0.280305101541063	6.63357003244621	7.73236603048717
6.44188933224268	0.313086060893031	5.82824065289234	7.05553801159302
7.02054483847916	0.286629647322881	6.45875072972631	7.58233894723201
6.40464534791844	0.328447065566455	5.76088909940819	7.04840159642869
7.30972213779305	0.311553292787273	6.69907768393	7.92036659165611
7.23633049708624	0.289028586437641	6.66983446766846	7.80282652650402
6.8095087081271	0.296095161484725	6.22916219161704	7.38985522463716
7.16100066452457	0.296645467541284	6.57957554814366	7.74242578090549
7.02493269259389	0.271048711813171	6.49367721744007	7.5561881677477
6.72224092095335	0.34188800650081	6.05214042821176	7.39234141369494
6.79958474553544	0.335355098449136	6.14228875257513	7.45688073849574
7.02014239786614	0.313342533742904	6.40599103173004	7.63429376400223
6.3057356499909	0.320884236102674	5.67680254722965	6.93466875275214
7.25383256519282	0.336475094711014	6.59434137955923	7.91332375082641
6.67734939942831	0.300347452076583	6.08866839335821	7.26603040549842
6.66431441642493	0.331576744108181	6.01442399797289	7.31420483487696
6.87012511014089	0.331949722092257	6.21950365484007	7.52074656544171
6.36578542769086	0.321948757682184	5.73476586263378	6.99680499274795
6.89217517752005	0.365596609605405	6.17560582269346	7.60874453234664
6.74726145575345	0.344287072517425	6.0724587936193	7.42206411788761
7.30278563006243	0.323238236650764	6.66923868622693	7.93633257389793
7.00369918963301	0.334214321566855	6.34863911936197	7.65875925990404
6.34880480655627	0.359206347268656	5.6447603659097	7.05284924720283
6.66437006478284	0.350606263512933	5.97718178829749	7.35155834126819
6.87118160644982	0.297153175928477	6.28876138163	7.45360183126963
7.09119989899164	0.344479378481763	6.41602031716738	7.76637948081589
6.24628787223063	0.305207054134363	5.64808204612728	6.84449369833398
6.94230937890665	0.311950332857918	6.33088672650513	7.55373203130817
6.84798217348045	0.325572742358779	6.20985959845724	7.48610474850365
6.35009316772091	0.339540864333581	5.68459307362709	7.01559326181473
6.65944860796631	0.338316636524951	5.9963480003774	7.32254921555521
7.02675600523321	0.284897019756403	6.46835784651066	7.58515416395576
6.57476193988145	0.316066831171644	5.95527095078503	7.19425292897788
7.10924997617742	0.311496015451278	6.49871778589292	7.71978216646193
6.78901438047664	0.341501686436493	6.11967107506111	7.45835768589217
6.67744799857512	0.301303679263881	6.08689278721791	7.26800320993233
6.77385187300803	0.328868495851783	6.12926962113853	7.41843412487752
6.96850596808452	0.314975729108521	6.35115353903182	7.58585839713722
6.56774370438814	0.299303532245157	5.98110878118763	7.15437862758865
6.09262573540724	0.276691915853347	5.55030958033467	6.6349418904798
7.30781561153867	0.312988875583938	6.69435741539415	7.92127380768319
6.60525881279973	0.296029132095237	6.02504171389306	7.18547591170639
6.45776887722073	0.305266698690994	5.85944614778638	7.05609160665507
6.89525030941898	0.302633377597588	6.30208888932771	7.48841172951026
6.52839056971117	0.307524690207255	5.92564217690495	7.13113896251739
6.55078407588547	0.348665807635685	5.86739909291953	7.23416905885141
6.48136469785671	0.308610046334759	5.87648900704059	7.08624038867284
6.82726797215089	0.299462734378825	6.24032101276839	7.41421493153338
7.1627947552331	0.312368634458858	6.55055223169374	7.77503727877246
6.98393643040191	0.301748598946972	6.39250917646585	7.57536368433798
7.38027850733857	0.33659623509575	6.7205498865509	8.04000712812624
6.77681121703088	0.288210460572209	6.21191871430935	7.34170371975241
6.76696892212911	0.341882833048147	6.09687856935474	7.43705927490348
6.43342708548441	0.324180786307967	5.79803274432079	7.06882142664803
6.87367400710572	0.330098113445905	6.22668170475175	7.52066630945969
6.39874236157061	0.282312741939607	5.84540938736898	6.95207533577224
6.41721877080598	0.270514075959617	5.88701118192513	6.94742635968683
6.94617355737942	0.310640893395582	6.33731740632408	7.55502970843476
6.36101856039464	0.317919713057755	5.73789592280144	6.98414119798784
6.82963340041466	0.325970709162281	6.19073081045658	7.46853599037273
6.76505815936405	0.290942809454225	6.19481025283377	7.33530606589433
6.7650038855094	0.328511812348305	6.12112073330672	7.40888703771208
6.35188860694981	0.298842976213231	5.76615637357187	6.93762084032774
7.04317012624732	0.281151514353902	6.49211315811368	7.59422709438097
6.17644302407812	0.342515629952064	5.50511238937207	6.84777365878416
6.98821610173067	0.320888197180436	6.35927523525701	7.61715696820432
6.5808369608689	0.310640760177173	5.97198107092164	7.18969285081616
6.68874762687235	0.30957841907969	6.08197392547615	7.29552132826854
6.7802446915642	0.32177582360972	6.14956407728915	7.41092530583925
6.88239582162791	0.338474338357274	6.21898611844766	7.54580552480817
6.24434412117393	0.28565035214079	5.68446943097798	6.80421881136988
6.81310203332353	0.31900331641488	6.18785553315037	7.4383485334967
7.08722086014261	0.30296974209122	6.49340016564382	7.6810415546414
6.49613046299031	0.320303074631376	5.86833643671281	7.1239244892678
6.24845726399313	0.318456311142866	5.62428289415311	6.87263163383314
6.85821032041516	0.297934395699009	6.2742589048451	7.44216173598521
6.92099278054188	0.308908531315224	6.31553205916404	7.52645350191972
7.00341081134522	0.307057850204796	6.40157742494382	7.60524419774662
6.8455318933043	0.286163121483929	6.2846521751958	7.4064116114128
6.31136841401958	0.345982714811438	5.63324229298916	6.98949453505
6.60771345045138	0.335987026028353	5.9491788794358	7.26624802146695
6.88006826764981	0.328075079545419	6.23704111174079	7.52309542355883
6.6432606799528	0.39044530967926	5.87798787298146	7.40853348692415
6.82358405281147	0.318180654834494	6.19994996933586	7.44721813628708
6.55004221407182	0.34387290767596	5.87605131502694	7.2240331131167
6.20491388341261	0.320509175456229	5.5767158995184	6.83311186730682
6.74366630137564	0.296776025921447	6.16198529056961	7.32534731218168
6.92116648039326	0.33155804428205	6.27131271360044	7.57102024718608
6.1603714116195	0.330472915137383	5.51264449795023	6.80809832528877
6.9129602218253	0.347059033711433	6.23272451575089	7.59319592789971
6.59469279780488	0.3236330864026	5.96037194845578	7.22901364715397
7.26186863724029	0.351083543745092	6.57374489149991	7.94999238298067
6.60959192211869	0.305286986665667	6.01122942825398	7.20795441598339
6.95401410561094	0.284684978306339	6.39603154813052	7.51199666309137
6.50897249518841	0.308049702762897	5.90519507777313	7.11274991260369
7.17073692040438	0.273301495424006	6.63506598937333	7.70640785143543
7.14823896154224	0.326973690027403	6.50737052908853	7.78910739399595
7.10040917745158	0.30502966292068	6.50255103812704	7.69826731677611
7.11814539541171	0.336448594940325	6.45870614932867	7.77758464149475
6.64589086155762	0.313628349042372	6.03117929743457	7.26060242568067
6.70734065051366	0.305392480570804	6.10877138859489	7.30590991243244
6.77350633404282	0.28739423966423	6.21021362430093	7.33679904378472
6.69235831956388	0.331741276124928	6.04214541835902	7.34257122076874
6.88471221961191	0.327365834658358	6.24307518368153	7.52634925554229
6.67426221325717	0.295092350290099	6.09588120668857	7.25264321982576
6.8614185744958	0.303183755855872	6.26717841301829	7.45565873597331
7.3298883024548	0.349343677505385	6.64517469454425	8.01460191036536
6.63158742651653	0.290567887596019	6.06207436682833	7.20110048620472
7.02171136619157	0.286450395473419	6.46026859106367	7.58315414131948
6.82883385819675	0.2898129822719	6.26080041294382	7.39686730344967
6.68693030267279	0.304074695404079	6.09094389968079	7.28291670566478
7.34068304089032	0.369018835384103	6.61740612353748	8.06395995824317
6.8705287814604	0.301410055193698	6.27976507328075	7.46129248964005
6.87998119405279	0.350469767822379	6.19306044912092	7.56690193898465
6.45253955368209	0.277424598779685	5.90878734007391	6.99629176729027
6.24350376361405	0.307007557109295	5.64176895167984	6.84523857554827
6.13992302232591	0.31055074682663	5.53124355854571	6.7486024861061
6.50844124390641	0.307164459003748	5.90639890425907	7.11048358355376
