estFinal_msm11	sdFinal_msm11	X1	X2
5.35088811253498	0.329185899286121	4.70568374993419	5.99609247513578
5.95330460582598	0.335096041987035	5.29651636353139	6.61009284812057
5.69443600911919	0.338712642884832	5.03055922906492	6.35831278917346
4.65736886015995	0.386647405833934	3.89953994472544	5.41519777559447
4.97467005752677	0.369451807365412	4.25054451509056	5.69879559996297
5.05125826056058	0.345616272240443	4.37385036696932	5.72866615415185
5.30076125892063	0.367176606134006	4.58109511089798	6.02042740694328
3.68600815252792	0.349877687403047	3.00024788521795	4.3717684198379
5.60654050797795	0.321912536960773	4.97559193553483	6.23748908042106
5.25969333644856	0.347713574034638	4.57817473134067	5.94121194155645
5.37688314800151	0.314445187881463	4.76057057975384	5.99319571624917
5.61866267630205	0.320052104703641	4.99136055108291	6.24596480152119
4.92828949264476	0.390336307046825	4.16323033083299	5.69334865445654
4.80477437231377	0.36493773049907	4.0894964205356	5.52005232409195
5.85475073541412	0.356629253322525	5.15575739890197	6.55374407192627
5.35337523077278	0.314434224307836	4.73708415112943	5.96966631041614
5.6627539644972	0.325507871090109	5.02475853716059	6.30074939183382
4.81386797569834	0.352636632235468	4.12270017651683	5.50503577487986
5.1903321982342	0.381078179087569	4.44341896722256	5.93724542924583
5.38957236320833	0.3565276282758	4.69077821178776	6.0883665146289
5.34968069254043	0.361959777277859	4.64023952907582	6.05912185600503
5.68728705774222	0.3163769406853	5.06718825399903	6.30738586148541
5.71186437846712	0.371837038350123	4.98306378330088	6.44066497363336
5.40973770922733	0.3693533891391	4.68580506651469	6.13367035193996
5.39905155565097	0.368338450479686	4.67710819271079	6.12099491859116
4.90472314699605	0.359542873581874	4.20001911477557	5.60942717921652
5.42771360651423	0.376751680029166	4.68928031365707	6.1661468993714
4.97827468855238	0.364131686507096	4.26457658299848	5.69197279410629
4.68055501312739	0.394828190314566	3.90669176011085	5.45441826614394
5.48311575514396	0.364064067275444	4.76955018328409	6.19668132700383
5.07268104319283	0.361306682223891	4.364519946034	5.78084214035166
5.90979813069992	0.324672124489318	5.27344076670086	6.54615549469899
5.05617242891889	0.317739890226621	4.43340224407471	5.67894261376307
4.87558807364386	0.369567695402258	4.15123539065543	5.59994075663228
5.42742260328179	0.339850882658817	4.76131487327051	6.09353033329308
4.89489906085397	0.340387092077897	4.2277403603813	5.56205776132665
4.65956845437931	0.367991182885299	3.93830573592412	5.38083117283449
5.01532890899624	0.354465194338311	4.32057712809315	5.71008068989932
5.0713124350853	0.346230136179683	4.39270136817312	5.74992350199748
5.13614851992782	0.311455715248975	4.52569531803983	5.74660172181582
5.49493058773368	0.380047024488031	4.75003841973713	6.23982275573022
5.04529920515169	0.34708213619555	4.36501821820841	5.72558019209497
4.57242754339118	0.419818723424444	3.74958284547927	5.39527224130309
5.35969598955769	0.30069167295619	4.77034031056355	5.94905166855182
4.74730317056697	0.339575751198125	4.08173469821865	5.4128716429153
4.6341424819214	0.3676090282967	3.91362878645986	5.35465617738293
5.46235444998661	0.376076176403129	4.72524514423647	6.19946375573674
5.04408498819474	0.329334278749671	4.39858980184538	5.6895801745441
5.1781601370518	0.381616499411941	4.43019179820439	5.9261284758992
4.81580324488855	0.340339525045967	4.14873777579845	5.48286871397864
5.30571878234561	0.352048764219648	4.6157032044751	5.99573436021613
5.94427386478137	0.341774063441506	5.27439670043602	6.61415102912672
5.51175181797603	0.347249231963127	4.8311433233283	6.19236031262376
4.99140597780156	0.361928387080034	4.28202633912469	5.70078561647843
5.73832219911191	0.337121942076259	5.07756319264244	6.39908120558138
5.55309711462296	0.347281750542217	4.87242488356022	6.23376934568571
4.88920390216528	0.350586255589395	4.20205484121006	5.57635296312049
5.24203661667519	0.340312977456571	4.57502318086032	5.90905005249007
4.39673093920402	0.386799617695643	3.63860368852056	5.15485818988748
5.07052774112528	0.322539327851673	4.438350658536	5.70270482371456
4.34800160600726	0.317759897378614	3.72519220714518	4.97081100486934
5.87093197081817	0.353558278561395	5.17795774483783	6.5639061967985
5.22727986864204	0.337464475205995	4.56584949723829	5.88871024004579
4.71350499834404	0.396912340056714	3.93555681183288	5.4914531848552
5.03102076713456	0.360645967512079	4.32415467081088	5.73788686345823
5.48532715034283	0.35669657219189	4.78620186884672	6.18445243183893
5.40313352945863	0.350297916132761	4.71654961383842	6.08971744507884
4.81696415497775	0.338646962619487	4.15321610824356	5.48071220171195
5.22671395848118	0.314645187686503	4.61000939061563	5.84341852634673
4.78995993840284	0.312166711166169	4.17811318451715	5.40180669228853
5.42174533887794	0.353587442579279	4.72871395142256	6.11477672633333
5.54435912600724	0.348009227445603	4.86226104021386	6.22645721180062
4.77036838617374	0.361263780811513	4.06229137578318	5.47844539656431
4.51101640607476	0.338001950167383	3.84853258374669	5.17350022840283
4.28136045176448	0.349188638085159	3.59695072111757	4.9657701824114
5.28528687181545	0.324914009230385	4.6484554137239	5.92211832990701
5.33078388567804	0.32859099366986	4.68674553808512	5.97482223327097
5.519557078322	0.345026781190223	4.84330458718916	6.19580956945484
5.6963358742736	0.349498667976936	5.01131848503881	6.3813532635084
4.96247237269926	0.349092843195829	4.27825040003543	5.64669434536308
4.84123355967679	0.356996883288156	4.14151966843201	5.54094745092158
5.08617253389088	0.336691482651768	4.42625722789342	5.74608783988835
5.37521618313118	0.333641879544961	4.72127809922305	6.0291542670393
5.04517529960113	0.321020169529429	4.41597576732345	5.67437483187881
5.36411407880143	0.326817417040294	4.72355194140245	6.00467621620041
4.92078110443608	0.306878230017814	4.31929977360116	5.52226243527099
5.59642239005367	0.338528650020093	4.93290623601429	6.25993854409306
5.23580290983623	0.351768145431516	4.54633734479046	5.925268474882
5.40822770018295	0.335082595430654	4.75146581313887	6.06498958722704
4.88057806763255	0.304623168816501	4.28351665675221	5.4776394785129
4.82978171934991	0.335322192850896	4.17255022136215	5.48701321733766
5.16782053819338	0.316500659429638	4.54747924571129	5.78816183067547
5.00980679302645	0.352265811132462	4.31936580320682	5.70024778284608
5.20722297558681	0.358462881019729	4.50463572878814	5.90981022238548
4.67476730966964	0.298011113074807	4.09066552804302	5.25886909129626
5.4037924891336	0.355305230181398	4.70739423797806	6.10019074028914
5.4470838220548	0.34532877759238	4.77023941797373	6.12392822613586
5.32195122103931	0.33662698733376	4.66216232586514	5.98174011621348
5.41727665489824	0.374614617128321	4.68303200532673	6.15152130446974
5.09459964253857	0.341843201281142	4.42458696802753	5.7646123170496
4.50479745860325	0.326972239602045	3.86393186898324	5.14566304822326
4.85846645979118	0.294076728026609	4.28207607285903	5.43485684672334
5.28399375437434	0.333083166829117	4.63115074738927	5.93683676135941
5.11628425745782	0.321996597532838	4.48517092629345	5.74739758862218
5.10705153073258	0.331368393410934	4.45756947964715	5.75653358181801
4.85487624083402	0.306663015243449	4.25381673095686	5.45593575071118
5.95885783067089	0.374830255423516	5.2241905300408	6.69352513130098
5.00851464067232	0.360397623962882	4.30213529770507	5.71489398363957
4.74865383409796	0.296395009943652	4.16771961460841	5.32958805358752
5.06646236279041	0.347145660131933	4.38605686893182	5.746867856649
5.03098316730782	0.342457084256157	4.35976728216575	5.70219905244988
5.15957889181895	0.307468695257652	4.55694024911396	5.76221753452395
5.28541846387448	0.310449191101297	4.67693804931593	5.89389887843302
5.00277969848406	0.333034368361312	4.35003233649589	5.65552706047223
4.84099517310796	0.340866890930523	4.17289606688414	5.50909427933179
5.9954232215833	0.380172746115003	5.2502846391979	6.74056180396871
5.13903174625241	0.346966578056558	4.45897725326156	5.81908623924327
4.70120432506528	0.363630870782696	3.9884878183312	5.41392083179937
5.67244420617426	0.305154628499327	5.07434113431558	6.27054727803294
4.92495113172465	0.373476381967689	4.19293742306798	5.65696484038132
5.43512521305438	0.37585466421407	4.6984500711948	6.17180035491396
5.02670032462589	0.376923601728135	4.28793006523875	5.76547058401304
5.44505713948118	0.345761930253843	4.76736375618365	6.12275052277872
5.34212958530296	0.391907506039182	4.57399087346617	6.11026829713976
5.10858609693015	0.377127063351489	4.36941705276123	5.84775514109907
4.96009729021787	0.322948782970733	4.32711767559523	5.5930769048405
4.90024618086955	0.357430183692277	4.19968302083269	5.60080934090641
5.59545875765084	0.366981816900494	4.87617439652588	6.31474311877581
5.68824878941244	0.338461726309678	5.02486380584547	6.35163377297941
5.23299906729249	0.375713115113911	4.49660136166923	5.96939677291576
5.15770805617893	0.333812352164877	4.50343584593577	5.81198026642208
5.3569922999397	0.338324214861021	4.6938768388121	6.0201077610673
5.22562302207897	0.344466353730271	4.55046896876764	5.9007770753903
5.77663726864413	0.364811692953105	5.06160635045604	6.49166818683222
5.25667061291784	0.335713890138468	4.59867138824644	5.91466983758924
5.07202452797725	0.363583854505407	4.35940017314665	5.78464888280785
5.82099669123712	0.318543501767427	5.19665142777296	6.44534195470127
4.9349539413118	0.377935936544574	4.19419950568444	5.67570837693917
4.68100630119559	0.333412598672296	4.0275176077979	5.33449499459329
5.47220425134317	0.397251363626555	4.69359157863512	6.25081692405121
5.72581117011529	0.37547543661249	4.98987931435481	6.46174302587577
5.30406809976508	0.324908196652229	4.66724803432671	5.94088816520345
4.1263565795698	0.33849879413334	3.46289894306846	4.78981421607115
4.31364765789084	0.368645070245212	3.59110332021022	5.03619199557145
5.85338131654077	0.358604416057437	5.15051666106819	6.55624597201334
5.09118837069657	0.352886917328103	4.39953001273349	5.78284672865965
5.29483140106972	0.37534245595141	4.55916018740495	6.03050261473448
5.44411700168288	0.364957414618431	4.72880046903075	6.159433534335
5.28906168712341	0.314589539402677	4.67246618989416	5.90565718435265
4.60466398820045	0.360383208547419	3.89831289944751	5.31101507695339
4.80256734028154	0.329786251128382	4.15618628806991	5.44894839249316
5.78954508332835	0.379218377647466	5.04627706313932	6.53281310351738
4.77513649461153	0.326277572447489	4.13563245261445	5.41464053660861
5.08765657804121	0.322723725098155	4.45511807684883	5.72019507923359
5.64880338521745	0.374644190609746	4.91450077162235	6.38310599881255
4.94039425247514	0.373232122317618	4.20885929273261	5.67192921221767
5.32237548220798	0.369845423977657	4.59747845121177	6.04727251320419
5.08461617783252	0.298721475468102	4.49912208591504	5.67011026975
4.85132989098454	0.365701843525705	4.13455427767416	5.56810550429492
4.86478625418492	0.314923873102488	4.24753546290404	5.4820370454658
5.0445812349025	0.327640623611178	4.40240561262459	5.68675685718041
5.58020519918526	0.364714928494657	4.86536393933573	6.29504645903478
4.74288067114257	0.356630450691824	4.0438849877866	5.44187635449855
4.89108837783857	0.3723362406727	4.16130934612008	5.62086740955706
5.87216853615687	0.391952558952172	5.10394152061061	6.64039555170312
5.80748914767562	0.378566833106226	5.06549815478742	6.54948014056382
5.07605612406088	0.318264327721224	4.45225804172728	5.69985420639448
5.33393779481395	0.307180922508749	4.73186318669681	5.9360124029311
4.76543732109826	0.369919538199226	4.04039502622778	5.49047961596874
5.54959056546694	0.33494916252338	4.89309020692111	6.20609092401276
5.39429419992475	0.311207524503628	4.78432745189764	6.00426094795186
5.81155012393761	0.288788422331114	5.24552481616862	6.37757543170659
4.95740188583301	0.353425086097512	4.26468871708189	5.65011505458413
5.30408217950737	0.329625944301262	4.6580153286769	5.95014903033784
5.7382853423953	0.31762157896924	5.11574704761559	6.36082363717501
5.60901144373996	0.380988234537557	4.86227450404635	6.35574838343357
5.4689915568806	0.29853318469798	4.88386651487256	6.05411659888864
5.42329817086094	0.333516139923634	4.76960653661062	6.07698980511127
5.01008983119464	0.329354701638469	4.36455461598324	5.65562504640604
5.30411676974913	0.315665546624454	4.6854122983652	5.92282124113306
4.95752506849928	0.340869349097756	4.28942114426767	5.62562899273088
5.2094293355331	0.370464133647292	4.4833196335844	5.93553903748179
5.12697683046158	0.344428266621625	4.45189742788319	5.80205623303996
5.42909786427337	0.349895975976607	4.74330175135922	6.11489397718752
4.98525872157182	0.389323958815686	4.22218376229308	5.74833368085057
5.43197241894907	0.377478711129338	4.69211414513557	6.17183069276257
5.36927039597818	0.35087849366745	4.68154854838998	6.05699224356638
5.47905752205625	0.343667145859571	4.80546991617149	6.15264512794101
5.66879759892936	0.37145171589777	4.94075223576973	6.39684296208899
5.5112856893364	0.369904521779236	4.7862728266491	6.23629855202371
5.51284962594279	0.335570842359899	4.85513077491739	6.1705684769682
5.20100079673678	0.38474821893276	4.44689428762857	5.95510730584499
5.18500217415838	0.341926519002246	4.51482619691398	5.85517815140278
5.11371649539126	0.310145632769978	4.5058310551621	5.72160193562041
5.59088348733953	0.325877667006709	4.95216326000638	6.22960371467268
5.23367258831344	0.308278354815691	4.62944701287469	5.8378981637522
4.79747850442803	0.360781705766602	4.09034636112549	5.50461064773057
5.38491664369129	0.374660027569011	4.65058298965603	6.11925029772655
5.14797380494972	0.348940294819212	4.46405082710406	5.83189678279537
5.53348219688879	0.34409717030895	4.85905174308325	6.20791265069433
4.88661991913628	0.334163666115899	4.23165913354912	5.54158070472344
5.14430442857615	0.40528007822441	4.3499554752563	5.93865338189599
5.60659022561098	0.323039046932595	4.9734336936231	6.23974675759887
5.13504958384455	0.301128863019945	4.54483701232545	5.72526215536364
6.115342605616	0.351070019137614	5.42724536810628	6.80343984312572
4.71211841646749	0.320490225385241	4.08395757471242	5.34027925822256
5.23847593401739	0.340386466845036	4.57131845900112	5.90563340903366
4.73138266081949	0.320201235817555	4.10378823861708	5.3589770830219
4.92652420788653	0.310436536447546	4.31806859644934	5.53497981932372
5.21235313711499	0.341633989705201	4.54275051729279	5.88195575693718
4.82319739964345	0.317237277318011	4.20141233610015	5.44498246318675
4.96082066583849	0.377666119863576	4.22059507090588	5.7010462607711
5.1347916064238	0.341504967521691	4.46544187008129	5.80414134276631
4.51595885180516	0.41753078268974	3.69759851773327	5.33431918587705
5.60847727489742	0.34471258428633	4.93284060969621	6.28411394009862
5.14830380776546	0.409896303337549	4.34490705322386	5.95170056230706
5.84993360505525	0.387636057249832	5.09016693284558	6.60970027726492
5.27040773803385	0.345291762010319	4.59363588449362	5.94717959157407
4.90600188558074	0.31574692370592	4.28713791511714	5.52486585604435
5.99041311299943	0.351570848734566	5.30133424947968	6.67949197651918
5.52128563217919	0.380650263413559	4.77521111588861	6.26736014846977
5.3196363614333	0.341372374572731	4.65054650727075	5.98872621559586
5.58705576726363	0.319134304910946	4.96155252963818	6.21255900488908
5.3140398978295	0.314527686593986	4.69756563210529	5.93051416355371
5.11673108481914	0.370005860456528	4.39151959832435	5.84194257131393
4.6593046085379	0.380128455477689	3.91425283580163	5.40435638127417
4.96245770424147	0.313646207941075	4.34771113667696	5.57720427180598
5.23596664561223	0.341018638370367	4.56757011440631	5.90436317681815
5.06262845152607	0.361577987016214	4.3539355969743	5.77132130607785
5.85578088768581	0.350498676449662	5.16880348184447	6.54275829352715
5.21290672055502	0.304629608734626	4.61583268743516	5.80998075367489
5.04516323864755	0.326176564416018	4.40585717239216	5.68446930490295
5.32102530841876	0.347619748783958	4.6396906008022	6.00236001603531
4.86288067244102	0.343271623234724	4.19006829090096	5.53569305398108
5.33295595647531	0.332914029439177	4.68044445877452	5.98546745417609
5.33351411400484	0.339718265994707	4.66766631265521	5.99936191535447
5.02831756122537	0.347669495250473	4.34688535053445	5.7097497719163
5.65164435580863	0.357200354191034	4.95153166159421	6.35175705002306
5.39788298693506	0.365558996744886	4.68138735331508	6.11437862055504
5.49770963124674	0.349370168808651	4.81294410038178	6.18247516211169
5.47784469723957	0.326305334421707	4.83828624177303	6.11740315270612
5.65605906372198	0.335881421067896	4.9977314784289	6.31438664901505
4.70754153408666	0.329703973151547	4.06132174670962	5.35376132146369
5.23399695070211	0.328016370133789	4.59108486523988	5.87690903616433
4.7888770557944	0.317858255959023	4.16587487411472	5.41187923747409
4.98646503892411	0.378688718502336	4.24423515065953	5.72869492718869
5.34877709791549	0.351966349475002	4.65892305294449	6.0386311428865
5.99289448382781	0.371651670487813	5.2644572096717	6.72133175798392
5.15829226958305	0.350494433760632	4.47132317941221	5.84526135975389
5.49698761089496	0.340304128569334	4.82999151889907	6.16398370289086
5.47377618958237	0.345641319116671	4.79631920411369	6.15123317505104
5.08045020886748	0.333305806115568	4.42717082888097	5.73372958885399
4.46084959206534	0.357307172951304	3.76052753308079	5.1611716510499
5.67087116018785	0.33961356469695	5.00522857338183	6.33651374699387
5.39853455834695	0.365074207219681	4.68298911219637	6.11408000449752
5.31166612021717	0.356139624262024	4.61363245666361	6.00969978377074
4.72530825778248	0.361885525461259	4.01601262787841	5.43460388768654
4.68573171308751	0.330134013874798	4.03866904589291	5.33279438028212
4.89528133824891	0.370322792468728	4.1694486650102	5.62111401148762
5.30770202746313	0.335731384106678	4.64966851461404	5.96573554031221
5.11277439400998	0.321067196550367	4.48348268877126	5.7420660992487
5.78569644576773	0.357955236507542	5.08410418221295	6.48728870932251
5.2596960495395	0.301074373848353	4.66959027679673	5.84980182228227
5.16954772592414	0.347812746635917	4.48783474251774	5.85126070933053
5.03481024574271	0.351663103549674	4.34555056278535	5.72406992870007
5.6805077519831	0.343855823037573	5.00655033882946	6.35446516513674
5.91659245612482	0.34682506265708	5.23681533331695	6.5963695789327
4.96296543913058	0.345988390986506	4.28482819279703	5.64110268546414
5.06151544172257	0.328996713718432	4.41668188283444	5.7063490006107
4.90195529833665	0.349119504036229	4.21768107042564	5.58622952624766
5.28438555377065	0.357707576859182	4.58327870312665	5.98549240441464
5.41670763950362	0.344660688288483	4.74117269045819	6.09224258854905
5.35446572971416	0.313573317809979	4.7398620268066	5.96906943262172
5.7956045773073	0.327417360653166	5.1538665504271	6.43734260418751
4.62652508569814	0.360981878545128	3.91900060374969	5.33404956764659
5.7563882410334	0.342652420622697	5.08478949661291	6.42798698545388
4.97178831753097	0.343026388312458	4.29945659643855	5.64412003862339
4.990903828853	0.317157095155014	4.36927592234918	5.61253173535683
5.16491234427317	0.313965770225196	4.54953943463179	5.78028525391455
4.72259064830791	0.338426234674553	4.05927522834579	5.38590606827004
5.34456747203367	0.383113709756912	4.59366460091012	6.09547034315721
5.07573754807188	0.310632457751042	4.46689793087984	5.68457716526392
5.65217646626646	0.315870881901488	5.03306953773955	6.27128339479338
5.43736991233651	0.351627018797312	4.74818095549377	6.12655886917924
5.46662077407476	0.340997468574988	4.79826573566778	6.13497581248174
5.0135773805284	0.34697390136617	4.3335085338507	5.69364622720609
4.97425060845743	0.319912250484962	4.34722259750691	5.60127861940796
5.44870770553076	0.406713755316535	4.65154874511035	6.24586666595117
5.02577052668055	0.331948047277488	4.37515235401667	5.67638869934442
4.94306418349849	0.348008820147639	4.26096689600912	5.62516147098786
5.23507277746717	0.318242859000312	4.61131677382656	5.85882878110778
5.06965715810765	0.3371455472709	4.40885188545668	5.73046243075861
5.37057630410057	0.389931741875786	4.60631009002403	6.13484251817711
5.14942417105095	0.386727755781706	4.39143776971881	5.9074105723831
4.66148975794502	0.329005542072184	4.01663889548354	5.3063406204065
5.44151264395476	0.306389939779696	4.84098836198655	6.04203692592297
4.40892950546194	0.368198045761034	3.68726133577032	5.13059767515357
4.84935667553336	0.328669317499731	4.20516481323389	5.49354853783284
5.54391242462195	0.328763201469073	4.89953654974256	6.18828829950133
4.83472949406964	0.353573939898729	4.14172457186813	5.52773441627115
4.7299187404438	0.343414101624519	4.05682710125974	5.40301037962785
5.24262441195178	0.334230006016943	4.58753360015857	5.89771522374499
4.53295345570133	0.352396709003926	3.84225590605363	5.22365100534902
5.53392089926677	0.356586413481803	4.83501152884243	6.2328302696911
5.07728611592011	0.366619352718523	4.3587121845918	5.79586004724841
5.7012123253722	0.313112831825813	5.08751117499361	6.3149134757508
5.64025090181357	0.311388914825564	5.02992862875546	6.25057317487167
4.59275470077443	0.338546182196722	3.92920418366886	5.25630521788001
5.12581082238768	0.347338582555957	4.445027200578	5.80659444419735
5.54694219435146	0.372242609716189	4.81734667930773	6.27653770939519
4.87388488632932	0.372598817988626	4.14359120307162	5.60417856958703
5.21316366374723	0.325672416532161	4.5748457273442	5.85148160015027
4.24796685987954	0.332403903132653	3.59645520973954	4.89947851001954
4.99740350037383	0.32907020174617	4.35242590495133	5.64238109579632
5.73730715308296	0.374313395257044	5.00365289837915	6.47096140778676
5.34825460793024	0.327225313677393	4.70689299312255	5.98961622273793
5.10130279713792	0.420359666860037	4.27739785009225	5.92520774418359
5.2942187560708	0.320459717602043	4.6661177095708	5.92231980257081
5.36717283529771	0.333414419466601	4.71368057314317	6.02066509745225
5.23424313845153	0.346933194656205	4.55425407692537	5.91423219997769
5.56525403505604	0.391361005474524	4.79818646432597	6.3323216057861
5.4375562904078	0.350845951749274	4.74989822497922	6.12521435583638
5.43355210859382	0.327231654000149	4.79217806675353	6.07492615043411
4.71891254865878	0.334110762453453	4.06405545425002	5.37376964306755
4.68925328298177	0.319139264742145	4.06374032408717	5.31476624187638
5.91693069438461	0.35413481830085	5.22282645051494	6.61103493825427
5.11742937460756	0.359582022309169	4.41264861088159	5.82221013833353
4.75429976957351	0.324819798922474	4.11765296368546	5.39094657546156
4.58276807436752	0.372174938509095	3.8533051948897	5.31223095384535
5.25141411114745	0.327759924208917	4.60900465969798	5.89382356259693
5.08369618884848	0.334852565906738	4.42738515967128	5.74000721802569
5.51044214369666	0.270917554454284	4.97944373696626	6.04144055042705
5.36786319322147	0.368689856092112	4.64523107528093	6.09049531116201
5.94697377981493	0.302777687275041	5.35352951275585	6.54041804687401
5.12439875423477	0.390229637304221	4.35954866511849	5.88924884335104
5.34694815375437	0.373409350992241	4.61506582580958	6.07883048169916
5.54042340030738	0.326550763814537	4.90038390323088	6.18046289738387
5.42582354727245	0.323897992395701	4.79098348217688	6.06066361236803
5.09851805107669	0.353505109911893	4.40564803564938	5.791388066504
5.04848843430785	0.312067394417762	4.43683634124903	5.66014052736666
5.14849847890488	0.355394893742452	4.45192448716968	5.84507247064009
4.43637551008977	0.34274128244139	3.76460259650465	5.10814842367489
5.41792013116333	0.292350064297413	4.84491400514041	5.99092625718626
5.39676197920057	0.343636421052311	4.72323459393804	6.0702893644631
5.00651662895241	0.364040264663002	4.29299771021292	5.72003554769189
5.36178025633028	0.378769985472181	4.61939108480481	6.10416942785576
5.42740186004662	0.346860661656476	4.74755496319993	6.10724875689331
4.8597997374369	0.327508508512892	4.21788306075163	5.50171641412217
5.06746478431289	0.351867559527043	4.37780436763988	5.75712520098589
4.70384558059519	0.379024943357879	3.96095669161374	5.44673446957663
5.13478089881372	0.355505317862801	4.43799047580263	5.83157132182481
5.29793970384215	0.375635268211802	4.56169457814702	6.03418482953729
5.32671489528664	0.358528386235899	4.62399925826428	6.02943053230901
4.89844523664163	0.335858534170385	4.24016250966767	5.55672796361558
4.4648722539185	0.329246725139184	3.8195486726457	5.1101958351913
5.63826391276318	0.369564725873053	4.91391705005199	6.36261077547436
5.04282818030548	0.318727655405749	4.41812197571022	5.66753438490075
5.08264499674592	0.365530336401939	4.36620553739812	5.79908445609372
4.54136912374697	0.374277629681797	3.80778496957065	5.27495327792329
5.01921671568481	0.37644342366997	4.28138760529167	5.75704582607795
4.57679317297877	0.355520634143647	3.87997273005722	5.27361361590032
5.58205093086671	0.300885502926062	4.99231534513163	6.17178651660179
5.3534384931858	0.335492213360608	4.69587375499901	6.01100323137259
5.38655952891175	0.34434672336923	4.71163995110806	6.06147910671544
5.66382923448646	0.363054479413004	4.95224245483698	6.37541601413595
5.03335710731827	0.400049513031954	4.24926006177564	5.8174541528609
5.56131351319101	0.38380607694399	4.80905360238079	6.31357342400123
4.78433022186467	0.38627915695517	4.02722307423253	5.5414373694968
5.37566769346474	0.298686936549043	4.79024129782862	5.96109408910087
5.26919961258301	0.359690192699091	4.56420683489279	5.97419239027323
5.89288464149142	0.313664537522943	5.27810214794645	6.50766713503639
5.42598107679845	0.427205812498353	4.58865768430168	6.26330446929522
5.69707812898394	0.36198595045664	4.98758566608892	6.40657059187895
5.33507638688342	0.368690717830575	4.61244257993549	6.05771019383134
5.27139424125617	0.346239491080588	4.59276483873822	5.95002364377412
4.7099868571382	0.341713653924403	4.04022809544637	5.37974561883003
5.05499026340575	0.353550525205447	4.36203123400308	5.74794929280843
4.49157638999706	0.335770835663558	3.83346555209649	5.14968722789764
4.84170101478005	0.385615701717939	4.08589423941289	5.59750779014721
5.37864079703359	0.401030855588465	4.5926203200802	6.16466127398698
4.7762038088101	0.33444436217134	4.12069285895428	5.43171475866593
4.58817380515179	0.365288735994599	3.87220788260237	5.3041397277012
5.11786056137345	0.400310950996246	4.33325109742081	5.90247002532609
4.94888427508787	0.359036611228534	4.24517251707995	5.6525960330958
5.00012147211427	0.348624258695726	4.31681792507065	5.68342501915789
4.88706823889619	0.336639143215901	4.22725551819302	5.54688095959936
5.3799400932447	0.30479616258531	4.78253961457749	5.97734057191191
5.53480687211803	0.348296990766041	4.85214477021659	6.21746897401947
4.92534243983275	0.365002860017844	4.20993683419777	5.64074804546772
5.59069826314496	0.37616737737722	4.85341020348561	6.32798632280431
5.26776065128643	0.290048216178812	4.69926614757596	5.83625515499691
4.56296786564644	0.309645635427865	3.95606242020782	5.16987331108506
4.1687811684342	0.291839681140744	3.59677539339834	4.74078694347005
5.42222594061168	0.3447004935209	4.74661297331072	6.09783890791265
4.87109957814146	0.349923820215863	4.18524889051837	5.55695026576456
5.33210783729047	0.315203354240629	4.71430926297884	5.94990641160211
4.47243597265818	0.368558307449873	3.75006169005643	5.19481025525993
5.14637817006613	0.326186221558985	4.50705317581052	5.78570316432174
4.85391190828629	0.347845941643472	4.17213386266508	5.53568995390749
5.12986955762973	0.369873981928266	4.40491655305033	5.85482256220913
5.2950285070153	0.320761064566365	4.66633682046522	5.92372019356538
4.66452818247504	0.340009734624061	3.99810910261188	5.3309472623382
5.93628390545741	0.364651346750526	5.22156726582638	6.65100054508844
4.81907783495514	0.34163468913552	4.14947384424952	5.48868182566076
5.1017400841094	0.34238861511053	4.43065839849276	5.77282176972604
5.45302070778881	0.339540425732277	4.78752147335355	6.11851994222408
5.27287257703906	0.358349680231752	4.57050720378483	5.97523795029329
5.15340409520859	0.334444534952779	4.49789280670114	5.80891538371604
5.51675871791018	0.318282375989869	4.89292526097004	6.14059217485032
5.47495491568711	0.332119403578433	4.82400088467338	6.12590894670084
5.11544707628862	0.361603152156719	4.40670489806145	5.82418925451579
5.00819468507185	0.369689117204514	4.283604015351	5.73278535479269
5.35441780084459	0.331147805611141	4.70536810184675	6.00346749984243
5.88715524713854	0.300964501876443	5.29726482346071	6.47704567081637
4.78133041344039	0.380669727008584	4.03521774850357	5.52744307837722
4.37807095065878	0.359972894249844	3.67252407792909	5.08361782338848
4.97078351276456	0.341625511805928	4.30119750962494	5.64036951590418
5.32797688773871	0.312044578223409	4.71636951442083	5.93958426105659
5.6961663066085	0.315692565991963	5.07740887726425	6.31492373595274
5.80844437781026	0.359528111164209	5.10376927992841	6.51311947569211
5.17834096298922	0.338568692525766	4.51474632563872	5.84193560033972
5.43903913905855	0.374838200572913	4.70435626593564	6.17372201218146
5.28690102813562	0.333537889483667	4.63316676474763	5.9406352915236
5.80401363876679	0.337442863698448	5.14262562591783	6.46540165161575
4.89418591385053	0.333185172530584	4.24114297569058	5.54722885201047
5.50227750883225	0.348040585665211	4.82011796092843	6.18443705673606
5.65533211982337	0.398838140892723	4.87360936367363	6.43705487597311
4.98254787845624	0.347648039534932	4.30115772096777	5.6639380359447
5.27682839883535	0.344735673660428	4.60114647846091	5.95251031920979
4.46322763144383	0.37571670707233	3.72682288558206	5.19963237730559
5.59308789248699	0.337652986064475	4.93128803980062	6.25488774517336
5.21768671048931	0.32296110815223	4.58468293851094	5.85069048246768
5.7973558988513	0.334008844875842	5.14269856289465	6.45201323480795
5.31388123096097	0.331216408382594	4.66469707053109	5.96306539139086
5.22375496003578	0.348442753938604	4.54080716231612	5.90670275775544
5.26967167837194	0.363971712233614	4.55628712239406	5.98305623434982
5.19306174650132	0.340371793115656	4.52593303199463	5.860190461008
5.566826822425	0.375794060994189	4.83027046287638	6.30338318197361
5.16769614634535	0.315353030693499	4.54960420618609	5.78578808650461
5.51369128985396	0.308875582339724	4.9082951484681	6.11908743123982
5.13307517198279	0.352372987210103	4.44242411705099	5.82372622691459
5.49909517761463	0.34578755609075	4.82135156767676	6.1768387875525
5.82245548132859	0.320103154987327	5.19505329755343	6.44985766510375
5.25318749539245	0.350692158889076	4.56583086396986	5.94054412681504
4.82380249068663	0.348512389620386	4.14071820703068	5.50688677434259
5.06483003870468	0.331911949579608	4.41428261752865	5.71537745988071
4.75936233735127	0.326949226829368	4.11854185276571	5.40018282193683
5.21171537659969	0.341732118477502	4.54192042438379	5.88151032881559
5.48079536181712	0.388518616241016	4.71929887398473	6.24229184964951
4.58138272842185	0.357374359603155	3.88092898359967	5.28183647324404
5.41891657740641	0.30997744923857	4.81136077689881	6.02647237791401
5.34358786021018	0.318000890306688	4.72030611520907	5.96686960521129
4.78826379304919	0.327571581574062	4.14622349316403	5.43030409293436
5.28498803687098	0.346817758963111	4.60522522930328	5.96475084443868
5.40442561865606	0.328316207837477	4.76092585129461	6.04792538601752
5.28928761264256	0.326596732863369	4.64915801623035	5.92941720905476
5.12653767339871	0.342655419261539	4.45493305164609	5.79814229515132
5.2969854424951	0.305362074705372	4.69847577607257	5.89549510891763
5.17211423514139	0.337237124029667	4.51112947204324	5.83309899823953
5.39059888603251	0.392411121993825	4.62147308692461	6.1597246851404
5.20341840225333	0.357505145616116	4.50270831684574	5.90412848766092
5.0225615841565	0.382855865346837	4.27216408807669	5.7729590802363
5.12497401871998	0.314054420981998	4.50942735359527	5.7405206838447
5.60305305445141	0.337135205217116	4.94226805222586	6.26383805667695
5.55675288302638	0.357843816899788	4.8553790019028	6.25812676414997
5.1724186471695	0.335643254403368	4.5145578685389	5.8302794258001
4.65780949553383	0.378334104717532	3.91627465028747	5.39934434078019
5.74777608833322	0.354800851335138	5.05236641971635	6.44318575695009
5.07873427977651	0.323463646361229	4.4447455329085	5.71272302664452
5.1863124523273	0.384010367964617	4.43365213111665	5.93897277353795
5.08684147439931	0.294732926118024	4.50916493920798	5.66451800959063
5.68337936440174	0.345423182760009	5.00634992619213	6.36040880261136
5.40338821082368	0.332584007662338	4.75152355580549	6.05525286584186
5.31416389367373	0.344208086572359	4.6395160439919	5.98881174335555
4.88034603588831	0.326955075921263	4.23951408708264	5.52117798469399
5.18728021683409	0.329918514444233	4.54063992852339	5.83392050514479
4.39196045316377	0.334830899773332	3.73569188960804	5.0482290167195
5.22518853435925	0.333080620036049	4.5723505190886	5.87802654962991
5.22170097534355	0.316093793213332	4.60215714064542	5.84124481004168
5.27485048779199	0.373049272732984	4.54367391323534	6.00602706234864
5.25150830171567	0.318451038452385	4.627344266349	5.87567233708235
4.7045870827065	0.363119696493019	3.99287247758018	5.41630168783282
5.497539881071	0.337215305350166	4.83659788258468	6.15848187955733
5.43873605700496	0.361794910777376	4.7296180318813	6.14785408212861
5.04167034407065	0.352591508732984	4.350590986954	5.73274970118729
5.08938434973707	0.358814579259843	4.38610777438778	5.79266092508637
5.43482686601086	0.346088712123467	4.75649299024887	6.11316074177286
5.26629928350809	0.355444436062265	4.56962818882605	5.96297037819013
4.71472167228114	0.360793454957508	4.00756650056442	5.42187684399785
5.03308598259775	0.326044861597081	4.39403805386747	5.67213391132803
4.57604393563724	0.339276510639904	3.91106197478303	5.24102589649146
5.50170071930604	0.349830840394759	4.81603227213231	6.18736916647977
5.36675296752988	0.338279336225112	4.70372546852866	6.0297804665311
5.21750653260716	0.328757867555072	4.57314111219921	5.8618719530151
5.46460064626711	0.33168862236387	4.81449094643392	6.11471034610029
4.80818042321959	0.32447269160342	4.17221394767688	5.44414689876229
5.69725614972371	0.354154312491544	5.00311369724028	6.39139860220713
4.98145122995394	0.321162724345341	4.35197229023707	5.61093016967081
5.17251533313038	0.338643037126785	4.50877498036188	5.83625568589888
4.97497625375688	0.362583803233271	4.26431199941967	5.6856405080941
5.32076617263326	0.345910815898116	4.64278097347296	5.99875137179357
5.32714263358084	0.325209290041529	4.68973242509944	5.96455284206224
5.31248720070857	0.315809700796166	4.69350018714809	5.93147421426906
4.84874942703982	0.356158898745365	4.15067798549891	5.54682086858074
5.35251746943058	0.381447730977683	4.60487991671432	6.10015502214683
5.40861277993516	0.350903866879287	4.72084120085175	6.09638435901856
5.27143432895681	0.376181525435326	4.53411853910357	6.00875011881005
5.71199305738835	0.377278577041995	4.97252704638603	6.45145906839066
4.89361868576092	0.359358510711385	4.1892760047666	5.59796136675523
5.38141272696483	0.345798291812683	4.70364807501197	6.05917737891769
4.69064524451524	0.331785253706885	4.04034614724974	5.34094434178073
5.10838719175627	0.325254902122765	4.47088758359565	5.74588679991689
4.80575511737508	0.290973842299849	4.23544638646738	5.37606384828279
4.85165293303991	0.379543204865049	4.10774825150442	5.59555761457541
5.65371701858227	0.351423840368576	4.96492629145986	6.34250774570468
5.61362652504326	0.339546829370456	4.94811473947717	6.27913831060936
5.00233965380248	0.375125262876486	4.26709413856456	5.73758516904039
5.29206520622506	0.334589733758899	4.63626932805762	5.9478610843925
4.66701929831	0.338858971171256	4.00285571481434	5.33118288180566
6.13403737447363	0.343070369413985	5.46161945042222	6.80645529852504
4.75399656322326	0.344296082152743	4.07917624220389	5.42881688424264
5.31936906182834	0.304904131791132	4.72175696351772	5.91698116013896
4.56484321829808	0.338635698412761	3.90111724940907	5.22856918718709
4.63735111097976	0.368051012188084	3.91597112709112	5.35873109486841
4.4200469120254	0.349835491741097	3.73436934821285	5.10572447583795
4.98366573950524	0.325043199198284	4.34658106907661	5.62075040993388
5.08884292293476	0.339609787924661	4.42320773860242	5.75447810726709
5.05565154495599	0.346238246362221	4.37702458208604	5.73427850782595
5.00456855816323	0.318401977680043	4.38050068191035	5.62863643441612
5.52783587314113	0.321668665989318	4.89736528780207	6.15830645848019
5.40178740589962	0.329467121390599	4.75603184797405	6.0475429638252
4.91006549997921	0.361603252089088	4.2013231258846	5.61880787407382
4.66460590576463	0.35545235676713	3.96791928650105	5.3612925250282
5.45067884034935	0.359633631907572	4.74579692181051	6.15556075888819
5.20117063598102	0.378795733483479	4.4587309983534	5.94361027360864
5.34917346868981	0.328337687345575	4.70563160149249	5.99271533588714
5.32281203228044	0.361298883668393	4.61466622029039	6.03095784427049
5.82119170661699	0.352179427990442	5.13092002775572	6.51146338547826
5.10505062638235	0.322965309547982	4.47203861966831	5.73806263309639
4.93284469483584	0.321828726304239	4.30206039127953	5.56362899839214
5.3422854186369	0.338544519921838	4.67873815959009	6.0058326776837
5.08882959555054	0.358790473278593	4.3856002679245	5.79205892317658
4.68385055195754	0.336831062340277	4.0236616697706	5.34403943414448
5.1419551333281	0.412209559691512	4.33402439633273	5.94988587032346
5.45251986983923	0.41637734574938	4.63642027217044	6.26861946750801
5.08040816016221	0.372725459198153	4.34986626013383	5.81095006019059
4.82608967763017	0.361968288066031	4.11663183302075	5.53554752223959
5.26542230104866	0.319257604069322	4.63967739707279	5.89116720502454
5.07040541268536	0.371601883796326	4.34206572044456	5.79874510492616
4.63698383503147	0.344092659702251	3.96256222201506	5.31140544804788
5.26846321662574	0.324847628307306	4.63176186514342	5.90516456810806
5.69035116433541	0.324588873780846	5.05415697172495	6.32654535694587
5.019403408191	0.3479352099318	4.33745039672467	5.70135641965733
4.8883046391312	0.32480942446454	4.2516781671807	5.5249311110817
5.48634284530194	0.384851293495091	4.73203431005156	6.24065138055232
5.29019828149042	0.369339226083736	4.56629339836629	6.01410316461454
5.36380851898937	0.346968084048402	4.68375107425451	6.04386596372424
5.01588045452369	0.358949325199336	4.31233977713299	5.71942113191439
5.16918253373617	0.352298967821356	4.47867655680631	5.85968851066603
5.37665826211657	0.340704893583062	4.70887667069377	6.04443985353937
5.33311510593138	0.339444027955519	4.66780481113856	5.99842540072419
5.21049636205753	0.319949345435049	4.58339564500483	5.83759707911023
5.01322786179776	0.350392765546396	4.32645804132682	5.6999976822687
5.28458363292116	0.362504580960545	4.5740746542385	5.99509261160383
4.75273064081457	0.346495331625586	4.07359979082842	5.43186149080072
4.90273357411114	0.340212574178265	4.23591692872174	5.56955021950054
5.70516733215717	0.337875189513776	5.04293196071017	6.36740270360417
5.32282236345609	0.381563520134218	4.57495786399302	6.07068686291916
4.97912599013977	0.351737594231532	4.28972030544597	5.66853167483357
5.26654771567826	0.341622515295118	4.59696758569983	5.93612784565669
4.76178837276912	0.371469527391726	4.03370809908134	5.48986864645691
5.15494494993354	0.362156598260754	4.44511801734246	5.86477188252462
4.64296527133417	0.327459904871396	4.00114385778624	5.28478668488211
5.18301475656992	0.390877686366826	4.41689449129094	5.9491350218489
5.28850365813208	0.341084337988138	4.61997835567533	5.95702896058883
5.11404356583098	0.371502713292167	4.38589824777833	5.84218888388362
4.83504593368795	0.336949182627125	4.17462553573878	5.49546633163711
5.4386391953707	0.381650763927636	4.69060369807253	6.18667469266887
5.48831241007194	0.365614493096667	4.77170800360247	6.20491681654141
5.34878000148225	0.354262303414379	4.65442588679006	6.04313411617443
4.41947269402204	0.340488264087199	3.75211569641113	5.08682969163295
5.21536729972287	0.353829834495854	4.521860824111	5.90887377533475
4.80661433521116	0.316774458056024	4.18573639742135	5.42749227300096
5.58582426706117	0.300500798843078	4.99684270132874	6.1748058327936
5.13065456412139	0.373939718932834	4.39773271501303	5.86357641322974
5.4764078611495	0.335204755583268	4.81940654020629	6.1334091820927
4.86180002981252	0.36469199721426	4.14700371527258	5.57659634435247
5.06460867167724	0.333997429721579	4.40997370942294	5.71924363393153
4.86198918822573	0.37480075903213	4.12737970052276	5.59659867592871
5.21451623150306	0.40855654242467	4.4137454083507	6.01528705465541
5.0378425770927	0.299772235763496	4.45028899499625	5.62539615918915
5.5617493231744	0.338298812161854	4.89868365133717	6.22481499501163
5.11873801948306	0.36531150174378	4.40272747606526	5.83474856290087
5.688409915873	0.326238762800376	5.04898194078426	6.32783789096173
4.54188423185583	0.343542300317659	3.86854132323322	5.21522714047844
5.34544018425119	0.351064459367294	4.65735384389129	6.03352652461108
5.39620038470724	0.42126403281163	4.57052288039644	6.22187788901803
5.46954745621206	0.385403489939204	4.71415661593122	6.2249382964929
4.72005368105999	0.357795258854231	4.01877497370569	5.42133238841428
5.16337967999477	0.385498551131586	4.40780251977686	5.91895684021268
5.13948695036774	0.373925840915543	4.40659230217327	5.8723815985622
5.11633397702933	0.343833579415184	4.44242016137557	5.79024779268309
4.3189561955936	0.347408909935157	3.6380347321207	4.99987765906651
5.97444111580298	0.310151252334248	5.36654466122786	6.58233757037811
5.15031799466303	0.440025763769537	4.28786749767474	6.01276849165133
5.74468578089312	0.344694003777128	5.06908553348995	6.42028602829629
4.88858096695215	0.289538668715691	4.3210851762694	5.45607675763491
5.68112749099898	0.369838936947887	4.95624317458112	6.40601180741684
4.75973740130939	0.335663322275816	4.10183728964879	5.41763751296998
4.7824216702682	0.345461796929135	4.10531654828709	5.4595267922493
5.70859796337973	0.325378139266293	5.0708568104178	6.34633911634166
6.14087692494271	0.339901195134467	5.47467058247915	6.80708326740626
5.32744393173236	0.320077487290907	4.70009205664218	5.95479580682254
4.80658454929262	0.367611764609446	4.08606549065811	5.52710360792714
5.59710150258456	0.339693523551772	4.93130219642309	6.26290080874604
5.96184502008482	0.291756409839549	5.39000245679931	6.53368758337034
4.76408574363636	0.323929453095535	4.12918401556911	5.39898747170361
4.97352284501161	0.334167883238395	4.31855379386435	5.62849189615886
5.22571902480379	0.356568863667455	4.52684405201557	5.924593997592
5.45165492338047	0.381416153070366	4.70407926336256	6.19923058339839
5.35235881425298	0.343369551185821	4.67935449392877	6.02536313457719
5.26602326799835	0.351621134198556	4.57684584496918	5.95520069102752
4.76707219921922	0.32919173742836	4.12185639385964	5.41228800457881
4.7394677231277	0.351893313103727	4.04975682944439	5.429178616811
5.52318382824188	0.337158991974484	4.86235220397189	6.18401545251187
5.0649074000882	0.35701508033737	4.36515784262695	5.76465695754944
5.18533859446402	0.377813550778719	4.44482403493774	5.92585315399031
6.03592649508012	0.311425464989687	5.42553258370033	6.6463204064599
5.46232207713446	0.303964813046221	4.86655104356387	6.05809311070506
5.53482045129946	0.32847275710961	4.89101384736462	6.1786270552343
5.52710256959473	0.359043410272391	4.82337748546085	6.23082765372862
5.58842582775795	0.35192708141581	4.89864874818296	6.27820290733293
5.08440919955479	0.367058744883202	4.36497405958371	5.80384433952586
4.70973741795206	0.337408224372862	4.04841729818125	5.37105753772287
4.98646250039282	0.332825891204944	4.33412375363113	5.63880124715451
4.44965821313394	0.38037089315473	3.70413126255067	5.19518516371721
5.00951684277685	0.366502242899211	4.29117244669439	5.7278612388593
5.19298852749738	0.332743918594923	4.54081044705133	5.84516660794343
4.63462392551774	0.359277818145763	3.93043940195205	5.33880844908344
5.11311376555698	0.393606559557185	4.34164490882489	5.88458262228906
4.71635882311965	0.370192960130036	3.99078062126478	5.44193702497452
4.41475149999998	0.326557336216566	3.77469912101551	5.05480387898445
5.01972088205592	0.31722937847137	4.39795130025203	5.6414904638598
5.29387284633189	0.345040786401679	4.6175929049846	5.97015278767918
5.17136970305208	0.349435930651002	4.48647527897612	5.85626412712805
5.66772523679239	0.328550758863551	5.02376574941983	6.31168472416495
5.5451510553379	0.360518165751613	4.83853545046474	6.25176666021106
5.6024170749438	0.355759172539414	4.90512909676655	6.29970505312106
4.96609705816004	0.328543956992041	4.32215090245564	5.61004321386444
5.21143914655548	0.358740424754497	4.50830791403667	5.9145703790743
5.03964008807131	0.366150125475373	4.32198584213958	5.75729433400304
5.67328541929955	0.369722164005513	4.94862997784875	6.39794086075036
5.6120399257201	0.312121713303815	5.00028136764462	6.22379848379557
5.58496493382829	0.387919717593831	4.82464228734438	6.3452875803122
5.3092269401473	0.364017947805881	4.59575176244777	6.02270211784683
5.79908506996833	0.309069488606412	5.19330887229976	6.40486126763689
4.99084716360923	0.363245528876448	4.27888592701139	5.70280840020707
5.39840458880172	0.36010674070814	4.69259537701376	6.10421380058967
5.11791653500896	0.325678239621461	4.4795871853509	5.75624588466702
5.71351627376622	0.339482708743287	5.04813016462938	6.37890238290306
5.08533394272499	0.356570776841107	4.38645522011642	5.78421266533356
5.42507816902434	0.337706269219385	4.76317388135435	6.08698245669434
5.47861012808014	0.34274209338408	4.80683562504735	6.15038463111294
4.72647461049447	0.316920001864618	4.10531140683982	5.34763781414912
5.31595807518749	0.347085270672993	4.63567094466842	5.99624520570655
5.33598903510241	0.333379357447825	4.68256549450468	5.98941257570015
5.3784601856616	0.344559006278091	4.70312453335654	6.05379583796666
5.08786648737421	0.383401467409447	4.33639961125169	5.83933336349672
5.2125574533896	0.460076794956421	4.31080693527502	6.11430797150419
5.23978090684656	0.326265871040154	4.60029979960786	5.87926201408526
5.10600956575799	0.34086965413047	4.43790504366227	5.77411408785371
4.44087263800292	0.372403001006762	3.71096275602967	5.17078251997617
4.26152016134971	0.333201681981784	3.60844486466542	4.91459545803401
5.22703317829235	0.34471868606138	4.55138455361205	5.90268180297266
5.46455322575993	0.332234729797484	4.81337315535686	6.115733296163
4.81836689859402	0.333894711295291	4.16393326445525	5.47280053273279
5.45072007254794	0.346924215298752	4.77074861056238	6.13069153453349
5.67787956051554	0.350195184705981	4.99149699849182	6.36426212253927
5.4871606987601	0.342725027949159	4.81541964397975	6.15890175354045
5.00700803079226	0.325872212094238	4.36829849508755	5.64571756649697
4.93952683059993	0.327595048099897	4.29744053632413	5.58161312487573
5.10910578434325	0.313685370180818	4.49428245878885	5.72392910989766
4.81295958850007	0.352634078045749	4.12179679553041	5.50412238146974
5.51913087617149	0.35086385736923	4.83143771572779	6.20682403661518
4.9852116810493	0.279688493719804	4.43702223335848	5.53340112874012
4.51841503961977	0.391743631899371	3.75059752109701	5.28623255814254
5.32941391642782	0.373459391413424	4.59743350925751	6.06139432359813
4.94061831181774	0.331582439238204	4.29071673091086	5.59051989272462
4.74574342038824	0.333851780722091	4.09139393017294	5.40009291060354
4.03471685675478	0.330658832140007	3.38662554576037	4.6828081677492
5.61630101168428	0.398410865686063	4.8354157149396	6.39718630842897
5.30196349188229	0.341199713761234	4.63321205291027	5.97071493085431
5.01126763594892	0.371540927293015	4.28304741845461	5.73948785344323
5.31022632221983	0.341321157325937	4.64123685386099	5.97921579057867
4.93002599637706	0.364534906346314	4.21553757993828	5.64451441281584
4.94109343132417	0.312440569732056	4.32870991464934	5.553476947999
5.17903033657158	0.34148296251115	4.50972373004973	5.84833694309344
4.7478814477579	0.348198963864427	4.06541147858362	5.43035141693217
5.0200375023272	0.322341623582373	4.38824792010575	5.65182708454865
5.34582356495454	0.361198204532392	4.63787508407106	6.05377204583803
5.16670747712687	0.373793662545998	4.43407189853672	5.89934305571703
6.06720333599217	0.335760343142508	5.40911306343286	6.72529360855149
5.82671156661291	0.31260375730292	5.21400820229919	6.43941493092664
5.41756743017937	0.323307043369914	4.78388562517434	6.0512492351844
5.15674554870313	0.339207333724675	4.49189917460277	5.82159192280349
4.84113921041597	0.329931498348797	4.19447347365233	5.48780494717961
5.59025910877795	0.311161056035208	4.98038343894894	6.20013477860696
5.50250026633294	0.33474093960944	4.84640802469844	6.15859250796744
5.09584209703622	0.32002527860906	4.46859255096246	5.72309164310998
5.25733006502962	0.310225808477795	4.64928748041314	5.8653726496461
5.32027387001112	0.334534704087054	4.66458585000049	5.97596189002174
5.45252266651957	0.355605500392798	4.75553588574969	6.14950944728945
4.22112603025209	0.32375294624415	3.58657025561356	4.85568180489062
5.00444660014648	0.323963515349915	4.36947811006065	5.63941509023231
5.21414330374096	0.373794045397988	4.4815069747609	5.94677963272102
4.59716988244453	0.362120895412498	3.88741292743604	5.30692683745303
5.40135269428432	0.377734092625614	4.66099387273812	6.14171151583053
5.13151414944837	0.326707605693663	4.49116724228879	5.77186105660795
5.21179055284661	0.32372599471511	4.57728760320499	5.84629350248822
5.33858966046823	0.347657035318697	4.65718187124358	6.01999744969287
5.16203662582535	0.283710542069155	4.6059639633698	5.71810928828089
5.43721360441263	0.337628813160863	4.77546113061734	6.09896607820792
5.46496657789639	0.324922811887826	4.82811786659625	6.10181528919653
4.52276256818343	0.343084618849151	3.85031671523909	5.19520842112777
4.89157580926174	0.330618990523532	4.24356258783562	5.53958903068786
5.30693792838737	0.321338841744451	4.67711379856824	5.93676205820649
5.2874144228863	0.313350683645128	4.67324708294185	5.90158176283075
5.10959596570684	0.333847648248717	4.45525457513935	5.76393735627432
4.98584943844854	0.305258564179592	4.38754265265654	5.58415622424054
5.24040935099479	0.336095391134798	4.58166238437059	5.899156317619
5.23728736465507	0.341450209181754	4.56804495465883	5.90652977465131
5.37583130799351	0.379263758190672	4.63247434193979	6.11918827404722
5.65163388360024	0.335076708954519	4.99488353404938	6.3083842331511
5.4598529302528	0.349645819826589	4.77454712339269	6.14515873711292
4.78949343701445	0.398098421626096	4.0092205306273	5.5697663434016
5.16035630000318	0.329509165870663	4.51451833489667	5.80619426510968
5.04053943140044	0.355761214289533	4.34324745139296	5.73783141140793
5.02423051638543	0.30599083804594	4.42448847381539	5.62397255895547
5.61892094471426	0.334477056699695	4.96334591358286	6.27449597584566
5.37244987282842	0.355727350104234	4.67522426662412	6.06967547903271
5.71038693921539	0.375218844031642	4.97495800491337	6.44581587351741
5.14546246530212	0.304619012572741	4.54840920065955	5.74251572994469
5.29007420815184	0.348584327004394	4.60684892722322	5.97329948908045
4.94055985719362	0.321144184216791	4.31111725612871	5.57000245825853
5.15024341925221	0.320868782156404	4.52134060622566	5.77914623227876
4.73419604374684	0.353181631558194	4.04196004589278	5.4264320416009
4.9020227746621	0.357972102515925	4.20039745373089	5.60364809559331
4.70073229118209	0.346399314883081	4.02178963401125	5.37967494835293
5.10414937763482	0.35265707129819	4.41294151789037	5.79535723737927
5.06666725903452	0.333028571514033	4.41393125886701	5.71940325920202
5.48646670399072	0.345194224561246	4.80988602385068	6.16304738413076
5.04368642797646	0.381860434147392	4.29523997704757	5.79213287890535
5.85404302850327	0.34057725327149	5.18651161209115	6.52157444491539
5.13042641498469	0.403672124375166	4.33922905120936	5.92162377876001
4.98355397064039	0.374653264817322	4.24923357159844	5.71787436968234
4.83489813303516	0.289084416980037	4.26829267575429	5.40150359031604
5.40571763416517	0.363993940661203	4.69228951046921	6.11914575786112
5.46229944057208	0.341089659688428	4.79376370758276	6.1308351735614
5.23351042048073	0.351588476359262	4.54439700681658	5.92262383414489
4.98442660805293	0.331249549679061	4.33517749068197	5.63367572542389
5.88443080692625	0.396220386613457	5.10783884916388	6.66102276468863
5.26288627409406	0.347008024346695	4.58275054637454	5.94302200181358
4.88771996598825	0.362253072468832	4.17770394394934	5.59773598802716
5.51776420841773	0.366268917913713	4.79987712930685	6.2356512875286
5.01287186242226	0.384756049955173	4.25875000451012	5.76699372033439
5.47984725316373	0.386762670343174	4.72179241929111	6.23790208703635
5.03717463964384	0.345410286692512	4.36017047772652	5.71417880156117
5.69116384213521	0.382677984104781	4.94111499328984	6.44121269098058
5.59948252624766	0.346607956532257	4.92013093144444	6.27883412105088
4.66970738326282	0.363681559423592	3.95689152679258	5.38252323973306
5.41874417679138	0.363690848120842	4.70591011447453	6.13157823910823
5.06771592683875	0.375707588547251	4.33132905328614	5.80410280039136
5.34999766960515	0.336130321992138	4.69118223850055	6.00881310070974
5.07094275870508	0.306972646259389	4.46927637203668	5.67260914537349
5.31775728053773	0.345851044182191	4.63988923394063	5.99562532713482
5.93578596018104	0.327039915512538	5.29478772577646	6.57678419458561
5.41609643833481	0.366701847873407	4.69736081650293	6.13483206016669
4.09786570359964	0.328997113897303	3.45303136036093	4.74270004683836
5.38178196996639	0.334745218058598	4.72568134257154	6.03788259736125
5.46429933249541	0.322840379347707	4.83153218897391	6.09706647601692
4.55813841576202	0.352889856195964	3.86647429761793	5.2498025339061
5.39881910772672	0.388838003718607	4.63669662043825	6.16094159501519
5.50591779001783	0.321606944134674	4.87556817951387	6.13626740052179
5.33712728491099	0.409911047628822	4.5337016315585	6.14055293826348
5.09225994538444	0.343320070134721	4.41935260792039	5.7651672828485
5.18768303226985	0.369332664246422	4.46379101034686	5.91157505419284
5.66057229224144	0.393489225974695	4.88933340933104	6.43181117515184
5.47221976073712	0.303017283808279	4.8783058844729	6.06613363700135
4.85113814311284	0.376986974604686	4.11224367288765	5.59003261333802
5.05164642582284	0.340419589001881	4.38442403137915	5.71886882026653
5.42226208773368	0.344771282028926	4.74651037495698	6.09801380051038
5.39085553455053	0.339328215614631	4.72577223194586	6.05593883715521
5.49218872364266	0.331483578429909	4.84248090992004	6.14189653736529
5.74971873908339	0.339470880407967	5.08435581348377	6.415081664683
4.3366515788051	0.343475726273753	3.66343915530855	5.00986400230166
5.50942498497589	0.314993066225115	4.89203857517467	6.12681139477712
5.15241752353717	0.352713469203865	4.4610991238976	5.84373592317675
4.62842837424524	0.302456688401239	4.03561326497881	5.22124348351167
4.97108426168919	0.32394766903525	4.3361468303801	5.60602169299828
4.742909903504	0.358210288020631	4.04081773898357	5.44500206802444
5.65576901809976	0.302318333906538	5.06322508364294	6.24831295255657
5.36657187588179	0.315851218947667	4.74750348674436	5.98564026501922
4.79187456669843	0.353918951127427	4.09819342248867	5.48555571090819
5.50941850256465	0.359554489677496	4.80469170279676	6.21414530233255
5.26539065875293	0.340258346637228	4.59848429934396	5.9322970181619
5.60644759799214	0.351322108821916	4.91785626470118	6.29503893128309
5.12257377055526	0.330076977587659	4.47562289448345	5.76952464662707
5.10988972737397	0.312517296305704	4.49735582661479	5.72242362813315
5.39139398885748	0.303882639425598	4.79578401558331	5.98700396213165
5.02811737137886	0.363068417183579	4.31650327369904	5.73973146905868
5.39504079028069	0.349329464268458	4.71035504031451	6.07972654024686
5.15536230247109	0.306506867571061	4.55460884203181	5.75611576291037
5.41733357238843	0.329579023017013	4.77135868727508	6.06330845750177
5.14727704240268	0.367788911551167	4.4264107757624	5.86814330904297
5.59938988616734	0.35429746727655	4.9049668503053	6.29381292202938
5.85041039698346	0.321032438933053	5.22118681667467	6.47963397729224
5.12511464377455	0.383790098205898	4.37288605129099	5.87734323625812
5.24149899305858	0.374991515969271	4.5065156217588	5.97648236435835
5.4728684839592	0.3557124442132	4.77567209330133	6.17006487461707
5.25377436556151	0.343649496074402	4.58022135325568	5.92732737786734
5.79348386689187	0.370908590541861	5.06650302942983	6.52046470435392
5.24734871934128	0.36768294795606	4.5266901413474	5.96800729733515
5.1665324973442	0.308688511794243	4.56150301422749	5.77156198046092
5.24882745905803	0.322111962836455	4.61748801189858	5.88016690621749
5.39745928242894	0.350939159548349	4.70961852971417	6.0853000351437
4.4667586039668	0.336891810994405	3.80645065441776	5.12706655351583
5.88899467902047	0.358290813665777	5.18674468423555	6.59124467380539
5.37890773211442	0.313750160564031	4.76395741740892	5.99385804681992
5.09630915136295	0.347078393679412	4.4160354997513	5.77658280297459
5.47619630710864	0.36296214526835	4.76479050238268	6.18760211183461
5.61413399383494	0.34088938759484	4.94599079414906	6.28227719352083
5.52521439554255	0.34202070918432	4.85485380554128	6.19557498554381
5.458166596623	0.342169583804316	4.78751421236654	6.12881898087946
5.09733084277161	0.298185464816237	4.51288733173179	5.68177435381143
5.06360558458773	0.338357650730248	4.40042458915645	5.72678658001902
4.96100015665565	0.350730855283551	4.27356768029989	5.64843263301141
4.61602823440078	0.34495496840834	3.93991649632044	5.29213997248113
5.00430385298375	0.345482532976816	4.32715808834919	5.68144961761831
4.65143083928125	0.365993401992325	3.9340837713763	5.36877790718621
4.78054646708065	0.373885542112444	4.04773080454027	5.51336212962104
5.11837328423155	0.357810724177694	4.41706426484327	5.81968230361983
5.61313900839914	0.338662941790442	4.94935964248987	6.2769183743084
5.05682779679453	0.356151317451145	4.35877121459028	5.75488437899877
5.00637992965753	0.33498497743346	4.34980937388795	5.66295048542711
5.14014748866004	0.387272438398369	4.38109350939924	5.89920146792085
4.61283072452298	0.379314669327958	3.86937397264018	5.35628747640578
4.86185608798838	0.343200728251714	4.18918266061502	5.53452951536174
5.43406913683855	0.327660325026405	4.7918548997868	6.0762833738903
4.57482488804859	0.33825248093818	3.91185002540975	5.23779975068742
5.15809699175192	0.345318146700505	4.48127342421893	5.83492055928491
5.46729617183256	0.328850311548954	4.82274956119661	6.11184278246851
5.58040102853179	0.345728622246752	4.90277292892816	6.25802912813543
5.17654417638555	0.326839926931121	4.53593791960056	5.81715043317055
4.92780116361835	0.293629559126632	4.35228722773015	5.50331509950654
4.28887046911819	0.362498324062819	3.57837375395507	4.99936718428132
5.2978860596608	0.367979021431611	4.57664717765484	6.01912494166676
5.46745683034084	0.370182251320445	4.74189961775277	6.19301404292891
4.83941614914932	0.370390244027088	4.11345127085623	5.56538102744242
4.79502599949448	0.371726614454332	4.06644183516399	5.52361016382497
5.50722115809749	0.345700322502013	4.82964852599355	6.18479379020144
4.8592478318796	0.340940626707599	4.1910042035327	5.52749146022649
5.31547729911742	0.30970079270983	4.70846374540615	5.92249085282868
5.07054965697222	0.345421776078457	4.39352297585845	5.747576338086
5.33675397566972	0.330828174790665	4.68833075308001	5.98517719825942
5.16492046273356	0.334091701449181	4.51010072789317	5.81974019757396
4.78324249512289	0.326649210781364	4.14301004199142	5.42347494825436
5.32406385745293	0.340588597361721	4.65651020662395	5.9916175082819
5.13394724984064	0.344721892870861	4.45829233981375	5.80960215986753
5.38393621144563	0.31256727200176	4.77130435832218	5.99656806456908
4.92399770574001	0.367929241162906	4.20285639306071	5.6451390184193
5.34535243246354	0.310959566815497	4.73587168150516	5.95483318342191
5.14496750935838	0.326477761426145	4.50507109696314	5.78486392175362
5.08671206953402	0.331680890407447	4.43661752433542	5.73680661473262
5.30140591866783	0.330118472498958	4.65437371256987	5.94843812476578
5.26471343715993	0.354422419643287	4.57004549465908	5.95938137966077
5.21014980176564	0.332422525236245	4.5586016523026	5.86169795122869
5.14215398715285	0.33871503543866	4.47827251769308	5.80603545661263
5.69330350216945	0.39107064547835	4.92680503703189	6.45980196730702
5.31976909923224	0.381819947182234	4.57140200275506	6.06813619570942
5.12349498022102	0.32941098502709	4.47784944956792	5.76914051087412
4.69238615670652	0.301599765864369	4.10125061561236	5.28352169780068
4.83274019108157	0.315606768138477	4.21415092553015	5.45132945663298
5.53989328634456	0.305637740418108	4.94084331512507	6.13894325756405
5.33773038491948	0.310755538927573	4.72864952862144	5.94681124121752
5.77537623250485	0.297853987323945	5.19158241734992	6.35917004765979
4.81970011935942	0.348116887879869	4.13739101911488	5.50200921960396
5.9445204823464	0.326240407319228	5.30508928400071	6.58395168069208
5.62525804978593	0.366662126843544	4.90660028117259	6.34391581839928
5.54235407774495	0.380535829667336	4.79650385159697	6.28820430389293
5.41751332566897	0.341063251166749	4.74902935338214	6.08599729795579
5.13102897479552	0.359100146405808	4.42719268784013	5.8348652617509
4.53225643834446	0.330235822917583	3.884994225426	5.17951865126293
6.13989378232292	0.375885449104879	5.40315830207736	6.87662926256849
5.27911902502598	0.380069476604731	4.53418285088071	6.02405519917126
4.86490388306692	0.324329457163846	4.22921814702578	5.50058961910806
5.52114512829242	0.36966121360835	4.79660914962006	6.24568110696479
5.26011033937958	0.346338640859775	4.58128660329442	5.93893407546474
5.24178204171489	0.344778640696005	4.56601590595072	5.91754817747906
5.22232243621806	0.407167338723237	4.42427445232052	6.02037042011561
4.90098118373192	0.353575376572974	4.2079734456489	5.59398892181495
4.80312240075377	0.383105423252156	4.05223577117954	5.55400903032799
5.04174132410779	0.412644299884358	4.23295849633445	5.85052415188113
5.0131233528892	0.352698414855879	4.32183445977167	5.70441224600672
5.49193457214894	0.363102472370952	4.78025372630187	6.20361541799601
4.75422027386372	0.378878744615576	4.01161793441719	5.49682261331025
5.29699640667495	0.330950516624914	4.64833339409012	5.94565941925978
5.1113107890546	0.351003612594434	4.42334370836951	5.79927786973969
5.40342427438275	0.361394785655584	4.6950904944978	6.11175805426769
4.9757632912174	0.33394410933833	4.32123283691427	5.63029374552053
5.79459770038609	0.331684484035813	5.14449611167589	6.44469928909628
5.14470086700012	0.359158016627397	4.44075115441042	5.84865057958981
4.8820804616352	0.339498933338782	4.21666255229118	5.54749837097921
5.54079806169145	0.380509231944847	4.79499996707955	6.28659615630335
5.76430635634745	0.334310943187297	5.10905690770035	6.41955580499455
4.86605713493185	0.319378938895993	4.24007441469571	5.492039855168
5.97286325823552	0.317806450559345	5.3499626151392	6.59576390133183
5.38386567644368	0.361245558430976	4.67582438191896	6.09190697096839
5.55010838865927	0.32596927563884	4.91120860840715	6.1890081689114
5.27090402652243	0.335432857634716	4.61345562555838	5.92835242748647
5.19760496074676	0.412589558510072	4.38892942606702	6.0062804954265
5.48457262104981	0.350601255576736	4.7973941601194	6.17175108198021
4.66161812303557	0.293156048918352	4.0870322671556	5.23620397891554
5.67088570896452	0.350454454669638	4.98399497781203	6.35777644011701
4.96892702319868	0.335947709180706	4.3104695132045	5.62738453319287
4.72503610768329	0.336547767033219	4.06540248429818	5.3846697310684
5.94298580455518	0.336586631870533	5.28327600608894	6.60269560302143
4.64919071111842	0.348153206052584	3.96681042725535	5.33157099498148
5.47465185396349	0.352039718848088	4.78465400502124	6.16464970290574
4.7503524751912	0.356269120025546	4.05206499994113	5.44863995044127
5.18710782488189	0.326061292603766	4.5480276913785	5.82618795838527
5.87885379623581	0.315586404562699	5.26030444329292	6.4974031491787
4.61162422540291	0.401077212356879	3.82551288918342	5.39773556162239
5.53244916628457	0.430601820087779	4.68846959891252	6.37642873365661
5.45770850893573	0.325988962053301	4.81877014331126	6.0966468745602
5.06906866443953	0.361734993136939	4.36006807789113	5.77806925098793
4.52333811710525	0.345810793182138	3.84554896246826	5.20112727174224
5.4520422830005	0.37293268244946	4.72109422539956	6.18299034060144
5.31224696694515	0.319565769178511	4.68589805935527	5.93859587453503
4.97343990414177	0.329306347901691	4.32799946225446	5.61888034602909
5.85717878529522	0.340955131953437	5.18890672666648	6.52545084392395
5.18639527453321	0.377975541700499	4.44556321280024	5.92722733626619
5.10348308738446	0.380109650904934	4.35846817161079	5.84849800315813
5.47323985698969	0.339875748566271	4.80708338979979	6.13939632417958
5.01704176699508	0.365619452670726	4.30042763976046	5.7336558942297
4.74076414235464	0.316399378427014	4.1206213606377	5.36090692407159
5.35309226321559	0.324015891254976	4.71802111635584	5.98816341007535
5.15753440565011	0.336099140562455	4.4987800901477	5.81628872115253
4.99192732915246	0.385850070620214	4.23566119073684	5.74819346756808
5.46979124763809	0.318005622554278	4.84650022743171	6.09308226784448
4.9394061073365	0.362619267558024	4.22867234292277	5.65013987175023
4.97306470886478	0.33464529440087	4.31715993183907	5.62896948589048
4.97382950786	0.347835558654934	4.29207181289633	5.65558720282367
4.87108064583522	0.294557033633191	4.29374885991416	5.44841243175627
5.66930601954283	0.326477890698961	5.02940935377286	6.30920268531279
5.3260932615418	0.37335831964614	4.59431095503537	6.05787556804824
5.65759658633911	0.348124607914187	4.97527235482731	6.33992081785092
5.24126368853805	0.351398438989044	4.55252274811952	5.93000462895657
5.26477812926525	0.334236321134635	4.60967493984136	5.91988131868913
5.57648258170884	0.334761205044724	4.92035061982119	6.2326145435965
5.7579186037672	0.383855450155722	5.00556192146199	6.51027528607242
5.44820493186336	0.322621759062821	4.81586628410023	6.08054357962648
4.91297100081395	0.308925572127809	4.30747687944345	5.51846512218446
4.32516404854643	0.398235212351827	3.54462303233685	5.10570506475601
5.18430981026063	0.358191048097695	4.48225535598915	5.88636426453211
4.77722827441093	0.376982585040461	4.03834240773163	5.51611414109023
4.78488017011015	0.328256767043658	4.14149690670458	5.42826343351572
4.91033460501519	0.332540187717891	4.25855583708813	5.56211337294226
4.77565188601956	0.361505688156331	4.06710073723315	5.48420303480597
5.22277625473702	0.329634826190179	4.57669199540427	5.86886051406978
5.27059871529385	0.38115253273518	4.5235397511329	6.01765767945481
4.88987386571717	0.347342447918422	4.20908266779706	5.57066506363728
5.53698417526632	0.402625221300673	4.74783874151701	6.32612960901564
4.80441236906354	0.331514109553396	4.15464471433888	5.45418002378819
5.66838105571979	0.380347096993515	4.9229007456125	6.41386136582708
5.45828973370682	0.301262372495588	4.86781548361546	6.04876398379817
5.07663303760724	0.355164185797775	4.3805112334436	5.77275484177087
5.27707865669624	0.334582733340238	4.62129649934937	5.9328608140431
5.8255751274656	0.34032674266038	5.15853471185126	6.49261554307994
5.33612707793012	0.330851646573314	4.68765785064643	5.98459630521382
5.42615452063409	0.340606348988339	4.75856607661695	6.09374296465124
5.55534647571321	0.366842371670357	4.83633542723931	6.27435752418711
5.26298915048673	0.324205575310928	4.62754622287731	5.89843207809615
4.91585967374294	0.319500339769811	4.28963900779411	5.54208033969177
5.55580683024629	0.320898895020842	4.92684499600544	6.18476866448714
5.03487471209894	0.364992498836048	4.31948941438028	5.75026000981759
5.18007503751971	0.352578965216434	4.48902026569549	5.87112980934392
5.3062401450053	0.347590555758801	4.62496265571805	5.98751763429255
4.88642700760534	0.364012092149144	4.17296330699301	5.59989070821766
5.18315661582647	0.372780710788316	4.45250642268137	5.91380680897157
5.30651776166609	0.346565879417128	4.62724863800852	5.98578688532367
5.71148947353875	0.354126656971299	5.017401225875	6.40557772120249
5.18935348605023	0.319069372955943	4.56397751505658	5.81472945704388
5.35434667827752	0.334343581369383	4.69903325879353	6.00966009776151
4.98562629036449	0.381620012115193	4.23765106661871	5.73360151411026
5.03545602082219	0.362993152319614	4.32398944227574	5.74692259936863
5.05471342404358	0.327962626013227	4.41190667705765	5.69752017102951
4.9832914057316	0.337340322835323	4.32210437297436	5.64447843848883
4.571558028924	0.334808663879237	3.9153330477207	5.22778301012731
4.74088318073546	0.321794316478741	4.11016632043713	5.3716000410338
4.66484678020067	0.335110196666707	4.00803079473392	5.32166276566741
