estFinal_msm11	sdFinal_msm11	X1	X2
6.41721952019349	0.312933617519077	5.8038696298561	7.03056941053089
6.78426504553052	0.311395301094675	6.17393025538496	7.39459983567609
6.81454224334068	0.308610160485653	6.2096663287888	7.41941815789256
6.29200216299777	0.296773648302926	5.71032581232403	6.8736785136715
6.4941450797602	0.343807506148345	5.82028236770944	7.16800779181095
6.24175837936588	0.313240740134386	5.62780652870248	6.85571023002927
6.42760210716599	0.341128522344205	5.75899020337134	7.09621401096063
5.48514770447102	0.325632270986844	4.84690845333681	6.12338695560524
7.01757606718301	0.297760361025588	6.43396575957285	7.60118637479316
6.43122820159882	0.319284459941698	5.80543066011309	7.05702574308454
6.51472779960259	0.308611102706798	5.90985003829726	7.11960556090791
6.61554440247245	0.32308583394848	5.98229616793343	7.24879263701147
7.00122020865125	0.342220476984902	6.33046807376085	7.67197234354166
6.04056824655332	0.371914885294997	5.31161507137513	6.76952142173152
6.98951614101299	0.31077629312625	6.38039460648554	7.59863767554044
6.51427510425612	0.317357682252021	5.89225404704216	7.13629616147009
7.04655673943224	0.304338211372717	6.45005384514171	7.64305963372277
6.2733303653094	0.328556329064044	5.62935996034387	6.91730077027493
6.56769954242074	0.336259623882234	5.90863067961156	7.22676840522992
6.84580844380071	0.336637910310954	6.18599813959124	7.50561874801019
6.13344273643981	0.331401304948406	5.48389617874093	6.78298929413868
6.7279192997362	0.33002657929576	6.08106720431651	7.37477139515589
6.87797702026846	0.314454848698524	6.26164551681935	7.49430852371756
6.81247422316076	0.35233429105115	6.12189901270051	7.50304943362102
6.3182683382553	0.341878126492413	5.64818721033017	6.98834946618043
6.10652404900869	0.318232967095937	5.48278743350066	6.73026066451673
6.80274424457862	0.341135565296584	6.13411853659731	7.47136995255992
6.24422777331746	0.343655203756178	5.57066357395535	6.91779197267957
6.65996485823312	0.380497563926911	5.91418963293638	7.40574008352987
6.55979226893819	0.39818501999845	5.77934962974123	7.34023490813515
6.54477968820879	0.32738412508803	5.90310680303625	7.18645257338133
6.63066043750235	0.33101432338329	5.9818723636711	7.27944851133359
6.720873567658	0.311111633537993	6.11109476592353	7.33065236939246
6.28960817581736	0.311162766037293	5.67972915438427	6.89948719725046
6.72393252304222	0.309262699286807	6.11777763244008	7.33008741364436
5.99569273873423	0.304487216723843	5.39889779395549	6.59248768351296
6.45829597019625	0.392063738092278	5.68985104353539	7.22674089685712
5.96619366443143	0.358058471708777	5.26439905988222	6.66798826898063
6.51565800836571	0.314492600468588	5.89925251144727	7.13206350528414
6.17547034608825	0.301733598570137	5.58407249289078	6.76686819928572
6.61213771100917	0.341789640807817	5.94223001502585	7.2820454069925
6.20337064204572	0.324847852641494	5.56666885086839	6.84007243322304
6.05965588664758	0.341096370629984	5.39110700021282	6.72820477308235
6.40187229973303	0.327979624272683	5.75903223615857	7.04471236330749
6.23786524801304	0.32395676833789	5.60290998207077	6.8728205139553
6.36282819399813	0.368022606562252	5.64150388513612	7.08415250286014
7.42103021944977	0.341969529016533	6.75076994257737	8.09129049632218
6.67241174872616	0.3137012150422	6.05755736724344	7.28726613020887
6.61161570989413	0.366588999679073	5.89310127052314	7.33013014926511
6.45911641362912	0.321256695839064	5.82945328978455	7.08877953747368
6.94785815727453	0.325932290994021	6.30903086692624	7.58668544762281
6.81678645038015	0.337557748789802	6.15517326275214	7.47839963800816
6.51428907436652	0.305227775345846	5.91604263468867	7.11253551404438
6.69172865986345	0.313504001269186	6.07726081737585	7.30619650235106
6.54557019612637	0.290046425251305	5.97707920263382	7.11406118961893
6.34116368242913	0.31611312445649	5.72158195849441	6.96074540636385
6.79471175535925	0.305369284836419	6.19618795707987	7.39323555363863
6.56874110063507	0.321665924483538	5.93827588864734	7.1992063126228
6.25326833754055	0.325121975488791	5.61602926558252	6.89050740949858
6.42626340455686	0.300050634694011	5.8381641605566	7.01436264855712
5.482015194433	0.313679204842627	4.86720395294145	6.09682643592455
6.64634694139128	0.316426758836166	6.02615049407239	7.26654338871016
6.26609740289942	0.316211781715925	5.64632231073621	6.88587249506263
6.38117170323004	0.354786675784065	5.68578981869327	7.07655358776681
6.39203098104693	0.317125858859338	5.77046429768262	7.01359766441123
6.81931796816925	0.301421810619242	6.22853121935554	7.41010471698297
6.47948140836723	0.341061704966964	5.81100046663198	7.14796235010248
6.25230880330197	0.320766419652059	5.62360662078394	6.88101098582001
6.8094315854494	0.314715384375575	6.19258943207328	7.42627373882553
5.71142197453996	0.346312066688081	5.03265032383132	6.3901936252486
6.46863966879439	0.309972657204552	5.86109326067347	7.07618607691531
6.98108157741329	0.316051903003003	6.3616198475274	7.60054330729917
6.52409414026436	0.325017618031941	5.88705960892175	7.16112867160696
6.02100152544098	0.333904144537775	5.36654940214694	6.67545364873502
5.88382802622433	0.346050896119041	5.20556826983101	6.56208778261765
6.17654862364654	0.343166448666383	5.50394238426043	6.84915486303265
6.78505305797905	0.305709309795889	6.1858628107791	7.38424330517899
6.34550736361227	0.325920162478328	5.70670384515475	6.98431088206979
6.46407273425845	0.31105438401241	5.85440614159412	7.07373932692277
6.15949953032301	0.335981088698925	5.50097659647311	6.8180224641729
6.17736720605737	0.352317300586947	5.48682529690695	6.86790911520778
6.54862606661839	0.315717237365197	5.9298202813826	7.16743185185417
6.34895026346114	0.331912682318499	5.69840140611688	6.9994991208054
6.39435376010252	0.351406071709483	5.70559785955194	7.08310966065311
6.60158223587796	0.301186625298325	6.01125645029324	7.19190802146268
5.98445171957261	0.267052305774451	5.46102920025468	6.50787423889053
6.75454841686622	0.336940011655547	6.09414599402135	7.41495083971109
6.64930128658955	0.306836690089794	6.04790137401355	7.25070119916554
6.73280360144241	0.312451300907676	6.12039905166336	7.34520815122145
6.08693757934353	0.300485793045192	5.49798542497495	6.6758897337121
5.92244276993323	0.350373366724033	5.23571097115413	6.60917456871234
6.18430407818913	0.335792351064633	5.52615107010245	6.84245708627581
6.07983612744465	0.321075213521063	5.45052870894337	6.70914354594594
6.40543681077241	0.331762018042656	5.7551832554088	7.05569036613602
6.29883293798661	0.284110243635518	5.74197686046099	6.85568901551222
6.83704033469226	0.354652224740028	6.1419219742018	7.53215869518271
6.41239351916359	0.337185213615459	5.75151050047729	7.07327653784989
6.37017495990696	0.343578843322057	5.69676042699572	7.04358949281819
6.61484652401972	0.37991081073769	5.87022133497385	7.3594717130656
6.77658138702638	0.313124579598278	6.16285721101376	7.39030556303901
6.29504322288468	0.31259067174693	5.6823655062607	6.90772093950866
5.77120963654084	0.28363187305884	5.21529116534551	6.32712810773616
6.39254276575083	0.328096932517212	5.74947277801709	7.03561275348456
6.08483682506916	0.328702512718438	5.44057990014103	6.7290937499973
6.53408420102698	0.313572415645788	5.91948226636123	7.14868613569272
6.25096636491485	0.319409220635366	5.62492429246953	6.87700843736017
7.01041817452724	0.346926492382627	6.33044224945729	7.69039409959719
6.81052056404904	0.344882240284491	6.13455137309144	7.48648975500664
5.74189331143686	0.325672661229908	5.10357489542625	6.38021172744748
6.26080240180422	0.324647210852926	5.62449386853249	6.89711093507596
5.7464477440221	0.321036090469665	5.11721700670155	6.37567848134264
6.04876847683843	0.311559939014269	5.43811099637046	6.6594259573064
5.83573072469668	0.321565994032894	5.20546137639221	6.46600007300115
6.39194445262959	0.336674733980336	5.73206197402813	7.05182693123105
6.27243515755655	0.328359668331196	5.62885020762741	6.9160201074857
6.99658605695678	0.33238225609683	6.345116835007	7.64805527890657
6.58646375644716	0.330928752073029	5.93784340238402	7.2350841105103
6.28393831646034	0.341297781762925	5.614994664205	6.95288196871567
6.53965715446698	0.301282298224052	5.94914384994784	7.13017045898613
6.3951306587763	0.350830346657455	5.70750317932768	7.08275813822491
6.6306607720691	0.32825430925819	5.98728232592304	7.27403921821515
6.51424149689599	0.310117462610989	5.90641127017846	7.12207172361353
6.53320507118034	0.353167967444358	5.8409958549894	7.22541428737128
6.48046028382281	0.356817392298803	5.78109819491716	7.17982237272847
6.70767074851826	0.348270448464378	6.02506066952808	7.39028082750844
6.24636374949913	0.296578179913051	5.66507051686955	6.82765698212871
6.17452527635237	0.358699349930183	5.47147455048921	6.87757600221553
6.97893843607455	0.324477808892756	6.34296193064475	7.61491494150435
6.83179231033511	0.346662462310251	6.15233388420702	7.5112507364632
6.83418061923434	0.327443272920569	6.19239180431002	7.47596943415865
6.23447934796616	0.346773439471989	5.55480340660106	6.91415528933126
6.6637790871443	0.314575466383005	6.04721117303361	7.28034700125499
6.53490643424418	0.31765847252647	5.9122958280923	7.15751704039606
6.42631719219691	0.31494443777619	5.80902609415557	7.04360829023824
6.07045069377158	0.282929035675509	5.51590978384759	6.62499160369558
5.99362347457409	0.338200866878064	5.33074977549308	6.6564971736551
6.82945518964145	0.336121840858701	6.1706563815584	7.48825399772451
6.34313222136435	0.308639893147162	5.73819803079591	6.94806641193279
6.01111665895783	0.306687482808732	5.41000919265271	6.61222412526294
7.12664641693407	0.332044644871367	6.47583891298618	7.77745392088195
6.80084453780245	0.313654169233945	6.18608236610391	7.41560670950098
6.46368545667196	0.297387447849918	5.88080605888612	7.0465648544578
6.06399448590749	0.311380757335912	5.4536882015291	6.67430077028588
5.69825240859722	0.314552105563635	5.0817302816925	6.31477453550195
6.80851726731401	0.286777358256438	6.24643364513139	7.37060088949662
6.51109757956779	0.340658062658507	5.84340777675712	7.17878738237847
6.52691450235653	0.360633599444831	5.82007264744466	7.2337563572684
6.39990131015866	0.34939648438148	5.71508420077096	7.08471841954636
6.24327074048243	0.288039442784313	5.67871343262518	6.80782804833968
6.06329686583189	0.33085339028868	5.41482422086608	6.7117695107977
6.1625583758391	0.304252684565689	5.56622311409035	6.75889363758785
6.46918586483631	0.363859636447877	5.75602097739847	7.18235075227415
5.95634888292	0.31799141992169	5.33308569987349	6.57961206596652
6.34347582711453	0.289663373957437	5.77573561415796	6.91121604007111
6.39767611561898	0.302338373716342	5.80509290313495	6.99025932810301
6.44149655493576	0.357195701805218	5.74139297939753	7.14160013047399
6.5026630588445	0.311133281162977	5.89284182776506	7.11248428992393
6.50564960575891	0.292928636472176	5.93150947827344	7.07978973324437
6.48602210045438	0.347852720539498	5.80423076819697	7.1678134327118
6.48146836666212	0.303752716772003	5.886113041789	7.07682369153525
6.51126412148637	0.31079871368211	5.90209864266944	7.12042960030331
6.56271147878892	0.326766304086971	5.92224952277846	7.20317343479938
5.9622052829157	0.348490303978831	5.27916428711719	6.6452462787142
6.33042715821354	0.303761877549454	5.73505387821661	6.92580043821047
6.98112750788944	0.361377400145563	6.27282780360414	7.68942721217475
6.80041970261766	0.326903292347442	6.15968924961667	7.44115015561865
6.361394978594	0.314995538953611	5.74400372224492	6.97878623494307
6.56381876011184	0.290217797057104	5.99499187787992	7.13264564234376
6.57204872311341	0.338772873048792	5.90805389193778	7.23604355428904
6.53307503423123	0.322623680550892	5.90073262035149	7.16541744811098
6.10844106545132	0.317121205678143	5.48688350232216	6.72999862858048
6.64320903342996	0.264109586820026	6.12555424326271	7.16086382359721
6.42701917995426	0.291387694669444	5.85589929840215	6.99813906150638
6.40473276993865	0.332136508635012	5.75374521301402	7.05572032686327
6.90718917231139	0.324878187998333	6.27042792383466	7.54395042078813
7.04597445294832	0.322988681683173	6.4129166368493	7.67903226904733
6.01309899697245	0.308918460359644	5.40761881466755	6.61857917927736
6.61029224624695	0.307765973780644	6.00707093763689	7.21351355485701
6.49082026611035	0.310984286677295	5.88129106422286	7.10034946799785
6.7423300806513	0.334813751187939	6.08609512832294	7.39856503297966
6.20533132233617	0.325594102221206	5.5671668819826	6.84349576268973
6.6313975687939	0.35091631654193	5.94360158837172	7.31919354921608
6.54161628797258	0.336255679378168	5.88255515639137	7.20067741955379
6.83762757963196	0.311712626903149	6.22667083090179	7.44858432836213
6.79378057856087	0.327075690546272	6.15271222509018	7.43484893203156
6.84987060577702	0.34235984944258	6.17884530086956	7.52089591068447
6.55454631251745	0.329249891270099	5.90921652562806	7.19987609940684
6.80141120042573	0.31953968750599	6.17511341291398	7.42770898793747
7.12853469176086	0.313986025601236	6.51312208158244	7.74394730193928
6.29691434779433	0.339995203972567	5.6305237480081	6.96330494758057
6.85490756004694	0.322490166787098	6.22282683314423	7.48698828694966
6.26260542791872	0.369238902656381	5.53889717871221	6.98631367712523
6.77639257164417	0.333044238471794	6.12362586423946	7.42915927904889
6.28954187153664	0.294037979572589	5.71322743157436	6.86585631149891
6.45412080616555	0.353812892546245	5.76064753677491	7.14759407555619
5.86261938299462	0.331636684920502	5.21261148055043	6.5126272854388
6.5339192656503	0.325218385732893	5.89649122961383	7.17134730168677
6.96065747491525	0.338617689631513	6.29696680323748	7.62434814659301
6.53847849788529	0.302670786824592	5.94524375570909	7.13171324006149
6.35326563500834	0.31783066111272	5.73031753922741	6.97621373078927
6.5933576341251	0.346543812543224	5.91413176154038	7.27258350670981
6.53888669101122	0.356541947834938	5.84006447325474	7.2377089087677
6.64229483214733	0.291379522389943	6.07119096826304	7.21339869603162
6.15259233878025	0.313143116920941	5.53883182961521	6.76635284794529
6.92179247293477	0.333462764879246	6.26820545377145	7.5753794920981
5.98305725391433	0.291870162359164	5.41099173569037	6.5551227721383
6.71085998509055	0.332566608640598	6.05902943215498	7.36269053802612
6.05738629891493	0.312650791062726	5.44459074843198	6.67018184939787
6.42676156971366	0.260773877929021	5.91564476897278	6.93787837045454
6.70914361572024	0.303934999078567	6.11343101752625	7.30485621391423
6.15069689493656	0.325273172296718	5.51316147723499	6.78823231263812
6.49469153613807	0.3609615893953	5.78720682092328	7.20217625135286
6.23404346503715	0.307584113439736	5.63117860269526	6.83690832737903
6.2313880942471	0.35191438622047	5.54163589725498	6.92114029123922
7.02933122117785	0.353097214477996	6.33726068080098	7.72140176155472
6.81165348482515	0.398003875029152	6.03156588976801	7.59174107988229
7.26760483803479	0.367338115988008	6.5476221306983	7.98758754537129
6.40724319999438	0.339352750030985	5.74211180993365	7.07237459005511
6.00723561514734	0.310857093807178	5.39795571128527	6.61651551900941
7.42922362315957	0.298371992294676	6.844414518262	8.01403272805713
6.91164909268412	0.335485103465335	6.25409828989206	7.56919989547617
6.33187844934476	0.340394408546092	5.66470540859442	6.9990514900951
6.89279493037095	0.284435295299349	6.33530175158423	7.45028810915768
6.32095853568117	0.284252727057303	5.76382319064886	6.87809388071349
6.57416525430127	0.307151548737846	5.9721482187751	7.17618228982745
6.19478367858423	0.344350838868453	5.51985603440206	6.8697113227664
6.29848383236683	0.326670764437379	5.65820913406957	6.9387585306641
6.37436187722615	0.319255871759209	5.7486203685781	7.0001033858742
6.61756131209285	0.393912687734244	5.84549244413373	7.38963018005197
6.84694672764869	0.331458772296089	6.19728753394836	7.49660592134903
5.88587730015842	0.306981122828547	5.28419429941447	6.48756030090237
6.07445047553299	0.325985887444823	5.43551813614114	6.71338281492485
6.53691720019713	0.304962959150602	5.93918980026195	7.13464460013231
5.97086673108585	0.325276801881146	5.3333241993988	6.60840926277289
6.78264592725132	0.307585546419319	6.17977825626945	7.38551359823318
5.90369481224083	0.331956152919579	5.25306075251846	6.55432887196321
6.57328447252313	0.34507662026451	5.8969342968047	7.24963464824157
6.94580015296434	0.340654476240338	6.27811737953328	7.6134829263954
6.39164045168683	0.370887418831094	5.66470111077789	7.11857979259578
6.60133353601555	0.35906671859619	5.89756276756701	7.30510430446408
6.59076331480859	0.271601843331099	6.05842370187964	7.12310292773755
6.45640731254873	0.347242135920389	5.77581272614476	7.13700189895269
6.2018730614422	0.309326804450228	5.59559252471976	6.80815359816465
6.31116299751158	0.315343014857479	5.69309068839092	6.92923530663224
5.51337487095819	0.324055984539603	4.87822514126057	6.14852460065581
6.80723543043745	0.323920102081277	6.17235203035814	7.44211883051675
6.92617624418712	0.311941975958416	6.31476997130862	7.53758251706561
7.05925313500497	0.337138014318444	6.39846262694082	7.72004364306912
6.73548953787165	0.349724710447698	6.05002910539416	7.42094997034914
6.63409943446578	0.319889957142372	6.00711511846673	7.26108375046482
6.56735656022599	0.326183793869713	5.92803632424135	7.20667679621063
6.93360546195605	0.354043792891805	6.23967962788812	7.62753129602399
5.86981082470709	0.311631910382146	5.25901228035808	6.48060936905609
6.7115800954634	0.358016371613688	6.00986800710057	7.41329218382623
6.57747379398877	0.331040122361177	5.92863515416087	7.22631243381668
7.0140842201769	0.289227862084805	6.44719761049069	7.58097082986312
6.10832775423461	0.351858907934743	5.41868429468251	6.79797121378671
5.87866466313511	0.286903121233554	5.31633454551734	6.44099478075287
6.36952902640639	0.33393014379699	5.71502594456429	7.02403210824849
6.6681546802985	0.312970448956742	6.05473260034329	7.28157676025372
6.35775109393113	0.336434662051342	5.6983391563105	7.01716303155176
7.43586999119666	0.317654750771932	6.81326667968368	8.05847330270965
6.04764312918931	0.331599330339764	5.39770844172338	6.69757781665525
6.69775023422777	0.332258027419377	6.04652450048579	7.34897596796975
5.90426221989	0.330178504887289	5.25711235031091	6.55141208946909
6.84488639588805	0.307260127637106	6.24265654571933	7.44711624605678
6.73684250014019	0.313343318232699	6.1226895964041	7.35099540387628
6.35029020356666	0.322636102702285	5.71792344227018	6.98265696486314
5.95620966444984	0.321617929845402	5.32583852195285	6.58658080694683
6.20744490562982	0.309500336023834	5.60082424702311	6.81406556423654
6.46254105425534	0.353945209267219	5.76880844409159	7.15627366441908
6.63706482855522	0.348942379194507	5.95313776533398	7.32099189177645
6.47465209738571	0.308349873515334	5.87028634529566	7.07901784947577
6.69907897251342	0.302991643271502	6.10521535170127	7.29294259332556
6.42804398510549	0.335501626984595	5.77046079621569	7.0856271739953
7.02757973984494	0.319869815463154	6.40063490153716	7.65452457815272
6.1521281789554	0.329783426392553	5.50575266322599	6.7985036946848
6.28585099292792	0.296189317700854	5.70531993023425	6.8663820556216
6.48059310969367	0.27273686065076	5.94602886281818	7.01515735656915
6.06821607161187	0.360858016217148	5.36093435982626	6.77549778339748
6.8734635442445	0.310141631097068	6.26558594729425	7.48134114119476
6.24542655358765	0.301471869254359	5.6545416898491	6.83631141732619
6.86068239603561	0.299810440028785	6.27305393357919	7.44831085849203
6.73085657430385	0.325240800011923	6.09338460628048	7.36832854232721
6.48807120230508	0.319096022741569	5.86264299773161	7.11349940687856
6.40876464803737	0.335292607318697	5.75159113769272	7.06593815838201
6.31122880164464	0.327463295278267	5.66940074289924	6.95305686039004
6.90091130522705	0.352307754988265	6.21038810545005	7.59143450500405
6.23085972830563	0.324964180292754	5.59392993493183	6.86778952167943
6.67208929643102	0.311960612607643	6.06064649572004	7.283532097142
6.68021043960488	0.268474735481478	6.15399995806119	7.20642092114858
6.76451669522748	0.287714502510253	6.20059627030738	7.32843712014757
6.3951472492079	0.355208359490322	5.69893886460687	7.09135563380893
5.98075220248707	0.380278380367141	5.23540657696748	6.72609782800667
5.97670382761568	0.312005163241454	5.36517370766243	6.58823394756893
6.17612160083011	0.305192875537343	5.57794356477692	6.7742996368833
5.7325493895216	0.340002995441532	5.0661435184562	6.398955260587
6.17529055345341	0.296420724172176	5.59430593407594	6.75627517283087
6.54012103652347	0.327054535554145	5.89909414683735	7.1811479262096
6.51871167200394	0.337941870107314	5.85634560659361	7.18107773741428
5.96590306720793	0.343296709891581	5.29304151582043	6.63876461859542
6.42943065175624	0.331535077848088	5.77962189917399	7.07923940433849
5.96250538618664	0.339990597175425	5.29612381572281	6.62888695665048
6.8226419229261	0.338779168135038	6.15863475338142	7.48664909247077
6.57631097395895	0.320341893972012	5.94844086177381	7.20418108614409
6.43794816695744	0.31553010850863	5.81950915428052	7.05638717963435
6.65825612054141	0.280694044156522	6.10809579399463	7.2084164470882
5.75033496388254	0.334093382635583	5.0955119339168	6.40515799384829
6.46538510703779	0.332316874391142	5.81404403323115	7.11672618084443
6.8516686178093	0.377221430295295	6.11231461443052	7.59102262118808
5.92060416582675	0.338059097625389	5.25800833448099	6.58319999717252
6.43679787481891	0.299776704514892	5.84923553396972	7.0243602156681
5.68629515775483	0.314263333080187	5.07033902491766	6.30225129059199
6.49746319451026	0.297714966173562	5.91394186081007	7.08098452821044
6.18008331237449	0.340355173196852	5.51298717290866	6.84717945184032
6.12983142658977	0.315634400391296	5.51118800182283	6.74847485135671
6.46895702224512	0.413244932471692	5.65899695460061	7.27891708988964
6.28307770551298	0.304885282179328	5.68550255244149	6.88065285858446
6.18799269387298	0.294393169622201	5.61098208141347	6.7650033063325
6.49727255747217	0.326112893135271	5.85809128692704	7.1364538280173
7.10200680605521	0.342197226400586	6.43130024231006	7.77271336980036
6.17623897953707	0.336490525090148	5.51671755036038	6.83576040871376
6.97867280903855	0.312793252506042	6.3655980341267	7.59174758395039
6.38299535909802	0.347185853078407	5.70251108706434	7.0634796311317
6.26211750438328	0.317633633738846	5.63955558225515	6.88467942651142
6.50921690002417	0.315633278824999	5.89057567352718	7.12785812652117
6.53358638075979	0.285428579332691	5.97414636526771	7.09302639625186
5.79149425340308	0.320080562625434	5.16413635065723	6.41885215614893
5.84289990560764	0.3952131671325	5.06828209802794	6.61751771318734
6.71453432857368	0.313373514803635	6.10032223955856	7.3287464175888
6.37915546642679	0.358949893006568	5.67561367613391	7.08269725671966
6.49032911563905	0.270536119383871	5.96007832164666	7.02057990963144
6.70132494220282	0.321987608084453	6.0702292303573	7.33242065404835
6.56498854560321	0.265237190970346	6.04512365130133	7.08485343990509
6.81045066544225	0.337636900376518	6.14868234070427	7.47221899018022
7.00115315584407	0.321761449950501	6.37050071394109	7.63180559774705
6.31188319992104	0.304663178008581	5.71474337102422	6.90902302881786
6.64199462016197	0.300168376703617	6.05366460182288	7.23032463850106
6.70953244569957	0.316628985860809	6.08893963341239	7.33012525798676
6.41166414132749	0.292718314903703	5.83793624411624	6.98539203853875
6.1571360622273	0.375809867771831	5.42054872139451	6.89372340306009
5.50357181213074	0.34378225846262	4.829758585544	6.17738503871747
6.27663342808183	0.279966809097774	5.7278984822502	6.82536837391347
6.60253607285308	0.318135471112078	5.97899054947341	7.22608159623275
6.54266385635832	0.335796721998058	5.88450228124213	7.20082543147451
6.93347163466587	0.326551375742144	6.29343093821126	7.57351233112047
6.31143810273035	0.341272296504666	5.64254440158121	6.9803318038795
6.52774165194232	0.329000214501617	5.88290123151915	7.17258207236548
6.22754885316785	0.34248562750146	5.55627702326498	6.89882068307071
6.1149752457283	0.376266997864183	5.37749192991451	6.8524585615421
6.11810915980517	0.332620389298493	5.46617319678012	6.77004512283021
6.8786899545719	0.334895278803499	6.22229520811704	7.53508470102676
6.6132618819848	0.331658351890072	5.96321151228026	7.26331225168934
6.15907168342	0.293402328392052	5.58400311977157	6.73414024706842
5.97843413724192	0.310870919024933	5.36912713595305	6.58774113853079
6.72517632920156	0.354358987602158	6.03063271350133	7.41971994490179
5.9577369897289	0.319621824698278	5.33127821332027	6.58419576613752
5.93910212310244	0.32541184300037	5.30129491082171	6.57690933538316
6.28894011740476	0.326398633990017	5.64919879478433	6.9286814400252
6.40682066608774	0.323243273120824	5.77326385077092	7.04037748140455
6.25642327743714	0.368862655220809	5.53345247320436	6.97939408166993
6.65426432533709	0.317495908657081	6.03197234436921	7.27655630630497
6.60376709687967	0.303707723521601	6.00849995877733	7.19903423498201
6.55061231226664	0.294444585035443	5.97350092559717	7.12772369893611
7.03801145959333	0.305571882787165	6.43909056933048	7.63693234985617
6.44318418254384	0.36169779416643	5.73425650597764	7.15211185911004
6.55803895863364	0.400077384721516	5.77388728457946	7.34219063268781
6.62806768788773	0.371132379753664	5.90064822357055	7.35548715220491
6.65999166177524	0.295310679722062	6.08118272952	7.23880059403048
6.67299562498308	0.368921036610669	5.94991039322617	7.39608085674
6.73274040481227	0.301555024537534	6.14169255671871	7.32378825290584
6.73962665457108	0.358948919742933	6.03608677187493	7.44316653726723
6.95006930841629	0.358068565769054	6.24825491950894	7.65188369732363
6.41494102519043	0.319241097694528	5.78922847370916	7.04065357667171
6.50498228472912	0.369198770782176	5.78135269399605	7.22861187546218
6.01090723042167	0.326776124500633	5.37042602640043	6.65138843444292
6.35962714276746	0.309114026287989	5.753763651243	6.96549063429192
5.73388035741168	0.311708546068834	5.12293160711677	6.34482910770659
6.18051726008413	0.352361813329347	5.48988810595861	6.87114641420965
6.82873915085211	0.343056830769588	6.15634776254372	7.5011305391605
5.99529400685029	0.332378388897505	5.34383236461118	6.6467556490894
6.34532284777906	0.353258164845606	5.65293684468167	7.03770885087645
6.68141210518597	0.369128785726449	5.95791968516213	7.40490452520981
6.0910704998787	0.359070028812867	5.38729324340548	6.79484775635192
6.15861416355258	0.335096675628304	5.5018246793211	6.81540364778405
6.12389107130544	0.297731548861078	5.54033723553773	6.70744490707316
5.96701351256388	0.32997820149051	5.32025623764248	6.61377078748528
6.90752080008427	0.303746414490427	6.31217782768303	7.50286377248551
6.32840754661818	0.330624542939048	5.68038344245765	6.97643165077871
7.19969728690624	0.325625093865093	6.56147210293066	7.83792247088182
6.23341614316536	0.292576029915265	5.65996712453144	6.80686516179928
5.50631342540994	0.332242023991361	4.85511905838688	6.15750779243301
5.94535092116138	0.308377646872617	5.34093073329105	6.54977110903171
6.53039531831423	0.312119662601764	5.91864077961477	7.14214985701368
6.55007802211743	0.327073360528123	5.90901423548231	7.19114180875255
6.33191438890788	0.317106744461244	5.71038516976384	6.95344360805192
6.20280467393411	0.380253947525353	5.45750693678441	6.9481024110838
6.17803855294835	0.31734474545817	5.55604285185034	6.80003425404636
6.37731577576024	0.314171939931475	5.76153877349455	6.99309277802593
6.47383987401694	0.351290021310934	5.78531143224751	7.16236831578637
6.70589461651407	0.314061437206332	6.09033419958966	7.32145503343848
5.96796937174692	0.323951042167614	5.3330253290984	6.60291341439545
6.68971179249652	0.315535544700529	6.07126212488348	7.30816146010955
6.13277450412353	0.338045386735556	5.47020554612184	6.79534346212522
6.47970213359862	0.345954484091675	5.80163134477894	7.1577729224183
6.15903262619816	0.33228116233107	5.50776154802926	6.81030370436706
6.27789511539297	0.314761194987386	5.6609631732177	6.89482705756825
5.96324403071969	0.284316229732338	5.4059842204443	6.52050384099507
6.43036060704538	0.300041189319783	5.84227987597861	7.01844133811216
6.29980013521614	0.353109501396741	5.60770551247853	6.99189475795375
6.25937758954044	0.35929773402006	5.55515403086113	6.96360114821976
6.15721646129565	0.327165693245551	5.51597170253437	6.79846122005693
6.33983759986834	0.323273645902652	5.70622125389915	6.97345394583754
6.8150620556837	0.300306195863665	6.22646191179092	7.40366219957648
6.86975357977414	0.37854140351493	6.12781242888487	7.6116947306634
5.64500602317009	0.337538432134978	4.98343069618553	6.30658135015465
5.70354104690247	0.340833159573461	5.03550805413849	6.37157403966646
6.67765159948864	0.30391491955028	6.08197835717009	7.27332484180719
6.65583417673905	0.29641427622329	6.0748621953414	7.2368061581367
7.16768995000486	0.307880300886624	6.56424456026708	7.77113533974264
6.22720198892638	0.317462370621546	5.60497574250815	6.84942823534461
6.73895449496738	0.353179653208871	6.04672237467799	7.43118661525676
6.23717411695706	0.332735369065645	5.5850127935884	6.88933544032573
7.00424412645998	0.319535578872468	6.37795439186994	7.63053386105002
6.32421440537363	0.306820868514719	5.72284550308478	6.92558330766248
6.18455102689184	0.305323491527016	5.58611698349889	6.78298507028479
6.63258648829336	0.321330654845668	6.00277840479585	7.26239457179087
6.28793480873241	0.3326434994214	5.63595354986647	6.93991606759835
6.46270964855298	0.326257887981774	5.8232441881087	7.10217510899726
6.52432156624719	0.364789322473751	5.80933449419864	7.23930863829574
6.35591496289338	0.326795678652802	5.71539543273389	6.99643449305287
6.32838250793286	0.30928146999947	5.7221908267339	6.93457418913182
6.92358893270577	0.299941262717984	6.33570405777852	7.51147380763302
6.09033762318004	0.330878875685662	5.44181502683614	6.73886021952394
6.53739958995391	0.328232178239508	5.89406452060447	7.18073465930334
6.43751830524746	0.309212987086298	5.83146085055832	7.04357575993661
6.42903322659717	0.318213997359794	5.80533379177197	7.05273266142236
6.94701594771856	0.397857420720249	6.16721540310687	7.72681649233025
6.41119083174346	0.354811480175818	5.71576033059885	7.10662133288806
6.40372894357226	0.292507952719882	5.8304133562413	6.97704453090323
6.09852831353813	0.337415411619132	5.43719410676463	6.75986252031163
6.67874724287312	0.330014755797873	6.03191832150929	7.32557616423695
6.37302968206015	0.337337723997139	5.71184774302576	7.03421162109455
6.65424957812112	0.304002904929296	6.0584038844597	7.25009527178254
5.69314455765134	0.344216530668311	5.01848015754145	6.36780895776122
6.72939679329954	0.334758058637376	6.07327099837028	7.3855225882288
6.34494480515291	0.332795877626791	5.6926648850044	6.99722472530143
6.26113017450757	0.357098338394967	5.56121743125344	6.96104291776171
7.04943687231468	0.301166536885435	6.45915046001923	7.63972328461013
5.73396425151141	0.343822526214989	5.06007210013003	6.40785640289279
6.59886949740222	0.315815082787355	5.979871935139	7.21786705966543
6.32166225108069	0.322956802056719	5.68866691904953	6.95465758311186
6.15488718556548	0.302263584101905	5.56245056072574	6.74732381040521
6.43589433392811	0.299154986928299	5.84955055954865	7.02223810830758
6.26855282382034	0.334208984350182	5.61350321449398	6.9236024331467
6.14054523560413	0.306289922050041	5.54021698838605	6.74087348282221
6.08032060853326	0.319428245124511	5.45424124808922	6.7063999689773
5.90101178417817	0.316166387321754	5.28132566502753	6.52069790332881
6.64340386501563	0.315820952241334	6.02439479862261	7.26241293140865
7.08275333344856	0.317889639259118	6.45968964050069	7.70581702639643
6.61544056673738	0.333780501101545	5.96123078457835	7.26965034889641
6.62980219370129	0.370314735179235	5.90398531275	7.35561907465259
6.11531979260408	0.293459700978357	5.5401387786865	6.69050080652166
6.35838168706089	0.334789051624835	5.70219514587621	7.01456822824556
6.85186542057637	0.347308746591583	6.17114027725687	7.53259056389587
5.92050051008087	0.312329038651137	5.30833559432465	6.5326654258371
6.34293029298159	0.365533530062138	5.6264845740598	7.05937601190338
6.73244693378603	0.350772801194377	6.04493224344505	7.419961624127
6.43832932708343	0.320202055095693	5.81073329909588	7.06592535507099
6.29777912486628	0.345996780374588	5.61962543533209	6.97593281440047
6.20840667462772	0.294705493902889	5.63078390657806	6.78602944267739
6.24037221563508	0.336702610889367	5.58043509829192	6.90030933297824
6.32855752144821	0.35177926777203	5.63907015661503	7.01804488628138
6.04379064124464	0.279249437515824	5.49646174371363	6.59111953877566
6.24665427440465	0.307231305006732	5.64448091659145	6.84882763221784
6.36030181623982	0.320383703372382	5.73234975762995	6.98825387484969
6.04305920899609	0.334925586884772	5.38660505870194	6.69951335929025
6.53152966781282	0.330445873498645	5.88385575575547	7.17920357987016
6.37182357622127	0.301386406481847	5.78110621951685	6.96254093292569
6.48806697900749	0.343979917521882	5.81386634066461	7.16226761735038
6.3789001248044	0.313744462138944	5.76396097901206	6.99383927059673
6.28432814334423	0.334596682582077	5.62851864548336	6.9401376412051
6.59944208566815	0.317029746867608	5.97806378180763	7.22082038952866
6.78327959123219	0.323459325197191	6.1492993138457	7.41725986861869
6.29470694618601	0.30766281646349	5.69168782591757	6.89772606645445
6.30932824104984	0.327290141978165	5.66783956277264	6.95081691932705
6.72304250265518	0.32637534767162	6.08334682121881	7.36273818409156
6.33821323908311	0.315879975150625	5.71908848778789	6.95733799037834
6.43664795176107	0.319956543488914	5.8095331265228	7.06376277699934
6.47229863684054	0.316108710926168	5.85272556342525	7.09187171025583
6.03823362127386	0.36455846003476	5.32369903960573	6.75276820294198
6.48951957535269	0.299108256188242	5.90326739322373	7.07577175748164
6.51400405349676	0.309199726231257	5.9079725900835	7.12003551691003
6.69484394497529	0.309935432188042	6.08737049788673	7.30231739206385
6.37917673351454	0.326099540630747	5.74002163387828	7.0183318331508
6.25272472532624	0.315728597753473	5.63389667372943	6.87155277692305
6.66452177788891	0.301743662524219	6.07310419934144	7.25593935643638
6.11238843916363	0.296549314299146	5.53115178313731	6.69362509518996
6.55182681197222	0.307563560952389	5.94900223250554	7.15465139143891
6.08653930397674	0.314698807613374	5.46972964105453	6.70334896689896
6.31812997803182	0.315121298222026	5.70049223351664	6.93576772254699
6.19479381733839	0.33134977339276	5.54534826148858	6.84423937318819
6.2978131241431	0.318982911723985	5.67260661716409	6.92301963112211
6.0389570303326	0.318998889434172	5.41371920704162	6.66419485362357
6.78985258980242	0.320000031295893	6.16265252846247	7.41705265114237
6.40053657625267	0.358171424212824	5.69852058479554	7.10255256770981
6.61583580726304	0.339709456612257	5.95000527230302	7.28166634222306
7.27836405464336	0.329595433362759	6.63235700525235	7.92437110403436
6.25845452896442	0.332117852195433	5.60750353866137	6.90940551926747
6.35215970572358	0.356667351492333	5.65309169679861	7.05122771464855
5.59238344970239	0.337402399529391	4.93107474662478	6.25369215277999
6.30671793519213	0.268251481389536	5.78094503166863	6.83249083871562
5.77678456950435	0.276394458128767	5.23505143157196	6.31851770743673
6.33941680717062	0.355599690584321	5.64244141362535	7.03639220071589
6.63440544213465	0.335082637126681	5.97764347336636	7.29116741090294
7.02617383691849	0.286339920062651	6.4649475935957	7.58740008024129
6.43928450451295	0.351485706320846	5.75037252012409	7.12819648890181
6.11394259056773	0.348952283242825	5.42999611541179	6.79788906572367
5.76937937540387	0.284680780754902	5.21140504512426	6.32735370568348
6.587555242713	0.338581904659557	5.92393470958026	7.25117577584573
6.41464891473277	0.339120091443361	5.74997353550378	7.07932429396176
6.36005288994045	0.285279977988594	5.8009041330828	6.91920164679809
6.21987937631069	0.35255788799781	5.52886591583498	6.9108928367864
6.34295901639545	0.33270720287723	5.69085289875608	6.99506513403482
6.15088476279423	0.350888616351287	5.46314307474571	6.83862645084276
5.73178598818689	0.340896046347473	5.06362973734584	6.39994223902794
6.35970794938376	0.310731729740383	5.75067375909261	6.96874213967491
6.58167441487129	0.309943218748942	5.97418570612337	7.18916312361922
6.45693187761318	0.321917148731595	5.82597426609925	7.0878894891271
6.40758069537416	0.307415033653068	5.80504722941415	7.01011416133417
6.46146904019111	0.310733408377124	5.85243155977195	7.07050652061028
6.32153142017559	0.312705642840504	5.7086283602082	6.93443448014298
5.81472989901141	0.324497634840641	5.17871453472375	6.45074526329906
6.281295944394	0.322912918701965	5.64838662373815	6.91420526504985
6.53246084973539	0.331044660327895	5.88361331549271	7.18130838397806
6.72822810930999	0.321146398319101	6.09878116860455	7.35767505001543
6.04915415026397	0.332156153341834	5.39812808971397	6.70018021081396
6.69020766107478	0.323537594124475	6.05607397659081	7.32434134555875
6.30804873453383	0.293735600178759	5.73232695818346	6.88377051088419
6.15616000234374	0.347144016540771	5.47575772992383	6.83656227476366
6.25102352660773	0.321471247176702	5.62093988214139	6.88110717107406
5.92509173174199	0.354510166522125	5.23025180535863	6.61993165812536
5.53467949108092	0.337757711938001	4.87267437568243	6.1966846064794
6.35227734668264	0.394127966690183	5.57978653196988	7.1247681613954
6.5325508862569	0.367887301327934	5.81149177565415	7.25360999685965
6.55114413086545	0.346757733171561	5.87149897384919	7.23078928788171
6.58731770621326	0.306562702665509	5.98645480898886	7.18818060343766
6.2924474552519	0.306826400260363	5.69106771074159	6.89382719976221
6.49357553671213	0.327237920341462	5.85218921284287	7.1349618605814
6.39513900479208	0.325918493106338	5.75633875830366	7.03393925128051
6.29931104516148	0.334012287545607	5.64464696157209	6.95397512875087
6.61122621471044	0.288379594576017	6.04600220934144	7.17645022007943
6.26204430588911	0.321352480440548	5.63219344422563	6.89189516755258
6.17897994023383	0.303860992090624	5.58341239573621	6.77454748473145
6.58409709217248	0.361072996776369	5.8763940184908	7.29180016585416
7.1155577977186	0.343594709072903	6.44211216793571	7.78900342750149
6.64185273920427	0.320751869145983	6.01317907567814	7.2705264027304
6.32991320085469	0.323474426548055	5.6959033248205	6.96392307688888
6.26026045943863	0.296758576964934	5.67861364858736	6.8419072702899
6.46164740978381	0.309757616773469	5.85452248090781	7.06877233865981
6.32834401654747	0.320396348068145	5.7003671743339	6.95632085876103
6.42765469203619	0.290296286116058	5.85867397124871	6.99663541282366
6.35947694110345	0.328604551189205	5.71541202077261	7.00354186143429
6.26513610700935	0.364284996351592	5.55113751416023	6.97913469985846
6.21112800091306	0.307952063793888	5.60754195587704	6.81471404594908
5.86000198934271	0.323002514052116	5.22691706180056	6.49308691688486
6.78284860242226	0.288997946086743	6.21641262809224	7.34928457675227
6.21132697172008	0.360521230031921	5.50470536085752	6.91794858258265
5.90989624623868	0.333861569991907	5.25552756905454	6.56426492342281
6.23464475230658	0.282663809295378	5.68062368608764	6.78866581852552
6.47345273017969	0.367941634397777	5.75228712676005	7.19461833359933
6.57596044489569	0.351839104476227	5.88635580012228	7.2655650896691
6.00164997690848	0.336277381723282	5.34254630873085	6.66075364508611
6.7028996116433	0.371385302619043	5.97498441850997	7.43081480477662
6.28508616122554	0.326216288246381	5.64570223626264	6.92447008618845
6.57725902586481	0.336134212923894	5.91843596853398	7.23608208319564
6.43152263292762	0.328774723368821	5.78712417512473	7.07592109073051
6.76813928701238	0.346951194733498	6.08811494533472	7.44816362869004
6.37288919976012	0.343531882513985	5.69956671003271	7.04621168948753
6.81472431170083	0.294771067341827	6.23697301971085	7.39247560369081
5.94498778587735	0.35359109417509	5.25194924129417	6.63802633046052
6.91063098926375	0.319088067179379	6.28521837759216	7.53604360093533
6.74739690807818	0.34382262596481	6.07350456118715	7.42128925496921
6.50638506075151	0.280769124422564	5.95607757688329	7.05669254461974
6.66872537100063	0.304542614045749	6.07182184747096	7.26562889453029
6.37775016650522	0.334554679253054	5.72202299516923	7.0334773378412
6.26078775227049	0.335001866444661	5.60418409403896	6.91739141050203
6.47763763996192	0.303583713796494	5.8826135609208	7.07266171900305
6.48958999930701	0.354859573389408	5.79406523546377	7.18511476315025
7.17864945704245	0.357418099780963	6.47810998147177	7.87918893261314
6.69765449343134	0.310320356893908	6.08942659391928	7.3058823929434
6.40607240726981	0.332529968156625	5.75431366968283	7.0578311448568
6.46564280187564	0.329703803257495	5.81942334749095	7.11186225626033
6.39911385328074	0.309143065502734	5.79319344489538	7.0050342616661
6.16795751338855	0.328281174764642	5.52452641084985	6.81138861592725
6.81541100884899	0.326148693614599	6.17615956936437	7.4546624483336
7.25037980231362	0.355947407096711	6.55272288440406	7.94803672022317
6.55029818007449	0.335942136444787	5.89185159264271	7.20874476750628
6.36006643651611	0.364348740980256	5.64594290419481	7.07418996883741
6.45856159926024	0.359882992423294	5.75319093411058	7.16393226440989
6.37738416682109	0.301767082250425	5.78592068561026	6.96884764803193
6.27667166874618	0.339602601075395	5.61105057063841	6.94229276685396
5.77329785540375	0.323421627042357	5.13939146640073	6.40720424440677
6.89366481851757	0.306157110304744	6.29359688232027	7.49373275471486
6.68171775687366	0.383294331172569	5.93046086777542	7.4329746459719
6.50272481508433	0.349179922302381	5.81833216737166	7.18711746279699
5.95241587032822	0.299215766732558	5.3659529675324	6.53887877312403
6.30715477345616	0.338749078158725	5.64320658026505	6.97110296664726
6.34393465534896	0.295395098760448	5.76496026177849	6.92290904891944
5.96818786788015	0.314288841489411	5.35218173856091	6.5841939971994
6.62194185472528	0.30919705498166	6.01591562696122	7.22796808248933
6.90357457457031	0.314176750166221	6.28778814424452	7.5193610048961
6.13672711211112	0.315049873954686	5.51922935915993	6.7542248650623
6.07077824686578	0.335682878375954	5.41283980524891	6.72871668848265
6.42928843634431	0.340094184750422	5.76270383423348	7.09587303845514
6.51758604277537	0.294296054132155	5.94076577667634	7.09440630887439
6.48412052468916	0.343058080350152	5.81172668720286	7.15651436217545
6.1392817858062	0.318323634145195	5.51536746288162	6.76319610873078
6.78936832568798	0.334488141117595	6.1337715690975	7.44496508227847
6.23158806894162	0.354426609928103	5.53691191348254	6.9262642244007
6.45734351065533	0.32262933624761	5.82499001161002	7.08969700970065
6.89170645184513	0.323718394681352	6.25721839826968	7.52619450542058
5.91238159794685	0.306967790835617	5.31072472790904	6.51403846798466
5.90081131106755	0.371583253914094	5.17250813339592	6.62911448873917
6.47075565535406	0.362684835510392	5.75989337775369	7.18161793295442
6.03833322555034	0.32815604855021	5.39514737039192	6.68151908070875
6.37271268379027	0.346242379565421	5.69407761984205	7.0513477477385
6.58914870767384	0.300522432644695	6.00012473969024	7.17817267565745
6.47828417953288	0.286818320204082	5.91612027193288	7.04044808713288
6.15044146503148	0.319811189876515	5.52361153287351	6.77727139718945
7.1405836371617	0.316765386751603	6.51972347912856	7.76144379519484
6.75396232432491	0.34671922342317	6.0743926464155	7.43353200223432
6.18705389667455	0.347931665130303	5.50510783301915	6.86899996032994
6.17230770286198	0.310800404830462	5.56313890939428	6.78147649632969
6.71444884140539	0.319617994690721	6.08799757181158	7.3409001109992
6.03858842387434	0.341773123468535	5.36871310187601	6.70846374587267
6.84989697666774	0.337112289173858	6.18915688988698	7.5106370634485
6.50169878138518	0.291945168829564	5.92948625047924	7.07391131229113
6.3602261581852	0.338376199611578	5.69700880694651	7.0234435094239
6.39561993742645	0.333513558807967	5.74193336216283	7.04930651269006
6.62650465352874	0.33337051446076	5.97309844518565	7.27991086187183
6.15313318555521	0.319782699532113	5.52635909447227	6.77990727663815
6.40285261743507	0.283092854062113	5.84799062347333	6.95771461139682
6.4665991953172	0.267345705626438	5.94260161228938	6.99059677834502
6.25916832348188	0.316661359579267	5.63851205870652	6.87982458825724
6.73789577926414	0.320624447525287	6.10947186211458	7.3663196964137
6.7351247532851	0.338239505345536	6.07217532280785	7.39807418376235
6.50135873131179	0.321835663970802	5.87056082992901	7.13215663269456
6.04007639789757	0.323155081509184	5.40669243813957	6.67346035765557
6.28940200874192	0.308152554460079	5.68542300200017	6.89338101548368
6.17289628023482	0.314343285929167	5.55678343981365	6.78900912065599
7.02357785899052	0.32554487563268	6.38550990275046	7.66164581523057
6.82552934825505	0.280907007145871	6.27495161424914	7.37610708226095
7.11065238802264	0.327169979589561	6.4693992280271	7.75190554801818
6.34771641070641	0.32239944918421	5.71581349030536	6.97961933110746
7.03603819472779	0.286373319620373	6.47474648827186	7.59732990118373
6.41891637636356	0.31943925291831	5.79281544064367	7.04501731208345
6.16180300139714	0.31277561846716	5.54876278920151	6.77484321359278
6.48516009942188	0.323047470975818	5.85198705630927	7.11833314253448
6.92448020196046	0.30035291637567	6.33578848586415	7.51317191805678
6.49055125402006	0.336507369012389	5.83099681075578	7.15010569728434
6.48996831846669	0.312192572363901	5.87807087663344	7.10186576029993
6.80002580278091	0.326812094587863	6.15947409738869	7.44057750817312
6.00283209100839	0.351239487131221	5.31440269623119	6.69126148578558
6.31364315170397	0.359129311022645	5.60974970209959	7.01753660130836
6.44438905386472	0.303297577318278	5.84992580232089	7.03885230540854
6.46722098732452	0.335885662995753	5.80888508785284	7.1255568867962
6.23364825085391	0.373050117037718	5.50247002145998	6.96482648024783
6.47664177141698	0.41935082938968	5.65471414581321	7.29856939702076
6.39056465540129	0.310730289324902	5.78153328832448	6.9995960224781
6.0775949098926	0.331447045349845	5.4279587010069	6.72723111877829
5.76504768793632	0.343020469562962	5.09272756759291	6.43736780827972
5.65352671078156	0.345661487988438	4.97603019432422	6.33102322723889
6.67448982900748	0.293049313051596	6.10011317542635	7.2488664825886
6.51734838142783	0.326186381019879	5.87802307462887	7.15667368822679
6.03675667753515	0.337226547888594	5.3757926436735	6.69772071139679
6.71191570946519	0.331156107028884	6.06284973968857	7.3609816792418
6.48861284964833	0.307654654473565	5.88560972688014	7.09161597241651
6.3931349126227	0.301511176360051	5.802173006957	6.98409681828841
6.90717358346179	0.291426932718165	6.33597679533418	7.47837037158939
5.79533528454469	0.309762690039494	5.18820041206729	6.4024701570221
6.42896582258457	0.264315962284813	5.91090653650633	6.9470251086628
6.38155972066016	0.31443708991108	5.76526302443444	6.99785641688588
6.16706383195505	0.340886920130802	5.49892546849868	6.83520219541142
6.37952099480498	0.294789496067524	5.80173358251263	6.95730840709733
6.45708436289109	0.337274257656652	5.79602681788405	7.11814190789813
6.61344979839705	0.355684400904649	5.91630837262394	7.31059122417016
6.16533211580928	0.307896215962046	5.56185553252367	6.76880869909489
6.67700587646772	0.30699126657893	6.07530299397301	7.27870875896242
5.93021252209381	0.293000007640517	5.35593250711839	6.50449253706922
6.61375281978628	0.334960094130608	5.95723103529029	7.27027460428227
6.54138106555831	0.279226493769498	5.99409713777009	7.08866499334652
6.46500963574212	0.333769514978807	5.81082138638366	7.11919788510058
6.68917462072643	0.303055427388069	6.09518598304582	7.28316325840705
6.28870326116694	0.313845545609378	5.67356599177256	6.90384053056132
6.48859485882986	0.301824840607329	5.8970181712395	7.08017154642023
6.12639363639987	0.277860666407691	5.5817867302408	6.67100054255895
6.11131849824288	0.323147690730599	5.4779490244109	6.74468797207485
6.46100081219791	0.336260784500888	5.80192967457617	7.12007194981965
6.45440434584105	0.281385180440748	5.90288939217718	7.00591929950491
6.2936689377593	0.350179795001638	5.60731653955609	6.98002133596252
6.8400462641948	0.316232596710185	6.22023037464284	7.45986215374677
6.68033419239482	0.282682284879974	6.12627691403007	7.23439147075957
6.85998795028363	0.301478291082602	6.26909049976173	7.45088540080553
6.17992998616312	0.319894460126088	5.55293684431599	6.80692312801025
5.86285155894434	0.345847437131035	5.18499058216751	6.54071253572117
7.10671664024086	0.285232411905497	6.54766111290609	7.66577216757564
6.52252673661763	0.347364962342093	5.84169141042713	7.20336206280814
6.54894744579852	0.298195103767424	5.96448504241437	7.13340984918267
6.58586196578205	0.304519359083114	5.98900402197915	7.18271990958495
6.62117159718832	0.32808289594105	5.97812912114386	7.26421407323278
6.57999643509927	0.324081509773329	5.94479667594354	7.21519619425499
5.55851499689153	0.34407937532629	4.884119421252	6.23291057253106
6.40125881843579	0.313446895752201	5.78690290276148	7.0156147341101
6.62234121473303	0.316046731727967	6.00288962054622	7.24179280891985
6.20669160894503	0.326426243869276	5.56689617096125	6.84648704692881
6.41882950819583	0.332315764920569	5.76749060895151	7.07016840744014
5.86671234921351	0.322456833013671	5.23469695650672	6.49872774192031
6.56392754516383	0.290692133098295	5.99417096429117	7.13368412603649
6.13865423794467	0.325926970412873	5.49983737593544	6.7774710999539
6.35948907083593	0.262196806853268	5.84558332940352	6.87339481226834
6.84398439459706	0.291856769424092	6.27194512652584	7.41602366266828
6.26775401363537	0.318979264727139	5.64255465477018	6.89295337250056
6.0086834669131	0.350323410026213	5.32204958326172	6.69531735056448
6.14000308589969	0.323566182491004	5.50581336821732	6.77419280358206
6.07262547195351	0.321812124435808	5.44187370805932	6.70337723584769
5.88343528813014	0.323617317084427	5.24914534664467	6.51772522961562
6.48438537661918	0.357695759854152	5.78330168730504	7.18546906593332
6.54383117993346	0.309413732655262	5.93738026392915	7.15028209593777
6.09461376143975	0.307691970192077	5.49153749986328	6.69769002301622
6.27025504050618	0.321776736508463	5.6395726369496	6.90093744406277
6.46616095567751	0.341806144926214	5.79622091162213	7.13610099973289
6.32858446055979	0.344838106988531	5.65270177086227	7.00446715025731
7.28228809898093	0.30710911174559	6.68035423995957	7.88422195800228
6.7029822346731	0.339602492339131	6.03736134968841	7.3686031196578
6.04515779043765	0.289159386347101	5.47840539319733	6.61191018767797
6.77963086494712	0.31077299555099	6.17051579366718	7.38874593622706
6.06933375297832	0.323305853864913	5.43565427940309	6.70301322655355
6.53152532687906	0.285254481052926	5.97242654401532	7.09062410974279
6.47836554672047	0.320630555865964	5.84992965722318	7.10680143621776
6.90789118280899	0.30291411222983	6.31417952283852	7.50160284277945
6.13433553473115	0.313640989592949	5.51959919512897	6.74907187433333
6.73633357624263	0.315455419025845	6.11804095495197	7.35462619753328
6.22429787383891	0.36231594864651	5.51415861449176	6.93443713318607
6.26924768353259	0.321493161554028	5.6391210868867	6.89937428017849
6.1651934564516	0.330430376235845	5.51754991902935	6.81283699387386
6.60039680018921	0.334737907544272	5.94431050140244	7.25648309897598
6.01805311698265	0.324930823836667	5.38118870226278	6.65491753170252
6.5976964127691	0.329507361260924	5.95186198469769	7.24353084084051
6.56601282929112	0.323133429419907	5.9326713076281	7.19935435095413
6.71732870914374	0.319447241632851	6.09121211554336	7.34344530274413
6.38555132669053	0.32664421284946	5.74532866950559	7.02577398387547
6.94651315202035	0.301434643275725	6.35570125119993	7.53732505284077
6.60605661785636	0.368411699351978	5.88396968712648	7.32814354858624
6.5222524464052	0.347965290520318	5.84024047698538	7.20426441582502
5.7252051722199	0.290528682898128	5.15576895373957	6.29464139070023
6.68582018513051	0.309700729212813	6.0788067558734	7.29283361438763
6.69888316292646	0.313994180907582	6.0834545683476	7.31431175750532
6.41703459016328	0.320309869399355	5.78922724614055	7.04484193418602
6.34604401551523	0.325005847073636	5.7090325552509	6.98305547577955
6.82823945081011	0.401211540106005	6.04186483220234	7.61461406941788
6.90331203758757	0.323487049847491	6.26927741988648	7.53734665528865
6.01411902217047	0.32518895306492	5.37674867416322	6.65148937017771
6.66948270092439	0.337125342351286	6.00871702991587	7.33024837193291
6.33377094515918	0.330103526650901	5.68676803292342	6.98077385739495
6.84638306625619	0.336015462205694	6.18779276033302	7.50497337217935
6.91046454178143	0.327836500348033	6.26790500109928	7.55302408246357
6.88894573208188	0.321598911353099	6.2586118658298	7.51927959833395
6.71523808841805	0.297983748583833	6.13118994119373	7.29928623564236
5.96658928737537	0.318422324539447	5.34248153127806	6.59069704347269
6.49578311223613	0.339164891733803	5.83101992443788	7.16054630003439
6.12114203672512	0.329200368625339	5.47590931421945	6.76637475923078
6.1755565979462	0.295885200088896	5.59562160577197	6.75549159012044
5.75830668003399	0.318249605726037	5.13453745281096	6.38207590725702
6.63949255430431	0.343335200920012	5.96655556050109	7.31242954810753
6.57370684405467	0.300471987429355	5.98478174869313	7.1626319394162
6.73377795597563	0.367349512553862	6.01377291137006	7.4537830005812
6.141191702071	0.322993173355845	5.50812508229354	6.77425832184846
6.34881768760683	0.303786857200408	5.75339544749403	6.94423992771963
6.02390683787798	0.306308388037366	5.42354239732474	6.62427127843122
6.0965679075473	0.342757432088404	5.42476334065402	6.76837247444057
6.67276027070741	0.339163769158808	6.00799928315614	7.33752125825867
6.35083384979547	0.325546665495182	5.71276238542492	6.98890531416603
7.19995709329591	0.344693343047628	6.52435814092256	7.87555604566926
6.22791273125873	0.337153383195394	5.56709210019576	6.8887333623217
6.41511354784849	0.337443980231932	5.7537233465939	7.07650374910308
6.76377336996713	0.354392687712517	6.0691637020506	7.45838303788366
6.34890382160792	0.283547150710458	5.79315140621542	6.90465623700042
5.99815816501239	0.33997532931103	5.33180651956277	6.66450981046201
6.29531659887974	0.294101460987364	5.71887773534451	6.87175546241497
6.5585953367159	0.358496573821801	5.85594205202517	7.26124862140663
6.69162487555228	0.334837777939026	6.03534283079179	7.34790692031277
6.71273631853032	0.310619525201157	6.10392204913606	7.32155058792459
7.1572327815471	0.319838453888478	6.53034941192569	7.78411615116852
6.08218876798231	0.344099300990316	5.40775413804129	6.75662339792333
6.42734989432004	0.31032646599753	5.81911002096488	7.0355897676752
6.46810645905624	0.349203372907072	5.78366784815838	7.1525450699541
5.85155102977348	0.299140144079747	5.26523634737717	6.43786571216978
6.5091405341641	0.367240969751932	5.78934823345031	7.22893283487789
6.31023524427826	0.320208891847531	5.6826258162571	6.93784467229942
6.52045885354819	0.281519713422678	5.96868021523974	7.07223749185664
6.43821884223453	0.285327705305074	5.87897653983658	6.99746114463247
5.97646182864109	0.31032106496474	5.3682325413102	6.58469111597198
6.76097575705624	0.31556161313441	6.14247499531279	7.37947651879968
6.27383607709813	0.288062283184869	5.70923400205579	6.83843815214048
6.48934431287184	0.330525811050112	5.84151372321362	7.13717490253006
6.57124727716946	0.271993816191594	6.03813939743393	7.10435515690498
6.250568506242	0.301370912055787	5.65988151861265	6.84125549387134
6.47629907903532	0.31038839315226	5.86793782845689	7.08466032961375
6.82154570628928	0.295390228699798	6.24258085803768	7.40051055454089
6.9495257262089	0.327078701311576	6.30845147163821	7.59059998077958
6.00243010027937	0.291152657605794	5.43177089137201	6.57308930918673
6.4674080253949	0.304068201159057	5.87143435112315	7.06338169966665
6.85782840721001	0.343327321267325	6.18490685752605	7.53074995689396
6.85219870880914	0.314326296004966	6.2361191686394	7.46827824897887
6.86811601534069	0.288650866093625	6.30236031779718	7.43387171288419
6.16831875862044	0.336692733048356	5.50840100184566	6.82823651539522
6.63364554779335	0.336374646027473	5.97435124157951	7.2929398540072
7.0431039063982	0.315563941561645	6.42459858093738	7.66160923185903
6.53360489158783	0.310491074278289	5.92504238600239	7.14216739717328
7.12010184138788	0.309974049808543	6.51255270376314	7.72765097901262
6.36479957368148	0.300281782989632	5.77624727902181	6.95335186834116
6.45531072743429	0.281137656887199	5.90428091993538	7.0063405349332
6.6887684686674	0.30465897107456	6.09163688536127	7.28590005197354
6.61726347302328	0.313723121408671	6.00236615506229	7.23216079098428
5.59159533643065	0.33747946741841	4.93013558029056	6.25305509257073
7.29072381082348	0.338708570121208	6.62685501338591	7.95459260826105
6.29877840075977	0.29198459938711	5.72648858596103	6.8710682155585
6.34292396449762	0.336406788756343	5.68356665853519	7.00228127046005
6.52862042884295	0.289357127079697	5.96148045976674	7.09576039791916
6.30279035632925	0.313127826642177	5.68905981611058	6.91652089654792
6.53427264718165	0.324632639089784	5.89799267456567	7.17055261979762
6.4086238551917	0.323458708669264	5.77464478619994	7.04260292418346
6.26616931565139	0.293606231860322	5.69070110120515	6.84163753009762
6.42169702791857	0.342313265993694	5.75076302657093	7.09263102926621
6.6610343498785	0.318337953064873	6.03709196187135	7.28497673788565
6.20949891379173	0.338606250784151	5.54583066225479	6.87316716532866
6.61046341832141	0.303412774321526	6.01577438065122	7.2051524559916
6.04373420376739	0.315469300043537	5.42541437568206	6.66205403185272
6.24304039848947	0.341313921045007	5.57406511324125	6.91201568373768
6.3242491624615	0.287627196034003	5.76049985823486	6.88799846668815
6.62722893886412	0.332150402178143	5.97621415059496	7.27824372713328
6.32860894258489	0.334372725331099	5.67323840093594	6.98397948423384
6.24012000289779	0.278276935868377	5.69469720859577	6.78554279719981
6.49697257074481	0.30719553208821	5.89486932785192	7.0990758136377
6.3743919878707	0.333290070342181	5.72114345000003	7.02764052574138
6.08908476215782	0.348046630797176	5.40691336579535	6.77125615852029
6.72320658985452	0.31742435307129	6.10105485783479	7.34535832187424
6.54805848219777	0.312404609484618	5.93574544760792	7.16037151678762
6.4461884811885	0.332536170598524	5.7944175868154	7.09795937556161
6.71964501326262	0.292094625587807	6.14713954711052	7.29215047941472
6.40691992717535	0.317050558456096	5.7855008326014	7.0283390217493
6.46796391424833	0.291473756076922	5.89667535233756	7.0392524761591
6.17280751941825	0.280599813788568	5.62283188439265	6.72278315444384
6.09319996225513	0.353839567450238	5.39967441005266	6.7867255144576
6.21336351254509	0.32271056979967	5.58085079573773	6.84587622935244
6.29282868295953	0.345631333683146	5.61539126894056	6.97026609697849
6.01261583211911	0.386265816115536	5.25553483253266	6.76969683170556
6.63451730053947	0.390713500593114	5.86871883937697	7.40031576170197
6.54213873226138	0.335056817955499	5.8854273690686	7.19885009545415
6.20122316805688	0.328353456513777	5.55765039328988	6.84479594282388
6.21780020797861	0.300103217102213	5.62959790245828	6.80600251349895
6.41176148370221	0.325866817294929	5.77306252180415	7.05046044560027
6.17464093058902	0.356859619148277	5.4751960770584	6.87408578411965
6.46120956737644	0.341684350507034	5.79150824038266	7.13091089437023
6.35670813441768	0.31368498218459	5.74188556933588	6.97153069949947
6.36804226713771	0.334502708530963	5.71241695841703	7.0236675758584
6.19111769791569	0.340360603236876	5.52401091557141	6.85822448025997
6.24735457870627	0.313246195966689	5.63339203461156	6.86131712280098
5.90785108926939	0.348390224166477	5.22500624990309	6.59069592863568
6.29539606876948	0.290632856512305	5.72575567000536	6.8650364675336
6.31858283914577	0.34115510647629	5.64991883045224	6.9872468478393
5.8465324371689	0.306097028684697	5.24658226094689	6.4464826133909
6.37629181095028	0.313136531534351	5.76254420914295	6.9900394127576
6.80979544570184	0.312929533156597	6.19645356071491	7.42313733068877
5.98143337372572	0.309360045289868	5.37508768495758	6.58777906249386
6.39007593603621	0.305998408682189	5.79031905501912	6.9898328170533
6.88470241666606	0.343027536912477	6.21236844431761	7.55703638901452
6.47132132724901	0.33872991608406	5.80741069172425	7.13523196277376
6.6844865093329	0.310688959864569	6.07553614799834	7.29343687066745
5.96777778132603	0.289670138723291	5.40002430942838	6.53553125322367
6.41406552592984	0.277394286912548	5.87037272358125	6.95775832827844
6.86745642421441	0.316718699059783	6.24668777405724	7.48822507437159
6.27014676216369	0.311507464798565	5.6595921311585	6.88070139316888
6.90931611440138	0.28254141204643	6.35553494679038	7.46309728201238
5.93406957270204	0.356770530065785	5.23479933377311	6.63333981163098
7.09384340754271	0.310478910832782	6.48530474231046	7.70238207277497
7.02848348386905	0.295358054119749	6.44958169779435	7.60738526994376
6.13514123735807	0.350005876953046	5.4491297185301	6.82115275618604
6.81131410172334	0.294530435934116	6.23403444729247	7.38859375615421
6.70927356036827	0.291967363243466	6.13701752841108	7.28152959232547
5.94483175267025	0.372446990822309	5.21483565065852	6.67482785468198
6.62911131689937	0.342757577660854	5.95730646468409	7.30091616911464
6.72237509973354	0.323290144677755	6.08872641616514	7.35602378330194
5.99151619126306	0.316334884724851	5.37149981720236	6.61153256532377
7.10893641658684	0.354252148238376	6.41460220603963	7.80327062713406
6.45961022442324	0.325140487345701	5.82233486922567	7.09688557962082
6.19111023423728	0.360131559562	5.48525237749576	6.8969680909788
6.60187214410904	0.349081661984196	5.91767208662002	7.28607220159807
6.16208682564314	0.357166550361355	5.46204038693488	6.86213326435139
6.54162175542069	0.3534169986236	5.84892443811843	7.23431907272295
6.59243280949487	0.380788867800221	5.84608662860644	7.3387789903833
7.03931708971344	0.344800609251996	6.36350789557953	7.71512628384735
6.59956566182446	0.357436164513794	5.89899077937743	7.3001405442715
6.10081337170968	0.363596585623311	5.38816406388799	6.81346267953137
6.434483928574	0.330939188311493	5.78584311948348	7.08312473766453
6.57400038361321	0.319187196426166	5.94839347861793	7.1996072886085
6.75385580759205	0.328239918608135	6.11050556712011	7.397206048064
5.74102464029657	0.302443346479518	5.14823568119671	6.33381359939642
6.84442413026468	0.313380309168003	6.23019872429539	7.45864953623396
6.40006331934195	0.323471646670869	5.76605889186704	7.03406774681685
5.92492464792592	0.314320606718014	5.30885625875861	6.54099303709322
6.34790958688204	0.34069986907669	5.68013784349172	7.01568133027235
6.83441556494429	0.299559188786628	6.2472795549225	7.42155157496608
6.35677645865569	0.308543185755066	5.75203181457576	6.96152110273562
6.91500595253294	0.317320950437833	6.29305688967479	7.5369550153911
6.08227102986551	0.359167842382531	5.37830205879575	6.78624000093527
6.57370848387881	0.289003533026256	6.00726155914735	7.14015540861027
6.7656227485429	0.305238846375193	6.16735460964752	7.36389088743828
6.7843202660844	0.321375199016901	6.15442487601128	7.41421565615753
6.28133170958913	0.314173978005662	5.66555071269803	6.89711270648023
5.65934657638304	0.302373989556913	5.06669355685149	6.25199959591459
6.82607302860631	0.330157775617796	6.17896378839543	7.47318226881719
6.17936567220831	0.332455772924562	5.52775235727617	6.83097898714045
6.25229926588585	0.289889257440737	5.68411632130201	6.8204822104697
6.71244432889664	0.314431654280209	6.09615828650743	7.32873037128585
6.32399275076746	0.340919978223645	5.65578959344911	6.9921959080858
6.19418554952773	0.354463087551431	5.49943789792692	6.88893320112853
5.84717454845047	0.325619704319742	5.20895992798377	6.48538916891716
6.61786825659552	0.312335761325919	6.00569016439672	7.23004634879432
7.00257371352317	0.28800130581168	6.43809115413228	7.56705627291406
6.47207144395918	0.32164323411443	5.84165070509489	7.10249218282346
7.45646630720503	0.349747486948573	6.77096123278583	8.14197138162423
6.41754016881122	0.294767020427139	5.83979680877403	6.99528352884841
6.68411428363172	0.31691291512254	6.06296496999154	7.3052635972719
5.93002597749664	0.315257091968434	5.31212207723851	6.54792987775477
6.63143865161539	0.323662744331045	5.99705967272654	7.26581763050423
6.31134819210888	0.281928389811409	5.75876854807852	6.86392783613925
6.01359824557249	0.297698356064074	5.4301094676869	6.59708702345807
6.79593651522381	0.331722172320773	6.1457610574751	7.44611197297253
6.11926731193566	0.328788990705883	5.47484089015213	6.76369373371919
6.59823506926885	0.334605297359305	5.94240868644461	7.25406145209308
6.40303069771066	0.30721682299977	5.80088572463111	7.00517567079021
6.40133445176109	0.326989436752665	5.76043515572586	7.04223374779631
5.89018424842425	0.303724601484967	5.29488402951371	6.48548446733478
6.44558294927921	0.358723928935431	5.74248404856576	7.14868184999265
6.01704808153244	0.351467492068375	5.32817179707843	6.70592436598646
6.65697359483607	0.344400025493919	5.98194954486799	7.33199764480415
6.28999860998057	0.30593352173299	5.69036890738391	6.88962831257723
6.3569111870519	0.330559869543711	5.70901384274623	7.00480853135758
6.34957422919742	0.31456981250342	5.73301739669072	6.96613106170412
6.48745054421054	0.36585878347814	5.77036732859338	7.20453375982769
6.06347980083736	0.293990982288886	5.48725747555114	6.63970212612358
6.51984418251883	0.317840631985079	5.89687654382808	7.14281182120959
6.91572607248573	0.317550685557952	6.29332672879215	7.53812541617932
6.44027747736007	0.351943517099543	5.75046818384496	7.13008677087517
6.07760418118746	0.351379111037641	5.38890112355368	6.76630723882124
6.37213622082495	0.313975009840185	5.75674520153819	6.98752724011171
6.50809168502689	0.333275975268846	5.85487077349996	7.16131259655383
6.81950718466847	0.297940291514007	6.23554421330102	7.40347015603593
6.69064302040407	0.312039304793162	6.07904598300947	7.30224005779866
6.05729194001949	0.361327918844289	5.34908921908469	6.7654946609543
6.0778753456751	0.378635138038918	5.33575047511882	6.82000021623138
6.65219697373124	0.322964721248803	6.01918612008359	7.28520782737889
6.32146553333967	0.380179265860393	5.5763141722533	7.06661689442604
6.30798675841453	0.35105248597621	5.61992388590116	6.9960496309279
6.28823282388453	0.346159921283193	5.60975937816947	6.96670626959959
6.00829058716914	0.321536907157587	5.37807824914027	6.63850292519801
6.35203088501655	0.3224735167995	5.71998279208953	6.98407897794357
6.53901056074247	0.376544477389643	5.80098338505876	7.27703773642617
5.83321041083265	0.329095910106113	5.18818242702467	6.47823839464063
6.3187347593708	0.392675447898961	5.54909088148884	7.08837863725277
6.112977930515	0.337972178873851	5.45055245992226	6.77540340110775
7.01340775198499	0.356896774538737	6.31389007388906	7.71292543008091
6.25697251862995	0.305962510968305	5.65728599713208	6.85665904012783
6.22946450397872	0.308748313990728	5.6243178085569	6.83461119940055
6.27458216427474	0.313250010388558	5.66061214391317	6.88855218463631
7.1634043956592	0.29387578873736	6.58740784973397	7.73940094158442
7.10997808129665	0.321034087466376	6.48075126986255	7.73920489273075
6.7790365419704	0.314999517721469	6.16163748723632	7.39643559670448
6.88297265848262	0.342043688681791	6.21256702866631	7.55337828829893
6.17514161881275	0.332655352851512	5.52313712722379	6.82714611040172
6.55593341906838	0.307768665552128	5.95270683458621	7.15916000355055
6.54281801466288	0.278086226331368	5.9977690110534	7.08786701827236
6.23524971368959	0.343335498088822	5.5623121374355	6.90818728994368
6.61521820731571	0.335310853555292	5.95800893434734	7.27242748028408
6.36881240241733	0.317229603947697	5.74704237867984	6.99058242615482
6.54467672674793	0.350125764971971	5.85843022740287	7.230923226093
7.09058038904827	0.363814974019281	6.37750303997048	7.80365773812606
6.26695215091509	0.304187595622913	5.67074446349418	6.863159838336
6.72340733450172	0.32157350750129	6.09312325979919	7.35369140920425
6.54787718947538	0.289003388500653	5.9814305480141	7.11432383093666
6.5041353239531	0.309936377160257	5.896660024719	7.1116106231872
7.18607808807787	0.359004489425129	6.48242928880462	7.88972688735112
6.74655970596179	0.294672797763417	6.16900102234549	7.32411838957809
6.41033543785739	0.345117922831929	5.73390430910681	7.08676656660798
6.25844972822849	0.308310222666562	5.65416169180203	6.86273776465495
5.88874323749722	0.315342787920335	5.27067137317336	6.50681510182107
5.6444835554299	0.32600998204237	5.00550399062685	6.28346312023294
5.91266961750282	0.317973631865352	5.28944129904673	6.53589793595891
