estFinal_msm11	sdFinal_msm11	X1	X2
9.80895836425263	0.416728528191248	8.99217044899779	10.6257462795075
9.54095356891044	0.341226964657979	8.8721487181808	10.2097584196401
9.33495151173007	0.401636906565807	8.54774317486109	10.1221598485991
8.37368653173474	0.316589259618771	7.75317158288195	8.99420148058753
9.16175009822568	0.312927954191899	8.54841130800956	9.77508888844181
8.8857221228696	0.351144578742842	8.19747874853363	9.57396549720557
9.19000827193677	0.337584556715961	8.52834254077348	9.85167400310005
8.78215305798949	0.355315475008764	8.08573472697231	9.47857138900666
9.13735503246311	0.372333853636728	8.40758067933512	9.8671293855911
9.48975594037365	0.382590962261919	8.73987765434029	10.239634226407
9.2514651011241	0.344158254219477	8.57691492285392	9.92601527939427
8.57666381198726	0.330660020202511	7.92857017239034	9.22475745158419
9.55332018482751	0.353143889565327	8.86115816127947	10.2454822083756
9.33875006761277	0.356673425258108	8.63967015410688	10.0378299811187
9.21233386326023	0.367031061588711	8.49295298254636	9.93171474397411
8.96555307327377	0.360092530029993	8.25977171441498	9.67133443213256
9.65285573591416	0.431142720299583	8.80781600412698	10.4978954677013
9.27971329393469	0.412796382276212	8.47063238467332	10.0887942031961
8.60351171303643	0.323756271701562	7.96894942050137	9.23807400557149
9.79626987619082	0.373660142373484	9.0638959971388	10.5286437552429
9.52402381132078	0.367263657703601	8.80418704222172	10.2438605804198
9.12897864702209	0.381163572993372	8.38189804395508	9.8760592500891
9.64285095425782	0.393402736016059	8.87178159166635	10.4139203168493
9.14424994554973	0.35876461063439	8.44107130870632	9.84742858239313
9.12515377886751	0.387580394998684	8.36549620467009	9.88481135306493
8.92097548076822	0.346697918540627	8.24144756042859	9.60050340110785
9.32836341596946	0.334659893932164	8.67243002386242	9.98429680807651
9.00823365776361	0.33256591762922	8.35640445921034	9.66006285631689
9.62121804437146	0.386525832496236	8.86362741267884	10.3788086760641
9.77554838730204	0.405006567465087	8.98173551507047	10.5693612595336
9.08287639212504	0.36251494501377	8.37234709989805	9.79340568435203
9.20312976740233	0.41470491720631	8.39030812967796	10.0159514051267
9.00252433141717	0.335507048528658	8.34493051630101	9.66011814653334
9.09156597528283	0.37688408789092	8.35287316301663	9.83025878754903
9.65841196302691	0.390623583126633	8.89278974009871	10.4240341859551
9.35275560752318	0.388307630720966	8.59167265131009	10.1138385637363
9.12543941977813	0.38257621861953	8.37559003128385	9.87528880827241
8.45743093266128	0.341223546231533	7.78863278204747	9.12622908327508
8.62279297710732	0.319741094198068	7.99610043247911	9.24948552173554
8.96744693285413	0.356548320218611	8.26861222522566	9.66628164048261
8.98120312984118	0.383954497624111	8.22865231449792	9.73375394518443
9.16941040818061	0.366997786417072	8.45009474680315	9.88872606955807
8.71774445547222	0.353545327247769	8.02479561406659	9.41069329687785
9.01450749143076	0.352230866342004	8.32413499340043	9.70487998946108
8.57243631137982	0.357768976588851	7.87120911726567	9.27366350549396
8.59624508682769	0.35803440202475	7.89449765885918	9.2979925147962
9.70300347078003	0.364370717150993	8.98883686516408	10.417170076396
8.83500608092104	0.319425755011312	8.20893160109886	9.46108056074321
9.53016263400274	0.409841535670963	8.72687322408765	10.3334520439178
9.24192459704232	0.338329785539237	8.57879821738542	9.90505097669923
8.94260349906028	0.329247533578106	8.29727833324719	9.58792866487337
9.54276732354094	0.414701103489174	8.72995316070216	10.3555814863797
8.94348396850927	0.341252624270256	8.27462882493957	9.61233911207897
9.4569761892115	0.361294463649481	8.74883904045852	10.1651133379645
9.03953091100797	0.365200601509339	8.32373773204967	9.75532408996628
8.94618501704865	0.36813423959885	8.2246419074349	9.66772812666239
9.26412382813969	0.402058820994113	8.47608853899123	10.0521591172882
8.74580675983814	0.352620018574934	8.05467152343127	9.43694199624501
9.00683282391564	0.420154884639853	8.18332925002153	9.83033639780975
9.14983721949759	0.307581628046955	8.54697722852556	9.75269721046962
8.69489741839073	0.34792754444463	8.01295943127926	9.3768354055022
9.1876337827497	0.363643597494548	8.47489233166038	9.90037523383901
9.44674464344205	0.415174135910432	8.6330033370576	10.2604859498265
8.78265973666847	0.306077377303212	8.18274807715418	9.38257139618277
9.14107226288459	0.335684589737378	8.48313046699933	9.79901405876985
8.87026216458273	0.378980962991489	8.12745947711941	9.61306485204605
8.85298175737795	0.339211646378629	8.18812693047583	9.51783658428006
8.64045404502607	0.312070962825586	8.02879495788792	9.25211313216422
8.78954234557714	0.367908969425646	8.06844076550287	9.51064392565141
8.16364081098083	0.342909440078702	7.49153830842658	8.83574331353509
9.07861136173123	0.345657573422196	8.40112251782373	9.75610020563874
9.34332819381838	0.360777666395419	8.63620396768336	10.0504524199534
9.15847819291891	0.335459394610937	8.50097777948147	9.81597860635635
9.10753088255438	0.31232455705946	8.49537475071784	9.71968701439092
8.62980119095145	0.325593178651084	7.99163856079532	9.26796382110757
8.68713134801514	0.323758548368039	8.05256459321378	9.3216981028165
8.79126875268523	0.336252647821073	8.13221356295593	9.45032394241453
9.01145201112623	0.333580478756706	8.35763427276309	9.66526974948938
9.16534367378211	0.35800974406141	8.46364457542175	9.86704277214247
8.7176303042536	0.406142350502157	7.92159129726937	9.51366931123783
8.97516306488128	0.365861330958972	8.25807485620169	9.69225127356086
8.81587500506432	0.372689601821884	8.08540338549342	9.54634662463521
9.17989631398409	0.378571561756663	8.43789605294103	9.92189657502715
9.48607120350511	0.41042396905652	8.68164022415433	10.2905021828559
8.76682575615311	0.329995031407063	8.12003549459527	9.41361601771095
8.80882546698797	0.301356216231088	8.21816728317503	9.3994836508009
9.06107209262141	0.331711381368921	8.41091778513832	9.71122640010449
8.91560250361939	0.33029139565283	8.26823136813984	9.56297363909893
9.8184230010237	0.371751737812312	9.08978959491157	10.5470564071358
8.52805584935946	0.313650510424954	7.91330084892655	9.14281084979237
8.8873989991674	0.312635872976795	8.27463268813288	9.50016531020192
8.79202961000797	0.341466084811303	8.12275608377782	9.46130313623812
8.88170344259314	0.365305711843579	8.16570424737973	9.59770263780655
8.96166110074537	0.372757631386692	8.23105614322745	9.69226605826328
8.99482417599594	0.312535580907738	8.38225443741677	9.60739391457511
9.41261319021202	0.355521375495617	8.71579129424062	10.1094350861834
9.14652675922232	0.343307830905373	8.47364341064779	9.81941010779685
9.28709249692758	0.399081920148529	8.50489193343646	10.0692930604187
9.17486244579155	0.380534935761494	8.42901397169902	9.92071091988407
9.73642884351328	0.408885671346065	8.93501292767499	10.5378447593516
8.4793764026272	0.345482750936301	7.80223021079205	9.15652259446235
8.3068081986343	0.311084005252846	7.69708354833872	8.91653284892988
9.06250741045666	0.335298300061623	8.40532274233588	9.71969207857745
9.0149056731204	0.412796905231992	8.2058237388657	9.82398760737511
9.09786638674692	0.340368574694776	8.43074398034515	9.76498879314868
8.42525353961707	0.352758668717625	7.73384654893053	9.11666053030362
9.54249723061002	0.38756415801557	8.7828714808995	10.3021229803205
8.98207288683393	0.331624776762183	8.33208832438005	9.63205744928781
8.84896054191801	0.360304034877059	8.14276463355897	9.55515645027704
8.9650622486069	0.316353951306126	8.34500850404689	9.58511599316691
8.75188131179068	0.362489790765548	8.0414013218902	9.46236130169115
9.08619287528494	0.402440440311185	8.29740961227502	9.87497613829487
8.91462421532587	0.316645529706194	8.29399897710172	9.53524945355001
9.35688254094322	0.353140274781867	8.66472760237076	10.0490374795157
9.29066114667132	0.392179502953551	8.52198932088236	10.0593329724603
9.48490381819916	0.373609649189416	8.75262890578791	10.2171787306104
9.42699712046296	0.383987727848498	8.67438117387991	10.179613067046
8.91679881898512	0.378943195815166	8.17407015518739	9.65952748278285
9.42846073533177	0.360054774495633	8.72275337732033	10.1341680933432
9.64560028043369	0.437650861929464	8.78780459105194	10.5033959698154
8.92453457364508	0.367297028223121	8.20463239832777	9.6444367489624
9.08682860818215	0.348226595101768	8.40430448178269	9.76935273458162
9.04597727219896	0.333526108870383	8.39226609881301	9.69968844558491
8.46696346236647	0.354377496327604	7.77238356956437	9.16154335516857
9.07969957002326	0.395618727845123	8.30428686344682	9.85511227659971
8.61227678931975	0.383668777130968	7.86028598614306	9.36426759249645
8.63997954885745	0.38972798234786	7.87611270345564	9.40384639425926
8.92422704408021	0.367827592161962	8.20328496344277	9.64516912471766
9.3699773161371	0.361096384507667	8.66222840250207	10.0777262297721
9.28124019052488	0.334698176630741	8.62523176432862	9.93724861672113
8.28616168818611	0.298375059169106	7.70134657221466	8.87097680415756
8.97347768214932	0.32686980708082	8.33281286027091	9.61414250402772
9.50173027346707	0.427217192679813	8.66438457581464	10.3390759711195
9.10439041015495	0.398218083610799	8.32388296627779	9.88489785403212
9.22546255134464	0.395778759309811	8.44973618309741	10.0011889195919
8.94989496427517	0.29706749643823	8.36764267125624	9.5321472572941
9.53613330762447	0.324501340790923	8.90011067967426	10.1721559355747
8.73194637667164	0.366634519188694	8.0133427190618	9.45055003428148
8.81143675784915	0.323881291151328	8.17662942719254	9.44624408850575
9.7571943864643	0.404991791577395	8.9634104749726	10.550978297956
9.286191733325	0.362105528244932	8.57646489796494	9.99591856868507
9.3370084486923	0.356713830439009	8.63784934103185	10.0361675563528
8.19616757551319	0.325856294805176	7.55748923769505	8.83484591333134
8.66904236371031	0.361378662941722	7.96074018434454	9.37734454307608
8.84693260663599	0.335959491810142	8.18845200268812	9.50541321058387
9.10899515856473	0.341116651571968	8.44040652148367	9.77758379564579
9.32897540604263	0.340392047669156	8.66180699261108	9.99614381947417
8.55197631991622	0.359643862944314	7.84707434854537	9.25687829128708
8.51483376440916	0.299638398260528	7.92754250381853	9.1021250249998
8.82038497617632	0.337853651474131	8.15819181928702	9.48257813306562
8.64504051997289	0.299821520932687	8.05739033894482	9.23269070100095
9.1810194248534	0.355912990417924	8.48342996363427	9.87860888607253
8.68598521919995	0.345327962765006	8.00914241218054	9.36282802621936
9.03867930389717	0.353830474911963	8.34517157306972	9.73218703472462
8.42193523698189	0.326875093752614	7.78126005322677	9.06261042073701
9.48588501729065	0.382711540164526	8.73577039856818	10.2359996360131
9.00034264409413	0.423767332639416	8.16975867212088	9.83092661606739
9.12220527872047	0.361605509088562	8.41345848090689	9.83095207653405
9.35610237510538	0.321047948969897	8.72684839512438	9.98535635508637
9.53664898342811	0.346878653859138	8.8567668218642	10.216531144992
8.71189138257757	0.341282209716168	8.04297825153388	9.38080451362126
9.02039589338341	0.384383088903844	8.26700503913188	9.77378674763495
8.84284890899311	0.3813572523127	8.09538869446022	9.590309123526
9.14306969977446	0.334570162469573	8.4873121813341	9.79882721821482
9.18192461992881	0.356491806054285	8.48320068006241	9.88064855979521
9.15854833014882	0.364625411198721	8.44388252419932	9.87321413609831
8.41324134216025	0.336543290903914	7.75361649198858	9.07286619233192
9.3932815742106	0.400068732932191	8.60914685766351	10.1774162907577
9.19061709642813	0.343236374863152	8.51787380169635	9.86336039115991
9.52697118010323	0.35410819462117	8.83291911864574	10.2210232415607
8.70237935382964	0.289440028831939	8.13507689731904	9.26968181034024
8.93576831554371	0.305110642053478	8.33775145711889	9.53378517396853
8.57962359293308	0.359807302631683	7.87440127977498	9.28484590609118
9.25192070592729	0.310981275077545	8.6423974067753	9.86144400507928
9.73419130408836	0.419116906003626	8.91272216832126	10.5556604398555
9.22262017278111	0.41964365555137	8.40011860790042	10.0451217376618
8.60233499326517	0.331732085549552	7.95214010558804	9.25252988094229
9.111742926993	0.382614195430716	8.3618191039488	9.8616667500372
9.57400641437184	0.440064409696403	8.71148017136689	10.4365326573768
9.22818994551087	0.346826144291568	8.54841070269939	9.90796918832234
8.64577430873843	0.311673343306353	8.03489455585797	9.25665406161888
9.38367712852297	0.377384976456397	8.64400257466843	10.1233516823775
8.94721845110481	0.354050935655095	8.25327861722082	9.6411582849888
9.08182380831412	0.285088175529199	8.52305098427689	9.64059663235136
8.83425804592966	0.348059204823459	8.15206200447568	9.51645408738364
8.91256229217092	0.330520346951842	8.26474241214531	9.56038217219653
9.10082394793291	0.312126637158954	8.48905573910137	9.71259215676446
9.31919997553689	0.373272300130039	8.58758626728202	10.0508136837918
9.24912304220907	0.362582798902652	8.53846075635987	9.95978532805827
9.05167432955509	0.358549216533035	8.34891786515035	9.75443079395984
8.83353153432949	0.331867375859991	8.1830714776439	9.48399159101507
8.94640729291399	0.344621422530625	8.27094930475396	9.62186528107401
9.52304284829136	0.3656160439843	8.80643540208213	10.2396502945006
8.39585755117992	0.320808566025419	7.76707276177009	9.02464234058974
9.39761963990012	0.391314239343404	8.63064373078705	10.1645955490132
8.4798229991773	0.380448685137547	7.73414357630771	9.22550242204689
9.33201650367856	0.365164606378835	8.61629387517604	10.0477391321811
9.33522404244606	0.381934035980425	8.58663333192443	10.0838147529677
9.05064676531185	0.332182306991326	8.39956944360885	9.70172408701485
8.97616869171183	0.433601074733716	8.12631058523375	9.82602679818992
9.27199284067425	0.404283108925217	8.47959794718082	10.0643877341677
9.09531959258595	0.424058209995903	8.26416550099398	9.92647368417792
9.16100790976284	0.29977282952163	8.57345316390045	9.74856265562524
8.32305800475432	0.363371823325168	7.61084923103699	9.03526677847165
9.36934273932843	0.337588078265185	8.70767010592867	10.0310153727282
8.10412289480294	0.322397979842061	7.4722228543125	8.73602293529338
8.79372529263415	0.35291865927914	8.10200472044703	9.48544586482126
8.45565407293207	0.336676123655723	7.79576887056685	9.11553927529729
8.53362825847034	0.346136327117318	7.8552010573204	9.21205545962029
9.20535496058523	0.361153979896403	8.49749315998828	9.91321676118218
8.62112413921087	0.321499309349969	7.99098549288493	9.25126278553681
9.14326629018367	0.355154678861606	8.44716311961492	9.83936946075242
8.72375409029307	0.3456255835311	8.04632794657212	9.40118023401403
9.35774395342441	0.347526963448052	8.67659110506622	10.0388968017826
9.38828297068873	0.384760682900806	8.63415203220315	10.1424139091743
9.09933480838503	0.406266568393598	8.30305233433358	9.89561728243648
9.62610657247367	0.379473764241697	8.88233799455994	10.3698751503874
8.42048317589033	0.346751471367326	7.74085029201037	9.10011605977029
8.58005400951352	0.299627215107245	7.99278466790331	9.16732335112372
9.82407449487043	0.379399939730155	9.08045061299933	10.5676983767415
9.90961768203721	0.402008150142666	9.12168170775759	10.6975536563168
9.17664449819632	0.356428445610497	8.47804474479975	9.8752442515929
9.04506442116609	0.381454596029473	8.29741341294832	9.79271542938386
8.62274854786624	0.331890492585973	7.97224318239773	9.27325391333474
9.02946285143131	0.340407741922278	8.36226367726364	9.69666202559898
9.22630803381273	0.382087884059129	8.47741578105684	9.97520028656862
8.86037990295874	0.297726021956462	8.27683689992407	9.4439229059934
8.99807074345931	0.343497132774784	8.32481636322073	9.67132512369789
8.94675229922982	0.3563201471462	8.24836481082327	9.64513978763637
9.27941589119522	0.402579258125872	8.49036054526851	10.0684712371219
8.48132201616652	0.309308578333392	7.87507720263307	9.08756682969997
8.88263108430933	0.334697432361436	8.22662411688091	9.53863805173774
9.3945249557536	0.330214218110767	8.7473050882565	10.0417448232507
8.923098420725	0.319020719011018	8.2978178114634	9.54837902998659
9.61503203420379	0.399663838649494	8.83169091045078	10.3983731579568
8.48173435843899	0.39801802727292	7.70161902498407	9.26184969189391
9.86727056373289	0.400975824666711	9.08135794738613	10.6531831800796
9.63057333535958	0.361709755288019	8.92162221499506	10.3395244557241
9.15243986656959	0.335251815551873	8.49534630808792	9.80953342505126
9.30103542152788	0.394992027528245	8.52685104757252	10.0752197954832
9.23939673772946	0.323860883724894	8.60462940562866	9.87416406983025
8.99878550801413	0.32381517397105	8.36410776703087	9.63346324899739
8.39438555123232	0.314066412732731	7.77881538227616	9.00995572018847
8.8806541722718	0.335219849363244	8.22362326751984	9.53768507702376
9.38244432640261	0.399200543151819	8.60001126182504	10.1648773909802
9.28487208401319	0.366838103750974	8.56586940066128	10.0038747673651
9.13513361430898	0.316921549093712	8.5139673780853	9.75629985053265
9.33795362517049	0.364611989427088	8.6233141258934	10.0525931244476
9.87588464924246	0.410064068920235	9.0721590741588	10.6796102243261
9.16276042119356	0.362032509133747	8.45317670329142	9.8723441390957
8.95810421095582	0.351907811502434	8.26836490041105	9.64784352150059
9.66552302609844	0.43500850438318	8.81290635750741	10.5181396946895
8.78603610470389	0.336834465247994	8.12584055281782	9.44623165658996
9.06923267065136	0.442572775823154	8.20179003003797	9.93667531126474
9.17026040305683	0.40147793359445	8.3833636532117	9.95715715290195
9.18400066521105	0.369911540948113	8.45897404495275	9.90902728546935
8.77183554970345	0.319666352080174	8.14528949962631	9.39838159978059
8.13578203154683	0.310321209187502	7.52755246153932	8.74401160155433
8.95686509451598	0.398654318064678	8.17550263110921	9.73822755792275
9.31843651347273	0.347070946157697	8.63817745900365	9.99869556794182
8.97893057734906	0.344189221378493	8.30431970344721	9.65354145125091
9.76995950856696	0.403409045884301	8.97927777863373	10.5606412385002
8.40989425243481	0.327279798938799	7.76842584651476	9.05136265835486
9.15235761184196	0.387914767504482	8.39204466753317	9.91267055615074
8.35682887696258	0.330876203906025	7.70831151730677	9.00534623661838
9.00853866910269	0.358698671657047	8.30548927265488	9.7115880655505
8.65836583613766	0.371841058331257	7.9295573618084	9.38717431046692
8.63793572626554	0.353313188162421	7.94544187746719	9.33042957506388
8.23100543828949	0.33918148071306	7.56620973609189	8.89580114048709
9.04444625970975	0.322740025118827	8.41187581047685	9.67701670894265
9.55951014990899	0.336295389027755	8.90037118741459	10.2186491124034
9.3177782048508	0.39722767493057	8.53921196198688	10.0963444477147
9.12566406542826	0.332834165168193	8.47330910169861	9.77801902915792
9.20332500627424	0.408471082569157	8.40272168443869	10.0039283281098
9.12237176655306	0.350797458825802	8.43480874725449	9.80993478585163
9.57953151206866	0.393364867948489	8.80853637088962	10.3505266532477
8.81802107347216	0.350614234064532	8.13081717470567	9.50522497223864
8.58219462538982	0.340527298959324	7.91476111942954	9.24962813135009
9.49706332457751	0.342638071155284	8.82549270511315	10.1686339440419
9.16957865390597	0.347444863633664	8.48858672118398	9.85057058662795
9.16074497907834	0.337784037444716	8.4986882656867	9.82280169246999
8.62976623292374	0.343341117273935	7.95681764306683	9.30271482278065
9.71520076535255	0.401366736398337	8.9285219620118	10.5018795686933
9.71776333371443	0.400993335066239	8.9318163969846	10.5037102704443
8.82946729471695	0.344393856629534	8.15445533572307	9.50447925371084
8.725043614306	0.319380872689401	8.09905710383477	9.35103012477722
8.85395393639832	0.350062522456291	8.16783139238399	9.54007648041265
9.64957607240222	0.390497722844362	8.88420053562727	10.4149516091772
8.73298547038485	0.340815524014089	8.06498704331723	9.40098389745246
9.2328933943629	0.415114103475293	8.41926975155133	10.0465170371745
8.83326655574068	0.323965624296889	8.19829393211877	9.46823917936258
9.00413310591312	0.351615898282737	8.31496594527896	9.69330026654728
8.89625906876972	0.343670849385949	8.22266420397326	9.56985393356618
9.11928105982564	0.344546451392744	8.44397001509586	9.79459210455541
8.77053180199493	0.366870928659949	8.05146478182143	9.48959882216843
8.8054578057846	0.360845968312359	8.09819970789238	9.51271590367683
8.92724459094996	0.421600373426268	8.10090785903447	9.75358132286545
8.93055235283712	0.344684958238577	8.25496983468951	9.60613487098473
8.95907210689581	0.374117285763712	8.22580222679893	9.69234198699268
8.95466176326773	0.380455024896559	8.20896991447047	9.70035361206499
8.96460078103131	0.38501323486118	8.2099748407034	9.71922672135922
8.61802194755403	0.272211910415423	8.0844866031398	9.15155729196826
8.55456009647342	0.311598044565757	7.94382792912454	9.16529226382231
9.42675094100936	0.423607899245637	8.59647945848792	10.2570224235308
9.59170329822692	0.410169413758948	8.78777124725938	10.3956353491945
9.00905094751295	0.340793167286761	8.3410963396309	9.67700555539501
8.96519664289026	0.380155922056298	8.22009103565991	9.7103022501206
8.47405543673478	0.355395018315389	7.77748120083662	9.17062967263295
8.96787138395203	0.387076031361825	8.20920236248285	9.72654040542121
8.90986586511697	0.33943389768404	8.24457542565625	9.57515630457769
8.84120737415055	0.348329549586349	8.15848145696131	9.5239332913398
8.9412854947845	0.353868252944337	8.2477037190136	9.6348672705554
8.08314124122218	0.327669234110053	7.44090954236648	8.72537294007789
8.34056484780742	0.305709129851875	7.74137495329774	8.93975474231709
8.72119040282123	0.362959121362067	8.00979052495158	9.43259028069089
9.68781493355108	0.353526524489848	8.99490294555098	10.3807269215512
9.20065144542512	0.423792058120418	8.3700190115091	10.0312838793411
8.96524165172297	0.341768274437748	8.29537583382498	9.63510746962095
8.45431618497255	0.30453600508919	7.85742561499774	9.05120675494737
9.47100724019533	0.338562430644367	8.80742487613237	10.1345896042583
9.38586495003333	0.378774281582693	8.64346735813125	10.1282625419354
8.86040561720596	0.346082499152051	8.18208391886794	9.53872731554398
9.1569456965793	0.338341442556527	8.49379646916851	9.82009492399009
9.21553606237287	0.330804684947632	8.56715887987551	9.86391324487022
8.38252401993228	0.325726339064744	7.74410039536538	9.02094764449918
8.44571148798991	0.305138663852507	7.84763970683899	9.04378326914082
8.35783651544704	0.372275867627135	7.62817581489785	9.08749721599622
8.61664511270429	0.335097834304836	7.95985335746681	9.27343686794177
8.54338047928781	0.343445905591747	7.87022650432799	9.21653445424764
9.25699688288349	0.36612550233185	8.53939089831307	9.97460286745392
8.90219136403786	0.34498625096395	8.22601831214852	9.57836441592721
8.58776314346479	0.32415462885869	7.95242007090176	9.22310621602782
9.50200477483287	0.364288351523425	8.78799960584696	10.2160099438188
9.03797177750263	0.313637278748189	8.42324271115618	9.65270084384908
9.06017094996901	0.364989174941058	8.34479216708453	9.77554973285348
9.41882078217477	0.393426277546402	8.64770527818382	10.1899362861657
8.66013324054471	0.320275841536887	8.03239259113241	9.28787388995701
9.18907789908337	0.351959286999747	8.49923769656386	9.87891810160287
9.11455714844766	0.359268992812165	8.41038992253582	9.8187243743595
8.84699213708276	0.327724983315295	8.20465116978479	9.48933310438074
9.44771525077809	0.408865399678136	8.64633906740894	10.2490914341472
8.03969728350438	0.364059718736771	7.32614023478031	8.75325433222845
9.05620606927979	0.352814953528506	8.36468876036392	9.74772337819567
9.27426634610908	0.395494908328527	8.49909632578517	10.049436366433
8.7002232307155	0.346555417660135	8.02097461210164	9.37947184932937
8.96937154925258	0.34973646824177	8.28388807149871	9.65485502700645
8.47401026773342	0.366437346674105	7.75579306825217	9.19222746721466
9.16991297506592	0.339910486173062	8.50368842216672	9.83613752796512
8.88641445772098	0.338759538610602	8.2224457620442	9.55038315339776
9.23855998055738	0.379234287546956	8.49526077696535	9.98185918414941
8.69155900901921	0.325214513169761	8.05413856320648	9.32897945483194
9.51972636076368	0.369801620886676	8.7949151838258	10.2445375377016
8.79604181928802	0.340389417921479	8.12887856016192	9.46320507841411
8.44067993906286	0.337828433246019	7.77853620990066	9.10282366822506
8.76019017705028	0.333418102252493	8.1066906966354	9.41368965746517
9.45094729569809	0.379978932922366	8.70618858717025	10.1957060042259
8.2804656695434	0.351334685259104	7.59184968643555	8.96908165265124
8.48980487101852	0.311423207285983	7.879415384738	9.10019435729905
9.26906847766683	0.352458400331367	8.57825001301735	9.95988694231631
9.0386440046618	0.38754425893016	8.27905725715869	9.79823075216492
9.44465689090499	0.376248687106953	8.70720946417536	10.1821043176346
8.7813469199449	0.341522314413405	8.11196318369463	9.45073065619517
9.05354352011061	0.326106497501517	8.41437478500764	9.69271225521359
9.11354299604181	0.405031297807046	8.31968165234	9.90740433974362
9.12726530267457	0.328692764032892	8.4830274851701	9.77150312017904
9.19505835281584	0.401719247556134	8.40768862760581	9.98242807802586
9.42273782951312	0.382159707117329	8.67370480356315	10.1717708554631
9.38633803962926	0.387371057390448	8.62709076714398	10.1455853121145
8.49039576758648	0.346451333313039	7.81135115429292	9.16944038088003
9.38579905993602	0.424311298390922	8.55414891508981	10.2174492047822
9.47724182388034	0.397628893957879	8.6978891917229	10.2565944560378
8.63947066602479	0.329343103889678	7.99395818240102	9.28498314964856
9.30829615688229	0.379720797904106	8.56404339299025	10.0525489207743
9.15542803543093	0.403297891464488	8.36496416816053	9.94589190270133
9.1199021703616	0.35716754562313	8.41985378094026	9.81995055978293
8.74610475092474	0.3675772877489	8.02565326693689	9.46655623491258
8.86464975497093	0.343843206237111	8.19071707074619	9.53858243919567
9.18663456789293	0.372818413239933	8.45591047794266	9.9173586578432
9.0728995210802	0.342298614411043	8.40199423683455	9.74380480532584
9.20689452337868	0.361184450672437	8.4989730000607	9.91481604669666
8.64672381206972	0.305899045271129	8.04716168333831	9.24628594080114
9.6144606984199	0.390195609109438	8.8496773045654	10.3792440922744
9.6591450173562	0.358835226589137	8.95582797324149	10.3624620614709
8.89308700614244	0.348011314181458	8.21098483034679	9.5751891819381
9.49055433604494	0.356684306847808	8.79145309462324	10.1896555774666
8.5385005737555	0.290919853171324	7.96829766153971	9.1087034859713
9.01359645477928	0.321196621081995	8.38405107745856	9.64314183209999
8.88525415017092	0.350473910796569	8.19832528500965	9.5721830153322
9.18127089598852	0.362747496714834	8.47028580242744	9.89225598954959
9.57981493552145	0.360851625042126	8.87254575043888	10.287084120604
8.59891686482352	0.329832006249447	7.9524461325746	9.24538759707243
8.26551556565919	0.328955278828243	7.62076321915583	8.91026791216254
8.66944490459671	0.357801916127071	7.96815314898765	9.37073666020578
9.66216516973816	0.38187096646325	8.91369807547019	10.4106322640061
9.21192697469906	0.343129807998535	8.53939255102193	9.88446139837618
8.74493865408824	0.335509474271925	8.08734008451526	9.40253722366121
8.50628330458709	0.362805369080666	7.79518478118898	9.21738182798519
8.95523933409507	0.333060691689153	8.30244037838433	9.60803828980581
9.48018552843821	0.383723246773041	8.72808796476304	10.2322830921134
9.11700267977958	0.394349343165733	8.34407796717474	9.88992739238441
8.67289304090253	0.310087509249144	8.06512152277421	9.28066455903086
8.51463667630795	0.303716843031693	7.91935166396583	9.10992168865007
9.06130881360875	0.3268226883631	8.42073634441708	9.70188128280043
8.78897066053041	0.380253080584058	8.04367462258566	9.53426669847516
8.84125089747199	0.320923930149141	8.21223999437967	9.47026180056431
9.2686406561945	0.328161231002744	8.62544464342913	9.91183666895988
8.8160733837305	0.308217346590391	8.21196738441333	9.42017938304767
8.55529330860775	0.297891066577401	7.97142681811605	9.13915979909946
8.96497347532688	0.349360699789944	8.28022650373859	9.64972044691517
9.20023720534839	0.405709205483809	8.40504716260012	9.99542724809665
8.92264136699174	0.329381948723652	8.27705274749338	9.5682299864901
8.42287834867941	0.338311262915318	7.75978827336538	9.08596842399343
8.96601638238127	0.367690129499024	8.24534372856318	9.68668903619936
9.62529690470976	0.410969611399334	8.81979646636706	10.4307973430525
9.76690227036852	0.41190781718349	8.95956294868888	10.5742415920482
9.28225753004705	0.362234573013693	8.57227776694021	9.99223729315389
9.1210105812945	0.370264502433113	8.3952921565256	9.8467290060634
8.36677624477413	0.353656927850109	7.67360866618792	9.05994382336034
8.73499435241718	0.317930034079823	8.11185148562073	9.35813721921363
9.11067080335583	0.36731312460417	8.39073707913166	9.83060452758
8.76301425398119	0.331262575087536	8.11373960680962	9.41228890115276
9.68119891394974	0.369994040342002	8.95601059487941	10.4063872330201
8.76726119774345	0.362274904136611	8.05720238563569	9.4773200098512
9.22284529225875	0.36624217009316	8.50501063887616	9.94067994564135
8.58466932271538	0.426970735194651	7.74780668173386	9.42153196369689
8.39039163072752	0.300877435440972	7.80067185726322	8.98011140419183
8.68712637763732	0.357403359926105	7.98661579218215	9.38763696309248
9.13794235229151	0.359719099432074	8.43289291740464	9.84299178717837
9.14070213483975	0.329591061542769	8.49470365421592	9.78670061546357
9.12973575496425	0.372335824703517	8.39995753854535	9.85951397138314
9.04547210521553	0.358691033483796	8.34243767958729	9.74850653084377
8.49584886224224	0.33387517269371	7.84145352376256	9.15024420072191
8.58226699273798	0.307607515848798	7.97935626167434	9.18517772380163
9.06107034232364	0.356445307057426	8.36243754049108	9.75970314415619
8.93394026485215	0.355197018452238	8.23775410868576	9.63012642101853
9.41906675560459	0.411278512674349	8.61296087076286	10.2251726404463
8.83089967380312	0.356974674940874	8.131229310919	9.53057003668723
9.45994461778307	0.38874867392665	8.69799721688684	10.2218920186793
9.42162028574788	0.385836164840123	8.66538140266124	10.1778591688345
9.10123933015358	0.39138014497008	8.33413424601222	9.86834441429493
8.83229907402647	0.359675059658887	8.12733595709506	9.53726219095789
9.8277261338543	0.407810364607619	9.02841781922337	10.6270344484852
9.18521793307949	0.357782808771603	8.48396362788715	9.88647223827183
9.06131765443228	0.328731320980507	8.41700426531049	9.70563104355407
8.50947448236873	0.386236074913375	7.75245177553852	9.26649718919895
9.23308031415107	0.308605813942352	8.62821291882405	9.83794770947808
9.11501437264251	0.387623789587677	8.35527174505066	9.87475700023435
8.87878943749929	0.318042547172685	8.25542604504082	9.50215282995775
9.2959461508275	0.356924669606879	8.59637379839802	9.99551850325699
8.88590215441422	0.387470578811728	8.12645981994324	9.64534448888521
8.84477366148981	0.331194608294849	8.19563222923191	9.49391509374772
9.79564485599041	0.37881946584852	9.05315870292731	10.5381310090535
9.39085821257981	0.366677825362947	8.67216967486844	10.1095467502912
8.9511222122451	0.334196016984063	8.29609801895634	9.60614640553387
8.84986579335001	0.295462881050338	8.27075854649135	9.42897304020867
8.96160971098689	0.349326744063125	8.27692929262317	9.64629012935062
8.67508987288752	0.36174605806599	7.96606759907818	9.38411214669686
8.36328073892012	0.308687541571488	7.75825315744	8.96830832040023
9.12901577647936	0.345473582001364	8.45188755575669	9.80614399720203
10.171240106588	0.39987608576697	9.38748297848469	10.9549972346912
9.23994431602787	0.357179094913111	8.53987328999817	9.94001534205757
8.7825554185266	0.343626099801078	8.10904826291648	9.45606257413671
9.27191591194557	0.372591085162701	8.54163738502668	10.0021944388645
9.21386831350947	0.360961920630982	8.50638294907275	9.9213536779462
9.98720960074023	0.380204189537212	9.24200938924729	10.7324098122332
8.60908691518648	0.306186711744322	8.00896096016761	9.20921287020535
8.41202355202721	0.316068993500376	7.79252832476647	9.03151877928795
9.38169451105685	0.345353974002659	8.70480072201164	10.0585883001021
9.076098845854	0.402345564740331	8.28750153896295	9.86469615274505
9.09984484806438	0.354459123169941	8.4051049666513	9.79458472947746
9.017762082559	0.367887709351958	8.29670217222916	9.73882199288884
9.15922859029456	0.41337224405438	8.34901899194797	9.96943818864114
9.44224353995913	0.40940917563213	8.63980155572015	10.2446855241981
9.0593720896924	0.313186165002525	8.44552720628745	9.67321697309735
9.00586955730159	0.343966406324391	8.33169540090578	9.68004371369739
9.01741225218661	0.331389534025714	8.36788876549621	9.66693573887702
8.92137164473976	0.368378952509173	8.19934889782178	9.64339439165774
9.13404527351753	0.363244430684583	8.42208618937575	9.84600435765931
9.02004891189887	0.365187066383424	8.30428226178736	9.73581556201038
9.52980471625368	0.448114025792769	8.65150122569985	10.4081082068075
8.97364448267727	0.34610040438409	8.29528769008446	9.65200127527009
9.53879436803902	0.383260000204065	8.78760476763906	10.289983968439
9.05247760318771	0.389394241319346	8.28926489020179	9.81569031617362
9.4415352088726	0.347250097987163	8.76092501681777	10.1221454009274
8.8467663183219	0.397858659242445	8.06696334620671	9.62656929043709
8.78340786919954	0.337093479865929	8.12270464866232	9.44411108973676
9.14724420873402	0.382634849204217	8.39727990429375	9.89720851317428
9.19659763442073	0.319393236483915	8.57058689091226	9.82260837792921
9.08567141181198	0.364328585557171	8.37158738411993	9.79975543950403
9.01757957523682	0.343111629713597	8.34508078099818	9.69007836947547
8.61867030305059	0.31132361411298	8.00847601938915	9.22886458671203
8.78377532417241	0.35732344430964	8.08342137332552	9.48412927501931
9.10081289726067	0.320859029797154	8.47192919885825	9.72969659566309
9.91234348220057	0.345230561993355	9.23569158069359	10.5889953837075
9.14960738914633	0.348367956209699	8.46680619497532	9.83240858331734
9.10324133461656	0.374661420383491	8.36890495066492	9.83757771856821
9.20171230199603	0.375986505049552	8.4647787520989	9.93864585189315
8.76118258203817	0.332259089471327	8.10995476667437	9.41241039740198
8.78767822419747	0.341632239068553	8.11807903562311	9.45727741277183
8.5806899525682	0.348906612116624	7.89683299281962	9.26454691231678
9.47047192180651	0.351130964847235	8.78225523070593	10.1586886129071
8.74174374008719	0.323662996784353	8.10736426638986	9.37612321378452
8.80923122804113	0.376956571803513	8.07039634730625	9.54806610877602
8.33153132996153	0.379529614904147	7.5876532847494	9.07540937517365
9.23322595316224	0.35640520384396	8.53467175362807	9.9317801526964
8.9881426183498	0.345144529315896	8.31165934089065	9.66462589580896
8.80838409715077	0.427337196667843	7.9708031916818	9.64596500261974
9.40897976649163	0.394477269299887	8.63580431866385	10.1821552143194
8.92170495377861	0.363612728029907	8.20902400683999	9.63438590071723
9.32961907498638	0.352727191917173	8.63827377882872	10.020964371144
8.43655584880934	0.293299791831054	7.86168825682048	9.01142344079821
8.52143610087531	0.401867295735324	7.73377620123408	9.30909600051655
8.6824862109961	0.302616067122835	8.08935871943534	9.27561370255685
8.74679845276947	0.350148203619799	8.06050797367466	9.43308893186427
8.94210596717899	0.356593148427938	8.24318339626023	9.64102853809775
9.12524159651477	0.351816796253344	8.43568067585821	9.81480251717132
9.52286702063092	0.323040760366649	8.88970713031228	10.1560269109495
8.41673225076328	0.366263635772737	7.69885552464871	9.13460897687784
8.74699523324036	0.346669254217073	8.06752349497489	9.42646697150582
9.56509438462751	0.38313645735829	8.81414692820526	10.3160418410498
9.05002518975858	0.357589400822206	8.34914996414706	9.75090041537011
8.86561472706235	0.31493539013774	8.24834136239238	9.48288809173232
8.6231464131683	0.349057371260627	7.93899396549747	9.30729886083913
8.85413194683214	0.325227433213766	8.21668617773316	9.49157771593112
9.19118364111194	0.377733070564835	8.45082682280486	9.93154045941901
8.48701792330068	0.325727575364582	7.8485918755861	9.12544397101526
9.01882652095115	0.35231424427527	8.32829060217163	9.70936243973068
9.16643964724233	0.402329839560905	8.37787316170296	9.9550061327817
8.8316714761387	0.35368009542007	8.13845848911536	9.52488446316204
9.04956542525079	0.315612947821091	8.43096404752145	9.66816680298013
8.50513040637782	0.302852350159263	7.91153980006566	9.09872101268997
8.93916860044247	0.367067876860502	8.21971556179588	9.65862163908905
8.75782254908225	0.3443017998287	8.08299102141799	9.4326540767465
8.90669519866679	0.37291904965124	8.17577386135036	9.63761653598322
8.92313928304716	0.361433702859727	8.21472922544209	9.63154934065222
8.97833115412608	0.375812883357996	8.24173790274441	9.71492440550775
8.88097319085765	0.354993752173512	8.18518543659756	9.57676094511773
9.45953338314174	0.434365806020576	8.6081764033414	10.3108903629421
9.10912261825595	0.349720581942844	8.42367027764798	9.79457495886393
8.56343840331115	0.311374830663422	7.95314373521085	9.17373307141146
9.16032610733953	0.358161059296084	8.4583304311192	9.86232178355985
8.60052691762954	0.328536241216472	7.95659588484525	9.24445795041382
8.242854307589	0.334544384771511	7.58714731343683	8.89856130174116
8.88871968464709	0.394046319833693	8.11638889777306	9.66105047152113
9.18390760648769	0.421443306154066	8.35787872642572	10.0099364865497
9.04500959624508	0.360299563431167	8.33882245192	9.75119674057017
9.18471392655504	0.39311356683028	8.4142113355677	9.95521651754239
8.45203761392169	0.298058999115188	7.86784197565593	9.03623325218746
9.19298091907751	0.343366221454671	8.51998312502636	9.86597871312867
9.45985747695932	0.346938499211881	8.77985801850403	10.1398569354146
9.04963691892546	0.343442092000406	8.37649041860466	9.72278341924625
8.96486155769366	0.342039535015821	8.29446406906265	9.63525904632467
9.24310320566111	0.370684111582164	8.51656234696007	9.96964406436215
9.06747957636669	0.349495125377305	8.38246913062718	9.75249002210621
9.04514909979831	0.373586341305531	8.31291987083947	9.77737832875715
9.38504611079187	0.370518863235151	8.65882913885097	10.1112630827328
8.41070118458581	0.350170670332001	7.72436667073509	9.09703569843653
8.34760799277254	0.343436733131172	7.67447199583544	9.02074398970963
8.830020416796	0.342483855425546	8.15875206016193	9.50128877343007
8.72943849314556	0.369885739377594	8.00446244396548	9.45441454232565
9.04996779818827	0.367345562147151	8.32997049637985	9.76996509999669
8.88991962545824	0.335899020273292	8.23155754572259	9.54828170519389
9.11290428896473	0.342468209899335	8.44166659756204	9.78414198036743
8.66620172673374	0.363445885524309	7.95384779110609	9.37855566236138
9.28482552801598	0.332668849888123	8.63279458223526	9.9368564737967
8.55365693808493	0.304177347634121	7.95746933672206	9.14984453944781
9.00305684369114	0.344954485674646	8.32694605176883	9.67916763561345
9.03582133819609	0.365424898953775	8.31958853624669	9.75205414014549
8.53331088620964	0.354190445381712	7.83909761326148	9.22752415915779
8.85818096155158	0.371440764136623	8.13015706384379	9.58620485925936
9.15754627299808	0.350736109976939	8.47010349744328	9.84498904855288
9.41603242830936	0.390531832445133	8.6505900367169	10.1814748199018
8.07562566662599	0.334233569223514	7.4205278709479	8.73072346230408
9.40221985326054	0.380094180956768	8.65723525858528	10.1472044479358
8.90636523982855	0.363690394151829	8.19353206729097	9.61919841236614
8.94916784169367	0.389069724067915	8.18659118252056	9.71174450086679
8.58144516170814	0.393034065808344	7.81109839272379	9.3517919306925
9.32864536517471	0.379636829979093	8.58455717841569	10.0727335519337
8.87344603628591	0.364427007949986	8.15916910070394	9.58772297186789
9.50692465610538	0.369958035298388	8.78180690692054	10.2320424052902
9.04816087431166	0.439391453520359	8.18695362541176	9.90936812321156
8.95234089305119	0.365840844870392	8.23529283710523	9.66938894899716
9.19225667059181	0.406717402832215	8.39509056104066	9.98942278014295
8.9551970569597	0.340677628392956	8.2874689053095	9.62292520860989
9.14865156583775	0.377037862451486	8.40965735543284	9.88764577624266
9.29968555339941	0.361234493381318	8.59166594637203	10.0077051604268
9.23895196820445	0.381501027933155	8.49120995345547	9.98669398295344
8.61795585397563	0.341993521355036	7.94764855211976	9.2882631558315
9.24579669989164	0.353537367435897	8.55286345971728	9.938729940066
9.42282576459362	0.397055944952079	8.64459611248755	10.2010554166997
9.0626767266881	0.363690773572237	8.34984281048651	9.77551064288968
9.08449901425338	0.36949416448837	8.36029045185618	9.80870757665059
9.64686569668614	0.354404313296642	8.95223324262472	10.3414981507476
9.29646971355594	0.341777107415258	8.62658658302203	9.96635284408984
8.38742035122552	0.315485924381062	7.76906793943864	9.0057727630124
9.55959208144234	0.365930446306572	8.84236840668146	10.2768157562032
9.66455862853083	0.409715114490074	8.86151700413028	10.4676002529314
9.76713251655474	0.374434067401516	9.03324174444777	10.5010232886617
9.39206645926411	0.351218711127334	8.70367778545454	10.0804551330737
9.07976090756256	0.358728802314666	8.37665245502581	9.7828693600993
9.25879985287658	0.341503943734497	8.58945212315697	9.9281475825962
8.9586379720226	0.333899035681811	8.30419586208625	9.61308008195895
8.05861368227936	0.300258133777404	7.47010774007565	8.64711962448307
8.53786420678101	0.345843041216982	7.86001184599572	9.21571656756629
9.19501786499589	0.427881667052693	8.35636979757261	10.0336659324192
9.14040509110119	0.370022378450579	8.41516122933805	9.86564895286432
8.25747315179373	0.372848266118947	7.5266905502006	8.98825575338687
9.08262385633556	0.353485493244582	8.38979228957618	9.77545542309494
8.93491793656975	0.347859743976212	8.25311283837637	9.61672303476313
8.99775483903206	0.345122819714594	8.32131411239146	9.67419556567267
9.56638717102217	0.423445741661948	8.73643351736475	10.3963408246796
9.00621696804499	0.374753011870827	8.27170106477817	9.74073287131181
8.54105601945777	0.309440953881363	7.93455174985029	9.14756028906524
9.08931833210757	0.362573777507285	8.3786737281933	9.79996293602185
8.59286767962103	0.371270498695223	7.86517750217839	9.32055785706366
8.95108288629763	0.393641550466856	8.17954544738259	9.72262032521266
9.21881415109534	0.331700726984315	8.56868072620608	9.86894757598459
9.26791414302981	0.377822233062507	8.5273825662273	10.0084457198323
9.58826255635091	0.345516000359646	8.91105119564601	10.2654739170558
9.11027406271772	0.369425020600199	8.38620102234133	9.83434710309411
9.14652487192434	0.332133788936481	8.49554264560884	9.79750709823984
9.71334320525894	0.375603686691223	8.97715997934415	10.4495264311737
8.8505564407587	0.307479258074069	8.24789709493352	9.45321578658387
9.09512962913051	0.388175614153309	8.33430542539002	9.85595383287099
8.81231696480488	0.386539969693334	8.05469862420594	9.56993530540381
8.83668016833845	0.353768522901109	8.14329386345228	9.53006647322463
8.97736439964597	0.323863515261399	8.34259190973363	9.61213688955832
9.38862600476227	0.361504762658083	8.68007666995242	10.0971753395721
9.36548356951071	0.390873094855434	8.59937230359406	10.1315948354274
8.67255373556218	0.337054221739974	8.01192746095183	9.33318001017252
9.08462613020932	0.371147767787542	8.35717650534574	9.8120757550729
9.92501145438934	0.399750179860732	9.1415011018623	10.7085218069164
8.92249954525679	0.336864339305268	8.26224544021846	9.58275365029512
9.14893792685264	0.445808868616544	8.27515254436421	10.0227233093411
9.07750412857826	0.379375484828072	8.33392817831524	9.82108007884128
8.89930996532468	0.359423345099704	8.19484020892926	9.6037797217201
9.04273963985464	0.381046948287797	8.29588762121056	9.78959165849872
9.32918569424727	0.39019584926235	8.56440182969307	10.0939695588015
9.4638674529851	0.41242759652834	8.65550936378956	10.2722255421806
9.57216753959809	0.462938822715657	8.6648074470754	10.4795276321208
8.63217846450441	0.356875178399988	7.93270311484043	9.33165381416839
8.68590887892709	0.338625254529777	8.02220338004873	9.34961437780545
9.07952460785821	0.348063041827027	8.39732104587724	9.76172816983919
8.51686046159888	0.340768859261174	7.84895349744698	9.18476742575078
9.10525155807272	0.410635262825525	8.30040644293469	9.91009667321075
9.11187523923045	0.322711742093243	8.47936022472769	9.7443902537332
9.94561418983019	0.404226528187166	9.15333019458335	10.737898185077
9.33814956068178	0.3671970101968	8.61844342069605	10.0578557006675
8.61125901367846	0.375303616470618	7.87566392539605	9.34685410196087
8.99708501479964	0.341521379681722	8.32770311062347	9.66646691897582
8.74415033117331	0.414083269824122	7.93254712231803	9.55575354002859
9.36108757783919	0.385313051963628	8.60587399599047	10.1163011596879
8.9306280827187	0.365970842587567	8.21332523124707	9.64793093419033
9.29366271204279	0.371026941731906	8.56644990624825	10.0208755178373
9.10288661035371	0.395068604102147	8.32855214631351	9.87722107439392
9.2156707237867	0.380395581285949	8.47009538446625	9.96124606310716
8.93730393589234	0.336008730011485	8.27872682506982	9.59588104671485
8.64766136797589	0.322141193804687	8.0162646281187	9.27905810783308
9.27156415094367	0.428495534153002	8.43171290400379	10.1114153978836
8.55274768450983	0.328522583994377	7.90884341988085	9.19665194913881
8.74962200167603	0.353424075471821	8.05691081375126	9.4423331896008
9.14543973219669	0.36315923351946	8.43364763449855	9.85723182989483
9.32636224920184	0.376591604712765	8.58824270396483	10.0644817944389
9.32934043892334	0.371252243056569	8.60168604253246	10.0569948353142
9.38243983692296	0.372332179633079	8.65266876484213	10.1122109090038
8.66064104936392	0.29118596111843	8.0899165655718	9.23136553315604
9.5969849607277	0.433852166915005	8.74663471357429	10.4473352078811
8.58025186790776	0.342304389352249	7.90933526477735	9.25116847103816
9.73433447626383	0.393782955004406	8.96251988445519	10.5061490680725
9.31952346839963	0.369121318838506	8.59604568347616	10.0430012533231
8.88384116968944	0.337002317391235	8.22331662760262	9.54436571177626
8.81752480126206	0.343143144076776	8.14496423887158	9.49008536365254
8.50298520070244	0.315830276937325	7.88395785790529	9.1220125434996
9.83194507506336	0.397443374795186	9.05295606046479	10.6109340896619
9.1135076024349	0.354710952465779	8.41827413560197	9.80874106926782
8.9351273113294	0.341772338553264	8.265253527765	9.6050010948938
8.6937358618749	0.331386892724693	8.0442175521345	9.34325417161529
8.54317212670403	0.321028798550972	7.91395568154413	9.17238857186394
8.94734888149442	0.382941163203117	8.19678420161631	9.69791356137253
9.58174094806278	0.349126048605097	8.89745389279679	10.2660280033288
9.23548777471023	0.354142698478534	8.54136808569231	9.92960746372816
8.70057533961902	0.33898251736058	8.03616960559228	9.36498107364575
8.64721184819976	0.332413785484583	7.99568082864998	9.29874286774955
8.70961436739129	0.325917761180324	8.07081555547786	9.34841317930473
8.73311792641259	0.34280065201895	8.06122864845545	9.40500720436973
8.74099731973471	0.338199727962925	8.07812585292737	9.40386878654204
9.71143338382296	0.389134913731017	8.94872895291016	10.4741378147357
8.7961933214041	0.282673436308491	8.24215338623945	9.35023325656874
8.82606533326502	0.390064229145884	8.06153944413908	9.59059122239095
8.96858537397219	0.366106507875307	8.25101661853659	9.68615412940779
9.50222364124901	0.365242485486188	8.78634836969608	10.2180989128019
9.09204971737227	0.317076368943526	8.47058003424296	9.71351940050158
8.49409870545196	0.353432082683779	7.80137182339175	9.18682558751216
9.815505053184	0.432653131265244	8.96750491590412	10.6635051904639
8.976851423043	0.344237103077723	8.30214670101066	9.65155614507533
9.2221447519428	0.373558292465404	8.4899704987106	9.95431900517499
8.74904191071759	0.386484941732472	7.99153142492195	9.50655239651324
9.08142084910536	0.343237360355832	8.40867562280793	9.75416607540279
8.86272379475176	0.371802869465911	8.13399017059857	9.59145741890494
8.97373164449641	0.408649529450311	8.1727785667738	9.77468472221902
8.79638868183748	0.345178787356518	8.11983825861871	9.47293910505626
9.66811584642342	0.389806395803184	8.90409531064918	10.4321363821977
9.16783466483262	0.349977987008833	8.48187781029531	9.85379151936993
8.72633292494058	0.346676618761837	8.04684675216738	9.40581909771378
8.62388493734928	0.399928465971195	7.84002514404574	9.40774473065282
8.80580283759309	0.358200216652563	8.10373041295406	9.50787526223211
9.16717928615818	0.362992087897516	8.45571479387905	9.87864377843731
9.36838535213882	0.351616140551496	8.67921771665789	10.0575529876198
9.16063755885203	0.375501268396818	8.42465507279427	9.8966200449098
9.2547201316917	0.360410839034402	8.54831488718427	9.96112537619912
9.37982198040632	0.391541998660926	8.61239966303091	10.1472442977817
8.53178158984246	0.329229196981277	7.88649236375916	9.17707081592576
8.21956668402587	0.352707207901092	7.52826055653973	8.91087281151201
8.76328654549053	0.350807292311471	8.07570425256005	9.45086883842101
9.89851342338747	0.409846072873306	9.09521512055579	10.7018117262191
8.90688584059795	0.326639885987875	8.26667166406171	9.54710001713418
9.11599069127002	0.369305021134508	8.39215284984638	9.83982853269366
8.20743504238806	0.331601125511139	7.55749683638623	8.85737324838989
8.90349798966813	0.316607767223048	8.28294676591095	9.5240492134253
9.13205412800266	0.360925961098265	8.42463924425006	9.83946901175526
8.5172450829778	0.305254522510915	7.91894621885641	9.1155439470992
9.92133460086427	0.380360538076119	9.17582794623507	10.6668412554935
9.34641467778976	0.33242330253677	8.69486500481769	9.99796435076183
8.56300196134741	0.335909987973698	7.90461838491897	9.22138553777586
8.69282995360365	0.329038347987963	8.04791479154724	9.33774511566006
9.0994483511164	0.376129057457687	8.36223539849934	9.83666130373347
8.36306131423247	0.350149955924104	7.67676740062123	9.04935522784372
8.90917070862657	0.417096527915171	8.09166151391284	9.72667990334031
9.32361503258885	0.391414110763264	8.55644337549285	10.0907866896848
8.76096545885348	0.363316804810296	8.0488645214253	9.47306639628166
8.84203465635429	0.406027234329912	8.04622127706766	9.63784803564092
9.26608089382881	0.376135501223138	8.52885531143146	10.0033064762262
8.58018020639209	0.350642351987722	7.89292119649615	9.26743921628802
9.48645638316331	0.366538737645501	8.76804045737813	10.2048723089485
9.5015646980255	0.431009585942771	8.65678590957767	10.3463434864733
8.92383145719676	0.31790235340917	8.30074284451478	9.54692006987873
9.1183918573789	0.365867077287913	8.40129238589459	9.83549132886321
9.10282812565313	0.375935456841232	8.36599463024431	9.83966162106194
8.83930363301796	0.347462317989063	8.1582774897594	9.52032977627652
8.74068802413287	0.316586796329092	8.12017790332784	9.36119814493789
9.08154548749258	0.354484489984896	8.38675588712218	9.77633508786298
8.71715737398062	0.387506122479708	7.9576453739204	9.47666937404085
9.57054437845678	0.353411374571745	8.87785808429615	10.2632306726174
9.56462041971607	0.397873584581811	8.78478819393572	10.3444526454964
8.97519168328292	0.32842707046304	8.33147462517536	9.61890874139047
8.93573535725196	0.346742011182273	8.25612101533471	9.61534969916922
8.70825830475193	0.318391325251224	8.08421130725953	9.33230530224433
9.04425114498233	0.37441846892025	8.31039094589864	9.77811134406602
8.87527041480933	0.351321698387283	8.18667988597026	9.56386094364841
8.55006498379011	0.385404251294414	7.79467265125306	9.30545731632716
9.38264554142562	0.430660465822063	8.53855102841438	10.2267400544369
8.70914545873316	0.335247291319089	8.05206076774774	9.36623014971857
9.34074451153037	0.402462979983825	8.55191707076207	10.1295719522987
9.65390134269329	0.381504248570044	8.90615301549601	10.4016496698906
9.14897271641119	0.346922704837195	8.46900421493029	9.82894121789209
8.25707674476652	0.316050724778426	7.63761732420081	8.87653616533223
8.91970600377336	0.291167617808261	8.34901747286917	9.49039453467755
8.84321072393364	0.378793717335244	8.10077503795656	9.58564640991072
8.63643828188055	0.315458417299911	8.01813978397273	9.25473677978838
9.16284883592765	0.33769869587461	8.50095939201342	9.82473827984189
8.94027888449543	0.3449077799319	8.2642596358289	9.61629813316195
9.78463176752367	0.384836898840604	9.03035144579609	10.5389120892513
9.16782604399866	0.324594310939303	8.53162119455762	9.80403089343969
9.32095702240474	0.356491728385781	8.62223323476861	10.0196808100409
9.05359484906677	0.352862743016058	8.3619838727553	9.74520582537824
9.23621168711769	0.357776550440966	8.53496964825339	9.93745372598198
9.38902256434144	0.378032535912703	8.64807879395254	10.1299663347303
9.43579298010037	0.358048383773327	8.73401814790465	10.1375678122961
9.37731012507686	0.372406755889423	8.64739288353359	10.1072273666201
8.89477969041387	0.354868991478204	8.19923646711659	9.59032291371115
9.01457739826412	0.339443843121468	8.34926746574605	9.6798873307822
9.06354888118065	0.388739031844486	8.30162037876546	9.82547738359584
8.91596615278124	0.36879273444019	8.19313239327847	9.63879991228401
8.86849059608112	0.420540757081124	8.04423071220212	9.69275047996013
9.30661162157067	0.38585918420401	8.55032762053082	10.0628956226105
9.68776863877516	0.394885388115201	8.91379327806936	10.4617439994809
8.99801115289272	0.39642713605873	8.22101396621761	9.77500833956783
8.6718790474698	0.335292267148965	8.01470620385783	9.32905189108177
8.87003344451196	0.349892500305494	8.18424414391319	9.55582274511072
8.79627501958791	0.393256473142516	8.02549233222858	9.56705770694724
9.14086956211566	0.341896736033086	8.47075195949081	9.81098716474051
9.02949986090894	0.369375366065977	8.30552414341962	9.75347557839825
9.15891131337199	0.377370836897091	8.41926447305369	9.89855815369029
9.74457127032743	0.3682709367895	9.02276023422001	10.4663823064348
9.24583275588456	0.390492863478986	8.48046674346575	10.0111987683034
8.99654450559436	0.349712246442934	8.31110850256621	9.68198050862251
10.1841969125464	0.417012723522603	9.36685197444208	11.0015418506507
8.72278224643515	0.377265767364156	7.9833413424014	9.4622231504689
8.62550259911374	0.355686089054414	7.92835786456709	9.32264733366039
8.53198472140784	0.381674760690432	7.7839021904546	9.28006725236109
8.53591872152086	0.338920021750628	7.87163547888963	9.20020196415209
8.94602803138404	0.340909724473863	8.27784497141527	9.61421109135281
10.1268059452236	0.406734895851833	9.32960554935405	10.9240063410932
9.46046204507117	0.389724975482536	8.6966010931254	10.2243229970169
8.53805751152166	0.342352270711276	7.86704706092756	9.20906796211577
8.88307540959734	0.301835551987468	8.29147772770191	9.47467309149278
8.92302498483858	0.384377649528488	8.16964479176274	9.67640517791442
8.73167536562447	0.305043292037933	8.13379051323012	9.32956021801882
8.74707988632517	0.401082985479555	7.96095723478524	9.5332025378651
8.89456145036567	0.332860976339278	8.24215393674069	9.54696896399066
8.33507853511687	0.3391580055927	7.67032884415518	8.99982822607856
8.88582178770421	0.359123983646712	8.18193877975665	9.58970479565177
8.90576746784816	0.341005485729591	8.23739671581816	9.57413821987815
9.88631400040896	0.43017820192472	9.04316472463651	10.7294632761814
9.01781024416969	0.325793131542337	8.37925570634671	9.65636478199267
8.75288890911325	0.418878328019918	7.93188738619421	9.57389043203229
8.98559389832431	0.378011542169993	8.24469127567112	9.72649652097749
8.27240162405119	0.300638709988887	7.68314975247297	8.86165349562941
9.29424468002531	0.392115491480188	8.52569831672414	10.0627910433265
9.59753895372944	0.394301864094326	8.82470730010456	10.3703706073543
9.60903353707225	0.345009222006363	8.93281546193978	10.2852516122047
8.7555113506458	0.324540433420989	8.11941210114066	9.39161060015094
8.31381126014978	0.425514947863506	7.47980196233731	9.14782055796225
9.15198939886956	0.359636787808246	8.44710129476539	9.85687750297372
9.08069347074267	0.385007533541908	8.32607870500053	9.83530823648481
8.95350149089768	0.312467922017235	8.3410643637439	9.56593861805146
8.98551085485248	0.327070806942107	8.34445207324595	9.62656963645901
9.19882381585616	0.387135135243198	8.44003895077949	9.95760868093283
9.83155005842065	0.391753891268857	9.06371243153369	10.5993876853076
8.58675437106367	0.379554154506871	7.8428282282302	9.33068051389714
9.21770079634964	0.401025409361504	8.4316909940011	10.0037105986982
8.88847770151176	0.358386822656874	8.18603952910428	9.59091587391923
8.73014182442996	0.35124892330743	8.0416939347474	9.41858971411252
8.77217482314514	0.323196968995501	8.13870876391396	9.40564088237632
9.34244248802458	0.344234871338338	8.66774214020143	10.0171428358477
8.93174945604391	0.327194006968689	8.29044920238528	9.57304970970254
9.11648705096782	0.347004153945722	8.43635890923421	9.79661519270144
8.87867464420023	0.350323268033189	8.19204103885518	9.56530824954528
9.45320238794019	0.381170329588679	8.70610854194638	10.200296233934
8.82996571483792	0.384579891607439	8.07618912728734	9.5837423023885
8.63944576119369	0.329549916955122	7.99352792396165	9.28536359842573
8.87627370790964	0.361813563620151	8.16711912321415	9.58542829260514
8.59310513032836	0.325921591136095	7.95429881170162	9.23191144895511
8.51839277514924	0.303292189454692	7.92394008381804	9.11284546648043
8.97575578879867	0.389335913395823	8.21265739854286	9.73885417905448
9.21662008726414	0.376804445756009	8.47808337358236	9.95515680094591
8.85437029139181	0.34681897058173	8.17460510905162	9.53413547373201
8.83445256535723	0.365772055200471	8.11753933716431	9.55136579355015
8.64679782459433	0.331529318667778	7.99700036000548	9.29659528918317
8.95335993126909	0.35764998689954	8.25236595694599	9.65435390559219
9.19695752975113	0.379402421290719	8.45332878402132	9.94058627548094
9.18024405559997	0.42342865504114	8.35032389171933	10.0101642194806
8.90981815980454	0.335637801065076	8.25196806971699	9.56766824989208
8.68358105674583	0.30836185486983	8.07919182120096	9.2879702922907
8.7802904237151	0.350606383805926	8.09310191145548	9.46747893597471
9.06973379988638	0.37632203113424	8.33214261886327	9.80732498090949
8.3814821782444	0.344496442366814	7.70626915120545	9.05669520528336
8.52249080515554	0.323765338961441	7.88791074079112	9.15707086951997
8.9287534370007	0.36651039709454	8.2103930586954	9.647113815306
8.94683773402112	0.375992461146275	8.20989251017442	9.68378295786782
8.8086732712507	0.381766832944301	8.06041027867987	9.55693626382153
8.6960336517336	0.342678411999049	8.02438396421547	9.36768333925174
8.86026013465245	0.364768829622019	8.1453132285933	9.57520704071161
8.6957421633467	0.320060883801575	8.06842283109561	9.32306149559779
9.2017052014795	0.33598225693767	8.54317997788167	9.86023042507733
9.37423505885585	0.306506773930436	8.77348178195219	9.9749883357595
8.99870424974791	0.354467069166679	8.30394879418122	9.6934597053146
8.90876697911168	0.365691953104556	8.19201075102676	9.62552320719661
9.49411989772773	0.358415943509995	8.79162464844814	10.1966151470073
8.78776287190024	0.300443917834964	8.19889279294371	9.37663295085677
9.20310017367887	0.371855248080231	8.47426388744162	9.93193645991613
8.77194336210806	0.301396360811083	8.18120649491834	9.36268022929779
9.44064667851814	0.347063928173009	8.76040137929905	10.1208919777372
8.77078109274708	0.387906804464956	8.01048375599577	9.5310784294984
9.70348305086548	0.368861153579495	8.98051518984967	10.4264509118813
9.03586134110153	0.43303252295665	8.1871175961065	9.88460508609657
9.13465595582321	0.402383617722805	8.34598406508651	9.92332784655991
9.22221345599795	0.312702973204199	8.60931562851772	9.83511128347818
9.20207080441909	0.360105005333163	8.49626499396609	9.90787661487209
8.81464331034186	0.405612107078933	8.01964358046715	9.60964304021657
9.05581838118161	0.349668453344082	8.37046821262721	9.74116854973601
8.46930099997919	0.339142095366133	7.80458249306157	9.13401950689681
9.27489217500306	0.391245374811257	8.508051240373	10.0417331096331
9.02435190564452	0.33630983238272	8.36518463417438	9.68351917711465
9.05165774115286	0.317484925321979	8.42938728752178	9.67392819478393
8.60525163645016	0.302899705140737	8.01156821437432	9.19893505852601
8.93152598485282	0.355339120399971	8.23506130886887	9.62799066083676
9.49427914874263	0.381846096009741	8.74586080056354	10.2426974969217
9.13515584836922	0.406963525865872	8.33750733767212	9.93280435906633
8.96775561011929	0.341441216633035	8.29853082551855	9.63698039472004
8.36245929506879	0.322600099174762	7.73016310068626	8.99475548945133
9.34801873528405	0.412113767473182	8.54027575103662	10.1557617195315
9.53191504958154	0.359383076222567	8.82752422018531	10.2363058789778
8.39208240348307	0.315573640640522	7.77355806782765	9.0106067391385
8.6780086680228	0.334294034817112	8.02279235978126	9.33322497626434
8.62576725923788	0.309161965549812	8.01980980676025	9.23172471171551
9.11737322546675	0.367393659533048	8.39728165278197	9.83746479815152
8.54118637034112	0.376389050063094	7.80346383221746	9.27890890846479
9.39414640661042	0.428199075048776	8.55487621951482	10.233416593706
8.82622628572108	0.362113620780019	8.11648358899225	9.53596898244992
8.74811631138033	0.320854106668545	8.11924226230998	9.37699036045067
8.85783764386889	0.331050552334531	8.20897856129321	9.50669672644456
9.51738483971289	0.42210694513164	8.69005522725487	10.3447144521709
8.96751327102431	0.326593979108665	8.32738907197133	9.60763747007729
8.05641908036791	0.35195263411124	7.36659191750989	8.74624624322594
9.14614428414307	0.342230553241967	8.47537239978882	9.81691616849733
8.87793686412454	0.347117109411843	8.19758732967733	9.55828639857176
8.47452186943998	0.33105035831945	7.82566316713386	9.1233805717461
9.43128915309162	0.365173961163993	8.71554818921019	10.147030116973
9.03341017108937	0.33632593712067	8.37421133433286	9.69260900784588
8.97176153340264	0.383147923504276	8.22079160333426	9.72273146347102
9.04038398085057	0.373766554422517	8.30780153418244	9.7729664275187
9.38917192772254	0.426494176643159	8.55324334150195	10.2251005139431
9.05382153447089	0.332367776982713	8.40238069158477	9.70526237735701
9.35619303787252	0.336212035525537	8.69721744824247	10.0151686275026
8.93933778063833	0.369283270169184	8.21554257110673	9.66313299016993
8.91628458509585	0.341372072492427	8.2471953230107	9.58537384718101
9.38069479219785	0.328171141261572	8.73747935532517	10.0239102290705
8.23900697187742	0.266306108758301	7.71704699871115	8.76096694504369
8.95466169356183	0.403850000451422	8.16311569267704	9.74620769444661
8.47530710169908	0.332490200873546	7.82362630798693	9.12698789541123
8.88682814855104	0.348795823199696	8.20318833507963	9.57046796202244
9.28844214353562	0.39978592209374	8.50486173623188	10.0720225508393
9.26812084933859	0.32947228957785	8.622355161766	9.91388653691117
9.08714649996315	0.397381411820615	8.30827893279474	9.86601406713155
9.42273829010752	0.33177523898078	8.7724588217052	10.0730177585099
9.00906878681876	0.331164514312983	8.35998633876532	9.65815123487221
9.17904797974561	0.394780203255573	8.40527878136468	9.95281717812653
8.98462655377035	0.391955842486632	8.21639310249655	9.75286000504415
9.35459179528974	0.390911368427785	8.58840551317128	10.1207780774082
8.84791404525065	0.348335225792342	8.16517700269766	9.53065108780364
8.69814693636025	0.390807295972111	7.93216463625491	9.46412923646559
9.06831056680919	0.371802206578365	8.33957824191559	9.79704289170278
8.62954638364558	0.34574778437764	7.9518807262654	9.30721204102575
9.23031470695867	0.365609818500812	8.51371946269708	9.94690995122026
9.68666554300594	0.336277799464159	9.02756105605619	10.3457700299557
9.06206752944912	0.29901122753636	8.47600552347786	9.64812953542039
8.86369404497371	0.323099589913989	8.23041884874229	9.49696924120512
9.33721845262927	0.358942842090795	8.63369048213131	10.0407464231272
9.01024861497359	0.382455408902391	8.2606360135249	9.75986121642228
9.3378944051028	0.403466235644259	8.54710058324005	10.1286882269655
8.50362914706245	0.366038460894264	7.7861937637097	9.22106453041521
9.52188458953089	0.396559046185555	8.7446288590072	10.2991403200546
8.9085617852079	0.319304229828875	8.28272549474331	9.5343980756725
9.14628979900351	0.397161141532041	8.36785396160071	9.92472563640631
9.51629290526354	0.361838273566884	8.80708988907245	10.2254959214546
9.8225171774176	0.365094894085285	9.10693118501044	10.5381031698248
8.33079151501506	0.325863184325358	7.69209967373736	8.96948335629276
8.63416588829181	0.357486976684406	7.93349141399037	9.33484036259324
9.54851446108825	0.386718852917899	8.79054550936916	10.3064834128073
9.35865111579993	0.383248975328964	8.60748312415516	10.1098191074447
9.39963554008969	0.339218215189773	8.73476783831773	10.0645032418616
8.88172728913494	0.360283397011084	8.17557183099322	9.58788274727667
9.31353693565505	0.334822204539572	8.65728541475749	9.96978845655261
8.77491132806774	0.325608746794978	8.13671818434959	9.4131044717859
8.7490757554056	0.309536731367677	8.14238376192496	9.35576774888625
9.06257828105419	0.35974834069491	8.35747153329217	9.76768502881621
9.19050559625737	0.312131205557746	8.57872843336419	9.80228275915055
8.679525746908	0.352805672165063	7.98802662946448	9.37102486435152
9.09243594725133	0.369249847268803	8.36870624660447	9.81616564789818
8.96637191652796	0.339710478706098	8.300539378264	9.63220445479191
8.90546983317458	0.302289862606044	8.31298170246673	9.49795796388242
9.16414104610492	0.361786721736602	8.45503907150118	9.87324302070866
9.08998801425096	0.386171307614526	8.33309225132648	9.84688377717543
9.33398634579058	0.379301985139151	8.59055445491785	10.0774182366633
9.09918898629643	0.373668550076813	8.36679862814588	9.83157934444698
8.77682242059885	0.315180991782695	8.15906767670477	9.39457716449293
8.95124101577851	0.35349532078776	8.2583901870345	9.64409184452252
8.62630303318274	0.387544363843716	7.86671608004906	9.38588998631642
9.33388299298822	0.344621548133679	8.6584247586462	10.0093412273302
8.99879144824153	0.398976260389904	8.21679797787732	9.78078491860574
9.24882597119838	0.41487205682956	8.43567673981244	10.0619752025843
8.77554378244875	0.374306765238854	8.0419025225806	9.50918504231691
8.74506734722915	0.332219675141974	8.09391678395088	9.39621791050742
8.69610030471201	0.349468598761953	8.01114185113858	9.38105875828543
8.34284395126898	0.361093030732205	7.63510161103386	9.0505862915041
8.70407096027192	0.338549875733312	8.04051320383462	9.36762871670921
9.21821323536402	0.32977034515844	8.57186335885347	9.86456311187456
8.32190126113924	0.340668422753306	7.65419115254276	8.98961136973572
9.16611683980807	0.341577940245012	8.49662407692784	9.83560960268829
8.52131960084312	0.333742759924634	7.86718379139083	9.1754554102954
9.4816474518167	0.440508675146877	8.61825044852882	10.3450444551046
8.72606406447653	0.347329829380866	8.04529759889003	9.40683053006302
9.29072818363713	0.368006157962319	8.56943611403099	10.0120202532433
8.95564205394698	0.353525725892795	8.26273163119711	9.64855247669686
8.73957726521134	0.344201005712846	8.06494329401416	9.41421123640851
8.73356261758947	0.290967110714325	8.1632670805894	9.30385815458955
8.89525405768239	0.356577706088629	8.19636175374868	9.5941463616161
9.56025861538425	0.362815961463152	8.84913933091648	10.271377899852
9.43950301726412	0.364877039890805	8.72434401907814	10.1546620154501
9.20096701039026	0.366345411498019	8.48293000385415	9.91900401692638
9.25730834690719	0.399224976687022	8.47482739260063	10.0397893012137
9.14788345503371	0.337936549108869	8.48552781878032	9.81023909128709
8.64873863528995	0.301471588270589	8.0578543222796	9.23962294830031
9.07600975533865	0.340326935416984	8.40896896192136	9.74305054875594
9.21527576408455	0.339958712817362	8.54895668696252	9.88159484120658
8.78195959214713	0.365799702832715	8.06499217459501	9.49892700969925
8.88145175809411	0.334822441251998	8.22519977324019	9.53770374294803
9.39974207561936	0.378754369991884	8.65738351043526	10.1421006408035
8.96502775180337	0.344939971525092	8.28894540761419	9.64111009599255
8.83586562413795	0.329835955105401	8.18938715213136	9.48234409614453
8.79464649519507	0.325419605717359	8.15682406798905	9.4324689224011
8.76265579775975	0.324096867680429	8.12742593710611	9.39788565841339
9.50359901411128	0.40322641937878	8.71327523212888	10.2939227960937
9.26804421664039	0.386674676160818	8.51016185136519	10.0259265819156
8.90703375135752	0.368468430837306	8.1848356269164	9.62923187579864
9.28216273549266	0.320675836342336	8.65363809626168	9.91068737472364
8.90463762467546	0.371738537740119	8.17603009070483	9.6332451586461
8.91265781797435	0.35223447485384	8.22227824726082	9.60303738868788
8.55344385089422	0.343295430915976	7.88058480629891	9.22630289548954
