estFinal_msm11	sdFinal_msm11	X1	X2
4.8165186002746	0.145714528716541	4.53091812399018	5.10211907655902
5.10111635190139	0.132603269027775	4.84121394460696	5.36101875919583
4.72293132329461	0.127442045496102	4.47314491412225	4.97271773246697
4.92488657272257	0.128141938212916	4.67372837382525	5.17604477161988
5.31412632733206	0.124967153403522	5.06919070666115	5.55906194800296
4.88471688535311	0.149936564847498	4.59084121825201	5.1785925524542
5.06132039982335	0.130919609143898	4.80471796590131	5.31792283374539
4.88556294146532	0.132122028849045	4.62660376492119	5.14452211800945
4.99180950054804	0.121136556949585	4.75438184892686	5.22923715216923
5.03087156086892	0.126748147481099	4.78244519180597	5.27929792993188
5.1580411093281	0.128441062710234	4.90629662641604	5.40978559224016
5.04173966901058	0.129149349852527	4.78860694329963	5.29487239472153
4.94303175902431	0.127045099858964	4.69402336330074	5.19204015474788
4.95366991893064	0.131155543305823	4.69660505405123	5.21073478381005
5.11923679069137	0.135450667949294	4.85375348151075	5.38472009987198
5.1212988045757	0.130261746909816	4.86598578063246	5.37661182851894
5.21492005136997	0.117671344521422	4.98428421610799	5.44555588663196
5.0120094536446	0.135023151987647	4.74736407574882	5.27665483154039
5.1077265831098	0.125063018270388	4.86260306729984	5.35285009891976
4.85127240994995	0.12472533425739	4.60681075480547	5.09573406509444
5.18194221203925	0.134690569557895	4.91794869570577	5.44593572837272
4.8924201774138	0.140115550759786	4.61779369792462	5.16704665690298
5.13318907439861	0.126795383384978	4.88467012296406	5.38170802583317
4.83248026192886	0.13443341750751	4.56899076361414	5.09596976024357
5.05319950459548	0.125972750385782	4.80629291383935	5.30010609535162
4.90566842523273	0.130811462128534	4.6492779594608	5.16205889100466
5.04656085710978	0.126659670738003	4.7983079024633	5.29481381175627
4.92073503132246	0.128807288121099	4.6682727466051	5.17319731603981
4.80249267392133	0.1418238269763	4.52451797304778	5.08046737479488
5.01139814789877	0.151365253653655	4.7147222507376	5.30807404505993
4.9935277021658	0.13451691131355	4.72987455599124	5.25718084834036
4.97510868539967	0.13453323384616	4.7114235470612	5.23879382373815
5.02489042687184	0.130109133773715	4.76987652467536	5.27990432906832
5.02791465479997	0.128232515987042	4.77657892346537	5.27925038613458
5.00748003529066	0.136710541009264	4.7395273749125	5.27543269566881
4.98179326227382	0.133569865054145	4.71999632676769	5.24359019777994
4.96679757828594	0.138412530529258	4.6955090184486	5.23808613812329
5.02598745669228	0.124886025126263	4.7812108474448	5.27076406593976
5.12901377809965	0.127175372436995	4.87975004812314	5.37827750807616
4.69930111138465	0.1246203544308	4.45504521670028	4.94355700606901
4.81701043668472	0.129413718909638	4.56335954762183	5.07066132574761
4.87848902529879	0.134133159409122	4.61558803285691	5.14139001774067
5.00043608992667	0.134487962213363	4.73683968398848	5.26403249586486
4.89989869436568	0.123221597757021	4.65838436276191	5.14141302596944
5.06385949212315	0.130159945064458	4.80874599979681	5.31897298444949
4.75058932588395	0.134409577966111	4.48714655307037	5.01403209869753
4.96315784890728	0.131714126802893	4.70499816037361	5.22131753744095
4.74887804295751	0.126182977226307	4.50155940759395	4.99619667832107
5.13567042265057	0.135333151124019	4.87041744644749	5.40092339885365
5.10150779167224	0.131270955855358	4.84421671819574	5.35879886514875
5.1263290216147	0.133632794184479	4.86440874501312	5.38824929821628
4.98187498757393	0.135217547535393	4.71684859440456	5.24690138074329
4.87464711759323	0.12634058660041	4.62701956785642	5.12227466733003
5.13495816743174	0.134822887481818	4.87070530796737	5.3992110268961
5.17287109114491	0.125320862020299	4.92724220158513	5.4184999807047
4.98212896379121	0.124456208360573	4.73819479540449	5.22606313217793
5.0760411442913	0.130469978697662	4.82031998604388	5.33176230253871
5.15214217801072	0.131823863195923	4.89376740614671	5.41051694987473
4.85002898365695	0.143802927039472	4.56817524665958	5.13188272065431
5.16445051378716	0.133661109233765	4.90247473968898	5.42642628788534
5.06645334927712	0.13271444604161	4.80633303503557	5.32657366351868
5.30795437714536	0.132774604274027	5.04771615276827	5.56819260152246
5.27634197849269	0.13430465216329	5.01310486025264	5.53957909673274
5.05335261160632	0.123593770762512	4.8111088209118	5.29559640230085
5.07753649371554	0.139335677679296	4.80443856546412	5.35063442196696
4.96838640359071	0.128457548181174	4.71660960915561	5.22016319802581
4.99363223772267	0.130425163044184	4.73799891815607	5.24926555728927
5.02418127097677	0.122166170508062	4.78473557678097	5.26362696517257
4.92283928215627	0.120278629923181	4.68709316750684	5.15858539680571
4.9067228004364	0.130581984615967	4.6507821105891	5.16266349028369
5.06474721100115	0.133888758914534	4.80232524352866	5.32716917847364
5.14669334099165	0.128051811295694	4.89571179085209	5.39767489113122
4.97505831811017	0.127472515452861	4.72521218782256	5.22490444839777
4.98788715317975	0.135423252599229	4.72245757808526	5.25331672827424
5.04972765777119	0.127859135012671	4.79912375314635	5.30033156239602
5.14090306951385	0.124042784404947	4.89777921208016	5.38402692694755
4.97763971020475	0.123944921259888	4.73470766453537	5.22057175587413
5.05356068525575	0.131456560456121	4.79590582676175	5.31121554374975
5.23140825913444	0.134619128176089	4.9675547679093	5.49526175035957
4.93864656618493	0.13225266039657	4.67943135180765	5.19786178056221
5.0455348724773	0.133547711506375	4.78378135792481	5.3072883870298
4.86563820761264	0.130412044206235	4.61003060096842	5.12124581425686
5.0426911420482	0.130913137900242	4.78610139176373	5.29928089233268
5.11608343678631	0.138852304682819	4.84393291960799	5.38823395396464
4.70324242093055	0.129267861895766	4.44987741161485	4.95660743024625
5.05057236194969	0.130243310361695	4.79529547364077	5.30584925025861
5.09097780259089	0.133450114519615	4.82941557813244	5.35254002704933
4.99365621420839	0.124110208696358	4.75040020516353	5.23691222325325
5.10849187857692	0.130308654952476	4.85308691487006	5.36389684228377
5.12750334375745	0.127141941882951	4.87830513766686	5.37670154984803
4.97339248968218	0.133196112290658	4.71232810959249	5.23445686977187
5.00267089832453	0.140833929763959	4.72663639598717	5.27870540066189
5.01887588337547	0.126528680368728	4.77087966985276	5.26687209689818
4.96756902407021	0.136358104025324	4.70030714018057	5.23483090795984
4.89101828757438	0.128281172509458	4.63958718945584	5.14244938569291
5.23875810391021	0.140567020259526	4.96324674420153	5.51426946361888
4.81248507090368	0.13691943062929	4.54412298687028	5.08084715493709
5.10839214642394	0.122899476326896	4.86750917282323	5.34927512002466
5.10835810584783	0.142780951466218	4.82850744097404	5.38820877072161
5.13360626729403	0.132356360381216	4.87418780094684	5.39302473364121
4.87559390166232	0.126576595611146	4.62750377426447	5.12368402906016
5.17097504477523	0.128973730450837	4.91818653309159	5.42376355645887
5.14194914647704	0.125664863267933	4.89564601447189	5.38825227848219
5.07892419581651	0.131327821530479	4.82152166561678	5.33632672601625
4.98624241582502	0.124910105394157	4.74141860925247	5.23106622239757
4.99716763613464	0.125401409712779	4.75138087309759	5.24295439917169
5.00033183093761	0.118184469133642	4.76869027143567	5.23197339043955
5.00714385119896	0.140484811868172	4.73179361993734	5.28249408246058
4.94987189904006	0.13939314344151	4.6766613378947	5.22308246018542
4.84795506703166	0.134045499253291	4.58522588849521	5.11068424556811
4.98295865744743	0.133762404926599	4.72078434379129	5.24513297110356
4.84503138572651	0.132888931792084	4.58456907941402	5.105493692039
4.96584545838477	0.136509232306516	4.698287363064	5.23340355370554
4.98781084719345	0.126031954294867	4.74078821677551	5.23483347761139
4.86808192772186	0.138331337713117	4.59695250580415	5.13921134963957
5.09596253503102	0.129866599573456	4.84142399986704	5.35050107019499
5.09123018952037	0.134722462034507	4.82717416393274	5.355286215108
4.86526152215128	0.136346115516212	4.5980231357395	5.13249990856305
4.7799663924794	0.125970561081692	4.53306409275929	5.02686869219952
4.83777018063433	0.124623134640385	4.59350883673918	5.08203152452949
5.01498862616026	0.119101287674456	4.78155010231833	5.2484271500022
4.87308438121594	0.133604908540613	4.61121876047634	5.13495000195554
4.97768360580265	0.130039487852135	4.72280620961246	5.23256100199283
4.8104140372036	0.132562584329004	4.55059137191876	5.07023670248845
5.14476855800027	0.132018038960789	4.88601320163712	5.40352391436341
4.88808526079027	0.140617123149	4.61247569941823	5.16369482216231
4.9390808222959	0.131690250675284	4.68096793097234	5.19719371361946
4.84086822883494	0.135670090623989	4.57495485121192	5.10678160645796
4.96080392189057	0.139348823813879	4.68768022721537	5.23392761656577
5.09002377719273	0.127008253543497	4.84108760024748	5.33895995413799
5.12538117466644	0.132871234583542	4.8649535548827	5.38580879445018
5.02380752800043	0.129281969206631	4.77041486835543	5.27720018764543
4.96170420452027	0.136746750716518	4.6936805731159	5.22972783592465
5.02053664877733	0.126120931255282	4.77333962351698	5.26773367403768
4.8417095785849	0.13705771283755	4.5730764614233	5.1103426957465
4.83328389972434	0.130745976526136	4.57702178573311	5.08954601371557
4.90292098105103	0.133606039495446	4.64105314363996	5.16478881846211
4.81392970358944	0.144770969852305	4.53017860267892	5.09768080449995
5.05060006802019	0.129168590507978	4.79742963062455	5.30377050541582
4.98048896003942	0.124260396529835	4.73693858284094	5.2240393372379
4.81781903584648	0.124544679402736	4.57371146421712	5.06192660747584
4.99932745228263	0.131211807974076	4.74215230865344	5.25650259591182
5.1435180150311	0.129119026226216	4.89044472362772	5.39659130643449
4.70517976935525	0.131324496964749	4.44778375530434	4.96257578340616
5.08759135311831	0.124472296407968	4.84362565215869	5.33155705407792
4.98923868665289	0.137801042919428	4.71914864253081	5.25932873077497
4.89188343027059	0.142768871897379	4.61205644135173	5.17171041918945
5.18041790242949	0.130009935691358	4.92559842847443	5.43523737638455
5.05266121063195	0.126527545488887	4.80466722147373	5.30065519979017
4.95992092283767	0.12752482171991	4.70997227226665	5.2098695734087
5.11997278709252	0.139227228302105	4.8470874196204	5.39285815456465
5.01379634211803	0.128557554340261	4.76182353561112	5.26576914862495
4.81114577972108	0.135024280190628	4.54649819054745	5.07579336889471
5.01730341846319	0.127285647999532	4.76782354838411	5.26678328854227
5.02317322160289	0.13506777506515	4.7584403824752	5.28790606073058
4.86912202358218	0.136509865423565	4.601562687352	5.13668135981237
5.04188908781708	0.130683510810972	4.78574940662757	5.29802876900658
4.88230799521846	0.125031509060054	4.63724623746075	5.12736975297616
4.86433497129086	0.121087086149176	4.62700428243847	5.10166566014324
4.95637714833061	0.137360512491175	4.68715054384791	5.22560375281332
5.14543525925876	0.124934490266623	4.90056365833618	5.39030686018134
4.98392265839986	0.124317871715094	4.74025962983827	5.22758568696144
4.96134940652788	0.133332974154709	4.70001677718465	5.22268203587111
5.13111928155783	0.131274205823492	4.87382183814378	5.38841672497187
5.0715870781318	0.131568998511092	4.81371184105006	5.32946231521354
4.83540504974646	0.130142206151344	4.58032632568983	5.0904837738031
4.99312787703293	0.128422539463221	4.74141969968502	5.24483605438084
4.96155201734766	0.130719517718086	4.70534176262021	5.21776227207511
4.92192975919199	0.13482995066646	4.65766305588572	5.18619646249825
5.02430116802576	0.128508141024961	4.77242521161684	5.27617712443468
4.98202566318793	0.119659699959828	4.74749265126666	5.21655867510919
5.00919238030588	0.134934950935032	4.74471987647322	5.27366488413855
4.88023654393179	0.134771816045536	4.61608378448254	5.14438930338104
4.82515519649418	0.123140046795223	4.58380070477554	5.06650968821282
4.99990422707739	0.125206864162753	4.75449877331839	5.24530968083639
5.23759296704219	0.130765427023879	4.98129273007539	5.493893204009
4.88414372891726	0.126681473359927	4.6358480411318	5.13243941670272
5.07835528684595	0.13368494726571	4.81633279020516	5.34037778348674
5.13152950386849	0.140926387267341	4.8553137848245	5.40774522291248
5.04236188450162	0.13712651196593	4.7735939210484	5.31112984795484
4.83989730898143	0.12576658150824	4.59339480922528	5.08639980873758
4.83711249772528	0.124661209145134	4.59277652780082	5.08144846764974
5.1247498096354	0.122525446792501	4.8845999339221	5.3648996853487
4.90269400308136	0.139038475320429	4.63017859145332	5.1752094147094
5.11012254141843	0.136104929901276	4.84335687881193	5.37688820402493
5.05211413155778	0.135907643675151	4.78573514995449	5.31849311316108
5.10046904844848	0.132542628582475	4.84068549642683	5.36025260047013
5.05630580322569	0.133011626964775	4.79560301437473	5.31700859207665
5.09007495861596	0.12698055151544	4.8411930776457	5.33895683958622
5.22308224828558	0.13334844700865	4.96171929214863	5.48444520442254
4.97497242820959	0.122864422533575	4.73415816004378	5.21578669637539
5.11805468143158	0.143056710306639	4.83766352923057	5.39844583363259
4.87882560106905	0.122501998212697	4.63872168457216	5.11892951756593
4.96711657236074	0.130173255656393	4.71197699127421	5.22225615344727
4.87878041771288	0.130527591957709	4.62294633747577	5.13461449794999
4.73902489961534	0.129467812855871	4.48526798641784	4.99278181281285
4.81994972832388	0.130020155227678	4.56511022407763	5.07478923257012
4.87522402147366	0.131609338015256	4.61726971896376	5.13317832398356
4.99167291654208	0.142567277358955	4.71224105291853	5.27110478016563
4.92364975596104	0.141787254741504	4.64574673666769	5.20155277525439
5.28246306670084	0.123310920829488	5.04077366187505	5.52415247152664
4.91946847823872	0.137956476234284	4.64907378481952	5.18986317165792
5.00157929696158	0.121570508012586	4.76330110125691	5.23985749266624
5.10557330091107	0.1337583792116	4.84340687765633	5.3677397241658
5.19318568152183	0.141423664361923	4.91599529937246	5.4703760636712
4.85964573045626	0.126422436750914	4.61185775442447	5.10743370648805
5.05971017953001	0.130848489869152	4.80324713938647	5.31617321967355
4.87944082015977	0.13191087584848	4.62089550349675	5.13798613682279
4.82414646142548	0.126088285974699	4.57701342091507	5.07127950193589
4.80759425887342	0.128919933602293	4.55491118901293	5.06027732873392
4.98701016395411	0.130453471588503	4.73132135964064	5.24269896826757
5.18159378437888	0.126269763002593	4.9341050488938	5.42908251986396
4.85917053619182	0.132256407389318	4.59994797770876	5.11839309467488
4.94360662041428	0.141445020726637	4.66637437979008	5.22083886103849
4.99514357913868	0.13557409633054	4.72941835033082	5.26086880794654
4.85077116138792	0.131633914709747	4.59276868855682	5.10877363421903
5.07353887538843	0.138217357526982	4.80263285463555	5.34444489614132
5.1133618151944	0.133506409223273	4.85168925311678	5.37503437727202
4.87804428050143	0.129550698180733	4.6241249120672	5.13196364893567
4.975890360723	0.118563303177364	4.74350628649536	5.20827443495063
4.85743301016392	0.1374154872046	4.5880986552429	5.12676736508493
4.87176422514515	0.127526341794525	4.62181259522788	5.12171585506241
5.0187361361992	0.130752042192595	4.76246213350171	5.27501013889668
4.96161898629784	0.12967802529921	4.70745005671139	5.21578791588429
5.03113029189696	0.129585799788421	4.77714212431166	5.28511845948227
4.91056156259798	0.125282334080991	4.66500818779924	5.15611493739672
5.1105258128001	0.127054807070283	4.86149839094235	5.35955323465785
5.13937069230401	0.118197573187293	4.90770344885692	5.37103793575111
5.28719663497154	0.127377215280426	5.03753729302191	5.53685597692118
5.13978574023845	0.123130415593442	4.89845012567531	5.3811213548016
4.86199456127204	0.129252273117076	4.60866010596257	5.11532901658151
5.01868879771389	0.137520989941358	4.74914765742883	5.28822993799896
4.90829100092163	0.129783715371591	4.65391491879331	5.16266708304995
4.90776401314407	0.12933977877226	4.65425804675044	5.1612699795377
5.00358704331201	0.125363473454773	4.75787463534065	5.24929945128336
5.06938859419413	0.124092396260039	4.82616749752445	5.3126096908638
5.00048575112366	0.150911404442338	4.70469939841668	5.29627210383064
5.013363562471	0.128756655058292	4.76100051855674	5.26572660638525
4.96170104662211	0.127055178189051	4.71267289737157	5.21072919587265
4.92345350664222	0.117216842733539	4.69370849488449	5.15319851839996
5.01991451816529	0.129111535893677	4.76685590781368	5.27297312851689
5.21369434435969	0.121378972354264	4.97579155854533	5.45159713017404
4.85363826268968	0.143095131471865	4.57317180500482	5.13410472037453
4.93366034856874	0.12062242646945	4.69724039268862	5.17008030444887
4.90848956646734	0.12070371185452	4.67191029123248	5.1450688417022
5.09235130272578	0.133630268854087	4.83043597577177	5.35426662967979
5.01578284061093	0.127749452159364	4.76539391437858	5.26617176684329
5.241418810256	0.133965607537407	4.97884621948268	5.50399140102931
5.23617615282034	0.138107069013381	4.96548629755412	5.50686600808657
5.11933007076902	0.138105353777546	4.84864357736503	5.39001656417301
4.95120243721982	0.133295496999181	4.68994326310143	5.21246161133822
4.93199485724598	0.138219891121854	4.66108387064714	5.20290584384481
4.99060439989194	0.13224049497317	4.73141302974453	5.24979577003936
5.07537833711133	0.127491785705529	4.82549443712849	5.32526223709417
5.03281946241681	0.129609365023433	4.77878510697088	5.28685381786274
4.84940550709003	0.13777122669287	4.579373902772	5.11943711140805
4.86244870049211	0.142764772277638	4.58262974682794	5.14226765415629
4.96506885582479	0.119039302950569	4.73175182204168	5.19838588960791
4.89853176880062	0.135613011015537	4.63273026721017	5.16433327039107
5.27333069255192	0.141776928476574	4.99544791273783	5.551213472366
4.86312538236627	0.131853362239933	4.604692792376	5.12155797235654
4.93782408231297	0.133113787303514	4.67692105919808	5.19872710542785
5.00577803171372	0.125456580106843	4.75988313470431	5.25167292872313
5.01352342720533	0.138760078132138	4.74155367406634	5.28549318034432
5.01895572079421	0.132393643426764	4.75946417967775	5.27844726191067
4.77879428267755	0.150939152916882	4.48295354296046	5.07463502239464
4.95440814898668	0.126958981548598	4.70556854515143	5.20324775282193
5.0114385156285	0.130500751866146	4.75565704197086	5.26721998928615
5.10894574330305	0.130500495803089	4.853164771529	5.36472671507711
5.01213285664473	0.133101116711008	4.75125466789115	5.2730110453983
4.9485338832886	0.133017176322558	4.68782021769639	5.20924754888081
5.14422058273185	0.131735456398213	4.88601908819136	5.40242207727235
4.7709901832003	0.131971742240796	4.51232556840834	5.02965479799226
4.93861357295127	0.127855514418451	4.6880167646911	5.18921038121143
5.17111488249238	0.136047092555402	4.90446258108379	5.43776718390097
5.18809332047156	0.132307389315517	4.92877083741315	5.44741580352997
4.82891050041946	0.132134276650829	4.56992731818383	5.08789368265508
5.20497672094351	0.122895823837516	4.96410090622198	5.44585253566505
5.1512785556444	0.132781102162754	4.8910275954054	5.4115295158834
4.98900712069448	0.136790447508278	4.72089784357825	5.2571163978107
5.01598469834536	0.125657630342365	4.76969574287432	5.26227365381639
4.72592639347198	0.122574181826873	4.48568099709131	4.96617178985265
4.89818103339369	0.127641352445708	4.64800398260011	5.14835808418728
5.02985845307231	0.141908900602117	4.75171700789216	5.30799989825246
4.87973940188606	0.133031339836823	4.61899797580589	5.14048082796624
4.98733535419898	0.131072418092574	4.73043341473754	5.24423729366043
4.82613952980379	0.13096749018058	4.56944324904986	5.08283581055773
5.0032485685436	0.122438609303738	4.76326889430828	5.24322824277893
4.82824538228748	0.134508428450145	4.5646088625252	5.09188190204977
5.02495912403279	0.134381658122395	4.76157107411289	5.28834717395268
4.87603574259273	0.124309984862128	4.63238817226296	5.1196833129225
5.17574292955322	0.122733834423579	4.935184614083	5.41630124502343
4.89515769385154	0.131097550871514	4.63820649414337	5.15210889355971
5.0502623920041	0.128972229731975	4.79747682172943	5.30304796227877
4.74369141949914	0.132196968863547	4.48458536052659	5.00279747847169
4.9057183409449	0.134213998755328	4.64265890338446	5.16877777850534
5.02542640346351	0.13781216576063	4.75531455857267	5.29553824835434
5.03048980480516	0.140414706872637	4.75527697933479	5.30570263027553
5.03678089427144	0.136334773007257	4.76956473917721	5.30399704936566
5.06355645189015	0.142782655284935	4.78370244753168	5.34341045624863
4.97114218662032	0.12815105919235	4.71996611060331	5.22231826263733
5.05100578316772	0.138807936487376	4.77894222765246	5.32306933868298
5.03457467578318	0.122113167961071	4.79523286657948	5.27391648498688
4.94119862855058	0.127333080711441	4.69162579035615	5.190771466745
5.0118982598643	0.135323880383133	4.74666345431336	5.27713306541524
4.92439190312537	0.134680870269265	4.66041739739761	5.18836640885313
4.74912381651662	0.126408081066284	4.50136397762671	4.99688365540654
5.07660386710261	0.133001911310058	4.8159201209349	5.33728761327033
5.19876552108785	0.133392065798103	4.93731707212357	5.46021397005213
5.04775573236205	0.137988805385605	4.77729767380627	5.31821379091784
5.11656002071517	0.130728143841309	4.86033285878621	5.37278718264414
4.8112924467696	0.128704006360952	4.55903259430213	5.06355229923706
4.73749751073095	0.126025641214503	4.49048725395053	4.98450776751138
4.74747050269277	0.12801525194291	4.49656060888467	4.99838039650088
5.01104305047493	0.121893704125161	4.77213139038961	5.24995471056024
5.14252119122914	0.124796898326097	4.89791927050999	5.38712311194829
5.13868164665671	0.127776909517594	4.88823890400222	5.38912438931119
5.01483360184466	0.128115230390998	4.7637277502783	5.26593945341101
4.94326610392363	0.118767090649356	4.71048260625089	5.17604960159637
4.84389880683491	0.128823750104711	4.59140425662968	5.09639335704014
4.99457083800692	0.125183071691447	4.74921201749168	5.23992965852215
5.04440493128629	0.131833009774864	4.78601223212756	5.30279763044503
5.00418826894076	0.142360934108199	4.72516083808869	5.28321569979283
4.97196736887322	0.138247375945204	4.70100251202062	5.24293222572582
5.06659149323878	0.132524649530719	4.80684318015857	5.32633980631899
5.04213716809893	0.150387823868221	4.74737703331722	5.33689730288064
4.91685722640066	0.135826984540776	4.65063633670074	5.18307811610058
5.07015875325892	0.129016231291564	4.81728693992746	5.32303056659039
4.96580522146885	0.134104567272976	4.70296026961382	5.22865017332388
5.00476247481436	0.130512429287184	4.74895811341147	5.26056683621724
5.07001083649933	0.128691774227596	4.81777495901325	5.32224671398542
5.09590684747236	0.130757581179135	4.83962198836125	5.35219170658346
5.07546104036091	0.128556004576672	4.82349127139063	5.32743080933118
4.86607293961015	0.135616537835687	4.6002645254522	5.13188135376809
4.9893495485502	0.128509655431121	4.7374706239052	5.24122847319519
5.04304484004517	0.137028928213039	4.77446814074761	5.31162153934272
4.93290841168045	0.132720898745373	4.67277545013952	5.19304137322138
5.02474612204264	0.1260908012958	4.77760815150287	5.27188409258241
5.01431475774922	0.136869799735276	4.74604995026808	5.28257956523036
4.95565460619877	0.12031941376708	4.71982855521529	5.19148065718224
4.82161722799015	0.140407755388739	4.54641802742822	5.09681642855207
4.86620574002359	0.124368352364445	4.62244376938928	5.1099677106579
4.92238037962056	0.129950464175213	4.66767746983714	5.17708328940398
5.03558558868178	0.129923744979922	4.78093504852114	5.29023612884243
5.12283842508905	0.137839214007814	4.85267356563373	5.39300328454436
4.78897631893402	0.127333108516992	4.53940342624071	5.03854921162732
5.25503904777604	0.132644379196729	4.99505606455045	5.51502203100163
5.00141073621269	0.131644979121184	4.74338657713517	5.25943489529021
5.03747534621264	0.128666515008317	4.78528897679634	5.28966171562894
5.1370868853914	0.129228174909348	4.88379966256907	5.39037410821372
5.19072485490796	0.129789260662547	4.93633790400937	5.44511180580655
5.08008873464411	0.120084233057657	4.8447236378511	5.31545383143712
5.21002872583556	0.120974539589178	4.97291862824077	5.44713882343035
5.10823264246242	0.136267023274344	4.84114927684471	5.37531600808014
4.84062950834491	0.123905711915503	4.59777431299052	5.08348470369929
4.84902683819935	0.133261696657706	4.58783391275024	5.11021976364845
4.91016708813111	0.132028973281121	4.65139030050011	5.16894387576211
5.06856165625065	0.128777756322424	4.8161572538587	5.3209660586426
4.84999760132172	0.125552393480934	4.60391491009909	5.09608029254435
5.33129219882403	0.136495259480032	5.06376149024316	5.59882290740489
5.09804807560053	0.141876045879541	4.81997102567663	5.37612512552443
5.08259854126997	0.133127181476772	4.8216692655755	5.34352781696444
5.161597037897	0.13320499206458	4.90051525345042	5.42267882234358
5.12957441432696	0.133386730972254	4.86813642162134	5.39101240703258
5.13181395255442	0.126961275325209	4.88296985291701	5.38065805219183
4.85156134874624	0.132134423339616	4.5925778790006	5.11054481849189
4.99994948102773	0.131923654305837	4.74137911858828	5.25851984346717
4.87497353296418	0.135157507743439	4.61006481778704	5.13988224814133
4.88949388341133	0.131151494787411	4.632436953628	5.14655081319465
5.10388594656299	0.124382854127328	4.86009555247343	5.34767634065256
4.93839966160853	0.12877663202651	4.68599746283657	5.19080186038049
4.77459294155097	0.139272651056651	4.50161854547993	5.04756733762201
5.24220010370048	0.12686294116696	4.99354873901324	5.49085146838772
4.87176374969014	0.145668800923762	4.58625289987957	5.15727459950071
4.87167246840312	0.119910946211461	4.63664701382866	5.10669792297758
5.09450234778551	0.128447068061176	4.84274609438561	5.34625860118542
5.10366969954182	0.132303087006671	4.84435564900875	5.3629837500749
4.84749472442586	0.130977846602304	4.59077814508534	5.10421130376637
4.89298335419453	0.129690716484656	4.6387895498846	5.14717715850445
5.07012272052872	0.12807107300579	4.81910341743738	5.32114202362007
5.00721460772661	0.130753708492049	4.75093733908219	5.26349187637103
5.21538357872838	0.130826440302651	4.95896375573519	5.47180340172158
5.08888397230689	0.127200932640271	4.83957014433196	5.33819780028182
4.93488746930008	0.125408679069527	4.6890864583238	5.18068848027635
4.90937796152624	0.143776180858849	4.6275766470429	5.19117927600958
4.97129607678738	0.136003880072031	4.70472847184619	5.23786368172856
4.90847571802105	0.130057702524484	4.65356262107306	5.16338881496904
4.90091344240064	0.129702974539251	4.64669561230371	5.15513127249758
4.88947067328779	0.136730703319766	4.62147849478105	5.15746285179453
4.90460388517036	0.139590033076288	4.63100742034083	5.17820034999989
5.04835619920241	0.129088891343278	4.79534197216959	5.30137042623524
4.93572376691041	0.139777491382131	4.66175988380143	5.20968765001938
4.8933624011694	0.132867214988162	4.6329426597926	5.15378214254619
5.26801723621639	0.130525382359684	5.01218748679141	5.52384698564138
5.10112617638673	0.124181138751153	4.85773114443447	5.34452120833899
4.9596102156018	0.129629159229866	4.70553706351126	5.21368336769233
4.92791985575942	0.129340133967493	4.67441319318313	5.1814265183357
5.21639017833435	0.12768750302699	4.96612267240145	5.46665768426725
4.99802234801925	0.126531694751436	4.75002022630644	5.24602446973207
4.57262092086074	0.140996432295785	4.296267913561	4.84897392816048
5.04101741618032	0.129844761341562	4.78652168395086	5.29551314840978
4.97371016667197	0.127068645332688	4.7246556218199	5.22276471152404
5.23087856039779	0.122892471152581	4.99000931693873	5.47174780385684
5.00074630028429	0.135132100714519	4.73588738288384	5.26560521768475
4.88912102329862	0.125988546272235	4.64218347260504	5.1360585739922
4.9596658989045	0.12564358306499	4.71340447609712	5.20592732171188
4.88306637731278	0.13090373298518	4.62649506066183	5.13963769396373
5.08571510293741	0.129816300538102	4.83127515388273	5.34015505199209
4.93498869817969	0.129446478986676	4.68127359936581	5.18870379699357
4.97276330488566	0.125778106342311	4.72623821645473	5.21928839331659
4.98750006329378	0.131012190060708	4.73071617077479	5.24428395581277
4.98028493123925	0.132504180515127	4.7205767374296	5.2399931250489
5.07807211915886	0.133959091899412	4.81551229903601	5.3406319392817
5.0586739816007	0.138486984564552	4.78723949185418	5.33010847134722
5.01426855911515	0.128757657887313	4.76190354965602	5.26663356857429
5.05836537252096	0.131031188886284	4.80154424230385	5.31518650273808
4.8875336429437	0.120681810361218	4.65099729463571	5.12406999125168
4.82151973550606	0.126102370267182	4.57435908978239	5.06868038122974
4.97494554267053	0.129991733927767	4.72016174417211	5.22972934116896
5.15683774034186	0.137890859284236	4.88657165614476	5.42710382453896
5.06340059482036	0.126723894621972	4.8150217613613	5.31177942827942
5.03232605675504	0.144476270617379	4.74915256634498	5.31549954716511
5.07673458501738	0.132078138253417	4.81786143404069	5.33560773599408
5.00928917226958	0.127380841649719	4.75962272263613	5.25895562190303
4.96990731087309	0.128171477118949	4.71869121571995	5.22112340602623
5.06649794774526	0.138474911180783	4.79508712183092	5.33790877365959
4.96072779170321	0.129207743053357	4.70748061531863	5.21397496808779
5.24376387947577	0.124916797943117	4.99892695550726	5.48860080344427
5.01002595718123	0.128299805261015	4.75855833886964	5.26149357549282
5.02224207911543	0.132000372157951	4.76352134968585	5.28096280854502
5.14181779860392	0.120379454031557	4.90587406870206	5.37776152850577
5.01437226980605	0.140617785771031	4.73876140969483	5.28998312991727
5.02170300250823	0.132731564167049	4.76154913674082	5.28185686827565
4.94131544966676	0.142197050531374	4.66260923062526	5.22002166870825
5.32268984919315	0.132340782197367	5.06330191608631	5.58207778229999
4.99610555054905	0.136491272030498	4.72858265736928	5.26362844372883
4.82727179379038	0.122313001784276	4.5875383102932	5.06700527728756
5.12874557766628	0.140626391482902	4.85311785035979	5.40437330497277
5.00334446878497	0.138446049633259	4.73199021150378	5.27469872606615
4.82007708874986	0.145358541823681	4.53517434677544	5.10497983072427
4.84364573148067	0.140168860519234	4.56891476486297	5.11837669809837
4.86811412945931	0.140897860400786	4.59195432307377	5.14427393584486
4.80792533284669	0.130413176747379	4.55231550642183	5.06353515927156
4.86259813442659	0.141679239387076	4.58490682522792	5.14028944362526
4.93563896369445	0.140989327972509	4.65929988086833	5.21197804652057
4.94912029408678	0.130433730575677	4.69347018215845	5.20477040601511
5.0430488882426	0.135050799837753	4.77834932056061	5.3077484559246
5.16486531643526	0.138990528612658	4.89244388035445	5.43728675251607
4.93154818994386	0.138068691877195	4.66093355386456	5.20216282602316
4.95283752047958	0.13199144516919	4.69413428794797	5.2115407530112
4.96817283573814	0.125684014287207	4.72183216773522	5.21451350374107
5.02161872534162	0.136417339085426	4.75424074073418	5.28899670994906
5.07350345350867	0.13005609186238	4.81859351345841	5.32841339355894
4.75465049595023	0.130964734794037	4.49795961575392	5.01134137614654
4.91631431336898	0.135438920526964	4.65085402913613	5.18177459760183
5.07042671938393	0.136453682381804	4.80297750191559	5.33787593685226
5.16569767418737	0.127028552299811	4.91672171167974	5.414673636695
5.15454549569408	0.125964807454478	4.9076544730833	5.40143651830486
5.05866185343981	0.118319302985104	4.82675601958901	5.29056768729061
5.10543563831573	0.126195126502989	4.85809319036987	5.35277808626159
4.7900187824684	0.124826418938001	4.54535900134992	5.03467856358689
5.03787106284255	0.127525059291063	4.78792194663206	5.28782017905303
4.87162476741469	0.126927112395034	4.62284762712042	5.12040190770896
4.8657095134842	0.13994587803429	4.59141559253699	5.14000343443141
4.91705155510397	0.128074685628168	4.66602517127276	5.16807793893518
4.9432784826651	0.135687962333536	4.67733007649137	5.20922688883883
5.00298624126899	0.133337632900553	4.74164448078391	5.26432800175408
4.66121725374318	0.128466212819834	4.4094234766163	4.91301103087005
5.08726164718723	0.124045445076667	4.84413257483697	5.3303907195375
5.02389342111034	0.13442256672806	4.76042519032334	5.28736165189733
5.09092272150019	0.127551213830894	4.84092234239164	5.34092310060874
4.92290794682625	0.125740651565285	4.67645626975829	5.16935962389421
4.96354075613771	0.124920513931905	4.71869654883118	5.20838496344425
5.16750917507524	0.133084974139131	4.90666262576254	5.42835572438794
4.92448457588241	0.13475632360622	4.66036218161422	5.1886069701506
5.13119657152735	0.135226724008368	4.86615219247095	5.39624095058375
4.83654395053752	0.134258788838323	4.5733967244144	5.09969117666063
5.25357602188934	0.127482010801089	5.00371128071921	5.50344076305948
5.07905717059062	0.140321823568641	4.80402639639608	5.35408794478516
4.98090408256932	0.126351059197992	4.73325600654125	5.22855215859738
4.86788441355902	0.13551846875103	4.602268214807	5.13350061231104
4.58530612511136	0.136548003511097	4.31767203822961	4.85294021199311
4.95508508407749	0.127982062824111	4.70424024094223	5.20592992721275
4.78089388111282	0.121218261022275	4.54330608950916	5.01848167271647
4.974118418157	0.125899293756862	4.72735580239355	5.22088103392044
5.10040946733497	0.135279955103128	4.83526075533284	5.3655581793371
5.04182528888644	0.128586066495443	4.78979659855537	5.29385397921751
5.04262672995656	0.136486658991155	4.77511287833389	5.31014058157922
5.08248664128658	0.131477607281957	4.82479053101395	5.34018275155922
5.14986573673148	0.143736300269082	4.86814258820408	5.43158888525888
5.10570931710025	0.126842130401021	4.85709874151425	5.35431989268625
4.96393187747576	0.134940247121323	4.69944899311797	5.22841476183355
5.05144374705972	0.128706356849657	4.7991792876344	5.30370820648505
5.06499806050535	0.136158847435339	4.79812671953209	5.33186940147862
5.02327720586435	0.131361286558583	4.76580908420953	5.28074532751918
5.15819942559114	0.128543000436174	4.90625514473624	5.41014370644604
5.08951346334095	0.13114009991991	4.83247886749792	5.34654805918397
4.96830579390223	0.134384368469492	4.70491243170203	5.23169915610244
5.04740332786905	0.120389184447442	4.81144052635207	5.28336612938604
4.85401787563621	0.143162036831268	4.57342028344693	5.1346154678255
5.21282303065962	0.128634391291269	4.96069962372873	5.4649464375905
4.98080237192598	0.129342589342534	4.72729089681461	5.23431384703735
5.00046152122942	0.13029391318901	4.74508545137896	5.25583759107988
5.12146334279994	0.122719053800652	4.88093399735066	5.36199268824922
5.06300393944171	0.126390629659323	4.81527830530944	5.31072957357399
4.94929290775489	0.132531067985945	4.68953201450243	5.20905380100734
4.89777384152046	0.132574121494387	4.63792856339146	5.15761911964945
4.87882113118872	0.121378680037188	4.64091891831583	5.11672334406161
4.94688123721477	0.12539985332951	4.70109752468893	5.19266494974061
5.09946051450875	0.121650790010307	4.86102496608855	5.33789606292895
5.03018337750507	0.124805598953742	4.78556440355573	5.2748023514544
4.8263080457889	0.125371411042353	4.58058008014589	5.07203601143191
4.89432272574164	0.133682143305664	4.63230572486254	5.15633972662074
4.83729492504016	0.131679054114998	4.57920397897476	5.09538587110555
4.88443942147492	0.130638490718888	4.6283879796659	5.14049086328394
4.93906874498237	0.1300327249878	4.68420460400629	5.19393288595846
5.08017473104954	0.129296155019674	4.82675426721098	5.3335951948881
5.27421468722543	0.129802224771183	5.01980232667391	5.52862704777695
5.00118677512335	0.135449581676077	4.73570559503824	5.26666795520846
4.97794997398945	0.133361262628659	4.71656189923728	5.23933804874162
5.06742669020211	0.138851185244291	4.7952783671233	5.33957501328092
5.20851288546566	0.12806863865397	4.95749835370388	5.45952741722744
4.95967628247754	0.132764577030945	4.69945771149689	5.21989485345819
4.9623830920444	0.122797264301929	4.72170045401262	5.20306573007619
5.03600049649483	0.123179303507407	4.79456906162032	5.27743193136935
4.83956312946807	0.128653739149784	4.58740180073449	5.09172445820164
5.00712331302693	0.141420626172995	4.72993888572786	5.284307740326
4.98129609358804	0.135873739307305	4.71498356454572	5.24760862263035
5.06572241464091	0.122480406623342	4.82566081765916	5.30578401162267
4.88712153026998	0.126970065321111	4.6382602022406	5.13598285829936
4.93549580551361	0.136839517751917	4.66729035071986	5.20370126030737
5.20075878557107	0.127894880114608	4.95008482054644	5.4514327505957
5.04509993583731	0.127965068828858	4.79428840093275	5.29591147074187
5.19734702673739	0.136922776852615	4.92897838410627	5.46571566936852
4.9440601758711	0.121974280958458	4.70499058519253	5.18312976654968
5.03857502813142	0.119279597297649	4.80478701742803	5.27236303883482
4.96374437701463	0.126606640095189	4.71559536242806	5.2118933916012
5.02396721641519	0.123047249009186	4.78279460835718	5.26513982447319
5.01578921610056	0.128381749150357	4.76416098776586	5.26741744443526
4.91086805691808	0.132084384750615	4.65198266280687	5.16975345102928
5.00873000456004	0.145672549864983	4.72321180682467	5.2942482022954
5.00809810969483	0.12147974626558	4.76999780701429	5.24619841237537
4.96352427581238	0.137553588323072	4.69391924269916	5.2331293089256
4.74493177773588	0.132856715568342	4.48453261522192	5.00533094024983
4.8858827496301	0.127937804749761	4.63512465232056	5.13664084693963
5.09822059385097	0.133755315274175	4.83606017591359	5.36038101178835
5.03358564282573	0.142002827530972	4.75526010086502	5.31191118478644
4.89139706001267	0.129405616896348	4.63776205089583	5.14503206912951
5.05755294704796	0.136812385715735	4.78940067104512	5.3257052230508
4.92303547979111	0.123626055735158	4.6807284105502	5.16534254903202
5.12287821997669	0.131039773038097	4.86604026482202	5.37971617513136
4.71872749955603	0.128664450746774	4.46654517609236	4.97090982301971
5.13009472399402	0.143990529890712	4.84787328540823	5.41231616257982
5.00543322968869	0.141868281336286	4.72737139826957	5.28349506110781
4.97667090431926	0.124012127006485	4.73360713538654	5.21973467325197
4.76790948856179	0.129927196564128	4.5132521832961	5.02256679382748
4.83845406341406	0.134530142156756	4.57477498478682	5.10213314204131
5.00053844816751	0.124038035495414	4.75742389859649	5.24365299773852
4.8133318046328	0.134689681852267	4.54934002820236	5.07732358106324
4.91414196018828	0.127348818374997	4.66453827617329	5.16374564420327
5.05019184132572	0.133871157488451	4.78780437264836	5.31257931000309
4.9334883576533	0.131188987473448	4.67635794220534	5.19061877310125
4.94737819755715	0.134307235223023	4.68413601652002	5.21062037859427
4.86008482330117	0.133231289996629	4.59895149490778	5.12121815169456
5.02827163216918	0.134811544204439	4.76404100552848	5.29250225880988
5.25303230201139	0.138306152337932	4.98195224342904	5.52411236059374
4.83689472453653	0.138437641113946	4.5655569479532	5.10823250111987
4.76185216231196	0.133824167826997	4.49955679337104	5.02414753125287
4.80139006174189	0.133026247916565	4.54065861582542	5.06212150765836
5.10281256919895	0.130478631148716	4.84707445214747	5.35855068625044
5.16446328393491	0.125133277403062	4.91920206022491	5.40972450764491
4.91584730068703	0.146839808847718	4.6280412753455	5.20365332602855
4.90612134972087	0.134724064976214	4.64206218236749	5.17018051707425
4.79832083704448	0.12669403121842	4.55000053585638	5.04664113823258
4.98395579151167	0.139235024452633	4.71105514358451	5.25685643943883
5.06807516374393	0.134785334520892	4.80389590808298	5.33225441940488
4.89509112291065	0.13058681665424	4.63914096226834	5.15104128355296
4.86585197537412	0.13436792876829	4.60249083498827	5.12921311575996
4.85599908522575	0.134291945825895	4.592786871407	5.1192112990445
4.85694960382506	0.118699252981078	4.62429906798215	5.08960013966798
4.98615537720481	0.131058764038618	4.72928019968912	5.24303055472051
4.83537648013443	0.129680358091738	4.58120297827463	5.08954998199424
4.90240598096885	0.12537786779647	4.65666536008777	5.14814660184993
4.92678422982871	0.138599385760068	4.65512943373897	5.19843902591844
4.96850479399609	0.137851407118392	4.69831603604404	5.23869355194814
5.04615229214729	0.13003877234852	4.7912762983442	5.30102828595039
4.81406306604054	0.137603703965544	4.54435980626807	5.083766325813
5.24125603823064	0.134807636934209	4.97703306983959	5.50547900662169
5.01853263598407	0.124667209572017	4.77418490522292	5.26288036674523
4.9547132850556	0.12149362891538	4.71658577238145	5.19284079772974
4.77399912567639	0.126042089213195	4.52695663081852	5.02104162053425
5.07233484854463	0.132463293324434	4.81270679362874	5.33196290346052
4.97005745507534	0.128379999690693	4.71843265568159	5.2216822544691
5.05673266431054	0.129231444668045	4.80343903276117	5.31002629585991
4.97218184916656	0.125457707158487	4.72628474313593	5.2180789551972
5.20393105248391	0.130170967384113	4.94879595641105	5.45906614855677
5.07161477586868	0.137791191075946	4.80154404135982	5.34168551037753
5.01543623001387	0.124263930288589	4.77187892664823	5.2589935333795
5.19625089909933	0.13110699025555	4.93928119819845	5.45322060000021
5.12122551827274	0.13392443727897	4.85873362120596	5.38371741533952
5.26398733436286	0.136667388069983	4.9961192537457	5.53185541498003
4.80444711389186	0.130496311247574	4.54867434384662	5.06021988393711
4.87828300315009	0.135279545023511	4.61313509490401	5.14343091139617
5.06136012025279	0.12098832867994	4.8242229960401	5.29849724446547
4.8879767207513	0.131931618491207	4.62939074850854	5.14656269299407
5.09872835852424	0.123204021146745	4.85724847707662	5.34020823997186
4.94419323943144	0.121042907829837	4.70694914008496	5.18143733877792
5.31053010451207	0.131890466103389	5.05202479094942	5.56903541807471
4.96483008852156	0.131427207830496	4.70723276117379	5.22242741586933
4.90016634559626	0.133055400319215	4.6393777609706	5.16095493022192
5.16201734804839	0.140719591427539	4.88620694885041	5.43782774724636
4.87967057950747	0.137154236680916	4.61084827561287	5.14849288340206
5.08040778632058	0.12152282424771	4.84222305079507	5.31859252184609
4.95101436341003	0.143212320632258	4.6703182149708	5.23171051184925
4.99209474421429	0.126312911021064	4.74452143861301	5.23966804981558
5.10579430149074	0.124728648286069	4.86132615085005	5.35026245213144
4.66831181252178	0.131336048974248	4.41089315653225	4.92573046851131
4.95429500589518	0.133483498114905	4.69266734958996	5.21592266220039
4.92075507742668	0.125521782504053	4.67473238371874	5.16677777113463
5.01915972684158	0.133473248333378	4.75755216010816	5.280767293575
4.82853359374495	0.135766686070676	4.56243088904642	5.09463629844347
4.74069639615232	0.118775189636851	4.5078970244641	4.97349576784055
5.10245038252095	0.138097830196025	4.83177863533674	5.37312212970516
4.82915871358744	0.131831361444195	4.57076924515682	5.08754818201806
5.18475523995354	0.125551851161266	4.93867361167746	5.43083686822962
4.92540901821784	0.132477265264669	4.66575357829909	5.18506445813659
5.13421295989686	0.130187184442918	4.87904607838874	5.38937984140498
5.02703969993124	0.136613197039556	4.75927783373371	5.29480156612877
4.91194187018524	0.126028019281479	4.66492695239354	5.15895678797694
4.82035075675145	0.1272800566578	4.57088184570216	5.06981966780074
4.88932727852663	0.12164014594154	4.65091259248121	5.12774196457205
4.97389541991416	0.123932041767607	4.73098861804966	5.21680222177867
5.13374283957848	0.125386249000127	4.88798579153823	5.37949988761873
5.2782601668377	0.131496843045028	5.02052635446945	5.53599397920596
5.09661823830706	0.12066826461105	4.86010843966941	5.33312803694472
4.89950319261682	0.130246366058744	4.64422031514168	5.15478607009196
4.90577536653285	0.134115228626914	4.64290951842409	5.1686412146416
4.82905146753078	0.137190332975803	4.56015841489821	5.09794452016335
4.89907917072011	0.125072315446256	4.65393743244545	5.14422090899477
4.86618494435774	0.143040464774632	4.58582563339946	5.14654425531602
4.86275096013148	0.137628495142459	4.59299910965226	5.1325028106107
4.88682384274719	0.132745574878922	4.6266425159845	5.14700516950987
5.07236907394577	0.130165075351653	4.81724552625653	5.32749262163501
5.09229899345009	0.119407886266775	4.85825953636721	5.32633845053297
4.9730379715046	0.128641691100623	4.72090025694738	5.22517568606183
4.96877517931565	0.129408853849868	4.71513382576991	5.22241653286139
4.85908893907693	0.138806916863822	4.58702738202384	5.13115049613002
5.14643934882031	0.149794381239184	4.85284236159151	5.44003633604911
4.95675304659354	0.131066308319827	4.69986308228668	5.2136430109004
5.11946391301388	0.131649990521404	4.86142993159193	5.37749789443584
4.83615660835739	0.126564655260439	4.58808988404693	5.08422333266785
5.04471708041332	0.125164113606828	4.79939541774394	5.2900387430827
4.85650981417746	0.126923469090496	4.60773981476009	5.10527981359483
4.79939143299365	0.12535429821923	4.55369700848396	5.04508585750334
5.35479990063199	0.123606667929723	5.11253083148973	5.59706896977424
4.97884278767988	0.137295122377601	4.70974434781978	5.24794122753998
5.16240698408307	0.122788861662095	4.92174081522536	5.40307315294077
5.15845236345756	0.131942484535791	4.89984509376741	5.41705963314771
5.12631869747381	0.122853636666004	4.88552556960844	5.36711182533917
4.73352341875909	0.121709471117733	4.49497285536833	4.97207398214985
5.21914039409619	0.136034278015958	4.95251320918491	5.48576757900747
4.86831746202291	0.138705391818735	4.59645489405818	5.14018002998763
4.97942279233178	0.129181515701739	4.72622702155638	5.23261856310719
5.20729492362247	0.122422699950239	4.96734643172	5.44724341552494
5.16552024804408	0.137598234327373	4.89582770876243	5.43521278732573
5.03168185372807	0.124507950885365	4.78764626999276	5.27571743746339
4.8252408028328	0.128948838967635	4.57250107845624	5.07798052720937
4.80571820862335	0.137541020093371	4.53613780924034	5.07529860800635
5.2340394617379	0.135337988648775	4.9687770039863	5.4993019194895
4.938959271994	0.135917133433349	4.67256169046463	5.20535685352336
4.94936515335512	0.13098934311981	4.69262604084029	5.20610426586995
5.10659757523336	0.137799648195402	4.83651026477037	5.37668488569634
4.90006502013148	0.140053631166801	4.62555990304455	5.17457013721841
5.11633688583931	0.126802131504707	4.86780470809008	5.36486906358853
4.78771442972985	0.132759091873497	4.5275066096578	5.04792224980191
5.12898671997547	0.135297590197649	4.86380344318808	5.39416999676286
5.04716100410166	0.132768296510424	4.78693514294123	5.30738686526209
4.91393854998218	0.122658319116098	4.67352824451463	5.15434885544973
5.08593218308919	0.129013254335941	4.83306620459074	5.33879816158763
5.04975032717248	0.132971749591062	4.789125697974	5.31037495637097
5.04605492323918	0.136770316911213	4.77798510209321	5.31412474438516
4.97050601502813	0.125925205257066	4.72369261272428	5.21731941733198
4.91595431178215	0.140606364357671	4.64036583764111	5.19154278592318
5.01113385043535	0.136066029804747	4.74444443201805	5.27782326885266
4.90919953178042	0.127604312181955	4.65909507990379	5.15930398365706
4.9799890297861	0.128756295808194	4.72762669000204	5.23235136957016
4.94226209962624	0.128724580360071	4.6899619221205	5.19456227713198
5.02807350929949	0.13705675708804	4.75944226540693	5.29670475319205
5.09080446089796	0.138775590221545	4.81880430406374	5.36280461773219
5.04276040693985	0.131617000747036	4.78479108547566	5.30072972840404
4.87007468254671	0.127749297817403	4.6196860588246	5.12046330626882
5.02449560035278	0.131046638892036	4.76764418812439	5.28134701258117
4.91931969869835	0.137168629627874	4.65046918462772	5.18817021276899
5.08368194835611	0.132787795740513	4.8234178687047	5.34394602800751
4.95415870174568	0.126740682812194	4.70574696343378	5.20257044005758
4.99199152374233	0.134773916270572	4.72783464785201	5.25614839963265
4.99491999371449	0.139405437499953	4.72168533621458	5.26815465121439
5.0296172822928	0.123392057454749	4.78776884968149	5.2714657149041
5.06664944708982	0.127638340711669	4.81647829929495	5.31682059488469
4.94783023770607	0.132454331169787	4.68821974861329	5.20744072679885
5.05437957456416	0.130811454214645	4.79798912430345	5.31077002482486
4.72859524012392	0.123641934136561	4.48625704921626	4.97093343103158
4.90363386097039	0.124927029562901	4.6587768830271	5.14849083891367
5.03326017331973	0.138036069556056	4.76270947698986	5.3038108696496
5.11138661617347	0.139195110614657	4.83856419936874	5.38420903297819
5.04056877405405	0.129495346582092	4.78675789475315	5.29437965335495
4.84914562199227	0.131150321580658	4.59209099169419	5.10620025229036
4.82130221706152	0.123522692395498	4.57919773996634	5.0634066941567
4.98339037834819	0.130196415788017	4.72820540340368	5.23857535329271
5.01673308770073	0.139485770685536	4.74334097715708	5.29012519824439
5.03762442027064	0.126262733990689	4.79014946164888	5.28509937889239
5.16029569206837	0.126377671499602	4.91259545592915	5.40799592820759
4.90651531297687	0.127011280585067	4.65757320303014	5.15545742292361
5.11058558156807	0.125177198047433	4.8652382733951	5.35593288974103
5.06370541105564	0.138211682116785	4.79281051410674	5.33460030800454
5.24559900793364	0.122951348420583	5.0046143650293	5.48658365083799
5.21990882054923	0.126743630031992	4.97149130568652	5.46832633541193
4.89834203764183	0.126539950328169	4.65032373499862	5.14636034028504
5.11839857105366	0.139017058472221	4.8459251364481	5.39087200565921
4.96146657932891	0.126625058702024	4.71328146427294	5.20965169438487
4.72425587070852	0.128530280961028	4.47233652002491	4.97617522139214
5.26341459832493	0.127188744381379	5.01412465933742	5.51270453731243
5.22456741823706	0.138905893893344	4.95231186620611	5.49682297026801
4.89906895991228	0.1293083890517	4.64562451737094	5.15251340245361
5.16686880463923	0.133575144852743	4.90506152072785	5.42867608855061
4.7783046773372	0.127360173753049	4.52867873678122	5.02793061789318
4.88745777956827	0.125638156760289	4.6412069923181	5.13370856681844
5.00778034982316	0.124974225573822	4.76283086769847	5.25272983194785
5.19298929740874	0.117476007385165	4.96273632293382	5.42324227188367
4.84814434086404	0.133576350428187	4.5863346940248	5.10995398770329
4.7467669632368	0.137374206738183	4.47751351802996	5.01602040844364
5.01060124072988	0.129334298230878	4.75710601619736	5.2640964652624
5.15422971829451	0.13250328314451	4.89452328333127	5.41393615325774
5.21352226677968	0.131779364754014	4.95523471186181	5.47180982169755
5.14558807761337	0.131000414637052	4.88882726492474	5.40234889030199
4.81222449159708	0.130158245045664	4.55711433130758	5.06733465188658
4.89290447676112	0.141591782344049	4.61538458336678	5.17042437015546
4.9836329952239	0.136054833451824	4.71696552165832	5.25030046878947
4.98059185220722	0.128655624651806	4.72842682788969	5.23275687652476
5.26737319491408	0.122473713757597	5.02732471594919	5.50742167387897
5.00367949783956	0.138634673806528	4.73195553717876	5.27540345850035
5.08144216444449	0.128232908047544	4.8301056646713	5.33277866421767
5.32855183223541	0.132128613064456	5.06957975062907	5.58752391384174
4.89699602555264	0.140151481920103	4.62229912098924	5.17169293011604
4.96541568784891	0.127570465172578	4.71537757611066	5.21545379958717
4.91974409993409	0.129062600351822	4.66678140324452	5.17270679662366
5.12609744259142	0.134990207297476	4.86151663628837	5.39067824889448
4.84983255295967	0.127659279937885	4.59962036428141	5.10004474163792
5.13833465790962	0.122366869380876	4.89849559392311	5.37817372189614
4.85992253186826	0.131311258674758	4.60255246486573	5.11729259887078
5.17061625793784	0.124963021220127	4.92568873634639	5.41554377952929
4.68427957622539	0.12360455234763	4.44201465362404	4.92654449882675
5.41582462080179	0.133846979370601	5.15348454123541	5.67816470036817
4.88744663282751	0.128909298762548	4.63478440725292	5.14010885840211
5.05247291740127	0.124963615834012	4.80754423036661	5.29740160443593
5.39323872607923	0.129761149811315	5.13890687244906	5.64757057970941
5.18671027425391	0.13928307118081	4.91371545473953	5.4597050937683
5.19112025241736	0.13312658040917	4.93019215481539	5.45204835001934
4.95726081034366	0.126675326407947	4.70897717058409	5.20554445010324
5.11909038028262	0.120427392603518	4.88305269077973	5.35512806978552
4.87636566023983	0.124470060604872	4.63240434145429	5.12032697902538
5.05722515874647	0.130382414114134	4.80167562708277	5.31277469041017
5.26571521339301	0.113434758901996	5.0433830859451	5.48804734084093
4.63826844027058	0.131776789290325	4.37998593326154	4.89655094727961
5.19061825586078	0.132474245909085	4.93096873387898	5.45026777784259
5.11851018362106	0.126809997583848	4.86996258835672	5.36705777888541
5.1604192737341	0.135365904712994	4.89510210049663	5.42573644697157
5.21319300728946	0.139767028966253	4.93924963051561	5.48713638406332
5.03457853569372	0.136603348712794	4.76683597221664	5.30232109917079
4.882626866856	0.132755588164031	4.6224259140545	5.1428278196575
5.07663595918547	0.12862465245508	4.82453164037352	5.32874027799743
5.19787895718567	0.137854213427018	4.92768469886871	5.46807321550262
5.03796350834738	0.124176872944938	4.7945768373753	5.28135017931946
5.21091317261195	0.138504058015955	4.93944521890067	5.48238112632322
5.17157070060311	0.132147161842836	4.91256226339115	5.43057913781506
4.7896772333119	0.141127559093753	4.51306721748814	5.06628724913565
5.0952737130138	0.138028308490577	4.82473822837226	5.36580919765533
5.21268111888044	0.132796820939275	4.95239934983947	5.47296288792142
4.93195303090087	0.127337458158486	4.68237161291023	5.1815344488915
4.99183739693251	0.125654065774496	4.7455554280145	5.23811936585053
5.02241444644889	0.131247460614341	4.76516942364479	5.279659469253
5.00332382398147	0.125049061388557	4.75822766365989	5.24841998430304
4.86814235794734	0.140307861700282	4.59313894901478	5.14314576687989
5.08589119200949	0.134400369262025	4.82246646825592	5.34931591576306
5.18209036482714	0.13466402512884	4.91814887557462	5.44603185407967
4.9390115851996	0.132527367773358	4.67925794436381	5.19876522603538
4.94075475085571	0.127765118272407	4.69033511904179	5.19117438266963
4.92468997185065	0.140881258015848	4.64856270613959	5.20081723756172
4.95584457519154	0.132415123563502	4.69631093300708	5.215378217376
4.93075455240955	0.121100564220533	4.6933974465373	5.16811165828179
5.06216867425669	0.130971408876093	4.80546471285955	5.31887263565384
5.10329724199857	0.133828784838349	4.8409928237154	5.36560166028173
5.03782631693582	0.136797479739224	4.76970325664694	5.3059493772247
4.78498965493708	0.133055303609608	4.52420125986224	5.04577805001191
5.04534543567571	0.132163999810716	4.78630399604671	5.30438687530471
4.82060922363664	0.121712171963532	4.58205336658812	5.05916508068516
4.81357122047061	0.120693455038126	4.57701204859589	5.05013039234534
4.9845186280873	0.124771944541375	4.7399656167862	5.22907163938839
4.71667500977192	0.12363275598648	4.47435480803842	4.95899521150542
4.99285702938688	0.141015658110217	4.71646633949085	5.2692477192829
5.14848512571021	0.136156680781537	4.8816180313784	5.41535222004202
5.10132074026815	0.132807370799151	4.84101829350182	5.36162318703449
5.04080527331578	0.122647287514119	4.80041658978811	5.28119395684345
5.14662685714365	0.130019478945457	4.89178867841055	5.40146503587675
4.9714086943384	0.138880562317086	4.69920279219691	5.24361459647989
4.88708849333645	0.128262652439501	4.63569369455503	5.13848329211788
5.080342488271	0.129293108949869	4.82692799472926	5.33375698181274
5.11217344084113	0.120812962109066	4.87538003510736	5.3489668465749
4.97468301092584	0.122314158747132	4.73494725978147	5.21441876207022
4.9700631151107	0.134774858638057	4.70590439218011	5.2342218380413
4.92183965979971	0.122367433917272	4.68199948932186	5.16167983027757
4.84676841603801	0.132449560910215	4.58716727665399	5.10636955542203
4.98550175211153	0.129813150499058	4.73106797713338	5.23993552708969
5.03606224146656	0.128228995548304	4.78473341019188	5.28739107274123
4.90135964874059	0.132781003825066	4.64110888124346	5.16161041623772
5.04984730366941	0.134448386525346	4.78632846607973	5.31336614125909
5.03449519843468	0.138557054008401	4.76292337257821	5.30606702429115
5.13022820599245	0.139949106248288	4.8559279577458	5.40452845423909
5.04638164743842	0.121895735559591	4.80746600574162	5.28529728913522
4.9474063530898	0.137376887424378	4.67814765373802	5.21666505244158
5.00314630207447	0.143758112997562	4.72138040059925	5.28491220354969
4.80164403979749	0.127258050873697	4.55221826008504	5.05106981950994
4.87051118795548	0.129828872107174	4.61604659862542	5.12497577728554
4.98147277867193	0.122283325411782	4.74179746086484	5.22114809647903
4.87092785570034	0.124181487927538	4.62753213936237	5.11432357203832
4.94657746389827	0.130760522885948	4.69028683904181	5.20286808875472
4.8538481501815	0.136190264820997	4.58691523113234	5.12078106923065
4.984440228347	0.129389508306728	4.73083679206582	5.23804366462819
5.02097771109374	0.132777350019656	4.76073410505521	5.28122131713226
4.85991909806086	0.133507335169489	4.59824472112866	5.12159347499305
5.07161523852984	0.134057741325888	4.80886206553109	5.33436841152858
4.79163595959654	0.127894913243861	4.54096192963858	5.04230998955451
5.00802066428614	0.134695370078968	4.74401773893136	5.27202358964092
5.10672767136386	0.137381482962619	4.83745996475713	5.3759953779706
4.91525425112237	0.122546029982031	4.67506403235759	5.15544446988715
5.03471913635305	0.12411850144158	4.79144687352755	5.27799139917854
5.17976908534711	0.128008328642901	4.92887276120702	5.43066540948719
5.08465456802646	0.126522431302646	4.83667060267327	5.33263853337964
5.04776318563054	0.12574633979798	4.80130035962649	5.29422601163458
5.037756358375	0.128989486800804	4.78493696424542	5.29057575250457
5.05961447853768	0.125760313378697	4.81312426431544	5.30610469275993
4.90182539579416	0.131245785444606	4.64458365632273	5.15906713526559
5.22141154709756	0.127062311210592	4.9723694171248	5.47045367707032
5.09946317742063	0.132752186365267	4.8392688921447	5.35965746269655
4.84658825018557	0.127587471439483	4.59651680616419	5.09665969420696
4.95420263789196	0.139740702179801	4.68031086161955	5.22809441416437
4.81454519521865	0.127784670463232	4.56408724111072	5.06500314932659
5.03714765334544	0.124892661754299	4.79235803630702	5.28193727038387
5.0423907375633	0.135514119866216	4.77678306262552	5.30799841250108
4.84950076981856	0.129093636733445	4.59647724182101	5.10252429781611
5.05821982142938	0.13305465686549	4.79743269397302	5.31900694888574
5.06983426371209	0.13787199293557	4.79960515755838	5.34006336986581
5.21734075888557	0.117141837543748	4.98774275729982	5.44693876047132
5.13216714685374	0.135681511547895	4.86623138421986	5.39810290948761
5.02555103606395	0.129725887214487	4.77128829712355	5.27981377500434
4.86684313381543	0.125462682693986	4.62093627573522	5.11274999189564
4.9915792459761	0.136051767500588	4.72491778167494	5.25824071027725
4.95974866485245	0.132258510293062	4.70052198467804	5.21897534502685
5.10357085872485	0.135617844470999	4.83775988356169	5.369381833888
4.99442536361844	0.128953508767973	4.74167648643322	5.24717424080367
5.32232630087779	0.129580056272413	5.06834939058386	5.57630321117172
5.05995742875825	0.130207200331574	4.80475131610836	5.31516354140813
4.83748500850488	0.125261095963732	4.59197326041597	5.0829967565938
5.05278248948979	0.131111559402872	4.79580383306016	5.30976114591942
4.9975622736978	0.131287652398107	4.74023847499751	5.25488607239809
4.9835786932639	0.139751330173658	4.70966608612353	5.25749130040427
5.0963112287076	0.137836624294112	4.82615144509115	5.36647101232406
5.08547401696998	0.135374998635135	4.82013901964511	5.35080901429485
4.97919647756979	0.147196809870016	4.69069073022456	5.26770222491502
4.76567667522501	0.141509702714354	4.48831765790487	5.04303569254514
4.80710576715996	0.140040389798338	4.53262660315522	5.0815849311647
4.8693611817748	0.130425803942769	4.61372660604697	5.12499575750263
4.7628350193438	0.139216128667227	4.48997140715603	5.03569863153156
4.92202535982393	0.135172881683697	4.65708651172389	5.18696420792398
4.99507994976003	0.129730598333177	4.740807977027	5.24935192249305
5.19651743548314	0.128434830935699	4.94478516684917	5.44824970411711
5.02156020476502	0.134447229135189	4.75804363566005	5.28507677386999
5.02007037781755	0.131472249779287	4.76238476825015	5.27775598738496
5.03742332937637	0.161212998144068	4.721445853014	5.35340080573875
5.08571253992295	0.129468795135421	4.83195370145753	5.33947137838838
4.98847212725397	0.141362707586477	4.71140122038447	5.26554303412346
5.16817203226515	0.137364614139911	4.89893738855093	5.43740667597938
4.9059795649778	0.132100543762887	4.64706249920254	5.16489663075305
5.14351115575183	0.138525873263877	4.87200044415463	5.41502186734903
5.19231148245607	0.12887684400196	4.93971286821223	5.44491009669991
4.91136529215956	0.131580127973031	4.65346824133242	5.1692623429867
5.10546090251972	0.129776008822078	4.85109992522844	5.35982187981099
4.98912236215301	0.137398800218042	4.71982071372565	5.25842401058037
4.98561071388611	0.131797188014231	4.72728822537821	5.243933202394
5.17736208138592	0.130358432925303	4.92185955285233	5.43286460991952
4.92218114737396	0.128447005362749	4.67042501686298	5.17393727788495
5.01605169140627	0.138753639039021	4.74409455888979	5.28800882392275
5.07588571165861	0.122706371593061	4.83538122333621	5.31639019998101
5.18134881813866	0.132409854355577	4.92182550360173	5.4408721326756
4.71532962854885	0.128528571863088	4.4634136276972	4.9672456294005
5.07628176120356	0.138930957647806	4.80397708421386	5.34858643819326
5.03980134945693	0.13751844119476	4.7702652047152	5.30933749419866
5.07854152682542	0.132414292141993	4.81900951422712	5.33807353942373
5.02179739947675	0.121492350367652	4.78367239275615	5.25992240619735
5.08874577297604	0.137762217161953	4.81873182733861	5.35875971861347
5.01558967602833	0.134258808378153	4.75244241160715	5.27873694044952
4.95848610187452	0.129547931218723	4.70457215668582	5.21240004706322
5.05299433963175	0.116221790709352	4.82519962984142	5.28078904942208
5.05395547498121	0.121388157246506	4.81603468677806	5.29187626318436
5.15522666757422	0.12614765718615	4.90797725948937	5.40247607565908
4.86186383742046	0.145549588711395	4.57658664354612	5.14714103129479
4.98558384946261	0.135813601049437	4.71938919140571	5.25177850751951
4.93164162310823	0.124533068611007	4.68755680863066	5.1757264375858
5.33841923147556	0.129012438766742	5.08555485149275	5.59128361145838
5.21166076349892	0.124344887394287	4.96794478420612	5.45537674279172
4.9134052215458	0.127427236555646	4.66364783789674	5.16316260519487
4.98475998288395	0.131370299005874	4.72727419683244	5.24224576893547
5.13169928836444	0.132566752475631	4.8718684535122	5.39153012321668
5.16902442865517	0.135344307280722	4.90374958638495	5.43429927092538
5.20216914489268	0.133152538512726	4.94119016940774	5.46314812037762
4.84919210492583	0.130055080798746	4.59428414656029	5.10410006329137
5.01796100118824	0.12631917588196	4.7703754164596	5.26554658591688
5.05804274494707	0.132751609362986	4.79784959059562	5.31823589929853
4.93766092844348	0.131312730403096	4.68028797685341	5.19503388003355
4.96632914901053	0.130695489900178	4.71016598880618	5.22249230921488
5.06541949337249	0.121380786708194	4.82751315142443	5.30332583532055
5.05998478904304	0.125767453632515	4.81348057992331	5.30648899816277
4.8363395830136	0.129031615674907	4.58343761629078	5.08924154973642
4.86901996173437	0.134437715721386	4.60552203892045	5.13251788454828
4.99357964027487	0.13397492006482	4.73098879694782	5.25617048360191
5.03353558158543	0.123060733746326	4.79233654344263	5.27473461972823
5.05630268492991	0.13419992355722	4.79327083475775	5.31933453510206
4.86194831136515	0.134777344126033	4.59778471687812	5.12611190585217
5.16753731883593	0.130313143616507	4.91212355734757	5.42295108032428
5.05669860830945	0.12835841222914	4.80511612034033	5.30828109627856
4.9569641221045	0.134304563649067	4.69372717735233	5.22020106685667
4.90221193546678	0.124947822812376	4.65731420275452	5.14710966817903
5.12003731645744	0.128130579046179	4.86890138152693	5.37117325138795
4.98787058714383	0.135580357893859	4.72213308567186	5.25360808861579
5.30130233852598	0.137007705305914	5.03276723612639	5.56983744092557
5.2481394329361	0.121677221385001	5.0096520790215	5.48662678685071
5.05706828303192	0.137467980892044	4.78763104048351	5.32650552558033
4.9992563225765	0.119137396311393	4.76574702580617	5.23276561934683
4.87375291211084	0.134580527797098	4.60997507762853	5.13753074659315
5.09983850928017	0.12932463427194	4.84636222610717	5.35331479245318
4.91247022054882	0.134411234181423	4.64902420155323	5.17591623954441
5.07830266221374	0.14146483037521	4.80103159467833	5.35557372974915
5.08357996596115	0.13233686631245	4.82419970798874	5.34296022393355
5.01137428115015	0.128122848740824	4.76025349761814	5.26249506468216
4.84808511962785	0.130812505260971	4.59169260931635	5.10447762993936
5.06989460498515	0.128107366052073	4.81880416752309	5.32098504244721
4.93504021819512	0.121180906314305	4.69752564181908	5.17255479457115
4.89358082289619	0.135971295261313	4.62707708418401	5.16008456160836
5.1879619915194	0.137385497644138	4.91868641613689	5.45723756690191
4.84827968285796	0.126246475191927	4.60083659148178	5.09572277423414
5.11730872680957	0.122616499112667	4.87698038854874	5.3576370650704
4.99153217955313	0.130247281682352	4.73624750745572	5.24681685165054
4.92584847951813	0.135697253959497	4.65988186175752	5.19181509727875
4.90354006596859	0.125851101745814	4.6568719065468	5.15020822539039
5.12429115782711	0.124376567383139	4.88051308575616	5.36806922989806
5.09687848962413	0.140305533821461	4.82187964333407	5.3718773359142
5.22418269218568	0.137646861294269	4.95439484404891	5.49397054032245
5.07171193757329	0.128805894660781	4.81925238403816	5.32417149110842
4.96996114332779	0.127794081137215	4.71948474429885	5.22043754235674
5.02001050886176	0.133980630512089	4.75740847305807	5.28261254466546
5.23610444783199	0.131131752252226	4.97908621341763	5.49312268224635
5.1133665369342	0.131807483633643	4.85502386901226	5.37170920485614
5.02049628423329	0.13019085791736	4.76532220271526	5.27567036575132
4.90342631126452	0.12461479771737	4.65918130773848	5.14767131479057
4.81812124239511	0.134446920712362	4.55460527779888	5.08163720699134
4.74025685344732	0.129674081987517	4.48609565275178	4.99441805414285
4.91968644913754	0.127533338225424	4.6697211062157	5.16965179205937
5.08943724164534	0.134219731550396	4.82636656780657	5.35250791548412
5.07608873567208	0.129016097655953	4.82321718426641	5.32896028707775
5.11705090331726	0.128837569538788	4.86452926702123	5.36957253961328
4.83440179035158	0.13971116956439	4.56056789800538	5.10823568269778
5.1556338710394	0.129189533263029	4.90242238584386	5.40884535623493
5.21355088855953	0.127399864967862	4.96384715322252	5.46325462389654
4.99486938499993	0.125431448309374	4.74902374631355	5.2407150236863
5.14944810917625	0.134354809834947	4.88611268189975	5.41278353645274
4.92462802924076	0.1375607131663	4.65500903143481	5.19424702704671
5.02158691656139	0.133481295267037	4.75996357783799	5.28321025528478
4.98634203179214	0.133070788863256	4.72552328562016	5.24716077796412
4.91234975685252	0.129663931908603	4.65820845031166	5.16649106339338
5.04280503750781	0.130711182590448	4.78661111963053	5.29899895538508
4.99522799086579	0.124510723973511	4.7511869718777	5.23926900985387
5.02177064606427	0.121428557386284	4.78377067358715	5.25977061854138
4.85830253200023	0.133376905419651	4.59688379737771	5.11972126662274
5.13197193051697	0.125828515241608	4.88534804064342	5.37859582039052
4.96667548483394	0.133362291537544	4.70528539342036	5.22806557624753
5.0863961719294	0.139991359262652	4.81201310777461	5.3607792360842
5.12614397042739	0.132114297146743	4.86719994801977	5.38508799283501
5.23177677769556	0.129686484069305	4.97759126891972	5.48596228647139
4.7893910314534	0.12662800627612	4.5412001391522	5.03758192375459
4.76563267092383	0.128785861580287	4.51321238222646	5.01805295962119
4.86973993111989	0.136669417970384	4.60186787189794	5.13761199034184
4.92953672420056	0.121524506526952	4.69134869140774	5.16772475699339
5.09479610905029	0.136305418829775	4.82763748814393	5.36195472995665
5.1787308378231	0.135234417199226	4.91367138011261	5.44379029553358
5.04725271304263	0.13216435525228	4.78821057674816	5.3062948493371
4.95326549653666	0.127115712931448	4.70411869919102	5.2024122938823
5.20967227982187	0.131059018750563	4.95279660307077	5.46654795657298
5.06696160466795	0.128779854732621	4.81455308939202	5.31937011994389
4.95259159322106	0.126614619018731	4.70442693994435	5.20075624649778
4.9253712001562	0.137792334870072	4.65529822381086	5.19544417650154
