estFinal_msm11	sdFinal_msm11	X1	X2
4.89495805631539	0.235629090063439	4.43312503979105	5.35679107283973
5.41423022519362	0.223328556263657	4.97650625491685	5.85195419547039
4.83154809554304	0.219629416609471	4.40107443898847	5.2620217520976
4.83173954969073	0.220401502092264	4.39975260558989	5.26372649379157
5.46497811749533	0.201008427724318	5.07100159915567	5.858954635835
5.1164095983216	0.22696222093179	4.67156364529529	5.56125555134791
5.15650283020818	0.197564063193436	4.76927726634905	5.54372839406731
4.96946163638572	0.228088694797047	4.52240779458351	5.41651547818793
4.92923970705085	0.210337106736306	4.51697897784769	5.34150043625401
4.9310910242322	0.202978443996936	4.53325327399821	5.3289287744662
5.10374776913785	0.224926770536066	4.66289129888716	5.54460423938854
5.25065771448206	0.222409995556284	4.81473412319175	5.68658130577238
5.13580454865848	0.22403627724223	4.69669344526371	5.57491565205325
5.3516933089891	0.231426287861897	4.89809778477979	5.80528883319842
5.42658635457872	0.20708031913278	5.02070892907847	5.83246378007897
5.10471141376816	0.212812599440796	4.6875987188642	5.52182410867212
5.04696295999433	0.213849394440792	4.62781814689038	5.46610777309828
5.19709703672912	0.221558357881349	4.76284265528167	5.63135141817656
5.27179049618747	0.207746646392248	4.86460706925867	5.67897392311628
5.47796271032	0.218979060550206	5.0487637516416	5.9071616689984
5.11694158967872	0.222656609565929	4.6805346349295	5.55334854442794
5.20038258059964	0.233377868420223	4.74296195849601	5.65780320270328
5.68140398349977	0.201023567295904	5.2873977915998	6.07541017539974
4.95449259683968	0.206956498468565	4.54885785984129	5.36012733383807
5.2780717420828	0.218977363552017	4.84887610952085	5.70726737464476
5.06893556332795	0.241637958443855	4.59532516477799	5.5425459618779
5.27041729819641	0.208529248880826	4.86169997038999	5.67913462600283
5.09160352175082	0.216368274939389	4.66752170286962	5.51568534063202
5.15301952324532	0.245302704200409	4.67222622301252	5.63381282347812
5.38770391630664	0.237677642818426	4.92185573638253	5.85355209623076
5.35344675853224	0.240116273503313	4.88281886246575	5.82407465459873
5.07062913415344	0.224883734687475	4.62985701416599	5.51140125414089
5.20550279865882	0.217911409601852	4.77839643583919	5.63260916147845
5.15993443879214	0.223235789503407	4.72239229136547	5.59747658621882
5.05171847497003	0.219665170531707	4.62117474072788	5.48226220921218
5.1521260803083	0.216594494452629	4.72760087118115	5.57665128943545
5.45418127853052	0.219486895984669	5.02398696240057	5.88437559466047
4.88400512901896	0.20510457909177	4.4820001539991	5.28601010403883
5.51253248414899	0.238985766933517	5.0441203809593	5.98094458733868
4.6995119547823	0.224138166713998	4.26020114802286	5.13882276154173
5.05422824834728	0.214029995115037	4.6347294579218	5.47372703877275
5.18746910744904	0.228405927274185	4.73979348999164	5.63514472490645
4.79489959859994	0.231930242192213	4.34031632390321	5.24948287329668
5.03098900195011	0.206240147885783	4.62675831209397	5.43521969180624
5.47008551533392	0.213892209405173	5.05085678489978	5.88931424576806
5.28585826983749	0.216381592363776	4.86175034880449	5.70996619087049
5.2555301983435	0.231761636640277	4.80127739052855	5.70978300615844
4.92845251207504	0.203973201540325	4.528665037056	5.32823998709407
5.33943198435268	0.233096455257404	4.88256293204817	5.79630103665719
5.31184725448726	0.226653400761998	4.86760658899374	5.75608791998077
5.47276947935263	0.221369198316678	5.03888585065194	5.90665310805332
5.0491880521974	0.224696592325029	4.60878273124034	5.48959337315446
5.2511818211188	0.250214473165374	4.76076145371466	5.74160218852293
5.70064050154011	0.217250620367782	5.27482928561926	6.12645171746096
5.0227623861757	0.210777192140408	4.6096390895805	5.4358856827709
5.11883169838638	0.22452908301021	4.67875469568637	5.55890870108639
5.36634747631276	0.221853751402206	4.93151412356444	5.80118082906109
5.24742525759238	0.217775832109197	4.82058462665836	5.67426588852641
5.0120551914091	0.225521745587334	4.57003257005793	5.45407781276028
5.04594560659654	0.2118248162298	4.63076896678614	5.46112224640695
5.23072355120631	0.215491435634997	4.80836033736172	5.65308676505091
5.52108316594205	0.238449633057022	5.05372188515029	5.98844444673381
5.33286702870286	0.240973708088386	4.86055856084962	5.8051754965561
5.29183719241415	0.20668963292364	4.88672551188381	5.69694887294448
5.1686190591948	0.229316783518058	4.7191581634994	5.61807995489019
5.4444665001809	0.198724600509169	5.05496628318293	5.83396671717887
5.39621763979669	0.20985636704059	4.98489916039713	5.80753611919624
5.32934404911363	0.202978673978471	4.93150584811583	5.72718225011143
4.97770240116173	0.223247869238878	4.54013657745353	5.41526822486993
5.00256830468455	0.202954964423647	4.6047765744142	5.4003600349549
5.16847989035066	0.22794115961945	4.72171521749653	5.61524456320478
5.46671158082417	0.212993942074092	5.04924345435895	5.88417970728939
5.104514653892	0.216046433300483	4.68106364462305	5.52796566316095
5.02417489637795	0.214251783375561	4.60424140096185	5.44410839179405
5.37169761989152	0.216314870284998	4.94772047413293	5.79567476565012
5.27325467222173	0.229233147301953	4.8239577035099	5.72255164093355
5.12838746675161	0.189892703326283	4.7561977682321	5.50057716527113
5.6070154204116	0.241965311130189	5.13276341059643	6.08126743022677
5.30779367271493	0.218684562803152	4.87917192962075	5.7364154158091
4.75765547765433	0.232714199853139	4.30153564594218	5.21377530936648
5.52641514608405	0.228309704383397	5.07892812549259	5.97390216667551
4.97963126346208	0.204083922832709	4.57962677470997	5.37963575221419
5.06754393751869	0.214078627122622	4.64794982835835	5.48713804667903
5.12403875917546	0.229577451833573	4.67406695358166	5.57401056476927
4.99439175158072	0.217208073106302	4.56866392829237	5.42011957486907
5.35410699071245	0.22290862606373	4.91720608362755	5.79100789779736
5.32318473495058	0.228452710201621	4.8754174229554	5.77095204694575
5.07717443197851	0.207640694958154	4.67019866986053	5.48415019409649
5.48009091166333	0.226698111220288	5.03576261367157	5.9244192096551
5.12733938565404	0.213996764370664	4.70790572748754	5.54677304382054
5.54677805002634	0.231037552397017	5.09394444732819	5.9996116527245
5.24689162596008	0.226083287727707	4.80376838201378	5.69001486990639
5.36735938920675	0.203235927349858	4.96901697160103	5.76570180681248
5.277403763445	0.230951601598166	4.82473862431259	5.7300689025774
4.99106335763577	0.20547264011733	4.5883369830058	5.39378973226574
5.65928751637893	0.232698583801289	5.2031982921284	6.11537674062946
5.23232815152599	0.230390973380348	4.78076184370051	5.68389445935147
5.23802503422133	0.204881392984716	4.83645750397129	5.63959256447138
5.35991518888371	0.219633127097457	4.92943425977269	5.79039611799473
5.662323596124	0.231293875321723	5.20898760049342	6.11565959175458
5.1159512206078	0.210326003937209	4.70371225289087	5.52819018832473
5.29217686415903	0.23450320357534	4.83255058515137	5.7518031431667
5.33370075299792	0.231158599577498	4.88062989782602	5.78677160816982
5.34079954766974	0.225769293848895	4.89829173172591	5.78330736361358
4.92887860085394	0.214717168831314	4.50803294994457	5.34972425176331
5.11074988428433	0.213601877639927	4.69209020411008	5.52940956445859
5.1323164756613	0.207858944252972	4.72491294492547	5.53972000639712
5.51796967044564	0.233421691820727	5.06046315447701	5.97547618641426
4.849742280008	0.22696389511475	4.40489304558309	5.29459151443291
5.1166022701144	0.208383845152845	4.70816993361482	5.52503460661397
4.90083540792305	0.22844645076917	4.45308036441548	5.34859045143062
5.09540825585859	0.22623621187796	4.65198528057779	5.53883123113939
5.20986545848803	0.223405988815829	4.77198972040901	5.64774119656706
5.29985144494088	0.219620797965766	4.86939468092798	5.73030820895378
4.95550999155802	0.230001451141195	4.50470714732128	5.40631283579476
5.07185896444905	0.231854459719351	4.61742422339912	5.52629370549898
5.53951493959088	0.236344687335375	5.07627935241354	6.00275052676822
5.13186952803321	0.20781626925582	4.7245496402918	5.53918941577462
4.81607087278105	0.211695902010894	4.40114690483969	5.2309948407224
5.23410939583391	0.233453946769902	4.7765396601649	5.69167913150292
5.32090093233441	0.234909882835093	4.86047756197763	5.78132430269119
5.24400445117811	0.22053042911489	4.81176481011292	5.67624409224329
5.00033258648079	0.227221018658325	4.55497938991047	5.44568578305111
5.26726999900841	0.228082666856781	4.82022797196912	5.7143120260477
5.2135143204132	0.218388655074624	4.78547255646693	5.64155608435946
5.13263121314569	0.21721983688031	4.70688033286028	5.5583820934311
5.08385481364605	0.217455400935505	4.65764222781246	5.51006739947964
5.03621551294787	0.244767900735111	4.55647042750705	5.51596059838868
4.9643715137987	0.229828051536753	4.51390853278666	5.41483449481073
5.37827836253813	0.219138603814845	4.94876669906104	5.80779002601523
5.69156824528891	0.225349026328746	5.24988415368457	6.13325233689326
5.35444566033663	0.215132056373454	4.93278682984466	5.7761044908286
4.96124156218134	0.232459695887406	4.50562055824203	5.41686256612066
5.43067934572814	0.211232881383752	5.01666289821598	5.84469579324029
4.79636356622998	0.221486179028071	4.36225065533496	5.230476477125
5.02735992885462	0.236107225665176	4.56458976655087	5.49013009115836
4.97922778145242	0.217334250488395	4.55325265049517	5.40520291240968
5.07559195098712	0.202902899189596	4.67790226857551	5.47328163339873
5.38800868871527	0.209278014412931	4.97782378046593	5.79819359696462
5.02774679615837	0.229654219715653	4.57762452551569	5.47786906680105
5.11831398554827	0.223139713725219	4.68096014664684	5.5556678244497
5.03464676489922	0.201921879635407	4.63887988081382	5.43041364898462
5.36607565471766	0.216454103196929	4.94182561245168	5.79032569698364
4.54738022973493	0.217309097195919	4.12145439923093	4.97330606023893
5.2241359468335	0.225568946326769	4.78202081203303	5.66625108163397
5.06731182483497	0.237993604988206	4.60084435905808	5.53377929061185
5.04154997782942	0.232049288068078	4.58673337321599	5.49636658244285
5.60949483411368	0.208689754660487	5.20046291497913	6.01852675324824
5.35395259967868	0.204824533104957	4.95249651479297	5.7554086845644
4.96553568790529	0.226405096437209	4.52178169888836	5.40928967692221
5.28014202061745	0.230239266737771	4.82887305781142	5.73141098342348
5.11479086072131	0.228686355339464	4.66656560425596	5.56301611718666
5.1373849145826	0.22039221255789	4.70541617796914	5.56935365119607
5.20713614920172	0.209955814484091	4.7956227528129	5.61864954559054
5.12724176499395	0.215115997473289	4.7056144099463	5.5488691200416
4.9092904707975	0.220128493616017	4.4778386233101	5.34074231828489
5.32886563631387	0.234734864900186	4.86878530110951	5.78894597151824
4.81864049375568	0.192492377431946	4.44135543398907	5.19592555352229
4.9395788630367	0.212188675065023	4.52368905990925	5.35546866616414
5.53907650158613	0.227820085320925	5.09254913435711	5.98560386881514
5.2411693904747	0.21980440174998	4.81035276304474	5.67198601790467
4.93083422856086	0.227210618766754	4.48550141577802	5.37616704134369
5.05330113855277	0.214715153198074	4.63245943828455	5.474142838821
5.24133456991433	0.214511172791	4.82089267124397	5.66177646858469
4.86491896155576	0.242211863159799	4.39018370976256	5.33965421334897
4.84732036534146	0.220094057998417	4.41593601166456	5.27870471901836
5.1642614768962	0.217588682661928	4.73778765887883	5.59073529491358
5.07710798329715	0.21891469881368	4.64803517362234	5.50618079297196
4.98256410557217	0.225176018338388	4.54121910962893	5.42390910151541
5.12958674574354	0.223026874420939	4.6924540718785	5.56671941960859
5.10522886557612	0.201004943241714	4.71125917682236	5.49919855432988
5.33130353369172	0.220914328687697	4.89831144946384	5.76429561791961
5.04094084778495	0.220281352426243	4.60918939702951	5.47269229854038
5.31946632374323	0.223037305463681	4.88231320503442	5.75661944245205
5.21639568724585	0.205779319663007	4.81306822070635	5.61972315378534
5.21722487823609	0.234646668993121	4.75731740700957	5.6771323494626
4.94213739024956	0.216990286361512	4.516836428981	5.36743835151813
5.29032983434352	0.210898372864983	4.87696902352815	5.70369064515889
5.08895500246414	0.215864312797911	4.66586094938023	5.51204905554804
5.51102676667003	0.224521703178544	5.07096422844008	5.95108930489997
5.09346909199017	0.223673123433733	4.65506977006005	5.53186841392029
4.83133832207641	0.205788224751903	4.42799340156268	5.23468324259014
5.34264180956243	0.231668947640975	4.88857067218612	5.79671294693874
5.05163690315748	0.236743456491244	4.58761972843465	5.51565407788032
5.41445056068044	0.212351268176386	4.99824207505472	5.83065904630615
5.24205374729678	0.229555358426335	4.79212524478116	5.6919822498124
5.29542560731093	0.224197125074327	4.85599924216525	5.73485197245661
5.22115335060914	0.217665476651734	4.79452901637174	5.64777768484654
5.35538380284498	0.227408579951083	4.90966298614086	5.8011046195491
5.41565634964295	0.243071009487552	4.93923717104735	5.89207552823856
5.05084995814519	0.218230166663842	4.62311883148406	5.47858108480632
5.35314032316147	0.234731834004761	4.89306592851214	5.8132147178108
5.05664141266133	0.203780321999139	4.65723198154302	5.45605084377965
4.94323150675127	0.218291252465079	4.51538065191971	5.37108236158282
5.11712275041865	0.222975743835268	4.68009029250153	5.55415520833578
4.91265963940944	0.231371527958886	4.45917144461002	5.36614783420885
4.89368085611476	0.209219814554915	4.48361001958712	5.30375169264239
5.27827393906149	0.218588935207171	4.84983962605544	5.70670825206755
5.12216909062396	0.234052250253776	4.66342668012656	5.58091150112136
5.20630113076932	0.22427142405777	4.76672913961609	5.64587312192255
5.43624721172843	0.221797036438532	5.00152502030891	5.87096940314795
5.11710916039289	0.220876192448544	4.68419182319374	5.55002649759204
4.91151714748885	0.204058017615421	4.51156343296262	5.31147086201507
5.2390498908838	0.224106765751548	4.79980063001077	5.67829915175684
5.42502591717247	0.231085736741124	4.97209787315987	5.87795396118508
5.25809399461448	0.207087526311831	4.85220244304329	5.66398554618567
5.26220912493958	0.205674229199264	4.85908763570902	5.66533061417014
4.97058613720928	0.230173021992683	4.51944701410362	5.42172526031494
5.15954738072863	0.232831573429117	4.70319749680756	5.6158972646497
4.98243720369794	0.231392382454395	4.52890813408733	5.43596627330855
5.22364384463149	0.231988552680318	4.76894628137807	5.67834140788491
5.24904539857966	0.211127511864434	4.83523547532537	5.66285532183395
5.26900554510581	0.222144781250331	4.83360177385516	5.70440931635645
5.05676807360192	0.217033425919044	4.63138255880059	5.48215358840324
5.01160915378692	0.219958835167509	4.58048983685861	5.44272847071524
5.06340928419757	0.231397150468283	4.60987086927973	5.5169476991154
5.50468564173325	0.22140383750931	5.070734120215	5.9386371632515
5.13630601259555	0.22101035064785	4.70312572532576	5.56948629986534
5.1581102592845	0.22129233787756	4.72437727704448	5.59184324152452
4.92977488393492	0.220455622748425	4.49768186334801	5.36186790452184
5.11020183077386	0.217758187115076	4.68339578402831	5.5370078775194
5.03004196965157	0.222018207808408	4.59488628234709	5.46519765695605
5.34514999376513	0.217787571316409	4.91828635398497	5.77201363354529
5.18925057169961	0.220863143566253	4.75635881030975	5.62214233308946
5.18933196382944	0.229257556389021	4.73998715330696	5.63867677435193
5.13137729548483	0.211971650268291	4.71591286095898	5.54684173001068
5.30733125578285	0.211719206984994	4.89236161009226	5.72230090147343
5.4789574119465	0.196696610756506	5.09343205486375	5.86448276902925
5.5656095636809	0.2086643597497	5.15662741857149	5.97459170879031
5.46763340463529	0.225735060863189	5.02519268534344	5.91007412392714
5.14557506320413	0.21720713233231	4.7198490838328	5.57130104257546
5.17267474113448	0.229601657487444	4.72265549245909	5.62269398980987
5.11480440880436	0.226014934921975	4.67181513635729	5.55779368125143
4.84123140385305	0.205955106636536	4.43755939484544	5.24490341286066
5.19225642984305	0.213595654504287	4.77360894701464	5.61090391267145
5.05601276958518	0.22800753567835	4.60911799965561	5.50290753951475
5.03560093510423	0.227728788792228	4.58925250907146	5.48194936113699
5.12537024172324	0.213416677722874	4.7070735533864	5.54366693006007
4.76264551637647	0.205576613603719	4.35971535371318	5.16557567903976
5.07914994375137	0.21168433080423	4.66424865537507	5.49405123212766
5.07718766623776	0.221603073902279	4.64284564138929	5.51152969108623
5.28686363157376	0.211100114921781	4.87310740632707	5.70061985682046
4.83703412307873	0.228095827208085	4.38996630175089	5.28410194440658
4.95645247864877	0.221579973428212	4.52215573072947	5.39074922656806
5.27631389866456	0.215910571205904	4.85312917910099	5.69949861822813
5.52313418150426	0.226404912311384	5.07938055337395	5.96688780963457
5.11922541898433	0.21856414081603	4.69083970298491	5.54761113498375
5.08320692798292	0.218144214510571	4.6556442675422	5.51076958842364
5.43127257142338	0.207963584686042	5.02366394543873	5.83888119740802
5.26783898804696	0.235182292250582	4.80688169523582	5.7287962808581
4.97431030542974	0.213608517290265	4.55563761154082	5.39298299931866
4.95139390247068	0.222726695962671	4.51484957838385	5.38793822655752
5.1809829850635	0.212243944866784	4.7649848531246	5.59698111700239
5.43849596295499	0.219048951029793	5.0091600189366	5.86783190697338
5.47217060272793	0.233535295515573	5.01444142351741	5.92989978193845
5.24106027322693	0.239559254054078	4.77152413528094	5.71059641117293
4.87556399907478	0.231265612760565	4.42228339806407	5.32884460008548
4.94396924234898	0.200985195701773	4.5500382587735	5.33790022592446
5.12455803472069	0.222647298729957	4.68816932920998	5.56094674023141
5.6014960173954	0.239519802114377	5.13203720525122	6.07095482953958
5.15708668990586	0.210541460472227	4.7444254273803	5.56974795243143
5.00266453623762	0.203994505040057	4.60283530635911	5.40249376611613
5.16118671448074	0.208154851314575	4.75320320590417	5.5691702230573
5.27061324865815	0.221815219072507	4.83585541927604	5.70537107804027
4.97582315001372	0.209363693763794	4.56547031023668	5.38617598979076
4.96027233896528	0.22941529335511	4.51061836398927	5.4099263139413
5.23205171613004	0.233205628947407	4.77496868339312	5.68913474886696
5.43779865794421	0.214531187443073	5.01731753055579	5.85827978533263
5.12694849293445	0.214624006816957	4.70628543957322	5.54761154629569
5.32490097624704	0.234740416930498	4.86480975906327	5.78499219343082
5.15292903268124	0.235603157717078	4.69114684355577	5.61471122180672
5.10464005227839	0.226630302472264	4.66044465943276	5.54883544512403
4.81730322012228	0.207858265804731	4.40990101914501	5.22470542109956
5.23337124266545	0.221831364050582	4.7985817691263	5.66816071620459
5.05331485083875	0.234131308322614	4.59441748652643	5.51221221515108
5.39246159751127	0.240374479267982	4.92132761814602	5.86359557687652
5.15008457990007	0.217521656216307	4.7237421337161	5.57642702608403
5.31192440810016	0.214586490136544	4.89133488743254	5.73251392876779
5.32993944051737	0.222604144590072	4.89363531712083	5.76624356391391
5.11306883313767	0.226312453769715	4.66949642374903	5.55664124252631
5.39835605428264	0.205329908370889	4.9959094338757	5.80080267468959
4.68005306732135	0.219806590608695	4.24923214972831	5.11087398491439
5.3381031487916	0.218465302827801	4.90991115524911	5.76629514233409
5.12192909514013	0.222357315791321	4.68610875618914	5.55774943409112
4.84648877872492	0.215916554779983	4.42329233135616	5.26968522609369
5.07863361430263	0.219946370681314	4.64753872776726	5.50972850083801
4.99139703171268	0.228273566822871	4.54398084073985	5.43881322268551
5.24903543984197	0.223670445104717	4.81064136743672	5.68742951224721
4.85793557983452	0.220279717439112	4.42618733365386	5.28968382601518
5.26761346128978	0.219255531575326	4.83787261940214	5.69735430317742
4.88446326048184	0.222614992071623	4.44813787602146	5.32078864494222
5.15897110518078	0.214746374711199	4.73806821074683	5.57987399961473
5.09733176581743	0.224001798724103	4.65828824031819	5.53637529131667
5.15796222689688	0.214016880562451	4.73848914099448	5.57743531279929
4.7611647438192	0.229048586466383	4.31222951434509	5.21009997329331
5.21137650824961	0.210011492735279	4.79975398248846	5.62299903401076
5.2092924756676	0.212341205504574	4.79310371287863	5.62548123845657
5.52066622315638	0.244117384262194	5.04219615000248	5.99913629631028
5.14229519038932	0.230043226758203	4.69141046594324	5.5931799148354
5.24775233666757	0.227465168195065	4.80192060700525	5.6935840663299
5.01080583848906	0.221302024318476	4.57705387082485	5.44455780615327
4.98408862986297	0.234460092634566	4.52454684829922	5.44363041142672
5.28584558670478	0.209326309486205	4.87556602011182	5.69612515329774
5.27108668349635	0.215568201227024	4.84857300909138	5.69360035790131
4.84512223872114	0.233680635763474	4.38710819262473	5.30313628481755
5.45115597916654	0.209770304593817	5.04000618216266	5.86230577617043
4.94954314976174	0.214515655564805	4.52909246485473	5.36999383466876
5.15890033915232	0.239779828152046	4.68893187597431	5.62886880233033
5.00661148032925	0.231657015185343	4.55256373056598	5.46065923009253
5.43970532771824	0.228847911929302	4.99116342033681	5.88824723509968
5.26077771885389	0.227166393352692	4.81553158788262	5.70602384982517
4.76670595112998	0.21367009075231	4.34791257325546	5.18549932900451
4.82400489684979	0.234047516861511	4.36527176380122	5.28273802989835
4.92940406024638	0.224992432836727	4.48841889188639	5.37038922860636
5.07940391358891	0.222019540577039	4.64424561405792	5.51456221311991
5.44943598555421	0.215608910359713	5.02684252124917	5.87202944985925
5.25786195351426	0.21905804094024	4.82850819327139	5.68721571375713
5.49908009843403	0.217214620893768	5.07333944148225	5.92482075538582
5.11713451879243	0.20181886004727	4.72156955309978	5.51269948448507
5.07915586594081	0.219755220041827	4.64843563465883	5.50987609722279
5.08403504061889	0.218827148914388	4.65513382874669	5.51293625249109
5.54018424463122	0.223674555396385	5.10178211605431	5.97858637320814
5.27636761462407	0.218722594666827	4.84767132907709	5.70506390017105
5.33017595950409	0.221572606797743	4.89589365018052	5.76445826882767
5.15420076422054	0.217422264915339	4.72805312498648	5.5803484034546
5.43734146626714	0.219400261960853	5.00731695282387	5.86736597971041
5.1851607188083	0.230734797596475	4.73292051551921	5.63740092209739
5.63727215271501	0.219474088377429	5.20710293949525	6.06744136593477
5.04716067094877	0.21583486769124	4.62412433027394	5.4701970116236
5.28805645790765	0.207473459093818	4.88140847808376	5.69470443773153
5.25465018023467	0.208073553238142	4.84682601588791	5.66247434458143
5.19915314151544	0.218688505697816	4.77052367034772	5.62778261268316
5.45029628401277	0.223403186996387	5.01242603749985	5.88816653052568
4.87103814731972	0.220008754905296	4.43982098770534	5.3022553069341
5.38475643599548	0.223299326106346	4.94708975682704	5.82242311516392
5.27782203203294	0.220365186551563	4.84590626639187	5.709737797674
5.15089567634205	0.233160580613027	4.69390093834051	5.60789041434358
5.14316229984939	0.214587777154939	4.72257025662571	5.56375434307307
5.07941763861544	0.225167048257082	4.63809022403156	5.52074505319932
5.12471078882592	0.215201962852691	4.70291494163465	5.5465066360172
4.91570995622135	0.234134893117058	4.45680556571192	5.37461434673079
5.22137639457524	0.232005092650921	4.76664641297944	5.67610637617105
4.99021026787625	0.227083089339732	4.54512741277037	5.43529312298212
5.41731394521959	0.21177785000858	5.00222935920277	5.83239853123641
5.32356453604316	0.227895614047844	4.87688913250939	5.77023993957694
5.01660713530365	0.228689489506656	4.5683757358706	5.46483853473669
5.23217954820276	0.224112973059904	4.79291812100534	5.67144097540017
5.69376585512596	0.212324581683625	5.27760967502605	6.10992203522586
5.26521879492435	0.205036505357385	4.86334724442387	5.66709034542482
5.15193744643709	0.237978744288628	4.68549910763138	5.6183757852428
5.1613867552892	0.228055451820352	4.71439806972132	5.60837544085709
5.21973501668982	0.208005341472198	4.81204454740431	5.62742548597533
5.58651144647402	0.212428975711011	5.17015065408044	6.0028722388676
5.40379035995877	0.246332232083523	4.92097918507506	5.88660153484247
5.18187179545709	0.21558966089041	4.75931606011189	5.60442753080229
5.08345985908964	0.231429760702243	4.62985752811324	5.53706219006603
5.2926054792012	0.228946887820041	4.84386957907392	5.74134137932848
5.45492359232422	0.216562572975128	5.03046094929297	5.87938623535547
4.80440206186793	0.223990374511588	4.36538092782522	5.24342319591064
5.47653476783704	0.226390661732338	5.03280907084165	5.92026046483242
5.57749209007998	0.231775016143898	5.12321305843794	6.03177112172202
5.19296274939994	0.21326697404912	4.77495948026367	5.61096601853622
5.5022703037955	0.207515834743576	5.09553926769809	5.90900133989291
5.54381678121185	0.226313742646047	5.10024184562559	5.9873917167981
5.17226359284377	0.216453195635733	4.74801532939773	5.5965118562898
5.10091742253326	0.22315832047538	4.66352711440151	5.538307730665
5.25091416967301	0.2266010993561	4.80677601493505	5.69505232441096
5.19280587815117	0.236864522442433	4.728551414164	5.65706034213833
4.95731503235448	0.234167863341302	4.49834602020552	5.41628404450343
5.22233584570332	0.22807917458726	4.77530066351229	5.66937102789435
5.0728756229209	0.203058095171838	4.6748817563841	5.47086948945771
5.12363140601479	0.231840372250974	4.66922427640288	5.5780385356267
5.01086024911515	0.269646383216329	4.48235333801114	5.53936716021915
5.29846838342474	0.233405312586602	4.840993970755	5.75594279609448
5.23324279234139	0.226920892715232	4.78847784261954	5.67800774206325
5.33381670516693	0.212723477172894	4.91687868990806	5.7507547204258
5.36579094114217	0.21945358000251	4.93566192433725	5.79591995794709
5.21508900684297	0.209531505998771	4.80440725508538	5.62577075860056
5.02525035075172	0.206987720671865	4.61955441823486	5.43094628326857
5.34412443856855	0.229034259583178	4.89521728978552	5.79303158735158
5.3849330276882	0.216091904434797	4.961392894996	5.8084731603804
5.59264838807898	0.22049175409078	5.16048455006105	6.02481222609691
5.30457698112703	0.213697567395318	4.88572974903221	5.72342421322186
5.12413591244335	0.204408016544121	4.72349620001687	5.52477562486983
5.06874232298126	0.224595209146544	4.62853571305404	5.50894893290849
5.22562400578267	0.219498755875925	4.79540644426585	5.65584156729948
5.49065333703355	0.210276203274134	5.07851197861625	5.90279469545085
5.14042430799922	0.208684661690952	4.73140237108496	5.54944624491349
5.14193797564114	0.234955624644431	4.68142495133806	5.60245099994423
5.05748306292091	0.217858617849228	4.63048017193642	5.48448595390539
5.061509838121	0.233025327819313	4.60478019559515	5.51823948064686
5.4452538164696	0.229742667004239	4.9949581891413	5.89554944379791
4.91114865401964	0.222621466834575	4.47481057902387	5.3474867290154
5.55047038273488	0.20124661525996	5.15602701682536	5.94491374864441
5.33880360400199	0.215542006831119	4.916341270613	5.76126593739099
5.14783448432572	0.202193325984099	4.75153556539688	5.54413340325455
5.30792690872548	0.22597377227244	4.8650183150715	5.75083550237946
5.52843893977621	0.229172552669493	5.07926073654401	5.97761714300842
5.31723429625496	0.221802271020889	4.88250184505401	5.7519667474559
4.52787682213202	0.212200775957218	4.11196330125587	4.94379034300817
5.44827499345931	0.214154455660172	5.02853226036537	5.86801772655325
5.28839644575329	0.20750932287278	4.88167817292264	5.69511471858394
5.42308730815669	0.217868932106811	4.99606420122735	5.85011041508604
5.23908220772618	0.223411872926454	4.80119493679033	5.67696947866203
4.84306915662388	0.2137093667435	4.42419879780662	5.26193951544114
4.97360775247541	0.212314386805511	4.55747155433661	5.38974395061422
5.28379948631212	0.209433515291645	4.87330979634049	5.69428917628374
5.38069966311555	0.221423100325251	4.94671038647806	5.81468893975304
5.10657441630323	0.230727842903692	4.654347844212	5.55880098839447
5.35314256919351	0.221424587037431	4.91915037860014	5.78713475978687
5.23512334067274	0.219574281794074	4.80475774835636	5.66548893298913
5.03371988096721	0.221260695460606	4.60004891786442	5.46739084407
5.45484605785658	0.241237073295029	4.98202139419833	5.92767072151484
5.31928724476697	0.216021305271705	4.89588548643443	5.74268900309951
4.87033223500231	0.212240082158701	4.45434167397126	5.28632279603337
5.18710484635131	0.221714552213985	4.7525443240119	5.62166536869072
5.46417686845134	0.238349776967603	4.99701130559484	5.93134243130784
4.85188104863687	0.212855260228549	4.43468473858891	5.26907735868482
4.88203591966804	0.219608573712296	4.45160311519194	5.31246872414414
5.41689456270609	0.223463396935352	4.9789063047128	5.85488282069938
5.27442195443472	0.210412423431815	4.86201360450837	5.68683030436108
5.54781944071448	0.256289503963222	5.04549201294656	6.05014686848239
5.45323301072052	0.227971351148463	5.00640916246953	5.9000568589715
4.96080748567906	0.212501312981749	4.54430491223484	5.37731005912329
5.09153492856891	0.213370738488686	4.67332828113109	5.50974157600674
5.58688302348007	0.234241102529781	5.1277704625217	6.04599558443843
5.22860968336881	0.237533102317384	4.76304480282674	5.69417456391089
5.6562906902683	0.213236194001018	5.2383477500263	6.07423363051029
5.25835721672347	0.227863399016311	4.8117449546515	5.70496947879544
5.16983177151793	0.205464318619857	4.76712170702301	5.57254183601285
5.71075041465295	0.20781998582148	5.30342324244285	6.11807758686305
5.04577176171079	0.225082079188074	4.60461088650217	5.48693263691942
5.24725041017284	0.21499678842983	4.82585670485037	5.66864411549531
5.02304328852493	0.234370490015289	4.56367712809496	5.48240944895489
4.86536376736689	0.223771861341556	4.42677091913744	5.30395661559634
4.79326456366216	0.229120637391334	4.34418811437514	5.24234101294917
5.06455468192306	0.228713373712989	4.6162764694456	5.51283289440052
5.23676810114468	0.242893660680056	4.76069652621177	5.71283967607759
5.07586395576389	0.22624800967636	4.63241785679823	5.51931005472956
5.23328963839194	0.246852871048717	4.74945801113646	5.71712126564743
5.00619489292744	0.231447446567194	4.55255789765574	5.45983188819914
5.09527263212656	0.241986958426177	4.62097819361125	5.56956707064187
4.85680048767675	0.222688164104383	4.42033168603216	5.29326928932134
4.71383997539538	0.238849470752198	4.24569501272108	5.18198493806969
4.95193444528207	0.231267027071242	4.49865107222243	5.4052178183417
5.1943995827433	0.217800407092989	4.76751078484105	5.62128838064556
5.35973386216105	0.230980118327935	4.9070128302383	5.81245489408381
5.19485730457706	0.207785975147384	4.78759679328819	5.60211781586594
5.12751479138255	0.238600628528001	4.65985755946767	5.59517202329743
5.27241215110504	0.239384478861122	4.80321857253724	5.74160572967284
4.89777343641123	0.222726369596051	4.46122975200297	5.33431712081949
5.27903418424997	0.219977183668013	4.84787890426067	5.71018946423928
5.27133284519711	0.219273379560463	4.8415570212586	5.70110866913562
5.05159006780064	0.207315084426025	4.64525250232563	5.45792763327565
5.14970727499447	0.224993106173948	4.70872078689353	5.5906937630954
5.27193442854995	0.218797218635033	4.84309188002529	5.70077697707462
5.37549164141683	0.226616570457204	4.93132316332072	5.81966011951295
5.33130101104367	0.229073036564392	4.88231785937747	5.78028416270988
5.06186424656082	0.217202856218328	4.6361466483729	5.48758184474875
5.6112215753271	0.212709905445089	5.19431016065473	6.02813298999948
5.10152336783057	0.228632858237194	4.65340296568567	5.54964376997547
5.24469977089497	0.203539621719052	4.84576211232563	5.64363742946431
5.05524988466783	0.211671995835616	4.64037277283002	5.47012699650563
5.03983282007798	0.234544724224745	4.58012516059748	5.49954047955848
5.12951763901818	0.215369342359249	4.70739372799405	5.55164155004231
4.98165426293432	0.210312294851666	4.56944216502505	5.39386636084358
5.19987143684724	0.214614973999602	4.77922608780802	5.62051678588646
5.00127252931378	0.236993114947233	4.5367660240172	5.46577903461036
4.85045043850094	0.219916497581946	4.41941410324032	5.28148677376155
5.29396970337965	0.215310024982196	4.87196205441455	5.71597735234475
5.28248193477128	0.221195777228121	4.84893821140416	5.7160256581384
4.82386573249567	0.213756099483334	4.40490377750833	5.242827687483
4.9776057281712	0.20796538620852	4.5699935712025	5.3852178851399
5.26823212154196	0.212329966904897	4.85206538640836	5.68439885667556
4.91444783523857	0.225104325223425	4.47324335780065	5.35565231267648
5.39742440623545	0.209493498152119	4.9868171498573	5.80803166261361
4.89797851910428	0.216177856080479	4.47426992118654	5.32168711702202
5.56081684353879	0.210339165526984	5.1485520791059	5.97308160797168
5.29095483023089	0.21876585645112	4.8621737515867	5.71973590887509
5.43933037368458	0.219796179395717	5.00852986206897	5.87013088530018
5.18959104842889	0.235649146699388	4.72771872089809	5.65146337595969
4.87138717671213	0.207807363880228	4.46408474350688	5.27868960991738
5.03985066201537	0.216810672248605	4.61490174440811	5.46479957962264
5.16235617976575	0.232034427632295	4.70756870160645	5.61714365792505
5.1579688405028	0.230508988578326	4.70617122288929	5.60976645811632
5.1192305841494	0.231911967937068	4.66468312699275	5.57377804130605
5.47213695062798	0.204980213915688	5.07037573135323	5.87389816990273
5.10725441308929	0.220066551588915	4.67592397197502	5.53858485420356
5.30189441093846	0.213089507739097	4.88423897576983	5.71954984610709
5.26596089058079	0.206748392051369	4.86073404216011	5.67118773900147
5.32604288196109	0.20413084944564	4.92594641704764	5.72613934687455
5.18824531076214	0.225022174868098	4.74720184802066	5.62928877350361
4.96823784969498	0.233889617513306	4.50981419936891	5.42666150002106
5.51481736937729	0.240321841911524	5.04378655923071	5.98584817952388
5.14830572106973	0.213236107383404	4.73036295059826	5.56624849154121
5.4241918612162	0.221376701136899	4.99029352698788	5.85809019544452
5.07290243359459	0.239617691779487	4.60325175770679	5.54255310948238
5.1360350428082	0.229734289116606	4.68575583613966	5.58631424947675
5.50496082245249	0.20486622649326	5.1034230185257	5.90649862637928
5.04847116341854	0.219284302226888	4.61867393105384	5.47826839578324
5.5240708302355	0.21129887059541	5.1099250438685	5.9382166166025
4.96271267763303	0.22225441585932	4.52709402254876	5.3983313327173
4.88321893562603	0.217869820365056	4.45619408771052	5.31024378354154
5.54287088945834	0.218650272427534	5.11431635550038	5.97142542341631
4.93305586622386	0.218691860916071	4.50441981882836	5.36169191361936
4.87285536304573	0.218034673663743	4.4455074026648	5.30020332342667
5.41090854482711	0.225512367601452	4.96890430432826	5.85291278532595
4.99684660416576	0.198156438342142	4.60845998501516	5.38523322331636
5.1167458183509	0.214029651886751	4.69724770065287	5.53624393604894
5.38814111413474	0.224913697263343	4.94731026749859	5.8289719607709
5.03445433360879	0.234815180058202	4.57421658069472	5.49469208652287
5.34917412686584	0.235170268645221	4.8882404003212	5.81010785341047
5.19499571515942	0.218196795471137	4.76732999603599	5.62266143428285
5.29241161565764	0.233679934313404	4.83439894440337	5.75042428691191
5.16532681643231	0.215679968693984	4.7425940777921	5.58805955507252
5.24163132314589	0.219053281530768	4.81228689134558	5.67097575494619
5.41894284812648	0.206106569380193	5.0149739721413	5.82291172411166
5.45950988879299	0.207411814480079	5.05298273241203	5.86603704517394
5.44303118813833	0.228499126361192	4.9951729004704	5.89088947580627
5.2580368828631	0.220737971448554	4.82539045882394	5.69068330690227
5.28637518327973	0.22877069231965	4.83798462633321	5.73476574022624
5.45480302068507	0.206126202641339	5.05079566350805	5.8588103778621
5.27035432449664	0.207488120420173	4.8636776084731	5.67703104052018
4.95204928684842	0.209423027811184	4.5415801523385	5.36251842135834
5.04453561002568	0.220547617689094	4.61226227935506	5.47680894069631
4.8815298914898	0.21063489363512	4.46868549996497	5.29437428301464
5.21062952238418	0.236217354973082	4.74764350663694	5.67361553813142
5.22341752374576	0.222145847654168	4.78801166234359	5.65882338514793
5.44334238208884	0.216538686479551	5.01892655658892	5.86775820758877
5.17158017662839	0.217109241543591	4.74604606320295	5.59711429005382
5.34812315899017	0.217145156276982	4.92251865268728	5.77372766529305
5.09667017812933	0.236446948268616	4.63323415952284	5.56010619673581
5.42402502345258	0.227625903873884	4.97787825185977	5.87017179504539
5.20239440483958	0.221551201842664	4.76815404922795	5.6366347604512
5.23566274294738	0.208511291959277	4.8269806107072	5.64434487518756
4.97785096389611	0.209166944995825	4.56788375170429	5.38781817608793
5.42879604799912	0.220809441365703	4.99600954292234	5.86158255307589
5.27461164231539	0.234185073519138	4.81560889821788	5.73361438641291
5.42195064060126	0.205862409994151	5.01846031701273	5.8254409641898
5.10329021960693	0.221106481017644	4.66992151681235	5.53665892240151
5.37041091157758	0.239644656186712	4.90070738545163	5.84011443770354
5.13428308679687	0.212111524470271	4.71854449883514	5.5500216747586
5.00344998353418	0.205226863134798	4.60120533178998	5.40569463527839
4.97509054355895	0.233550708292223	4.51733115530619	5.43284993181171
5.08064873790657	0.216810044516493	4.65570105065424	5.50559642515889
5.3621660361242	0.211115131064916	4.94838037923697	5.77595169301144
5.24642197313293	0.229166331892191	4.79725596262424	5.69558798364163
5.25281585545426	0.227573978538521	4.80677085751876	5.69886085338976
5.31909107397736	0.224371126130866	4.87932366676087	5.75885848119386
5.04130310201998	0.237904018396568	4.57501122596271	5.50759497807725
5.19472388859215	0.217969549197908	4.76750357216425	5.62194420502005
5.02257450046507	0.224861754450497	4.58184546174209	5.46330353918804
5.46754678883738	0.24483200994063	4.98767604935375	5.94741752832102
5.41939422687896	0.229085263378567	4.97038711065697	5.86840134310095
5.39543243500689	0.201665323821699	5.00016840031636	5.79069646969742
5.08598229863585	0.205112761041893	4.68396128699374	5.48800331027796
4.98403228417032	0.238997924690433	4.51559635177707	5.45246821656357
5.30362601493379	0.200632612787806	4.91038609386969	5.69686593599789
4.72104575766709	0.227647064199072	4.27485751183691	5.16723400349727
5.32024068276667	0.229141789650379	4.87112277505193	5.76935859048142
5.45429746782025	0.218142020704637	5.02673910723917	5.88185582840134
5.01141854048901	0.211754130471615	4.59638044476465	5.42645663621338
4.96160092824085	0.219512540387714	4.53135634908093	5.39184550740077
5.01972208414505	0.209426664802936	4.6092458211313	5.43019834715881
4.98553135178703	0.233966492500458	4.52695702648614	5.44410567708793
5.32074580319966	0.232656928505067	4.86473822332973	5.77675338306959
4.73171030258203	0.240095469507604	4.26112318234713	5.20229742281693
4.78555554811847	0.224496910285499	4.34554160395889	5.22556949227805
4.74089034572691	0.208163408860492	4.33289006436035	5.14889062709348
5.11169815358786	0.215817029838263	4.68869677510487	5.53469953207086
5.30722858820981	0.202324105044958	4.9106733423217	5.70378383409793
5.21154364166622	0.249442515714558	4.72263631086569	5.70045097246676
4.88377518794933	0.229355469973099	4.43423846680206	5.33331190909661
4.80521019920264	0.217332111067054	4.37923926151122	5.23118113689407
5.30159693187556	0.229681994803722	4.85142022206026	5.75177364169085
5.29595448531024	0.227171449857359	4.85069844358982	5.74121052703067
5.18748749761653	0.205633481098039	4.78444587466438	5.59052912056869
4.94571834099277	0.227464439922179	4.4998880387453	5.39154864324024
5.1146245242509	0.230278736553642	4.66327820060576	5.56597084789604
5.23270566527767	0.221966433116161	4.79765145636999	5.66775987418534
4.77432073874094	0.233011367229426	4.31761845897126	5.23102301851061
4.86089947181231	0.198706148812515	4.47143542013978	5.25036352348484
5.22972459432872	0.1996173159986	4.83847465497146	5.62097453368597
4.82535170550496	0.216128633886099	4.40173958308821	5.24896382792171
5.24599498856512	0.242830538353861	4.77004713339155	5.72194284373869
5.18644859054521	0.210616280817226	4.77364068014344	5.59925650094697
4.75983427743213	0.235357244664127	4.29853407789044	5.22113447697382
5.52328290408956	0.201932176447001	5.12749583825344	5.91906996992569
4.83348037587945	0.219186680109093	4.40387448286563	5.26308626889327
5.02386132405095	0.215123944114532	4.60221839358647	5.44550425451544
5.03839172156092	0.225650671232897	4.59611640594444	5.48066703717739
5.47397020571946	0.232466766799095	5.01833534279323	5.92960506864569
5.31778970888003	0.212511063224903	4.90126802495922	5.73431139280084
5.24335291060108	0.235693643694862	4.78139336895915	5.70531245224301
4.963548464356	0.200892401566911	4.56979935728485	5.35729757142714
5.39092298395042	0.234266168202863	4.93176129427281	5.85008467362803
5.38007600769041	0.242922959573606	4.90394700692614	5.85620500845468
5.04548938764206	0.214973500048211	4.62414132754757	5.46683744773655
5.2811352174804	0.228343510924598	4.83358193606819	5.72868849889262
5.32869929164633	0.225376244973266	4.88696185149873	5.77043673179393
5.29291669829173	0.212167706066058	4.87706799440226	5.70876540218121
4.92567586722169	0.219163273656458	4.49611585085503	5.35523588358835
4.96013279148255	0.230114105427414	4.50910914484481	5.41115643812028
5.21815350015638	0.218215731625443	4.79045066617051	5.64585633414224
5.17455129404542	0.224697333363336	4.73414452065329	5.61495806743756
5.36028442506477	0.223742197861098	4.92174971725701	5.79881913287252
4.65143178909898	0.213318007308219	4.23332849477487	5.06953508342308
5.38289324989309	0.221381429318983	4.94898564842788	5.81680085135829
5.34647387241536	0.226604270140459	4.90232950294006	5.79061824189066
5.08709614695271	0.216420133191373	4.66291268589762	5.5112796080078
5.02499163781773	0.246534802781873	4.54178342436526	5.5081998512702
4.95442808001756	0.22940812964273	4.50478814591781	5.40406801411731
5.14136768379193	0.195689703079355	4.7578158657564	5.52491950182747
5.00280033974957	0.220360789575847	4.57089319218091	5.43470748731823
5.2115262022182	0.223074538695252	4.77430010637551	5.6487522980609
5.3249073346145	0.212996002575837	4.90743516956586	5.74237949966314
4.98445417991816	0.224913776664707	4.54362317765534	5.42528518218099
4.97998171223703	0.220886577359914	4.5470440206116	5.41291940386246
5.05910270983655	0.211100138121292	4.64534643911881	5.47285898055428
5.20636908692695	0.217546941112669	4.77997708234611	5.63276109150778
5.15527691185233	0.217629854922689	4.72872239620386	5.5818314275008
4.81540190555202	0.21720525273857	4.38967961018442	5.24112420091962
5.22531650274156	0.224608509863578	4.78508382340895	5.66554918207417
5.23428219817289	0.224339632985493	4.79457651752133	5.67398787882446
5.06595428616474	0.204184272924864	4.66575311123201	5.46615546109748
4.92666732938852	0.217508455831438	4.5003507559589	5.35298390281814
5.4312758318366	0.222051438346901	4.99605501267667	5.86649665099653
5.29280244227183	0.223293069351047	4.85514802634377	5.73045685819988
4.85833659557841	0.220336199650489	4.42647764426345	5.29019554689337
5.16641670840083	0.211200541055859	4.75246364793135	5.58036976887032
5.29689452155126	0.221911432133194	4.8619481145702	5.73184092853232
4.98550229397543	0.221390342707057	4.5515772222696	5.41942736568126
5.41196449753046	0.227338595936417	4.96638084949508	5.85754814556583
5.45337698813651	0.23305539578804	4.99658841239195	5.91016556388107
5.03333575879395	0.212573361048929	4.61669197113805	5.44997954644985
5.02499594148836	0.21978116589438	4.59422485633537	5.45576702664134
5.30510234371298	0.21642339529516	4.88091248893446	5.72929219849149
5.11805349283672	0.222553061810154	4.68184949168882	5.55425749398462
5.43414148345062	0.212885581820738	5.01688574308197	5.85139722381926
5.18269460529976	0.232809644020202	4.72638770302017	5.63900150757936
5.20494824830388	0.222412011679328	4.7690207054124	5.64087579119537
4.93685902879076	0.223512405975171	4.49877471307942	5.37494334450209
5.5071047512559	0.218751251425764	5.0783522984614	5.9358572040504
5.51821484507127	0.204684759656268	5.11703271614498	5.91939697399755
5.55983344124835	0.244597270585394	5.08042279090098	6.03924409159572
4.84347849863667	0.224751448639476	4.4029656593033	5.28399133797004
4.85724540746092	0.221721498751405	4.42267126990817	5.29181954501368
5.1661481799508	0.244127358848472	4.68765855660779	5.6446378032938
5.02622593169824	0.220902300741432	4.59325742224503	5.45919444115145
5.19801437186511	0.223972521790548	4.75902822915563	5.63700051457458
5.19047873923399	0.22132244855877	4.7566867400588	5.62427073840918
5.21286420450837	0.212078401462761	4.79719053764136	5.62853787137538
4.89262606537032	0.221044915109065	4.45937803175655	5.32587409898408
5.11814538507569	0.231455554498421	4.66449249825879	5.5717982718926
5.44749992090764	0.217860326946675	5.02049368009216	5.87450616172312
5.28356521787575	0.237026657673401	4.81899296883588	5.74813746691561
5.27031396308675	0.211319045999301	4.85612863292812	5.68449929324538
5.42307466908411	0.208506370949191	5.0144021820237	5.83174715614452
5.14137769257434	0.221606915032558	4.70702813911053	5.57572724603815
4.92358522705257	0.189154219342666	4.55284295714094	5.29432749696419
5.70204941830527	0.238550943096998	5.23448956983516	6.16960926677539
5.13219501719678	0.232530462590762	4.67643531051888	5.58795472387467
5.20718132287131	0.207106177855402	4.80125321427472	5.61310943146789
5.54795026921334	0.22454710281577	5.10783794769443	5.98806259073225
4.90990110284041	0.238507720268877	4.44242597111341	5.3773762345674
5.074008930564	0.212477556771949	4.65755291929098	5.49046494183702
5.22647193055234	0.202368448288176	4.82982977190751	5.62311408919716
4.74702833156337	0.215822967503402	4.3240153152567	5.17004134787004
5.46995074366328	0.22375021237956	5.03140032739934	5.90850115992721
4.9041842378514	0.214958889005329	4.48286481540096	5.32550366030184
4.86020328170753	0.222590698272251	4.42392551309392	5.29648105032115
5.22362351355816	0.230870228810029	4.77111786509051	5.67612916202582
4.89664625114763	0.239518807583057	4.42718938828483	5.36610311401042
5.09328549040115	0.205208706183432	4.69107642628162	5.49549455452068
4.9011139427056	0.192117869163925	4.52456291914431	5.27766496626689
5.47865148342347	0.238730476847178	5.010739748803	5.94656321804394
5.33557349994858	0.214518748697045	4.91511675250237	5.75603024739479
5.21497632136188	0.205438441055611	4.81231697689288	5.61763566583088
5.28955344106631	0.206842633717512	4.88414187897999	5.69496500315264
5.21722980294332	0.208487333303103	4.80859462966924	5.6258649762174
5.28089319191241	0.231422853996487	4.8273043980793	5.73448198574553
5.11512207916532	0.217224762411778	4.68936154483824	5.54088261349241
5.30954680377027	0.236255502329303	4.84648601920484	5.77260758833571
5.20902618174901	0.237846236983489	4.74284755726137	5.67520480623665
5.02007263661783	0.214192388934976	4.60025555430528	5.43988971893038
5.13319521022247	0.220086016615447	4.7018266176562	5.56456380278875
5.08867476563776	0.228109918582731	4.6415793252156	5.53577020605991
5.18850443357389	0.230315357500373	4.73708633287316	5.63992253427462
5.33187291654606	0.224070093492726	4.89269553330032	5.7710502997918
5.24120262792725	0.222529474665072	4.80504485758371	5.67736039827079
5.15626662342579	0.223894786042157	4.71743284278316	5.59510040406842
5.15815731563686	0.232884608923398	4.701703482147	5.61461114912672
5.25697264465564	0.223948238023803	4.81803409812898	5.69591119118229
4.89980137428356	0.223250173949406	4.46223103334272	5.33737171522439
5.22778626826813	0.203434302393625	4.82905503557662	5.62651750095963
5.25846710211795	0.216441594299055	4.83424157729181	5.6826926269441
5.23844933683258	0.236565571035268	4.77478081760345	5.7021178560617
5.3587336111686	0.22326893496448	4.92112649863822	5.79634072369898
5.00867311869935	0.215784277101925	4.58573593557958	5.43161030181912
4.99504773163824	0.22462284115443	4.55478696297556	5.43530850030093
5.36153635862602	0.204561331854532	4.96059614819114	5.76247656906091
5.04246047075757	0.214938242830023	4.62118151481073	5.46373942670442
4.98427118962983	0.219590735259988	4.55387334852026	5.41466903073941
5.17968957589127	0.234631157341835	4.71981250750128	5.63956664428127
5.26621868455681	0.229372300774926	4.81664897503796	5.71578839407567
5.02451185490093	0.234757022763768	4.56438809028395	5.48463561951791
5.01016254547992	0.225295769650738	4.56858283696448	5.45174225399537
4.66752828261902	0.217624704854947	4.24098386110332	5.09407270413471
5.05055454711871	0.217474880483566	4.62430378137092	5.4768053128665
5.01044825975189	0.226046202235683	4.56739770336995	5.45349881613383
5.10946152346619	0.22323664300579	4.67191770317484	5.54700534375753
5.1765482982741	0.22510137818722	4.73534959702715	5.61774699952105
5.27848645363957	0.202803644332006	4.88099131074884	5.67598159653031
5.12877877318654	0.215559577482258	4.70628200132132	5.55127554505177
5.23178449897429	0.217431667172484	4.80561843131622	5.65795056663235
5.30839590772379	0.21764436491357	4.88181295249319	5.73497886295439
5.24538746592248	0.213695899958454	4.82654350200391	5.66423142984105
4.96015985270648	0.222997310874594	4.52308512339227	5.39723458202068
5.3331811196938	0.217822147709944	4.90624971018231	5.76011252920529
5.14596780648511	0.221523134206982	4.71178246343942	5.58015314953079
4.65158319742302	0.196272203298208	4.26688967895853	5.03627671588751
5.36965229838429	0.217425107942175	4.94349908681763	5.79580550995095
5.29179924671515	0.241485796367079	4.81848708583568	5.76511140759463
4.89212035857036	0.220320930577524	4.46029133463842	5.32394938250231
5.34746492113408	0.226446612491937	4.90362956064988	5.79130028161827
5.28983234134576	0.234953279589117	4.82932391335109	5.75034076934043
5.18222186415816	0.206221004015609	4.77802869628757	5.58641503202876
5.3284723524145	0.204533704688826	4.9275862912244	5.7293584136046
5.75380810155828	0.205839064649391	5.35036353484547	6.15725266827108
4.40852137355796	0.234928942493342	3.94806064627101	4.86898210084491
4.99590371639897	0.212991883345317	4.57843962504214	5.41336780775579
5.20143930121898	0.217394484677615	4.77534611125085	5.6275324911871
5.23857054875846	0.223039276347879	4.80141356711662	5.6757275304003
5.48391227419206	0.214302764850159	5.06387885508575	5.90394569329837
5.64641602362615	0.225029155324404	5.20535887919032	6.08747316806198
5.12267477611234	0.223010357047941	4.68557447629838	5.5597750759263
5.32248261335899	0.255019224799514	4.82264493275195	5.82232029396604
5.42287442471104	0.211505977664149	5.00832270848931	5.83742614093277
5.318781864175	0.221710989369639	4.8842283250105	5.75333540333949
5.16219413852701	0.207577310386932	4.75534261016862	5.56904566688539
5.45855773195395	0.224234360139636	5.01905838608026	5.89805707782763
5.1627054662144	0.213170707531712	4.74489087945225	5.58052005297656
5.54057875804424	0.221461380890868	5.10651445149814	5.97464306459034
5.17077010347841	0.233820221417721	4.71248246949967	5.62905773745714
5.22666348003858	0.216393277327996	4.80253265647571	5.65079430360146
5.28065743801803	0.225122369099511	4.83941759458298	5.72189728145307
4.90651109974346	0.215933116314446	4.48328219176715	5.32974000771978
5.01381346264772	0.231164667068842	4.56073071519279	5.46689621010265
5.31557564481306	0.219548745154137	4.88526010431095	5.74589118531517
5.22670657278679	0.223668596042004	4.78831612454446	5.66509702102911
5.4403108881165	0.199128529406816	5.05001897047915	5.83060280575386
4.84255173600373	0.198559874048584	4.45337438286851	5.23172908913896
5.30855011655811	0.207794066828965	4.90127374557334	5.71582648754288
5.12475464155084	0.226682920582518	4.6804561172091	5.56905316589257
5.21113612484904	0.21792853489959	4.78399619644584	5.63827605325224
5.41334222890619	0.208095018122545	5.005475993386	5.82120846442638
5.43714158452877	0.230352179829974	4.98565131206202	5.88863185699552
5.09188119839585	0.222042737604724	4.65667743269059	5.52708496410111
4.9730719358229	0.223285062081982	4.53543321414222	5.41071065750359
5.4440096803746	0.205193555584736	5.04183031142851	5.84618904932068
5.14912126232009	0.222000189645298	4.7140008906153	5.58424163402487
5.07246406188646	0.222467149981004	4.63642844792369	5.50849967584923
5.53274950276731	0.211817899957443	5.11758641885072	5.94791258668389
4.73362275169771	0.225559296457937	4.29152653064015	5.17571897275526
5.32989755156345	0.221202693391233	4.89634027251663	5.76345483061027
5.25034268573019	0.21762642732844	4.82379488816645	5.67689048329393
5.22503386086609	0.239674814050388	4.75527122532733	5.69479649640486
5.47863673371295	0.232907627771582	5.02213778328065	5.93513568414525
5.40735463063538	0.231160323510172	4.95428039655545	5.86042886471532
5.16952483895885	0.223407075874783	4.73164697024427	5.60740270767343
5.41529672904791	0.214258324433851	4.99535041315757	5.83524304493826
5.00284530035392	0.238171414842525	4.53602932726257	5.46966127344527
5.37795407454186	0.221498194290013	4.94381761373344	5.81209053535029
5.67394066249829	0.242070365743994	5.19948274564006	6.14839857935652
5.36687834272136	0.221914658207865	4.93192561263395	5.80183107280878
5.0663828616405	0.229363629627678	4.61683014757025	5.51593557571075
5.60349220045855	0.208779207731399	5.19428495330501	6.0126994476121
5.50717522059651	0.242663624183707	5.03155451719644	5.98279592399657
5.36451825593588	0.221273279452335	4.9308226282093	5.79821388366246
5.16131729982359	0.215129518985474	4.73966344261206	5.58297115703512
5.49983478536485	0.2363123019716	5.03666267350052	5.96300689722919
5.47917671600126	0.216048230902862	5.05572218343165	5.90263124857086
4.74224488973694	0.213240649373325	4.32429321696522	5.16019656250866
5.46836109659034	0.209851724510457	5.05705171654984	5.87967047663083
5.19669971428402	0.23453003189465	4.73702085177051	5.65637857679754
5.30055014424454	0.22448100152853	4.86056738124863	5.74053290724046
5.15319235313039	0.224062491500224	4.71402986978995	5.59235483647083
5.20974378905668	0.215671320509548	4.78702800085797	5.6324595772554
5.03378167201775	0.228527167564981	4.58586842359039	5.48169492044511
5.38362316283754	0.197961380733966	4.99561885659896	5.77162746907611
4.73468807431157	0.213904230804633	4.31543578193448	5.15394036668865
4.98719247540429	0.217727137945359	4.56044728503139	5.41393766577719
5.34490408975179	0.24346543330009	4.86771184048362	5.82209633901997
5.45838888388388	0.214636276544481	5.0377017818567	5.87907598591106
5.12424699871217	0.239902665999253	4.65403777335363	5.5944562240707
5.307609063402	0.218502963576926	4.87934325479123	5.73587487201278
4.86322760236021	0.189108438733392	4.49257506244276	5.23388014227765
5.06163427248087	0.210203816882559	4.64963479139106	5.47363375357069
4.71566880871471	0.217990883448419	4.28840667715581	5.14293094027361
5.12789483414765	0.227682163665057	4.68163779336414	5.57415187493116
5.38567894081944	0.212415228478119	4.96934509300233	5.80201278863655
5.49130887622427	0.204322756764414	5.09083627296601	5.89178147948252
5.20439310439107	0.237072019109447	4.73973194693656	5.66905426184559
5.30958383966765	0.205535845584099	4.90673358232281	5.71243409701248
5.31016410430971	0.229215028818037	4.86090264782636	5.75942556079306
5.1035023129367	0.214803793618156	4.68248687744512	5.52451774842829
5.65525232707088	0.200194430803689	5.26287124269565	6.04763341144611
5.05462021141755	0.194651588711441	4.67310309754313	5.43613732529198
5.31513340010064	0.192552313032111	4.9377308665577	5.69253593364357
5.04754761943286	0.214755249654353	4.62662733011033	5.46846790875539
4.8741293692886	0.211526836978633	4.45953676881048	5.28872196976672
4.90112152947429	0.223018987350449	4.46400431426741	5.33823874468117
5.15572595664389	0.217565489124091	4.72929759796067	5.58215431532711
4.92692527989915	0.210982880679257	4.5133988337678	5.34045172603049
4.82262634952902	0.215247119253052	4.40074199579304	5.244510703265
5.1711960118723	0.22004591014042	4.73990602799708	5.60248599574753
5.24874512903519	0.242662711668895	4.77312621416416	5.72436404390622
5.36031617969443	0.240651013666679	4.88864019290774	5.83199216648112
5.30969697764	0.216703341541657	4.88495842821835	5.73443552706165
5.02796656991969	0.227244352400494	4.58256763921472	5.47336550062466
4.89276014585529	0.218248689619154	4.46499271420175	5.32052757750883
4.9338609179878	0.209108175888786	4.52400889324578	5.34371294272982
5.44777773712105	0.216531237629308	5.02337651136761	5.87217896287449
5.21564836216385	0.204521960567932	4.8147853194507	5.616511404877
4.93582993793942	0.201838821686738	4.54022584743341	5.33143402844543
5.03865815275174	0.217690611960095	4.61198455330996	5.46533175219353
5.02751842291202	0.215277425136043	4.60557466964537	5.44946217617866
5.15792979223349	0.221182644427132	4.72441180915631	5.59144777531067
5.20424576189967	0.222080511897565	4.76896795858044	5.63952356521889
4.96310733673773	0.215240705635206	4.54123555369272	5.38497911978273
5.48154854642597	0.231781895434342	5.02725603137466	5.93584106147727
5.05314013911188	0.229270837634979	4.60376929734732	5.50251098087644
5.63848374087805	0.220597097745412	5.20611342929704	6.07085405245905
5.2473767402057	0.226460056845747	4.80351502878804	5.69123845162336
5.49420727188787	0.208132167438132	5.08626822370914	5.90214632006661
5.41158954759692	0.213918789173591	4.99230872081668	5.83087037437716
5.23968912682418	0.221987511270817	4.80459360473338	5.67478464891498
5.47570077544578	0.205295678111828	5.07332124634659	5.87808030454496
5.13012464527929	0.214381519659437	4.7099368667468	5.55031242381179
5.28289531819592	0.22828654968136	4.83545368082045	5.73033695557139
5.44301764441748	0.223812247287923	5.00434563973316	5.88168964910181
4.94219158041225	0.212915620462022	4.52487696430669	5.35950619651781
5.56134527745889	0.226167290203242	5.11805738866053	6.00463316625724
5.28101106672006	0.210109029342687	4.86919736920839	5.69282476423172
4.88927537985347	0.203493135715831	4.49042883385044	5.2881219258565
5.06143344591714	0.23389120507196	4.6030066839761	5.51986020785818
5.11255312733139	0.2077589668072	4.70534555238928	5.5197607022735
4.96255402368565	0.198343308973523	4.57380113809754	5.35130690927376
5.37029690748059	0.206152622961198	4.96623776647664	5.77435604848454
4.95189063332692	0.230182819284501	4.50073230752929	5.40304895912454
5.0891987344747	0.196294977152796	4.70446057925522	5.47393688969418
5.25244057368445	0.232783290320563	4.79618532465615	5.70869582271276
5.30356864788937	0.212054050759984	4.8879427083998	5.71919458737894
5.24556751841885	0.225111673204328	4.80434863893837	5.68678639789934
4.93968518257513	0.206571392948164	4.53480525239673	5.34456511275353
5.24242076460915	0.191741839205739	4.8666067597659	5.6182347694524
5.24441762042923	0.221754991784504	4.8097778365316	5.67905740432686
4.99930904285084	0.210095085474757	4.58752267532032	5.41109541038137
5.28854912061957	0.215584593721215	4.86600331692598	5.71109492431315
5.42435398046125	0.221676057659709	4.98986890744822	5.85883905347428
5.40985090325834	0.221653854233946	4.97540934895981	5.84429245755688
5.26474206376008	0.212918799797075	4.84742121615781	5.68206291136235
5.25886427508255	0.211656373821187	4.84401778239302	5.67371076777207
5.58875425821592	0.236323149347907	5.12556088549402	6.05194763093782
5.4199472965947	0.214881164636244	4.99878021390766	5.84111437928174
5.21939562591529	0.227498175407242	4.7734992021171	5.66529204971348
5.13496916477933	0.228257152805884	4.6875851452798	5.58235318427887
5.3827097785504	0.230690248377392	4.93055689173071	5.83486266537009
5.07980485917459	0.236315598106511	4.61662628688583	5.54298343146335
4.74595019796621	0.217149511926639	4.32033715459	5.17156324134243
5.26206663169955	0.228745556224811	4.81372534149892	5.71040792190018
5.07174538091673	0.237857261137367	4.60554514908749	5.53794561274597
4.75350018793473	0.210725405522487	4.34047839311066	5.16652198275881
4.78371709240279	0.217243464595879	4.35791990179487	5.20951428301071
5.20207816951308	0.217257429166104	4.77625360834751	5.62790273067864
5.28095990368261	0.214325333111762	4.86088225078355	5.70103755658166
5.21142316721357	0.211695401017126	4.79650018122001	5.62634615320714
5.25598893957347	0.217322817007773	4.83003621823823	5.6819416609087
5.31749813690593	0.25331948354411	4.82099194915947	5.81400432465238
5.63328556940233	0.223560158173307	5.19510765938265	6.07146347942201
5.27759623389681	0.212882493195848	4.86034654723295	5.69484592056067
5.52388857813831	0.222047813548614	5.08867486358302	5.95910229269359
4.94242738114681	0.21324573562925	4.52446573931348	5.36038902298014
5.11975950439954	0.227727002477426	4.67341457954378	5.5661044292553
5.3511514985728	0.227785361993958	4.90469218906464	5.79761080808096
5.44453207169582	0.223372283161222	5.00672239669983	5.88234174669182
5.53196566751481	0.207466255051907	5.12533180761307	5.93859952741655
5.15946998609445	0.220514177008033	4.72726219915871	5.5916777730302
5.37689462849143	0.216500196071229	4.95255424419183	5.80123501279104
5.46836574905914	0.208050249103826	5.06058726081565	5.87614423730264
5.09935633072611	0.207503390667583	4.69264968501765	5.50606297643457
5.37217635725887	0.216254506056018	4.94831752538907	5.79603518912866
5.48103550956146	0.216734881627926	5.05623514157073	5.9058358775522
5.88431897419243	0.208864226028271	5.47494509117702	6.29369285720784
5.3475587545462	0.235714728224192	4.88555788722678	5.80955962186561
5.2456342453668	0.213345035396791	4.82747797598908	5.66379051474451
5.47638088932169	0.205449114302981	5.07370062528784	5.87906115335553
5.49656637507684	0.217807565259605	5.06966354716802	5.92346920298567
5.17223213843242	0.201324429501983	4.77763625660853	5.5668280202563
5.42023929290159	0.218270140979779	4.99242981658122	5.84804876922196
5.39020510204934	0.241898750615382	4.91608355084319	5.86432665325549
5.41013543842772	0.209477499414109	4.99955953957606	5.82071133727937
5.52055292235105	0.235832972147608	5.05832029694174	5.98278554776036
5.32592782677122	0.203943108291244	4.92619933452038	5.72565631902205
5.15879087401179	0.210300079661152	4.74660271787593	5.57097903014764
4.83476133010444	0.247627822048064	4.34941079889023	5.32011186131864
4.99261803688649	0.221513418702102	4.55845173623037	5.42678433754261
4.98696705571996	0.200535440655411	4.59391759203536	5.38001651940457
6.00265931835731	0.215721780938354	5.57984462771813	6.42547400899648
5.29463935776708	0.218320869785775	4.86673045298696	5.7225482625472
5.17961007227041	0.209342290325589	4.76929918323225	5.58992096130856
5.38337462326192	0.243875996170189	4.90537767076834	5.86137157575549
5.09197484736355	0.225655337884774	4.6496903851094	5.53425930961771
5.29500168320397	0.220572409632676	4.86267976032393	5.72732360608402
5.23956088980782	0.225761820579572	4.79706772147186	5.68205405814378
5.25127886804438	0.21104115847235	4.83763819743857	5.66491953865018
5.11809513891646	0.236047978434825	4.6554411011842	5.58074917664871
5.32877729206188	0.222302324281897	4.89306473646936	5.7644898476544
5.32059733561788	0.254565426763404	4.82164909916161	5.81954557207415
4.8513386821218	0.218567003270096	4.42294735571241	5.27973000853118
5.33165983191516	0.203948756760867	4.93192026866386	5.73139939516646
5.20248093864637	0.214354174758879	4.78234675611897	5.62261512117377
5.11942593984697	0.224272012740261	4.67985279487606	5.55899908481788
5.04183234391431	0.211152756366819	4.62797294143534	5.45569174639327
5.34725907876458	0.24233891596431	4.87227480347453	5.82224335405462
5.32431672590563	0.196031265677826	4.94009544517709	5.70853800663417
5.29498743800974	0.220047649386771	4.86369404521166	5.72628083080781
5.16531804426288	0.223026154712338	4.72818678102669	5.60244930749906
5.3142663591759	0.222422475980506	4.87831830625411	5.75021441209769
5.38796990591095	0.213480493912192	4.96954813784306	5.80639167397885
5.36276104094669	0.232074815709101	4.90789440215686	5.81762767973653
5.08731495890131	0.221325268329611	4.65351743297528	5.52111248482735
5.61943058415268	0.229110060407126	5.17037486575471	6.06848630255065
5.03008293861558	0.219608973590503	4.59964935037819	5.46051652685296
5.52430464788985	0.234426132538076	5.06482942811522	5.98377986766448
5.40980673585767	0.206518159252512	5.00503114372274	5.81458232799259
5.25430122482685	0.223621872233658	4.81600235524888	5.69260009440482
5.17461415029123	0.199729311210507	4.78314470031864	5.56608360026383
4.89033669141552	0.208284770736257	4.48209854077246	5.29857484205858
5.59482107452867	0.224319537845441	5.15515478035161	6.03448736870574
5.10494557219683	0.231768015192748	4.65068026241905	5.55921088197462
4.88727985551875	0.231659833037781	4.4332265827647	5.3413331282728
5.26504767413294	0.225182292721785	4.82369038039824	5.70640496786764
5.0541029280763	0.208535709146538	4.64537293814909	5.46283291800352
5.02170987228364	0.219019303897246	4.59243203664503	5.45098770792224
5.410664074224	0.211986110826684	4.9951712970037	5.8261568514443
5.14279727217298	0.206415573528352	4.73822274805741	5.54737179628855
5.06028497567426	0.234507577356742	4.60065012405504	5.51991982729347
5.14309667504702	0.218940024456561	4.71397422711216	5.57221912298188
5.080041040596	0.218621996963266	4.651541926548	5.50854015464401
5.36175992111839	0.206803774294119	4.95642452350192	5.76709531873486
5.44134633439083	0.214763652631405	5.02040957523328	5.86228309354839
5.07399600354083	0.240984109837997	4.60166714825836	5.54632485882331
5.59720186301673	0.232015780139697	5.14245093394292	6.05195279209054
5.12843405182793	0.219735408629599	4.69775265091392	5.55911545274194
5.33053489349394	0.224610526768321	4.89029826102804	5.77077152595985
5.55922797768415	0.236094259414749	5.09648322923124	6.02197272613706
5.30601171641799	0.231672920432129	4.85193279237102	5.76009064046497
5.37062663702244	0.197580096801491	4.98336964729152	5.75788362675336
5.44925117513399	0.223716258951206	5.01076730758962	5.88773504267835
5.39405818232459	0.219790613107062	4.96326858063475	5.82484778401443
5.52905888658527	0.229708717838463	5.07882979962188	5.97928797354865
5.42058431417679	0.214031381527885	5.00108280638213	5.84008582197144
4.97690858935778	0.234949535380326	4.51640750001235	5.43740967870322
5.13546299876771	0.214517274972869	4.71500913982088	5.55591685771453
5.17179333285226	0.221572168735194	4.73751188213128	5.60607478357324
5.01430802310746	0.234646093474503	4.55440167989744	5.47421436631749
5.45254021009237	0.240560351155797	4.981041921827	5.92403849835773
5.153991966766	0.204720694531816	4.75273940548364	5.55524452804836
5.37774908543496	0.224218807258686	4.93828022320793	5.81721794766198
4.94951462887502	0.217180585224672	4.52384068183467	5.37518857591538
5.60260402253993	0.218676141464412	5.17399878526968	6.03120925981018
5.0842162467531	0.210643779767024	4.67135443840973	5.49707805509647
5.22514531499188	0.207837609069638	4.81778360121539	5.63250702876837
5.54729644100243	0.226194970053238	5.10395429969809	5.99063858230678
5.17030652119411	0.220985487702396	4.73717496529742	5.60343807709081
5.45359068115671	0.224248608335335	5.01406340881945	5.89311795349397
5.1015347915328	0.214096196558551	4.68190624627805	5.52116333678756
5.03323727725385	0.2311724403655	4.58013929413747	5.48633526037023
4.88180845673981	0.227143794432815	4.43660661965149	5.32701029382813
5.70681506134905	0.211501695414105	5.2922717383374	6.1213583843607
5.24713916674313	0.223252988178601	4.80956330991308	5.68471502357319
5.29986871800777	0.211746085971822	4.884846389503	5.71489104651254
5.12030786052774	0.204631008361096	4.71923108413999	5.52138463691549
4.96020986546784	0.225698943585809	4.51783993603966	5.40257979489603
5.06663482722702	0.228450546993892	4.61887175511899	5.51439789933505
5.10594557139282	0.207924762290476	4.69841303730349	5.51347810548215
5.52917202956968	0.234031678002777	5.07046994068424	5.98787411845512
5.11064097542202	0.218354346517061	4.68266645624858	5.53861549459546
4.80371310482004	0.224743025833807	4.36321677418577	5.2442094354543
5.04417727317913	0.226030977738793	4.60115655681109	5.48719798954716
5.12750011305008	0.218257054493335	4.69971628624314	5.55528393985701
5.32370687233818	0.21599369760158	4.90035922503908	5.74705451963728
5.46529204651186	0.20943762523683	5.05479430104767	5.87578979197604
5.33209170147997	0.247179258285227	4.84762035524093	5.81656304771902
5.36113844136881	0.226482067642052	4.91723358879039	5.80504329394724
5.14741835279673	0.223714038232363	4.7089388378613	5.58589786773216
5.30875610359061	0.222578938104212	4.87250138490635	5.74501082227487
5.05501660647874	0.224050431152105	4.61587776142062	5.49415545153687
5.08329457189922	0.235329798404429	4.62204816702654	5.5445409767719
