estFinal_msm11	sdFinal_msm11	X1	X2
6.75343519008939	0.214188297454888	6.33362612707781	7.17324425310097
6.8232857739019	0.209002235945252	6.41364139144921	7.2329301563546
6.38910438412385	0.213261311259688	5.97111221405486	6.80709655419284
6.58942670525912	0.187559759424292	6.22180957678751	6.95704383373073
6.9597587786751	0.202621381264804	6.56262087139609	7.35689668595412
6.82560938441278	0.217401730437256	6.39950199275575	7.2517167760698
6.69019780935958	0.189169793868199	6.31942501337791	7.06097060534125
6.53628802530689	0.207417313098532	6.12975009163377	6.94282595898002
6.58768931053585	0.194270306608343	6.2069195095835	6.96845911148821
6.23561644086648	0.203445518679286	5.83686322425508	6.63436965747789
6.84136204053495	0.205736901729074	6.43811771314596	7.24460636792393
6.86670317946449	0.190405320082682	6.49350875210243	7.23989760682655
6.89258370996492	0.200251183108299	6.50009139107265	7.28507602885719
6.98367498787716	0.216373688683979	6.55958255805656	7.40776741769775
6.83061545993959	0.193316297818778	6.45171551621479	7.2095154036644
6.77741232237935	0.187984860772514	6.40896199526522	7.14586264949348
6.53834555752271	0.202779860561555	6.14089703082206	6.93579408422336
6.4887741547835	0.180817781192266	6.13437130364666	6.84317700592034
6.65779300683419	0.189359306321167	6.28664876644471	7.02893724722368
7.22508516746096	0.185521255982479	6.8614635057353	7.58870682918662
6.70118651869322	0.205642441395109	6.2981273335588	7.10424570382763
6.78563125555245	0.215846623124465	6.3625718742285	7.20869063687641
7.00568373473162	0.177392959596455	6.65799353392257	7.35337393554068
6.39814717113327	0.195117373828787	6.01571711842884	6.78057722383769
6.84430765993777	0.196140328417028	6.45987261624039	7.22874270363515
6.88280718849797	0.200865960014749	6.48910990686906	7.27650447012688
6.76456229735737	0.19016133211229	6.39184608641728	7.13727850829745
6.52779393868494	0.201792435142458	6.13228076580573	6.92330711156416
6.85855566532869	0.212529996139008	6.44199687289623	7.27511445776115
6.96057730922378	0.214280855388847	6.54058683266164	7.38056778578592
6.82831057946265	0.206842409189668	6.4228994574509	7.2337217014744
6.83230393079205	0.198362348727834	6.44351372728549	7.2210941342986
6.89592595907066	0.203978579534466	6.4961279431831	7.29572397495821
6.88323649862519	0.206540593969953	6.47841693444408	7.2880560628063
6.77092076464274	0.215992711500914	6.34757505010095	7.19426647918453
6.71850015001332	0.183504743149739	6.35883085343983	7.07816944658681
6.74398627079405	0.209666537485372	6.33303985732272	7.15493268426538
6.67192669790445	0.166227764566405	6.34612027935429	6.9977331164546
7.04896013205238	0.200302695460743	6.65636684894933	7.44155341515544
6.31154397610733	0.203501731124854	5.91268058310261	6.71040736911204
6.64295822729264	0.197605713161587	6.25565102949593	7.03026542508935
6.84451670580871	0.221806917200765	6.40977514809521	7.27925826352221
6.41661760861622	0.204599505121826	6.01560257857744	6.817632638655
6.59043165939698	0.204152450368979	6.19029285667378	6.99057046212018
6.96985025379273	0.209157738687703	6.55990108596483	7.37979942162062
6.67200299976002	0.190098940340789	6.29940907669208	7.04459692282797
7.1334525067683	0.200844385714839	6.73979751076721	7.52710750276938
6.41118483727043	0.19604240315701	6.02694172708269	6.79542794745817
7.05160783022151	0.205395358772979	6.64903292702647	7.45418273341655
6.96851601232173	0.203983518710811	6.56870831564854	7.36832370899492
6.91232130161892	0.200126081531373	6.52007418181743	7.30456842142041
6.58074974328035	0.202096441815274	6.18464071732241	6.97685876923828
6.80337770434045	0.215356443164808	6.38127907573743	7.22547633294348
7.07622109460856	0.182562728361658	6.71839814701971	7.43404404219741
6.83244576443455	0.217492448729358	6.40616056492501	7.2587309639441
6.986855640262	0.201628287337599	6.59166419708031	7.3820470834437
6.69234421085025	0.182230692624031	6.33517205330714	7.04951636839335
6.83940182136375	0.183861749701903	6.47903279194802	7.19977085077948
6.74930429051839	0.209308513501884	6.3390596040547	7.15954897698208
6.77773453109763	0.206726220017994	6.37255113986236	7.18291792233289
6.82421929148348	0.209144410808624	6.41429624629857	7.23414233666838
7.06793114185436	0.196906678892147	6.68199405122576	7.45386823248297
7.02975580187595	0.207154366467234	6.62373324360018	7.43577836015173
6.68392351195875	0.191612701659553	6.30836261670603	7.05948440721147
6.91484661551757	0.221660106428838	6.48039280691705	7.34930042411809
6.73098890755044	0.202696367680857	6.33370402689596	7.12827378820492
6.82187099669478	0.186406027447011	6.45651518289864	7.18722681049092
6.74848405288574	0.206466946080913	6.34380883856715	7.15315926720433
6.91368396455031	0.184584376076775	6.55189858743983	7.27546934166079
6.59361594162939	0.193192052501433	6.21495951872658	6.9722723645322
6.99228317592418	0.200583628159828	6.59913926473092	7.38542708711745
6.88259479755933	0.198626948577702	6.49328597834703	7.27190361677162
6.46248575859576	0.204782071934532	6.06111289760408	6.86385861958744
6.54460691683056	0.196011518024449	6.16042434150264	6.92878949215848
7.01507886410865	0.187212565307412	6.64814223610612	7.38201549211117
6.88836007245824	0.21925328907683	6.45862362586766	7.31809651904883
6.66040131467192	0.197771817112215	6.27276855313198	7.04803407621186
6.94348252083595	0.203441827167161	6.54473653958831	7.34222850208358
6.876842468585	0.199562274895456	6.48570040978991	7.26798452738009
6.46359983090112	0.207715467305853	6.05647751498164	6.87072214682059
6.75080324166403	0.197090394600858	6.36450606824634	7.13710041508171
6.53254424173074	0.185739116962102	6.16849557248502	6.89659291097646
6.44330938542294	0.185436444563362	6.07985395407875	6.80676481676713
6.81055412482739	0.204664919678816	6.40941088225691	7.21169736739787
6.57185985210375	0.218115511100215	6.14435345034733	6.99936625386017
6.97785358747358	0.205840045787832	6.57440709772943	7.38130007721773
6.84968360479366	0.214498256722698	6.42926702161717	7.27010018797014
6.74460202654419	0.199367974349766	6.35384079681864	7.13536325626973
7.1559909871671	0.191214049722478	6.78121144971105	7.53077052462316
6.50559493622508	0.206943886353606	6.09998491897201	6.91120495347815
6.91373560915574	0.203556644255166	6.51476458641561	7.31270663189586
7.10857993953264	0.215469219345366	6.68626026961572	7.53089960944956
6.94586290707065	0.20437108068925	6.54529558891972	7.34643022522158
6.51034327641643	0.20038075447732	6.11759699764088	6.90308955519198
6.54048593673249	0.202364531612126	6.14385145477272	6.93712041869226
7.28735743156284	0.220031030972731	6.85609661085629	7.71861825226939
6.84152996475133	0.195419043314073	6.45850863985574	7.22455128964691
6.69781670360669	0.194313874345649	6.31696150988922	7.07867189732416
6.97630779801806	0.193160648854992	6.59771292626227	7.35490266977384
6.93528099622014	0.20356157738622	6.53630030454315	7.33426168789713
6.67851805511658	0.181441501171973	6.32289271281951	7.03414339741365
6.62515211457887	0.203202353423165	6.22687550186947	7.02342872728827
6.76583703253511	0.194706776882252	6.38421174984589	7.14746231522432
6.7849179825832	0.203423329196508	6.38620825735804	7.18362770780836
6.62004195776359	0.187792347028794	6.25196895758716	6.98811495794003
6.82874857707827	0.204981321696717	6.42698518655271	7.23051196760383
6.41221236643702	0.207439334694146	6.0056312704365	6.81879346243755
7.37552664560224	0.206113997744983	6.97154321002208	7.77951008118241
6.51775982545055	0.202906710529717	6.1200626728123	6.91545697808879
6.3429109726575	0.199165656554205	5.95254628581126	6.73327565950374
6.59067129518711	0.20254918117896	6.19367490007635	6.98766769029787
6.80207214232761	0.19538925228334	6.41910920785226	7.18503507680295
7.08211679990559	0.193298052383789	6.70325261723336	7.46098098257782
6.83790124308519	0.195796841205412	6.45413943432259	7.2216630518478
6.72624364336205	0.20939887182543	6.31582185458421	7.13666543213989
6.94131449233915	0.196826492512187	6.55553456701526	7.32709441766303
7.01874678746304	0.193817305513201	6.63886486865717	7.39862870626892
6.55448760404342	0.183248132463392	6.19532126441517	6.91365394367167
6.61952019175926	0.192003371820563	6.24319358299096	6.99584680052756
6.71110905575325	0.19472120763571	6.32945548878726	7.09276262271924
6.90466967906434	0.192772085637841	6.52683639121418	7.28250296691451
6.77001354880814	0.189133582282915	6.39931172753362	7.14071537008265
6.75973112389434	0.204617352032277	6.35868111391108	7.16078113387761
6.83861758999582	0.208677786510738	6.42960912843477	7.24762605155687
6.51439223977076	0.19405769187168	6.13403916370227	6.89474531583926
6.66860156179678	0.197072725520718	6.28233901977617	7.05486410381739
6.63592652467457	0.198599654593205	6.24667120167189	7.02518184767726
6.8669029759561	0.216971682156054	6.44163847893024	7.29216747298197
6.58438612641876	0.221596327955848	6.1500573236253	7.01871492921222
6.9035681100592	0.201446006480214	6.50873393735798	7.29840228276041
7.1139166265228	0.19393755433424	6.73379902002769	7.49403423301791
6.98991905038473	0.188792934579296	6.61988489860931	7.35995320216015
6.9408946267324	0.204916029075196	6.53925920974501	7.34253004371978
6.7392576647163	0.19764254761738	6.35187827138624	7.12663705804637
6.74234545517894	0.216942574657403	6.31713800885043	7.16755290150745
6.93618864925765	0.209155952137811	6.52624298306754	7.34613431544776
6.66186516676777	0.18904214400026	6.29134256452726	7.03238776900828
6.4429028155623	0.204010738865775	6.04304176738538	6.84276386373921
6.6486783611802	0.19308911883894	6.27022368825587	7.02713303410452
6.66772768697864	0.184601775177393	6.30590820763095	7.02954716632633
6.76862396540386	0.205742929048201	6.36536782446939	7.17188010633834
6.94474034661304	0.199852747271731	6.55302896196044	7.33645173126563
6.85603563854303	0.178784476114604	6.50561806535841	7.20645321172766
6.4860831584418	0.211729083865723	6.07109415406499	6.90107216281862
6.80654408391845	0.197649639301113	6.41915079088827	7.19393737694863
6.76294847021246	0.188415253194549	6.39365457395114	7.13224236647377
6.72170091098799	0.222323580406625	6.28594669339101	7.15745512858498
6.89483047470782	0.208483633149714	6.48620255373438	7.30345839568126
6.74010644196775	0.204678254720391	6.33893706271578	7.14127582121972
6.79479001799921	0.201725907596555	6.39940723910996	7.19017279688846
6.71193026032257	0.209771382860469	6.30077834991605	7.12308217072909
6.77178310357432	0.196789775240143	6.38607514410364	7.157491063045
6.59707986147381	0.201626250066259	6.20189241134394	6.99226731160368
6.66497404696357	0.187634909705241	6.2972096239413	7.03273846998584
6.64197291754212	0.186131762131366	6.27715466376465	7.0067911713196
6.63630051887272	0.200537813399289	6.24324640461011	7.02935463313533
6.92211657535669	0.205404574895339	6.51952360856182	7.32470954215155
6.3313967612968	0.183363840249708	5.97200363440738	6.69078988818623
6.49121796545178	0.195990519390921	6.10707654744558	6.87535938345799
6.95921819314716	0.196944731384751	6.57320651963305	7.34522986666127
6.94604105168307	0.203641725540981	6.54690326962275	7.34517883374339
7.02517923996792	0.188498192796265	6.65572278208724	7.3946356978486
6.77277862608858	0.179727732783666	6.42051226983259	7.12504498234456
6.78093599086373	0.19752430574929	6.39378835159512	7.16808363013234
6.58014252261299	0.196438302738416	6.19512344924569	6.96516159598028
6.95619945630203	0.214612800961995	6.53555836641652	7.37684054618754
6.93470141021229	0.199269965157248	6.54413227850408	7.32527054192049
6.53101515967093	0.206925885059007	6.12544042495528	6.93658989438658
6.68044646104394	0.215070277251333	6.25890871763132	7.10198420445655
6.85646411552716	0.218016335167006	6.42915209859983	7.28377613245449
6.52276004306047	0.204182423471713	6.12256249305591	6.92295759306502
6.90852689749704	0.192492496630884	6.5312416041005	7.28581219089357
6.60422978302565	0.208638873072857	6.19529759180285	7.01316197424845
6.68116661873663	0.192755226765525	6.3033663742762	7.05896686319706
6.80246005405537	0.193447204559165	6.4233035331194	7.18161657499133
7.11726455290816	0.21738184127539	6.6911961440084	7.54333296180793
6.36547746429306	0.215015610401515	5.94404686790609	6.78690806068003
6.77013348680827	0.19733641707623	6.38335410933886	7.15691286427768
6.72529390620391	0.199757085082497	6.33377001944221	7.1168177929656
6.80794502862637	0.212899265389433	6.39066246846308	7.22522758878966
6.95668170460907	0.209568113288175	6.54592820256425	7.3674352066539
6.55122808680099	0.196157943056253	6.16675851841074	6.93569765519125
6.86488718537574	0.20922528747609	6.45480562192261	7.27496874882888
6.99932297286622	0.208753564736348	6.59016598598298	7.40847995974947
6.78341808404343	0.200064825371288	6.3912910263157	7.17554514177115
6.84767110216648	0.208705577077926	6.43860817109375	7.25673403323922
7.29438426580446	0.18539508129642	6.93100990646347	7.65775862514544
6.86178456360587	0.204076666616005	6.4617942970385	7.26177483017324
6.87027173846715	0.203667452210414	6.47108353213473	7.26945994479956
7.11555849141777	0.203037735291072	6.71760453024726	7.51351245258827
6.54430111326434	0.206731658205831	6.13910706318091	6.94949516334777
7.01835090414146	0.216874675859428	6.59327653945698	7.44342526882594
6.53311895197986	0.184670571734506	6.17116463138023	6.89507327257949
6.71610831734839	0.206611444716681	6.3111498857037	7.12106674899309
6.84821798682309	0.211251804204299	6.43416445058267	7.26227152306352
6.4727895356723	0.195642074307507	6.08933107002959	6.85624800131501
6.48358138918209	0.189515585551613	6.11213084150093	6.85503193686325
6.70241675918198	0.209318615395225	6.29215227300733	7.11268124535662
6.85842705493704	0.204151215547115	6.4582906724647	7.25856343740939
6.58078342992006	0.191331397974713	6.20577388988962	6.95579296995049
7.0374931122371	0.203978921609199	6.63769442588307	7.43729179859113
6.62358002245046	0.194264547364899	6.24282150961526	7.00433853528566
6.50452945901131	0.183530368630439	6.14480993649565	6.86424898152697
7.0556519612087	0.181568857977836	6.69977699957214	7.41152692284526
6.96007565003925	0.195444842305271	6.57700375912092	7.34314754095758
6.53030567737121	0.201354127112627	6.13565158823046	6.92495976651196
6.58348241419085	0.190758347886312	6.20959605233368	6.95736877604802
6.51494644509723	0.210951211507387	6.10148207054275	6.92841081965171
6.69020446787932	0.197234855794011	6.30362415052306	7.07678478523558
6.60626763060342	0.221217038909315	6.17268223434116	7.03985302686567
6.66135148672506	0.205524414620525	6.25852363406883	7.06417933938129
6.83996378215778	0.200658746788614	6.44667263845209	7.23325492586346
6.52998654734385	0.196344371996002	6.14515157823169	6.91482151645602
6.72341414904942	0.208487680557735	6.31477829515626	7.13205000294258
7.02479090267785	0.188066900039261	6.6561797786009	7.3934020267548
6.698077397713	0.231933538651281	6.24348766195649	7.15266713346951
6.92091803039612	0.180653698955639	6.56683678044307	7.27499928034917
6.69512261138122	0.196349368501867	6.31027784911756	7.07996737364488
6.95946454127405	0.203456697356118	6.56068941445606	7.35823966809204
6.56071502234341	0.220746333577302	6.12805220853189	6.99337783615492
6.61941911402137	0.203380149245392	6.2207940215004	7.01804420654233
6.61269214118142	0.200118721723322	6.22045944660371	7.00492483575914
6.64063112901942	0.197395232316794	6.25373647367851	7.02752578436034
6.69499224176421	0.192894120239167	6.31691976609544	7.07306471743298
6.89392850939625	0.204261016559293	6.49357691694004	7.29428010185247
6.77580715874982	0.189652808443205	6.40408765420114	7.1475266632985
6.70982047825637	0.214619108744215	6.28916702511771	7.13047393139503
6.55780821051675	0.205987027662111	6.15407363629901	6.96154278473449
6.90350539859662	0.202099906784328	6.50738958129933	7.2996212158939
7.13297041034513	0.199163236944155	6.74261046593458	7.52333035475567
6.83418253465635	0.208155673970595	6.42619741367399	7.24216765563872
6.63501608800271	0.195456527712697	6.25192129368582	7.0181108823196
6.7431172840358	0.204612869991941	6.3420760588516	7.14415850922001
6.32142208902202	0.197969195477451	5.93340246588622	6.70944171215783
6.72756768463453	0.190152559947136	6.35486866713814	7.10026670213091
6.59672372779293	0.199383629549523	6.20593181387586	6.98751564170999
6.55116023425501	0.205409592573144	6.14855743281165	6.95376303569837
6.8772777019861	0.210785492672247	6.4641381363485	7.29041726762371
6.50234678665575	0.191879390787472	6.12626318071231	6.8784303925992
6.857268669951	0.194791510576692	6.47547730922069	7.23906003068132
6.91384190809274	0.196977385123537	6.52776623325061	7.29991758293487
6.91788565116387	0.203338665525373	6.51934186673413	7.3164294355936
6.28672888171677	0.225933147702789	5.8438999122193	6.72955785121423
6.64574729634183	0.1950873574376	6.26337607576413	7.02811851691952
6.5038934557282	0.193838350257076	6.12397028922434	6.88381662223207
7.07503486258977	0.220022163282437	6.6437914225562	7.50627830262335
6.49135501768947	0.199294309106725	6.10073817184029	6.88197186353865
7.00417602231329	0.195308854864731	6.62137066677842	7.38698137784817
7.02217582989546	0.203271012104559	6.62376464617053	7.4205870136204
6.71755748600334	0.229849960751287	6.26705156293082	7.16806340907586
7.03131139248967	0.213941212361837	6.61198661626047	7.45063616871887
6.74875311291883	0.202125621407336	6.35258689496045	7.14491933087721
6.57213602348161	0.198743610302946	6.18259854728784	6.96167349967539
7.03753239376489	0.192879061029827	6.65948943414643	7.41557535338335
6.88605582271231	0.19797525023671	6.49802433224836	7.27408731317626
6.60316369930868	0.208213011572743	6.1950661966261	7.01126120199126
6.56757478139945	0.215968145000984	6.14427721719752	6.99087234560138
6.66622312641177	0.19725446565586	6.27960437372629	7.05284187909726
6.72960929445375	0.203174816653398	6.33138665381309	7.12783193509441
6.88966890049465	0.208934850512561	6.48015659349003	7.29918120749927
6.58184805188221	0.190598927269911	6.20827415443318	6.95542194933123
6.56430424001208	0.197031786226511	6.17812193900812	6.95048654101604
6.44999354586066	0.185089118211946	6.08721887416524	6.81276821755607
6.7641610523872	0.213523906645165	6.34565419536267	7.18266790941172
6.57950396245483	0.200681242683203	6.18616872679575	6.97283919811391
6.34527275578459	0.189324790292128	5.97419616681202	6.71634934475716
6.67779258066194	0.213799750629458	6.2587450694282	7.09684009189567
6.75399739150387	0.192014099505815	6.37764975647247	7.13034502653527
6.76161893327525	0.190865951492739	6.38752166834948	7.13571619820102
6.71076247328552	0.205977811097478	6.30704596353447	7.11447898303658
6.561182775855	0.201260505700035	6.16671218468294	6.95565336702707
6.72839342903515	0.210006213188876	6.31678125118496	7.14000560688535
6.50599268715562	0.186770069687294	6.13992335056852	6.87206202374271
6.530188276896	0.206195192682941	6.12604569923744	6.93433085455457
6.88887952102933	0.205721924907687	6.48566454821026	7.2920944938484
6.94719435866456	0.200503810543894	6.55420688999853	7.34018182733059
6.7875058517661	0.19952918938187	6.39642864057763	7.17858306295456
6.7486747836515	0.203150576612482	6.35049965349104	7.14684991381196
6.73597663830009	0.183800975460088	6.37572672639832	7.09622655020187
6.9716390213906	0.193784812615549	6.59182078866412	7.35145725411708
6.73595173122759	0.190697966081411	6.36218371770802	7.10971974474715
6.53017018587217	0.203788623958194	6.13074448291411	6.92959588883023
6.83617058935316	0.192786400038488	6.45830924527773	7.2140319334286
6.65896487582044	0.216129037173048	6.23535196296126	7.08257778867961
6.62618509411271	0.20111652091072	6.2319967131277	7.02037347509772
6.55590283760085	0.197267790786217	6.16925796765986	6.94254770754183
6.65941258272681	0.201885210418144	6.26371757030725	7.05510759514637
6.67412430456077	0.215180273706738	6.25237096809556	7.09587764102598
6.64740870293759	0.218228868590689	6.21968012049984	7.07513728537534
6.68076286408918	0.194485321499083	6.29957163395098	7.06195409422739
6.51876272658405	0.209703165447418	6.10774452230711	6.92978093086099
6.65345824935303	0.190896396465217	6.2793013122812	7.02761518642486
6.66243887875338	0.202578302947946	6.26538540497541	7.05949235253136
6.67904617819083	0.198985652153668	6.28903429996964	7.06905805641202
6.414119076626	0.199964924482201	6.02218782464089	6.80605032861112
6.80878249909336	0.199797169974416	6.41718004594351	7.20038495224322
6.91047005587459	0.186786833474056	6.54436786226544	7.27657224948374
6.9239131376207	0.201465397124126	6.52904095925742	7.31878531598399
6.82276183479981	0.196365102053119	6.4378862347757	7.20763743482392
6.89748196675419	0.216627248244299	6.47289256019537	7.32207137331302
6.78322774252271	0.216756422100932	6.35838515520489	7.20807032984054
6.81463203907124	0.207653739844936	6.40763070897516	7.22163336916731
6.76187844325023	0.195333115247019	6.37902553736608	7.14473134913439
6.68839569234776	0.215924700580775	6.26518327920944	7.11160810548608
6.6366476197339	0.195806680758676	6.25286652544689	7.0204287140209
6.84413194851035	0.195993737124592	6.45998422374615	7.22827967327455
6.57509259793924	0.192192888143173	6.19839453717863	6.95179065869986
6.96792133090012	0.225998428737461	6.5249644105747	7.41087825122555
6.90075865976762	0.201932390490593	6.50497117440606	7.29654614512919
6.98059683107275	0.206567685677667	6.57572416714452	7.38546949500097
7.14629945675887	0.192714255918886	6.76857951515786	7.52401939835989
6.44206551625182	0.189841368811673	6.06997643338094	6.8141545991227
6.87504645227415	0.21264642408428	6.45825946106896	7.29183344347934
6.4008841279027	0.196629256216217	6.01549078571892	6.78627747008649
6.75916585250191	0.215022834352034	6.33772109717192	7.18061060783189
6.75238170018949	0.204224799740103	6.35210109269889	7.15266230768009
6.79670179785058	0.198564178049968	6.40751600887265	7.18588758682852
6.75479917323746	0.193090706868474	6.37634138777525	7.13325695869966
6.65821078874519	0.19819522030701	6.26974815694345	7.04667342054693
6.46085329115964	0.206319700785597	6.05646667761987	6.86523990469941
7.00916403258103	0.199207785172248	6.61871677364342	7.39961129151863
6.93842629554799	0.200524843422119	6.54539760244064	7.33145498865534
6.62285715516375	0.198125477958454	6.23453121836518	7.01118309196232
6.67282190302674	0.204287854992083	6.27241770724226	7.07322609881123
6.68527763452936	0.203560312208117	6.28629942260145	7.08425584645727
6.69731651586529	0.208288375999221	6.28907129890681	7.10556173282376
6.87793970496858	0.211781563708071	6.46284784010076	7.2930315698364
6.88057642727677	0.211336215153478	6.46635744557595	7.29479540897759
6.73091695240313	0.209834287943534	6.3196417480338	7.14219215677245
6.68415519673437	0.186363661157167	6.31888242086633	7.04942797260242
6.75969432253814	0.204491650470532	6.3588906876159	7.16049795746039
6.5583944874742	0.19845679611702	6.16941916708485	6.94736980786356
6.9959245856831	0.212183473378698	6.58004497786085	7.41180419350535
6.67012415724516	0.197087395499836	6.28383286206548	7.05641545242483
6.74577492970998	0.2063927091896	6.34124521969837	7.1503046397216
6.89728701334256	0.208656701452233	6.48831987849618	7.30625414818893
6.83537862171419	0.200813298952153	6.44178455576797	7.22897268766041
6.80984414966919	0.184384783441674	6.44844997412351	7.17123832521487
6.7371193799578	0.201589818627599	6.3420033354477	7.13223542446789
6.85713796880001	0.196816930432922	6.47137678515148	7.24289915244854
6.81159299138283	0.193657189424149	6.4320249001115	7.19116108265416
6.67400825092258	0.202787570821701	6.27654461211205	7.07147188973311
6.49942447772527	0.211995843264634	6.08391262492658	6.91493633052395
6.91891322745665	0.183243247327913	6.55975646269394	7.27806999221936
6.8327081653992	0.205338902667792	6.43024391617033	7.23517241462807
6.7299690664444	0.198453081496434	6.34100102671138	7.11893710617741
6.95422878358347	0.205248952550093	6.55194083658529	7.35651673058166
7.17317371365927	0.20614982675801	6.76912005321357	7.57722737410497
6.49186903536857	0.204119598366721	6.0917946225698	6.89194344816734
7.26140171574873	0.196973923188592	6.87533282629909	7.64747060519836
7.04743298362663	0.19130467110517	6.6724758282605	7.42239013899277
6.70430943090483	0.188446070657637	6.33495513241586	7.0736637293938
7.18225939916003	0.198622948511818	6.79295842007686	7.57156037824319
6.87553504398805	0.209802089021988	6.46432294950495	7.28674713847115
6.30765522927975	0.199227280974351	5.91716975857002	6.69814069998948
6.76631218454459	0.192911220554161	6.38820619225844	7.14441817683075
6.64697671272093	0.194136226813376	6.26646970816672	7.02748371727515
6.97462226035642	0.193874685587866	6.59462787660421	7.35461664410864
6.65986213647776	0.197223700006876	6.27330368446428	7.04642058849124
6.94151992574652	0.220506973591312	6.50932625750755	7.3737135939855
6.80649126972331	0.206039994953306	6.40265287961483	7.21032965983179
6.84574551663022	0.201952999233565	6.44991763813243	7.241573395128
6.84880991422524	0.17601495845675	6.50382059565001	7.19379923280047
7.01598012642267	0.222121125519204	6.58062272040503	7.45133753244032
7.01449090364754	0.19378585376357	6.63467063027094	7.39431117702413
6.63110845936335	0.200307739183076	6.23850529056452	7.02371162816217
6.72735267525384	0.208855127182493	6.31799662597616	7.13670872453153
6.69122045425237	0.205459445691288	6.28851994069745	7.0939209678073
6.73679644922218	0.205070124153196	6.33485900588192	7.13873389256244
6.94377192402528	0.205809129597472	6.54038603001423	7.34715781803632
6.61223813842301	0.180355538245524	6.25874128346179	6.96573499338424
6.76768109430399	0.207944392477049	6.36011008504897	7.17525210355901
6.95911544576026	0.215506288146018	6.53672312099406	7.38150777052646
6.70240139907431	0.197646060857859	6.3150151197929	7.08978767835571
6.89705007934026	0.203715216604364	6.4977682547957	7.29633190388481
6.65002169034709	0.187900055138701	6.28173758227524	7.01830579841894
6.82903100405573	0.184783365006751	6.4668556086425	7.19120639946896
6.64458041358053	0.205454359375465	6.24188986920461	7.04727095795644
6.61227649909924	0.209831219092288	6.20100730967835	7.02354568852012
6.66618609641444	0.199242278788597	6.27567122998879	7.05670096284009
6.93546344960676	0.196179971941612	6.5509507046012	7.31997619461232
6.76186438527765	0.198080080698257	6.37362742710906	7.15010134344623
6.89947767693821	0.206658205944068	6.49442759328784	7.30452776058859
6.48478506379164	0.209306085768646	6.0745451356851	6.89502499189819
6.27773576948789	0.211227042160119	5.86373076685405	6.69174077212172
6.83062295688531	0.212758640970997	6.41361602058215	7.24762989318846
6.95014747961321	0.200924911151733	6.55633465375581	7.34396030547061
6.35013105221959	0.186940658884508	5.98372736080595	6.71653474363322
6.84668644772287	0.200209329346139	6.45427616220444	7.2390967332413
6.59781553587202	0.200105447214125	6.20560885933233	6.99002221241171
6.78085110531827	0.209441417892253	6.37034592624946	7.19135628438709
7.10308062074436	0.195684127159429	6.71953973151188	7.48662150997684
6.75255230446705	0.194195895186498	6.37192834990151	7.13317625903258
6.91925369355647	0.18974210809118	6.54735916169776	7.29114822541518
6.98256814069231	0.205041537296505	6.58068672759116	7.38444955379346
6.40589283625675	0.183939676885913	6.04537106956036	6.76641460295314
6.79360961796728	0.204045571810074	6.39368029721954	7.19353893871502
7.18068227462051	0.181520451847546	6.82490218899932	7.5364623602417
6.82355851829213	0.194526723688317	6.44228613986303	7.20483089672123
6.351640968937	0.190237959112719	5.97877456907607	6.72450736879793
6.78082624960925	0.19384260296223	6.40089474780328	7.16075775141522
6.65002166884117	0.189652329434283	6.27830310314997	7.02174023453236
6.74013749294498	0.201840888710411	6.34452935107257	7.13574563481738
6.43984478502478	0.209507095093103	6.0292108786423	6.85047869140727
6.53284537730642	0.214448392785343	6.11252652744714	6.95316422716569
6.63462940871006	0.199493544369496	6.24362206174584	7.02563675567427
6.55456221798675	0.194841870906581	6.17267215100986	6.93645228496365
6.85989581800884	0.214105097944023	6.44024982603855	7.27954180997912
6.81360689157189	0.201955821776677	6.4177734808896	7.20944030225418
6.91901882160316	0.193913638645049	6.53894808985886	7.29908955334746
6.88589116399667	0.211907736892232	6.4705519996879	7.30123032830545
6.69183792852207	0.198491763121751	6.30279407280344	7.0808817842407
6.81859492274937	0.211380576737687	6.4042889923435	7.23290085315523
6.89914239278219	0.188100558829052	6.53046529747725	7.26781948808713
6.4772985699358	0.19472777884319	6.09563212340315	6.85896501646845
6.6285846793947	0.20524395659483	6.22630652446884	7.03086283432057
6.75543397988222	0.201497874534699	6.36049814579421	7.15036981397023
6.62816141018798	0.200189437135664	6.23579011340208	7.02053270697388
6.63016511085785	0.197088891317894	6.24387088387478	7.01645933784092
6.96781340688031	0.188468866770445	6.59841442801024	7.33721238575038
6.64062528587479	0.186728978725134	6.27463648757352	7.00661408417605
6.90921436496233	0.19027338244308	6.5362785353739	7.28215019455077
6.770905958391	0.207186727261536	6.36481997295839	7.17699194382361
6.55427292677087	0.206175154146745	6.15016962464325	6.95837622889849
6.67760533524107	0.210807436648427	6.26442275941016	7.09078791107199
7.139057178216	0.187060063432669	6.77241945388796	7.50569490254403
6.99884921572498	0.214810278862999	6.5778210691535	7.41987736229646
6.99812491388392	0.186804115931311	6.63198884665856	7.36426098110929
6.59533034173672	0.198335294131226	6.20659316523952	6.98406751823392
6.90555858658809	0.180555216859609	6.55167036154325	7.25944681163292
7.08844683356369	0.179197314623466	6.73722009690169	7.43967357022568
6.69920757767656	0.201652165980182	6.30396933235541	7.09444582299772
6.67103785252881	0.192294598345058	6.29414043977249	7.04793526528512
6.95326928411226	0.216579329729881	6.52877379784169	7.37776477038283
7.12052308193727	0.18972750822738	6.7486571658116	7.49238899806293
6.54974303811212	0.213725855648396	6.13084036104127	6.96864571518298
6.7563135740738	0.206703990348646	6.35117375299046	7.16145339515715
6.82189954589028	0.200108743952822	6.42968640774275	7.21411268403781
6.42873798721739	0.204445357264626	6.02802508697872	6.82945088745606
6.77015595559952	0.201824311958309	6.37458030416124	7.16573160703781
6.94912000682169	0.202888699019774	6.55145815674293	7.34678185690045
6.69390616126313	0.201123400118182	6.2997042970315	7.08810802549477
6.20396594741043	0.207782827751676	5.79671160501715	6.61122028980371
6.73140044623457	0.196377402111524	6.34650073809599	7.11630015437316
6.84414205041258	0.196919892916175	6.45817906029688	7.23010504052829
6.70491381162713	0.19047202405098	6.3315886444872	7.07823897876705
6.89565725538306	0.199792921461449	6.50406312931862	7.2872513814475
6.65027954746408	0.197443936478201	6.2632894319668	7.03726966296135
6.88787445177737	0.198863963852546	6.49810108262638	7.27764782092836
6.79685783591806	0.20862500304674	6.38795282994645	7.20576284188967
6.51865893019895	0.220289545079625	6.08689142184289	6.95042643855502
6.65261839173646	0.209973126319201	6.24107106415083	7.0641657193221
6.70538125399829	0.189939007854666	6.33310079860314	7.07766170939343
6.72203555172913	0.190650257641292	6.3483610467522	7.09571005670607
6.74542532687767	0.21601258102383	6.32204066807096	7.16880998568438
6.64827493679396	0.20062143261207	6.2550569288743	7.04149294471361
6.99248177794359	0.197119811872319	6.60612694667384	7.37883660921333
6.99697259670093	0.196174106944465	6.61247134708978	7.38147384631209
6.74769083945873	0.196120801231403	6.36329406904518	7.13208760987228
7.0206971256091	0.208789526961817	6.61146965276394	7.42992459845427
6.79553671550459	0.212332305771742	6.37936539619197	7.2117080348172
6.76733295723951	0.203313470140565	6.368838555764	7.16582735871501
6.82075782602736	0.186895493061572	6.45444265962668	7.18707299242804
6.594112921191	0.210377679903979	6.1817726685792	7.0064531738028
6.5840090738313	0.196068779504012	6.19971426600344	6.96830388165917
6.59843311823423	0.19449842743298	6.21721620046559	6.97965003600287
6.81524607730593	0.1914672031307	6.43997035916976	7.1905217954421
6.77200265623272	0.201824164903199	6.37642729302245	7.16757801944299
6.90536690829069	0.205872601230126	6.50185660987964	7.30887720670174
6.87693557023875	0.202306292246158	6.48041523743628	7.27345590304122
6.68384544613378	0.191681164854678	6.30815036301862	7.05954052924895
6.74296022055705	0.211630405163818	6.32816462643596	7.15775581467813
6.64737703062599	0.196094142547783	6.26303251123234	7.03172155001964
6.94293528412294	0.189545862104633	6.57142539439786	7.31444517384803
6.50716676467881	0.202226662696583	6.11080250579351	6.90353102356411
6.48233916634214	0.214572403029554	6.06177725640421	6.90290107628006
6.52036420451191	0.2072157491453	6.11422133618712	6.92650707283669
6.91159904149804	0.196077786834131	6.52728657930315	7.29591150369294
6.59578166364099	0.199574040925739	6.20461654342655	6.98694678385544
6.98894763819824	0.203112084309475	6.59084795295167	7.38704732344482
6.63957393184485	0.212843470214043	6.22240073022533	7.05674713346437
6.78244222434842	0.201221145960931	6.38804877826499	7.17683567043184
6.78160964895718	0.190684126877895	6.4078687602765	7.15535053763785
6.75509238145136	0.194372502373612	6.37412227679908	7.13606248610364
6.90531971481291	0.192402092441566	6.52821161362744	7.28242781599838
6.99730443191373	0.217705405866955	6.57060183641449	7.42400702741296
6.75794148021637	0.187627312361784	6.39019194798728	7.12569101244547
6.90114957561396	0.204496953238361	6.50033554726677	7.30196360396115
6.71194031138616	0.214296879193483	6.29191842816693	7.13196219460538
6.57715386201986	0.220129601234678	6.14569984359989	7.00860788043983
6.81963965369815	0.202213168667003	6.42330184311082	7.21597746428547
6.81255724021599	0.200240450535254	6.4200859571669	7.20502852326509
6.41608780479344	0.213873890511254	5.99689497939138	6.8352806301955
6.93768798405535	0.184728940923666	6.57561925984497	7.29975670826574
6.78821792211094	0.198465318533436	6.3992258977854	7.17720994643647
6.96803167665345	0.198642810920946	6.5786917672484	7.35737158605851
6.76403387892849	0.201418850377806	6.36925293218799	7.15881482566899
6.51108066040889	0.203210470372083	6.1127881384796	6.90937318233817
6.96318331362107	0.182035341967011	6.60639404336573	7.31997258387642
6.68568736665484	0.195380260150596	6.30274205675967	7.06863267655
7.01076368301855	0.188600791344675	6.64110613198299	7.38042123405411
6.57329167117921	0.198154807644928	6.18490824819516	6.96167509416327
6.86944941841256	0.196243337583035	6.48481247674982	7.25408636007531
6.9464903290439	0.198475971724158	6.55747742446455	7.33550323362324
6.58544035803184	0.201360011999821	6.19077473451219	6.98010598155149
6.85326405761331	0.201750478588631	6.45783311957959	7.24869499564702
7.070915166515	0.191835211059704	6.69491815283798	7.44691218019202
6.53683697583057	0.19075381959655	6.16295948942133	6.91071446223981
6.44594614991774	0.206889794265344	6.04044215315766	6.85145014667781
6.72988470438749	0.199007618416216	6.33982977229171	7.11993963648327
6.85734194014027	0.19473858414965	6.47565431520696	7.23902956507359
6.89613488411407	0.22300425579919	6.45904654274766	7.33322322548049
6.7254491915927	0.199860492710525	6.33372262588007	7.11717575730533
6.79902964181718	0.206635468086256	6.39402412436812	7.20403515926625
6.66341222171548	0.191177865517001	6.28870360530216	7.03812083812881
6.69064693818492	0.210682078863018	6.27771006361341	7.10358381275644
6.88204310399238	0.177753917452986	6.53364542578453	7.23044078220023
6.89199454995664	0.195313030749351	6.50918100968791	7.27480809022536
6.78666880025285	0.212217110489268	6.37072326369389	7.20261433681182
6.6680686930887	0.197451761054186	6.28106324142249	7.0550741447549
7.01382174074639	0.200342658433957	6.62115013021584	7.40649335127695
7.07455742594077	0.192519066219547	6.69722005615046	7.45189479573108
6.64448722343287	0.198512588168374	6.25540255062286	7.03357189624288
6.74210215856711	0.20321283360898	6.34380500469351	7.14039931244071
6.71236392636088	0.208211731489268	6.30426893264192	7.12045892007984
6.39954580503378	0.205922719915558	5.99593727399928	6.80315433606827
6.93242117909868	0.21320500022826	6.51453937865129	7.35030297954607
6.37269933432613	0.199830638346357	5.98103128316727	6.76436738548499
6.93612177265614	0.198901005557663	6.54627580176312	7.32596774354916
6.69574460487841	0.196881500430187	6.30985686403524	7.08163234572157
6.87474263254845	0.182615959826292	6.51681535128892	7.23266991380798
7.01259968509917	0.196546146913223	6.62736923714926	7.39783013304909
6.88540434210875	0.196800507320405	6.49967534776076	7.27113333645674
6.9267417780599	0.215756668743192	6.50385870732324	7.34962484879656
6.5879184534962	0.188146206286918	6.21915188917384	6.95668501781856
6.70273024619998	0.188374398381603	6.33351642537204	7.07194406702792
6.60901679896032	0.207225673156351	6.20285447957387	7.01517911834677
7.19267505938223	0.191965304956089	6.8164230616683	7.56892705709617
6.98186978186934	0.21057837908483	6.56913615886307	7.39460340487561
6.9248818953918	0.199517976406555	6.53382666163495	7.31593712914865
6.94022403005147	0.214279693204119	6.52023583137139	7.36021222873154
7.01030053663152	0.195408936082104	6.62729902191059	7.39330205135244
6.39432327182625	0.197689739177241	6.00685138303885	6.78179516061364
6.60812126185878	0.199343761941203	6.21740748845402	6.99883503526354
6.72084631436906	0.193448362848306	6.34168752318638	7.10000510555174
6.88219391906379	0.194199006178525	6.50156386695388	7.2628239711737
6.76454646878045	0.210936103804863	6.35111170532292	7.17798123223798
6.6265149850167	0.19182299326026	6.25054191822659	7.00248805180681
6.84621696055052	0.19791224933404	6.4583089518558	7.23412496924524
7.03499162469086	0.194408375903607	6.65395120791979	7.41603204146193
6.66403478350571	0.20376536516849	6.26465466777547	7.06341489923595
6.67265265752222	0.199148247013166	6.28232209337641	7.06298322166802
6.96205313184263	0.194473396454445	6.58088527479191	7.34322098889334
6.81447876161942	0.198385266717253	6.4256436388536	7.20331388438524
6.63870736116452	0.177538077273141	6.29073272970916	6.98668199261988
6.5483342492956	0.19216630625924	6.17168828902749	6.92498020956371
7.03324661419673	0.195481094430476	6.650103669113	7.41638955928046
6.81687571683714	0.196674735283725	6.43139323568104	7.20235819799324
6.25336721125262	0.21157306768406	5.83868399859186	6.66805042391337
6.87239366909458	0.208326653196207	6.46407342883002	7.28071390935915
6.73376180326018	0.20933593765374	6.32346336545885	7.14406024106151
6.62811995949249	0.199744101648117	6.23662152026218	7.0196183987228
6.82318079885233	0.207819473360145	6.41585463106645	7.23050696663821
6.54285559292428	0.206872282849089	6.13738591854006	6.94832526730849
6.97042615066682	0.195878821716128	6.58650366010321	7.35434864123043
7.06560633571054	0.180915308326796	6.71101233139002	7.42020034003106
6.25201396381471	0.202799573701411	5.85452679935995	6.64950112826947
6.79175123505119	0.200959181008113	6.39787124027529	7.18563122982709
6.34856118427119	0.198747497274953	5.95901608961228	6.7381062789301
6.8979404077401	0.197976371043387	6.50990672049506	7.28597409498514
6.89705498081763	0.2002241767358	6.50461559441546	7.2894943672198
6.71037583465812	0.228365471165886	6.26277951117298	7.15797215814325
6.69230223813977	0.197724733864447	6.30476175976546	7.07984271651409
6.84377307519427	0.193002649703664	6.46548788177508	7.22205826861345
7.0092011638808	0.202654335894233	6.6119986655281	7.40640366223349
6.82581610830112	0.181742077017075	6.46960163734766	7.18203057925459
6.7051778836651	0.205200138987936	6.30298561124875	7.10737015608146
6.63661793392993	0.196675224345395	6.25113449421295	7.0221013736469
6.80378315020777	0.191190871101534	6.42904904284877	7.17851725756678
6.97544753990648	0.189051081679865	6.60490741981394	7.34598765999901
6.92470181990113	0.207823862238291	6.51736704991408	7.33203658988818
6.28675896298711	0.194811811245878	5.90492781294519	6.66859011302903
6.82068013500742	0.205875212279684	6.41716471893924	7.2241955510756
6.75655589462841	0.194463316682761	6.3754077939302	7.13770399532663
6.87700740282896	0.193469436882892	6.49780730653849	7.25620749911943
6.70444084444203	0.191581626223565	6.32894085704385	7.07994083184022
6.67784848793288	0.203077732310066	6.27981613260515	7.07588084326061
6.44835858598311	0.211409489263146	6.03399598702734	6.86272118493887
6.79913583050099	0.215300362343352	6.37714712030802	7.22112454069396
6.81761694944325	0.192162004817612	6.44097942000073	7.19425447888577
6.73549323705997	0.205608132800302	6.33250129677138	7.13848517734856
6.87661941484063	0.196033101059747	6.49239453676352	7.26084429291773
6.91384675623854	0.199635130970666	6.52256189953603	7.30513161294104
6.75045405630154	0.232592367096551	6.2945730167923	7.20633509581078
6.85453044306581	0.192580788578791	6.47707209745138	7.23198878868024
6.70082460172867	0.205992111779482	6.29708006264088	7.10456914081645
7.02562718562181	0.198333426162885	6.63689367034255	7.41436070090106
6.56269801941738	0.185507905140548	6.19910252534191	6.92629351349285
6.9114264626086	0.208684270539246	6.50240529235168	7.32044763286552
6.85658920092178	0.198053080307093	6.46840516351988	7.24477323832369
6.90805727719038	0.197137235529254	6.52166829555304	7.29444625882772
6.63118243214141	0.211195139200649	6.21723995930813	7.04512490497468
6.51671410255317	0.212255979562993	6.1006923826097	6.93273582249664
6.55992516105564	0.210990283567702	6.14638420526295	6.97346611684834
7.00823203251283	0.204316331432367	6.60777202290539	7.40869204212027
6.8367454850497	0.201643657340678	6.44152391666197	7.23196705343743
6.25106291622313	0.204710261813203	5.84983080306925	6.65229502937701
6.68254161559319	0.206102246337438	6.27858121277181	7.08650201841457
7.05167236791466	0.198266685082794	6.66306966515239	7.44027507067694
7.04692872183744	0.20810824958547	6.63903655264992	7.45482089102497
7.00559282719125	0.221008779919094	6.57241561854983	7.43877003583267
6.86847145973243	0.19384184988721	6.4885414339535	7.24840148551136
6.50454992774447	0.187091178480536	6.13785121792262	6.87124863756632
6.69323037588227	0.212783333199117	6.276175042812	7.11028570895254
6.8037018597467	0.193154609214911	6.42511882568547	7.18228489380793
6.75207363583199	0.204265595178285	6.35171306928255	7.15243420238143
7.0142901072239	0.200639630950548	6.62103643056083	7.40754378388698
6.78655318570905	0.205834932762922	6.38311671749373	7.18998965392438
6.72798277439293	0.193940460325114	6.34785947215571	7.10810607663016
6.58860889083095	0.207519223011761	6.1818712137279	6.995346567934
6.7147180224773	0.203098035935104	6.31664587204449	7.1127901729101
6.35884714382583	0.209059523552653	5.94909047766263	6.76860380998903
6.78003907959883	0.223849390228239	6.34129427475148	7.21878388444618
7.04416894597661	0.214880475250095	6.62300321448643	7.4653346774668
6.80799107008691	0.187208251370139	6.44106289740143	7.17491924277238
6.57508621118293	0.193977914581923	6.19488949860236	6.9552829237635
7.18574970874575	0.197932854856894	6.79780131322623	7.57369810426526
6.92508148575199	0.211814717394889	6.50992463965801	7.34023833184597
6.64155797403806	0.20548855866364	6.23880039905732	7.04431554901879
6.64872408665938	0.210209557250467	6.23671335444847	7.06073481887029
6.57325479395131	0.201216652026426	6.17887015597951	6.9676394319231
6.78231824347241	0.206662980122245	6.37725880243281	7.18737768451201
6.92468299316069	0.199751308596531	6.53317042831149	7.31619555800989
6.7512719822082	0.189687437067252	6.37948460555639	7.12305935886001
6.70047762299772	0.177620044108165	6.35234233654572	7.04861290944973
6.31610326842329	0.191798272219311	5.94017865487344	6.69202788197314
6.6368314055482	0.194552172402404	6.25550914763949	7.01815366345691
6.54773030026564	0.212948218830717	6.13035179135744	6.96510880917385
6.85498100464359	0.21057488319052	6.44225423359017	7.26770777569701
6.7019359101289	0.209326096485023	6.29165676101826	7.11221505923955
6.92233093144069	0.195276571850974	6.53958885061278	7.3050730122686
6.45897658287313	0.203293814791938	6.06052070588093	6.85743245986533
7.02613533615259	0.213183672517346	6.60829533801859	7.44397533428659
7.02313520209247	0.181720945747639	6.66696214842709	7.37930825575784
6.77991812039113	0.198991911644145	6.38989397356861	7.16994226721365
7.05017608739589	0.202370599246395	6.65352971287295	7.44682246191882
6.56062040671009	0.194344548160003	6.17970509231648	6.94153572110369
6.79745716934062	0.212626222142847	6.38070977394064	7.2142045647406
6.5240377317576	0.207276694803369	6.11777540994299	6.9303000535722
6.83996502655092	0.199517868396264	6.44891000449424	7.2310200486076
6.49983211611692	0.187946247373271	6.13145747126531	6.86820676096853
6.87342221146445	0.193408724652974	6.49434111114463	7.25250331178428
6.66739990943745	0.205826439601638	6.26398008781824	7.07081973105666
6.8187761319845	0.205550722468359	6.41589671594652	7.22165554802248
7.01506200271504	0.19742221696234	6.62811445746885	7.40200954796122
6.81428619074572	0.209806971767788	6.40306452608086	7.22550785541059
7.00725113938802	0.19141995039736	6.6320680366092	7.38243424216685
6.93485585895793	0.198140649795855	6.54650018535806	7.32321153255781
6.78089865771334	0.195540975830027	6.39763834508649	7.1641589703402
6.52164333134508	0.196545094931384	6.13641494527957	6.90687171741059
7.11421658548818	0.208805756352412	6.70495730303745	7.5234758679389
6.43689378473872	0.202265052016749	6.04045428278589	6.83333328669155
6.71595934482303	0.200875869016819	6.32224264155007	7.109676048096
6.86824884772626	0.215450935235042	6.44596501466558	7.29053268078694
6.91353876909813	0.218240533801209	6.48578732284776	7.3412902153485
6.54062273844665	0.196201748004736	6.15606731235737	6.92517816453593
6.58645892048578	0.192348808031511	6.20945525674402	6.96346258422754
6.43253194955474	0.20854718627231	6.02377946446101	6.84128443464847
6.9486339460113	0.194931744749462	6.56656772630235	7.33070016572024
6.50503680756493	0.216573778780728	6.0805522011547	6.92952141397516
6.65860596810598	0.203128812177792	6.26047349623751	7.05673843997445
6.89265548863161	0.215484302188939	6.47030625634128	7.31500472092193
6.64786239227141	0.217830762133491	6.22091409848977	7.07481068605305
6.7432950324856	0.171853496667146	6.40646217901799	7.0801278859532
6.63723234669436	0.19976283646402	6.24569718722488	7.02876750616384
7.27202125855728	0.199841058022628	6.88033278483292	7.66370973228163
6.85731939471233	0.19112941853911	6.48270573437567	7.23193305504898
6.43325535651662	0.186415491383008	6.06788099340593	6.79862971962732
6.56334269502912	0.205170990544623	6.16120755356166	6.96547783649658
6.85668083254685	0.199618779287567	6.46542802514322	7.24793363995048
6.76004884968667	0.19743796077896	6.3730704465599	7.14702725281343
6.49189719133056	0.182341605549187	6.13450764445416	6.84928673820697
6.64779836529393	0.209678450055649	6.23682860318486	7.05876812740301
7.20046551931452	0.205088814717378	6.79849144246846	7.60243959616058
6.94600814607677	0.189973451412351	6.57366018130856	7.31835611084498
6.62975727914409	0.197123000258615	6.24339619863721	7.01611835965098
6.61588439800692	0.209549321431857	6.20516772800048	7.02660106801336
6.91864422906072	0.197495326072119	6.53155338995937	7.30573506816208
6.91355767924228	0.196131205474695	6.52914051651188	7.29797484197269
6.89443381573371	0.199969912030873	6.5024927881532	7.28637484331422
6.71353536359291	0.206190836724229	6.30940132361342	7.11766940357239
6.93291346955896	0.203896707105974	6.53327592363126	7.33255101548667
6.80957361802121	0.194981320291843	6.4274102302492	7.19173700579323
6.72529196708231	0.208024434747178	6.31756407497784	7.13301985918678
6.68225957705814	0.213024984605659	6.26473060723105	7.09978854688524
6.79037718558973	0.19112522787156	6.41577173896147	7.16498263221799
7.09126128525079	0.204222743736642	6.69098470752697	7.4915378629746
6.60166851375248	0.205562586363665	6.1987658444797	7.00457118302526
6.81748997775794	0.204314702311655	6.4170331612271	7.21794679428879
6.73366563028658	0.191980069973298	6.35738469313891	7.10994656743424
6.70380190999528	0.189181709021451	6.33300576031324	7.07459805967733
6.75571145947125	0.198454886772187	6.36673988139777	7.14468303754474
6.72118884000855	0.206163826259669	6.3171077405396	7.1252699394775
6.9051743200348	0.202812728148827	6.5076613728631	7.30268726720651
6.85740450204585	0.213492860400114	6.43895849566163	7.27585050843008
6.54351773804514	0.212405757277242	6.12720245378174	6.95983302230853
6.66634883478415	0.212520003313285	6.24980962829011	7.08288804127819
6.4203084456996	0.20137006706661	6.02562311424904	6.81499377715015
6.82418165886871	0.203034265093044	6.42623449928635	7.22212881845108
6.70746371605909	0.213461847421913	6.28907849511214	7.12584893700604
6.8922097138874	0.219216077591278	6.46254620180849	7.3218732259663
6.80315888926722	0.200056075131107	6.41104898201025	7.19526879652419
6.83725549090812	0.218884684554752	6.40824150918081	7.26626947263544
6.70512776709211	0.195413223595412	6.3221178488451	7.08813768533911
7.02054488981114	0.203024380306847	6.62261710440972	7.41847267521256
6.76630617252867	0.215847214025972	6.34324563303776	7.18936671201957
6.93087413249093	0.1874080187456	6.56355441574956	7.29819384923231
7.04297804820678	0.203290607919712	6.64452845668414	7.44142763972942
6.65760528646676	0.194770312304139	6.27585547435064	7.03935509858287
6.88430376779238	0.204857713163504	6.48278264999191	7.28582488559285
6.4860802369801	0.191981766524489	6.1097959745921	6.8623644993681
7.17600697172721	0.199739155468108	6.78451822700972	7.56749571644471
6.97789659880257	0.182171386229966	6.62084068179183	7.3349525158133
6.67376288974471	0.184316572387784	6.31250240786465	7.03502337162477
6.93961497010449	0.211867189211842	6.52435527924928	7.3548746609597
6.67539383309237	0.190141833180292	6.302715840059	7.04807182612575
6.43503926690679	0.185880972501982	6.07071256080291	6.79936597301068
6.76259960435507	0.200580864653018	6.36946110963515	7.15573809907499
7.15963786181074	0.19224929232861	6.78282924884666	7.53644647477481
6.79213264598307	0.206510165422667	6.38737272175465	7.1968925702115
6.62209836476713	0.216257348069022	6.19823396255184	7.04596276698241
7.0575231763096	0.203084014486774	6.65947850791553	7.45556784470368
7.09123384739221	0.219361048536789	6.66128619226011	7.52118150252432
6.82872870359195	0.19739211952142	6.44184014932996	7.21561725785393
6.91253349710327	0.209850919646614	6.50122569459591	7.32384129961064
6.84544497125179	0.19801250166704	6.45734046798439	7.23354947451919
6.65448856358065	0.223358972364515	6.2167049777462	7.0922721494151
6.65820355969138	0.217255135027374	6.23238349503772	7.08402362434503
6.92459940753091	0.206604319066948	6.51965494215969	7.32954387290212
6.94942051380021	0.192856023618427	6.57142270750809	7.32741832009232
6.76882717499288	0.208447523343793	6.36027002923904	7.17738432074671
6.69470191711849	0.196154181645038	6.31023972109421	7.07916411314276
7.10565190133324	0.208458749414512	6.6970727524808	7.51423105018569
6.7545092082015	0.205566760197588	6.35159835821423	7.15742005818877
6.74495349761945	0.208905480224919	6.33549875637861	7.15440823886029
6.74331601143446	0.212549474908255	6.32671904061428	7.15991298225463
6.6072212008242	0.186456085000865	6.24176727422251	6.9726751274259
6.72649033294908	0.200745252840857	6.333029637381	7.11995102851716
6.6570545668312	0.194757601646966	6.27532966760314	7.03877946605925
6.69127545633721	0.203033632783818	6.29332953608093	7.0892213765935
6.90898847531532	0.18610071642691	6.54423107111858	7.27374587951206
6.51673373915362	0.200787366729096	6.1231905003646	6.91027697794265
7.03449871795551	0.208915374183356	6.62502458455613	7.44397285135489
6.63798381343361	0.194266064953133	6.25722232612547	7.01874530074175
6.57451802462055	0.201538463964477	6.17950263525018	6.96953341399093
6.97599427196297	0.186479942940478	6.61049358379963	7.34149496012631
6.9414262749837	0.217041074481642	6.51602576899968	7.36682678096772
6.50343122219734	0.211406481341525	6.08907451876795	6.91778792562673
6.49048159362884	0.17520221747528	6.14708524737729	6.83387793988039
6.86281411012045	0.195600782751509	6.47943657592749	7.2461916443134
6.27298994667661	0.196049865577966	5.8887322101438	6.65724768320942
6.78689133331711	0.194546452860417	6.4055802857107	7.16820238092353
7.09149240597042	0.18103905854011	6.7366558512318	7.44632896070904
6.62844430099794	0.212643210532489	6.21166360835426	7.04522499364162
7.10536512749903	0.199347414205139	6.71464419565696	7.49608605934111
6.58943914666819	0.188577671709159	6.21982691011824	6.95905138321814
7.14776995432497	0.212449396129799	6.73136913791056	7.56417077073937
6.6653384553849	0.201043635724014	6.27129292936583	7.05938398140397
7.02360685044557	0.203990862127302	6.62378476067606	7.42342894021509
6.78698633641437	0.195808403493217	6.40320186556766	7.17077080726107
6.89824981642943	0.204175469774072	6.49806589567225	7.29843373718661
6.75878520763748	0.20491312658347	6.35715547953388	7.16041493574108
6.69371442539822	0.19850171460871	6.30465106476515	7.08277778603129
7.39033480397437	0.211798759575707	6.97520923520599	7.80546037274276
6.79166385426193	0.19586383766264	6.40777073244316	7.1755569760807
6.60710856265482	0.19599657480645	6.22295527603417	6.99126184927546
6.94521218436725	0.202825123893101	6.54767494153678	7.34274942719773
6.83120036917625	0.208920794077043	6.42171561278524	7.24068512556725
6.86805934566279	0.189460304232695	6.4967171493667	7.23940154195887
6.82713791428847	0.184750259257396	6.46502740614397	7.18924842243296
7.02293522222524	0.201760200316892	6.62748522960413	7.41838521484635
6.86170495989716	0.203759968824766	6.46233542100061	7.2610744987937
6.6406286213976	0.188599227200125	6.27097413608535	7.01028310670984
6.73626432191667	0.187369976555733	6.36901916786744	7.10350947596591
6.98607863263371	0.212786683464961	6.56901673304239	7.40314053222503
6.58096840404576	0.195333487334887	6.19811476886938	6.96382203922213
6.91735561918492	0.193893480171026	6.53732439804971	7.29738684032013
6.58473848303409	0.199148068648089	6.19440826848383	6.97506869758434
7.01450810208214	0.195641402301223	6.63105095357174	7.39796525059253
6.76102000889389	0.189947865873177	6.38872219178246	7.13331782600531
6.47331112227158	0.213053455911355	6.05572634868532	6.89089589585784
6.59250980455853	0.214279624958851	6.17252173963918	7.01249786947787
6.9713086882029	0.209168509062524	6.56133841044035	7.38127896596545
6.75943337967315	0.194067953482816	6.37906019084683	7.13980656849947
7.00414907401852	0.230021355969906	6.5533072163175	7.45499093171953
6.98557113448882	0.196738222690737	6.59996421801497	7.37117805096266
6.51068305042926	0.186720588078595	6.14471069779522	6.87665540306331
6.68193985361314	0.202996081109463	6.2840675346386	7.07981217258769
6.25257104714345	0.21228521839101	5.83649201909707	6.66865007518983
7.01463691503649	0.202186601495462	6.61835117610538	7.41092265396759
6.61440608285846	0.181946400599627	6.25779113768319	6.97102102803373
6.99266891036038	0.187439885039214	6.62528673568352	7.36005108503724
7.05137366608565	0.18601830218428	6.68677779380446	7.41596953836684
6.94286236789939	0.215429192334117	6.52062115092453	7.36510358487426
7.1372895130817	0.203327426382383	6.73876775737223	7.53581126879117
6.18352974267742	0.200643667943176	5.7902681535088	6.57679133184605
6.7668058036669	0.189749540391229	6.39489670450009	7.13871490283371
6.82948072389469	0.193837300854466	6.44955961421993	7.20940183356944
6.51373853331075	0.192068266808121	6.13728473036683	6.89019233625466
6.52554101886634	0.194590559190288	6.14414352285338	6.90693851487931
6.90217299832273	0.176201887618033	6.55681729859139	7.24752869805408
6.62061751180447	0.211357666787504	6.20635648490096	7.03487853870797
6.84278794863396	0.198569062784469	6.4535925855764	7.23198331169152
6.63880915153534	0.197729149078078	6.25126001934231	7.02635828372838
6.67326235848202	0.201802327912615	6.2777297957733	7.06879492119075
7.03595140972622	0.202391624085113	6.63926382651939	7.43263899293304
6.8448927773652	0.193051579772054	6.46651168101198	7.22327387371843
6.88145984882815	0.210045816630085	6.46977004823319	7.29314964942312
6.75323886169931	0.205611427050037	6.35024046468124	7.15623725871738
6.68149175791722	0.199366525260411	6.29073336840681	7.07225014742762
6.63572577196761	0.208924730211162	6.22623330075374	7.04521824318149
6.67311419418546	0.185476281828356	6.30958068180188	7.03664770656904
6.80036335527205	0.19933541225477	6.4096659472527	7.19106076329139
6.93164825608992	0.19419389755664	6.55102821687891	7.31226829530094
6.19046511963359	0.190635057027155	5.81682040786037	6.56410983140681
6.21784127035375	0.195017758294319	5.83560646409688	6.60007607661061
6.89886279863443	0.222416064749742	6.46292731172494	7.33479828554392
6.56233939844347	0.210635301707698	6.14949420709639	6.97518458979056
6.94141671186102	0.195515434729653	6.5582064597909	7.32462696393114
6.57514559528376	0.209911099554064	6.16371984015779	6.98657135040972
7.23948360562895	0.214370204677461	6.81931800446113	7.65964920679678
6.40039854076145	0.191305473536131	6.02543981263063	6.77535726889227
7.11141280992349	0.187661829300858	6.74359562449381	7.47922999535317
7.02967919154757	0.200477773025117	6.63674275641834	7.4226156266768
6.67282242356528	0.204426696685282	6.27214609806213	7.07349874906843
6.81248185438837	0.205586353963949	6.40953260061903	7.21543110815771
6.90095060402647	0.202882089458732	6.50330170868736	7.29859949936559
6.85032550040484	0.197075842821028	6.46405684847563	7.23659415233406
6.54791100198458	0.188868238461906	6.17772925459925	6.91809274936992
6.77703878273803	0.211758681253543	6.36199176748109	7.19208579799497
6.77185170532277	0.20162645428304	6.37666385492801	7.16703955571753
6.45076363747079	0.205275076823766	6.04842448689621	6.85310278804537
6.75363837815857	0.199331348593474	6.36294893491536	7.14432782140178
6.66088463158068	0.182830531396389	6.30253679004376	7.0192324731176
6.37627496554985	0.201215104722644	5.98189336029347	6.77065657080623
6.5342555474237	0.214199827628051	6.11442388527272	6.95408720957468
6.57220428453	0.19751750620111	6.18506997237583	6.95933859668418
6.75532379936553	0.179967165704991	6.40258815458375	7.10805944414731
6.89579856482761	0.195342256059134	6.51292774295171	7.27866938670351
6.92669727671287	0.216314508897592	6.50272083927359	7.35067371415215
6.76639898958425	0.195136996982481	6.38393047549858	7.14886750366991
6.75050947107484	0.223453181090226	6.312541236138	7.18847770601168
6.61988922858546	0.201661519845979	6.22463264968734	7.01514580748358
6.81880074295883	0.212394594258797	6.40250733821159	7.23509414770608
6.71435002137163	0.186118094382205	6.34955855638251	7.07914148636075
6.50504334446126	0.189636455253813	6.13335589216378	6.87673079675873
6.70985767347276	0.20224053616128	6.31346622259665	7.10624912434886
6.96991242376148	0.186245742151057	6.60487076914541	7.33495407837755
6.7771672087719	0.179312560724942	6.42571458975102	7.12861982779279
7.00253987164475	0.199986331284583	6.61056666232697	7.39451308096254
7.21906353946903	0.203754971747059	6.81970379484479	7.61842328409326
6.82421441094569	0.204315244477814	6.42375653176918	7.22467229012221
6.61407325264661	0.181441543480889	6.25844782742407	6.96969867786915
7.05485063872146	0.205366415822253	6.65233246370984	7.45736881373308
7.16126806233341	0.198833689288656	6.77155403132765	7.55098209333918
6.56226172349644	0.190483089534762	6.1889148680083	6.93560857898457
7.07898503401737	0.204795381348123	6.67758608657505	7.48038398145969
6.62746017939185	0.190217244119232	6.25463438091816	7.00028597786554
6.8072423571243	0.220188721038573	6.3756724638887	7.2388122503599
6.33090306662475	0.223234507035136	5.89336343283588	6.76844270041361
6.9425066040726	0.209270917922035	6.53233560494541	7.35267760319979
6.98655974863608	0.206998652108819	6.58084239050279	7.39227710676936
6.63051065127291	0.193076103952547	6.25208148752592	7.0089398150199
6.51434675999086	0.213334490139835	6.09621115931679	6.93248236066494
7.00372734985979	0.204630099500156	6.60265235483948	7.40480234488009
6.66898902676434	0.197239025583768	6.28240053662015	7.05557751690853
6.83830478930813	0.194510831900065	6.457063558784	7.21954601983226
6.84734445282533	0.202518805921721	6.45040759321876	7.24428131243191
7.13890527128197	0.226267696725033	6.69542058570091	7.58238995686304
7.12683714246675	0.205759636873314	6.72354825419505	7.53012603073845
6.78035597290423	0.194565145133612	6.39900828844235	7.16170365736611
7.00837442281452	0.206979938142096	6.60269374405601	7.41405510157303
6.36373646575649	0.205097374948343	5.96174561085774	6.76572732065524
6.80750276056278	0.207530851185183	6.40074229223982	7.21426322888574
6.46810912463018	0.186734700212123	6.10210911221442	6.83410913704595
6.90512613326878	0.198116097877498	6.51681858142889	7.29343368510868
6.75013202976611	0.189522474659692	6.37866797943311	7.1215960800991
6.84480747726128	0.186373196463004	6.47951601219379	7.21009894232877
6.63376549190851	0.208512347939343	6.2250812899474	7.04244969386963
6.69708330544191	0.187684417111664	6.32922184790305	7.06494476298077
6.77993014681334	0.184447351964774	6.41841333696238	7.14144695666429
6.78253357168043	0.193345920926028	6.40357556666542	7.16149157669545
6.87443958571699	0.20829295131301	6.46618540114349	7.28269377029049
7.20657469223737	0.19165755681265	6.83092588088458	7.58222350359017
6.6395118911074	0.223518530083345	6.20141557214405	7.07760821007076
6.80088822983118	0.194683250165234	6.41930905950732	7.18246740015504
6.85741979120188	0.199303233782084	6.46678545298899	7.24805412941476
7.02059618094649	0.20789041176425	6.61313097388856	7.42806138800442
6.57578836677724	0.187939503672909	6.20742693957834	6.94414979397615
6.93947402075147	0.214311441235817	6.51942359592927	7.35952444557367
6.88371588207658	0.189753811201855	6.51179841212095	7.25563335203222
7.03036831424335	0.22547579952187	6.58843574718048	7.47230088130621
6.8448814413795	0.198308323150664	6.45619712800419	7.2335657547548
6.7818143612884	0.184522376807853	6.42015050274501	7.14347821983179
6.65257888181867	0.206462804288845	6.24791178541254	7.05724597822481
6.70336492282654	0.228395754605096	6.25570924380055	7.15102060185253
6.51975013440704	0.221108122527829	6.08637821425249	6.95312205456158
6.67574261022773	0.192712477039193	6.29802615523092	7.05345906522455
6.96708198083763	0.175697628806195	6.62271462837749	7.31144933329777
7.02589742927194	0.198749277770508	6.63634884484175	7.41544601370214
6.50291371658519	0.20976661447055	6.09177115222291	6.91405628094746
6.91567500867456	0.216653573264007	6.49103400507711	7.34031601227202
6.81695119492508	0.20194453880787	6.42113989886166	7.21276249098851
6.93695405115694	0.198620520459877	6.54765783105558	7.3262502712583
6.9744738129983	0.200522552106743	6.58144961086908	7.36749801512751
7.03928089259083	0.201640305387986	6.64406589403037	7.43449589115128
6.80745314419516	0.201184625181879	6.41313127883868	7.20177500955164
6.61194223795686	0.203828912797683	6.2124375688734	7.01144690704032
6.63000569334043	0.220141628286438	6.19852810189901	7.06148328478184
6.51468759294073	0.187947602890485	6.14631029127538	6.88306489460608
6.91852105008125	0.177826073515558	6.56998194599075	7.26706015417174
6.71116698493131	0.188089212122987	6.34251212917026	7.07982184069237
6.77039351004211	0.20810041386483	6.36251669886705	7.17827032121718
6.55687630174486	0.196518381952798	6.17170027311738	6.94205233037235
7.00275044176431	0.22180305121356	6.56801646138573	7.43748442214289
6.82363470689996	0.191174121354106	6.44893342904592	7.19833598475401
6.50541746388035	0.203778880170962	6.10601085874526	6.90482406901543
6.66545578838439	0.181205187313615	6.3102936212497	7.02061795551907
6.83788588715096	0.214639033439839	6.41719338160887	7.25857839269304
6.77836155564001	0.193234724587407	6.39962149544869	7.15710161583133
6.64289374997099	0.211981343390979	6.22741031692467	7.05837718301731
6.84015943781229	0.195311171545683	6.45734954158275	7.22296933404183
7.04000963679174	0.204797384393885	6.63860676337973	7.44141251020376
6.4527107236697	0.217588978976894	6.02623632487498	6.87918512246441
6.92745045924277	0.18708295842144	6.56076786073675	7.29413305774879
7.06467230018887	0.188633786165845	6.69495007930382	7.43439452107393
6.81425084385253	0.202973540437494	6.41642270459504	7.21207898311001
6.57795204395967	0.20238454531958	6.18127833513329	6.97462575278604
6.51091397806475	0.19034327092599	6.13784116704981	6.8839867890797
6.81764918367365	0.198804487614893	6.42799238794846	7.20730597939884
6.50591719630617	0.200324105598631	6.11328194933286	6.89855244327949
6.77022196947252	0.236592466696502	6.30650073474737	7.23394320419766
7.04343549691477	0.183123393519442	6.68451364561666	7.40235734821287
6.2919321438631	0.205080319452389	5.88997471773641	6.69388956998978
6.7609997985689	0.194245036128855	6.38027952775635	7.14172006938146
6.61052678929773	0.201166481659189	6.21624048524572	7.00481309334974
6.65809243236958	0.19000469514438	6.2856832298866	7.03050163485256
6.94129035012414	0.214659510752981	6.52055770904829	7.36202299119998
6.80772773958639	0.203113808049036	6.40962467581028	7.2058308033625
6.92262691624545	0.202739952451476	6.52525660944056	7.31999722305034
6.19053509022437	0.206360814378479	5.78606789404255	6.59500228640619
6.98189534706659	0.2043104808919	6.58144680451846	7.38234388961471
6.85501179521966	0.194153986256551	6.47446998215682	7.2355536082825
6.95890775034594	0.208283603213279	6.55067188804791	7.36714361264397
6.90290427035592	0.209138321625349	6.49299315997024	7.3128153807416
6.88067177551471	0.208407363961972	6.47219334214925	7.28915020888018
7.24166556367353	0.196852029632021	6.85583558559477	7.6274955417523
6.92182475333081	0.197440340752414	6.53484168545608	7.30880782120554
6.80477099092783	0.173083458450124	6.46552741236558	7.14401456949007
6.94753159436304	0.18981915154781	6.57548605732934	7.31957713139675
7.02400035130276	0.204872024835374	6.62245118262542	7.42554951998009
6.79911053564832	0.213199470252775	6.38123957395288	7.21698149734376
7.07944664204396	0.184995157952816	6.71685613245644	7.44203715163148
6.66760629184018	0.197000868158443	6.28148459024963	7.05372799343073
6.66697528767025	0.205706427170857	6.26379069041537	7.07015988492514
6.6384892847267	0.201847408094838	6.24286836486082	7.03411020459258
6.86698572069896	0.190058382665585	6.49447129067442	7.23950015072351
7.33511060313538	0.19298580050662	6.9568584341424	7.71336277212835
6.58922757449916	0.187544609064384	6.22164014073296	6.95681500826535
6.89146234555263	0.217336341989741	6.46548311525274	7.31744157585252
6.61741356704768	0.178643355776004	6.26727258972671	6.96755454436864
6.85548557494877	0.20071474153014	6.46208468154969	7.24888646834784
6.47414166382999	0.198838697305631	6.08441781711095	6.86386551054902
6.65158209424259	0.19649756677873	6.26644686335628	7.0367173251289
6.79989196453091	0.206121986930221	6.39589287014767	7.20389105891414
6.47724556965488	0.200822705284709	6.08363306729685	6.87085807201291
7.14759800245542	0.21147218532284	6.73311251922265	7.56208348568819
6.54807185050732	0.208359832450158	6.13968657890501	6.95645712210963
6.84022113951253	0.193936110705418	6.46010636252991	7.22033591649515
6.63026294625202	0.198881814652173	6.24045458953376	7.02007130297028
7.13218769324348	0.209344233328641	6.72187299591934	7.54250239056762
6.65468087706455	0.193034532253722	6.27633319384726	7.03302856028185
6.80348166536302	0.201694584105513	6.40816028051622	7.19880305020983
6.92368647920797	0.185325457646018	6.56044858222178	7.28692437619417
6.72113145097723	0.213479804420799	6.30271103431247	7.139551867642
6.83412831150326	0.193322346181888	6.45521651298676	7.21304011001976
6.85707805881306	0.216327489614552	6.43307617916854	7.28107993845758
7.11241041612567	0.197651605176476	6.72501326997977	7.49980756227156
6.51130865607511	0.20051534676537	6.11829857641498	6.90431873573523
6.47230133896568	0.205534075835266	6.06945455032856	6.8751481276028
6.63459035289149	0.202774598464002	6.23715213990205	7.03202856588094
6.63029530533255	0.198121235522914	6.24197768370764	7.01861292695746
7.07948290599865	0.189717766897112	6.70763608288031	7.45132972911699
7.03350434087329	0.179917058332028	6.68086690654251	7.38614177520406
6.88340155611352	0.199140501438468	6.49308617329412	7.27371693893291
7.12854106853523	0.221249336578474	6.69489236884142	7.56218976822904
6.86309450911228	0.206606604011027	6.45814556525067	7.26804345297389
7.0598816092367	0.191796148623054	6.68396115793552	7.43580206053789
6.68699294237719	0.202615528959222	6.28986650561711	7.08411937913726
7.10723001880676	0.189244658373865	6.73631048839398	7.47814954921954
