estFinal_msm11	sdFinal_msm11	X1	X2
6.36711255816062	0.220652140283918	5.93463436320414	6.7995907531171
6.60066390475426	0.197895495794344	6.21278873299735	6.98853907651118
6.11380347597453	0.198976186479295	5.72381015047512	6.50379680147395
6.20464176754491	0.206602551014067	5.79970076755734	6.60958276753248
6.64375336328495	0.207439744460378	6.23717146414261	7.05033526242729
6.61966539809817	0.218988251255099	6.19044842563817	7.04888237055816
6.30425123963246	0.207968799538168	5.89663239253765	6.71187008672726
6.20111144048397	0.218444393700695	5.7729604288306	6.62926245213733
6.29981139043118	0.206531228291804	5.89501018297924	6.70461259788311
5.99171619477351	0.200229998055218	5.59926539858528	6.38416699096173
6.45903299849748	0.219564672861969	6.02868623968802	6.88937975730694
6.37600708547603	0.209561327457116	5.96526688366009	6.78674728729198
6.48783931281207	0.202203864900735	6.09151973760663	6.88415888801751
6.79771743651477	0.218569498088541	6.36932122026123	7.22611365276831
6.59447268837807	0.200216725223874	6.20204790693928	6.98689746981686
6.38698491016608	0.202153410792616	5.99076422501256	6.78320559531961
6.20648961544364	0.213054385193965	5.78890302046347	6.62407621042381
6.19987729063585	0.20629718453636	5.79553480894459	6.60421977232712
6.40266730661579	0.206914480530078	5.99711492477684	6.80821968845474
6.6173831391968	0.20617911434892	6.21327207507292	7.02149420332068
6.2797002632233	0.210984810810826	5.86617003403408	6.69323049241252
6.56164015012963	0.211147132226675	6.14779177096535	6.97548852929391
6.81084050225738	0.17684345825268	6.46422732408212	7.15745368043263
6.02833508520228	0.193921493410502	5.6482489581177	6.40842121228687
6.39333428031118	0.191580105530001	6.01783727347238	6.76883128714999
6.48787636730334	0.202220180109959	6.09152481428782	6.88422792031885
6.38642717453138	0.199843929429304	5.99473307284995	6.77812127621282
6.23076363005046	0.212963362404729	5.81335543973719	6.64817182036373
6.55006542571583	0.222102114710317	6.1147452808836	6.98538557054805
6.64472296815279	0.226076588851635	6.20161285400358	7.08783308230199
6.72270030864301	0.216259510093746	6.29883166885927	7.14656894842675
6.40805238154605	0.222660396380837	5.97163800463961	6.84446675845249
6.57852579974106	0.197023720481158	6.19235930759799	6.96469229188413
6.48334001144219	0.208090551075563	6.07548253133409	6.8911974915503
6.37681900373407	0.208595201422045	5.96797240894686	6.78566559852128
6.33211331871541	0.195207910061539	5.9495058149948	6.71472082243603
6.45483807354886	0.203511157527023	6.05595620479589	6.85371994230182
6.34830143429964	0.191510273535007	5.97294129817103	6.72366157042826
6.63517555741796	0.213190148921883	6.21732286553107	7.05302824930485
5.83623577949701	0.201775223033146	5.44075634235204	6.23171521664197
6.29450023985226	0.210402488644626	5.88211136210879	6.70688911759573
6.47305103175106	0.224553758546808	6.03292566499931	6.9131763985028
5.93291398722929	0.211448227428699	5.51847546146904	6.34735251298954
6.20289385513803	0.20530369137412	5.80049862004475	6.6052890902313
6.42791451392934	0.212948329917261	6.01053578729151	6.84529324056718
6.46330694239841	0.181088523060765	6.10837343719931	6.81824044759751
6.91459132375049	0.208458441681245	6.50601277805525	7.32316986944573
6.06561044080444	0.205680217645655	5.66247721421896	6.46874366738992
6.76829528397868	0.21105918294602	6.35461928540448	7.18197128255288
6.56044868866348	0.194045990100273	6.18011854806694	6.94077882926001
6.72195828792266	0.204097293261094	6.32192759313091	7.1219889827144
6.27277161851822	0.212724247908928	5.85583209261672	6.68971114441972
6.39362887501925	0.23246475101431	5.9379979630312	6.84925978700729
6.66941427926176	0.203583608435435	6.2703904067283	7.06843815179521
6.37235961575152	0.218087192153555	5.94490871913055	6.79981051237249
6.64459318737933	0.202417951991342	6.2478540014763	7.04133237328236
6.54792321589345	0.182468961989242	6.19028405039453	6.90556238139236
6.35152458963015	0.207636246799584	5.94455754590297	6.75849163335734
6.44220809154469	0.210849752155626	6.02894257731966	6.85547360576972
6.21918302493508	0.217981520505698	5.79193924474391	6.64642680512625
6.48798487845219	0.213518171039051	6.06948926321565	6.90648049368873
6.79063025753368	0.199849986371011	6.3989242842465	7.18233623082086
6.7657289838335	0.214770264803012	6.34477926481959	7.1866787028474
6.40047996335008	0.186941253493469	6.03407510650288	6.76688482019728
6.61283230596469	0.210170678330496	6.20089777643692	7.02476683549247
6.40981174097165	0.202195769457021	6.01350803283589	6.80611544910741
6.50045615050872	0.205129643709555	6.09840204883799	6.90251025217944
6.4166472188525	0.195240156161719	6.03397651277553	6.79931792492947
6.45734611086057	0.209416914899491	6.04688895765757	6.86780326406357
6.29299174371526	0.186401936663356	5.92764394785508	6.65833953957544
6.58101635548415	0.215922560309828	6.15780813727689	7.00422457369141
6.54618935135193	0.208159827009756	6.13819609041281	6.95418261229105
6.00118868614841	0.216895221068827	5.57607405285351	6.42630331944331
6.26930579612319	0.213221706511716	5.85139125136023	6.68722034088616
6.68810895389721	0.191988870407032	6.31181076789943	7.06440713989499
6.37955662952831	0.210268916115193	5.96742955394253	6.79168370511409
6.30042015553238	0.195673011622513	5.91690105275226	6.68393925831251
6.63133970592052	0.214285054313381	6.21134099946629	7.05133841237475
6.67591125282697	0.19270453720662	6.29821035990199	7.05361214575194
6.24497286278206	0.210775008250565	5.83185384661095	6.65809187895317
6.53475535516055	0.207641184918857	6.12777863271959	6.94173207760151
6.22840508764433	0.210339845074356	5.81613899129859	6.64067118399007
5.99287806812422	0.186502310141765	5.62733354024636	6.35842259600208
6.48718399757886	0.207266003431926	6.08094263085228	6.89342536430543
6.14748149746864	0.228866673813628	5.69890281679392	6.59606017814335
6.67850219052457	0.187160838182567	6.31166694768674	7.0453374333624
6.43884370057059	0.227103614577527	5.99372061599864	6.88396678514254
6.37855108347028	0.204934862436764	5.97687875309422	6.78022341384634
6.8409003937359	0.209857882335225	6.42957894435886	7.25222184311294
6.10758286808111	0.205477669585052	5.70484663569441	6.51031910046781
6.82676094219035	0.216179678286781	6.40304877274826	7.25047311163244
6.65907639654481	0.235286119101317	6.19791560310623	7.1202371899834
6.56957457308451	0.19915008013903	6.17924041601201	6.95990873015701
6.1753725974501	0.215482425224505	5.75302704401008	6.59771815089013
5.97390807488913	0.209767187714786	5.56276438696815	6.38505176281011
6.97709698279249	0.223181337980623	6.53966156035046	7.41453240523451
6.22757250639168	0.221181839712772	5.79405610055464	6.66108891222871
6.24218991438679	0.20506083720053	5.84027067347375	6.64410915529983
6.521768441664	0.206231533667407	6.11755463567588	6.92598224765211
6.75259535968802	0.206331503343882	6.34818561313401	7.15700510624202
6.39403454499578	0.211197020345545	5.98008838511851	6.80798070487305
6.34017303509787	0.213277491676949	5.92214915141105	6.75819691878469
6.50349462258135	0.206252953314041	6.09923883408583	6.90775041107687
6.51907674982201	0.21833659133733	6.09113703080085	6.94701646884318
6.23792693798784	0.191423604526001	5.86273667311688	6.6131172028588
6.42498691622848	0.203369758936455	6.02638218871303	6.82359164374393
6.05506606202185	0.199457394935812	5.66412956794766	6.44600255609604
7.0697171977973	0.200605125826353	6.67653115117765	7.46290324441695
6.17622951955761	0.223172518037384	5.73881138420433	6.61364765491088
6.1326284103227	0.208452849546064	5.72406082521241	6.54119599543298
6.23710779683853	0.201315883251644	5.84252866566531	6.63168692801175
6.41505411056104	0.215967683601694	5.99175745070172	6.83835077042036
6.70170302777829	0.200158374204331	6.3093926143378	7.09401344121878
6.53232425367664	0.210397104076735	6.11994592968624	6.94470257766704
6.40220615675991	0.218716727797659	5.9735213702765	6.83089094324332
6.7636550584201	0.197434003037173	6.37668441246724	7.15062570437296
6.82970397194194	0.188900427388441	6.4594591342606	7.19994880962329
6.4015528414629	0.194773879558901	6.01979603752746	6.78330964539835
6.21640467205428	0.214184957323778	5.79660215569967	6.63620718840888
6.30317143031093	0.213858530053638	5.8840087114058	6.72233414921606
6.6402224754665	0.209663764078757	6.22928149787213	7.05116345306086
6.60634937543393	0.209482381653313	6.19576390739344	7.01693484347442
6.41678733577365	0.227204275359156	5.97146695606971	6.8621077154776
6.35574987423545	0.202759177593764	5.95834188615167	6.75315786231923
6.25252452747218	0.193637311889755	5.87299539616826	6.6320536587761
6.46323680630404	0.189469446812868	6.09187669055081	6.83459692205726
6.27943682623488	0.205133242949413	5.87737567005403	6.68149798241573
6.38929704508741	0.230088073999906	5.93832442004759	6.84026967012722
6.39302156899349	0.218890698609997	5.96399579971789	6.82204733826908
6.4985064346916	0.214595366778185	6.07789951580636	6.91911335357684
6.94333922937872	0.184303123251548	6.58210510780569	7.30457335095176
6.68081239523563	0.20108941861527	6.2866771347497	7.07494765572156
6.43656643009927	0.205493247910773	6.03379966419416	6.83933319600439
6.55834247998781	0.189855444155717	6.1862258094426	6.93045915053302
6.35620006621929	0.231304192353617	5.9028438492062	6.80955628323238
6.5341028532959	0.225016478510751	6.09307055541483	6.97513515117697
6.21900101179244	0.199087204965575	5.82879009005991	6.60921193352496
6.2491786766388	0.209643434015026	5.83827754596935	6.66007980730825
6.489973815607	0.192290114091316	6.11308519198802	6.86686243922598
6.23246916642829	0.196473250787269	5.84738159488524	6.61755673797133
6.4051846629108	0.214267582315663	5.9852202015721	6.8251491242495
6.60254458350126	0.208489549549304	6.19390506638462	7.01118410061789
6.50459364502648	0.189798708813189	6.13258817575263	6.87659911430033
6.05533533075122	0.220218999403754	5.62370609191986	6.48696456958257
6.54290822983245	0.196352808725514	6.15805672473045	6.92775973493446
6.32616000464156	0.198859641752873	5.93639510680593	6.71592490247719
6.30286008517814	0.229033969056121	5.85395350582815	6.75176666452814
6.66383177368772	0.211104349035468	6.2500672495782	7.07759629779724
6.53186475854949	0.205799592841446	6.12849755658026	6.93523196051873
6.43630436150398	0.205229732175793	6.03405408643943	6.83855463656854
6.43264918555962	0.215684792082036	6.00990699307883	6.85539137804041
6.41390259406557	0.210425454969673	6.00146870232502	6.82633648580613
6.22322558299448	0.204989390554424	5.82144637750781	6.62500478848115
6.41424658028761	0.18598055116601	6.04972470000223	6.77876846057299
6.18600787352472	0.196355563045688	5.80115096995517	6.57086477709427
6.31048579193472	0.217260948509768	5.88465433285557	6.73631725101387
6.54644662040611	0.22619369200411	6.10310698407805	6.98978625673416
6.08375430617429	0.184628932494145	5.72188159848576	6.44562701386281
6.05889553224884	0.209167264181963	5.6489276944522	6.46886337004549
6.63515548211579	0.207596631679784	6.22826608402341	7.04204488020817
6.63410886862447	0.208456997221071	6.22553315407117	7.04268458317777
6.54371298919046	0.195332907690349	6.16086049011737	6.92656548826354
6.51970113826125	0.193189442475387	6.14104983100949	6.89835244551301
6.46221377699184	0.193216655493176	6.08350913222521	6.84091842175846
6.36801762570046	0.208680724056834	5.95900340654906	6.77703184485185
6.41268498429782	0.216809143939424	5.98773906217655	6.83763090641909
6.44557165497796	0.202961636214675	6.0477668479972	6.84337646195872
6.21051331752916	0.21115994510586	5.79663982512168	6.62438680993665
6.28514304991632	0.215709629522667	5.86235217605189	6.70793392378075
6.45659585276746	0.224060778250226	6.01743672739702	6.8957549781379
6.20372516339062	0.198337518356825	5.81498362741124	6.59246669937
6.51679120819893	0.198711555089777	6.12731656022297	6.90626585617489
6.40651253002676	0.223736884500399	5.96798823640597	6.84503682364754
6.41462493485095	0.200697905172837	6.02125704071219	6.80799282898971
6.49124123867154	0.210836533951523	6.07800163212656	6.90448084521653
6.85907339022273	0.207345587921026	6.45267603789752	7.26547074254794
6.0319536150298	0.202788569965649	5.63448801789713	6.42941921216248
6.55970108943748	0.203247134805612	6.16133670521848	6.95806547365648
6.5225847917537	0.212294341913216	6.1064878816038	6.93868170190361
6.50343878142921	0.199292166595499	6.11282613490204	6.89405142795639
6.47528929707923	0.216560840674378	6.05083004935745	6.89974854480101
5.98688766342239	0.197949910184365	5.59890583946104	6.37486948738375
6.54060152405253	0.208826360709789	6.13130185706135	6.94990119104372
6.49650970068796	0.220266203824351	6.06478794119223	6.92823146018368
6.42488888280707	0.194197775862937	6.04426124211571	6.80551652349843
6.58427904998543	0.2202287183204	6.15263076207744	7.01592733789341
6.80775763162906	0.193512406508225	6.42847331487294	7.18704194838518
6.47052110831342	0.202905783919239	6.07282577183171	6.86821644479513
6.61228882967093	0.210771380020034	6.19917692483166	7.02540073451019
6.87425571724079	0.208123107784953	6.46633442598228	7.28217700849929
6.25773098083133	0.203526540756849	5.8588189609479	6.65664300071475
6.73504406134307	0.213912140646428	6.31577626567607	7.15431185701007
6.29926165680606	0.191041852745117	5.92481962542563	6.67370368818649
6.28091185779485	0.22568331285401	5.83857256460099	6.72325115098871
6.26825338854788	0.224638985720541	5.82796097653562	6.70854580056014
6.24608627974818	0.207139258624615	5.84009333284394	6.65207922665243
6.23906508509883	0.187086310064095	5.8723759173732	6.60575425282446
6.43650798869668	0.206984853622477	6.03081767559662	6.84219830179673
6.45414200749586	0.213489181024594	6.03570321268765	6.87258080230406
6.31566926087432	0.215113201439891	5.89404738605214	6.73729113569651
6.85131014381482	0.204603215544672	6.45028784134727	7.25233244628238
6.30795184826339	0.202168028820216	5.91170251177576	6.70420118475101
6.35826356913909	0.189472835916707	5.98689681074234	6.72963032753583
6.52750069291234	0.205897910114933	6.12394078908707	6.93106059673761
6.74776165846024	0.205422747960346	6.34513307245796	7.15039024446252
6.32720813299973	0.209327582839941	5.91692607063345	6.73749019536602
6.30884002004307	0.198700145713456	5.91938773444469	6.69829230564144
6.21777820353606	0.213007287323763	5.80028392038149	6.63527248669064
6.33492323374283	0.227751015914469	5.88853124255047	6.78131522493519
6.16992604316743	0.22028996546183	5.73815771086224	6.60169437547262
6.28490664972362	0.211582820056732	5.87020432241242	6.69960897703481
6.47976969944142	0.217349296484363	6.05376507833207	6.90577432055078
6.20901591123281	0.216713419565158	5.7842576088851	6.63377421358052
6.35692199583793	0.215407298782238	5.93472369022474	6.77912030145111
6.6211174187999	0.194948024343119	6.23901929108739	7.00321554651242
6.19065840813933	0.225400219358252	5.74887397819715	6.6324428380815
6.66073690490756	0.201260829973018	6.26626567816045	7.05520813165468
6.4119175761768	0.217169758655123	5.98626484921276	6.83757030314084
6.52172087260052	0.232904527741839	6.06522799822651	6.97821374697452
6.14227469837269	0.210117968331473	5.730443480443	6.55410591630237
6.3681388488665	0.200073542607365	5.97599470535606	6.76028299237694
6.30060674723514	0.213623959439245	5.88190378673422	6.71930970773606
6.50732667811881	0.20087620071984	6.11360932470793	6.9010440315297
6.34314123951245	0.19061520855075	5.96953543075298	6.71674704827192
6.44340612141356	0.200440748440116	6.05054225447093	6.83626998835619
6.54458740681574	0.192223726343634	6.16782890318222	6.92134591044926
6.35751173349052	0.208115341095339	5.94960566494366	6.76541780203739
6.33138071603312	0.198880788096919	5.94157437136316	6.72118706070308
6.5797088507576	0.210471071211323	6.1671855511834	6.99223215033179
6.74208129949108	0.211458525747785	6.32762258902542	7.15654000995674
6.64407983627078	0.200789791493708	6.25053184494311	7.03762782759845
6.25516847393941	0.203258352513206	5.85678210301352	6.65355484486529
6.56383134569173	0.221736415979694	6.12922797037153	6.99843472101193
6.02330876241947	0.210834044131568	5.6100740359216	6.43654348891735
6.53923971125484	0.187567835075822	6.17160675450623	6.90687266800345
6.27938022997782	0.215486581949135	5.85702652935751	6.70173393059812
6.28495525225237	0.207784524572023	5.8776975840912	6.69221292041353
6.50874967811967	0.217391991903603	6.08266137398861	6.93483798225073
6.06454973579431	0.203901758013665	5.66490229008752	6.46419718150109
6.55112492622459	0.205041922491466	6.14924275814131	6.95300709430786
6.53070441084796	0.194797694966777	6.14890092871307	6.91250789298284
6.75952918281785	0.20825941112187	6.35134073701898	7.16771762861671
6.13781168805591	0.208046475860388	5.73004059536955	6.54558278074227
6.36670369820246	0.195201280113541	5.98410918917992	6.749298207225
6.41391032746815	0.190789525929806	6.03996285664573	6.78785779829057
6.75671355358944	0.227980940390126	6.30987091042479	7.20355619675409
6.35685233198234	0.202573459901917	5.95980835057458	6.7538963133901
6.72074551619285	0.199844552689165	6.32905019292208	7.11244083946361
6.59063453749549	0.213168930560322	6.17282343359726	7.00844564139372
6.25138023680085	0.213218641570068	5.83347169932352	6.66928877427818
6.51560820633235	0.222006064845733	6.08047631923472	6.95074009342999
6.51409744829221	0.203297800674894	6.11563375896942	6.912561137615
6.36029437399226	0.196732683658614	5.97469831402138	6.74589043396315
6.75647919784862	0.193074814888642	6.37805256066688	7.13490583503035
6.65822359773733	0.208702386724316	6.24916691975767	7.06728027571699
6.21736452627865	0.223564748635607	5.77917761895286	6.65555143360444
6.18386628120214	0.213316792927874	5.7657653670635	6.60196719534077
6.32408303802236	0.198306690989038	5.93540192368385	6.71276415236087
6.33852716989216	0.215471451774675	5.9162031244138	6.76085121537052
6.62893259485745	0.218038566531799	6.20157700445512	7.05628818525977
6.24008528400224	0.193777981006715	5.86028044122908	6.6198901267754
6.04565169205884	0.198916599860262	5.65577515633272	6.43552822778495
5.99090206213424	0.192747979440358	5.61311602243114	6.36868810183735
6.55336684928186	0.212621811351171	6.13662809903357	6.97010559953016
6.35800391489132	0.195860623736177	5.97411709236841	6.74189073741423
5.94433918731564	0.200567160834041	5.55122755208092	6.33745082255036
6.34911857159187	0.205182944524666	5.94696000032353	6.75127714286022
6.31925699039802	0.212849917661389	5.9020711517817	6.73644282901435
6.37436631767063	0.199270972504259	5.98379521156228	6.76493742377898
6.45853099745121	0.192843012741361	6.08055869247814	6.83650330242427
6.39465328489109	0.208541632724811	5.98591168475046	6.80339488503172
6.30356806009168	0.206811528935992	5.89821746337714	6.70891865680623
6.13959018883198	0.201569523353042	5.74451392306002	6.53466645460395
6.21768890948328	0.219594045744492	5.78728457982408	6.64809323914249
6.42257580299707	0.235250544354731	5.9614847360618	6.88366686993234
6.57786818599305	0.215712170707013	6.1550723314073	7.00066404057879
6.43030680755656	0.192589785450258	6.05283082807405	6.80778278703906
6.29170568634227	0.203176591726136	5.89347956655904	6.68993180612549
6.47439513005018	0.211042543383149	6.06075174501921	6.88803851508115
6.25765807547146	0.229441152126764	5.80795341730301	6.70736273363992
6.51067759381964	0.195196568602367	6.128092319359	6.89326286828028
6.18157638832977	0.216615103597558	5.75701078527856	6.60614199138099
6.52000098239144	0.205672341935206	6.11688319219843	6.92311877258444
6.43583819299679	0.212542836457544	6.01925423354	6.85242215245357
6.18657730903175	0.217626283880243	5.76002979262648	6.61312482543703
6.26794340257667	0.211613674300108	5.85318060094845	6.68270620420488
6.51882648963282	0.218385384392248	6.09079113622401	6.94686184304162
6.25589302656855	0.200921694443238	5.86208650545981	6.6496995476773
5.98769305341571	0.220072897097204	5.55635017510519	6.41903593172623
6.48265789885573	0.194951273666298	6.10055340246978	6.86476239524167
6.15794276041851	0.219927794073883	5.7268842840337	6.58900123680332
6.20723287944886	0.197298279982684	5.8205282506828	6.59393750821492
6.45523576847292	0.205956270537215	6.05156147821997	6.85891005872586
6.33459804542424	0.200020746144579	5.94255738298086	6.72663870786761
6.03532413871031	0.200424565908335	5.64249198952997	6.42815628789065
6.44695912248813	0.202315599283166	6.05042054789312	6.84349769708313
6.49346438569058	0.213320634029221	6.0753559429933	6.91157282838785
6.5742386170372	0.215824518605246	6.15122256057092	6.99725467350348
6.60610843971807	0.206739752190359	6.20089852542496	7.01131835401117
6.4774280050221	0.218235832724139	6.04968577288279	6.90517023716141
6.27485903149661	0.227186070827804	5.82957433267411	6.7201437303191
6.37873776035502	0.223868781111142	5.93995494937718	6.81752057133286
6.41275163625876	0.197533526720065	6.02558592388744	6.79991734863009
6.57098501781349	0.219508222566731	6.1407489015827	7.00122113404428
6.30125610154857	0.224099992396075	5.86202011645226	6.74049208664488
6.54743301543069	0.203538452854997	6.14849764783489	6.94636838302648
6.2136687589287	0.215095981392002	5.79208063540037	6.63525688245702
6.48496434809735	0.23520296170804	6.02396654314959	6.94596215304511
6.62222851329672	0.212203878003447	6.20630891240997	7.03814811418348
6.66819541460827	0.208467918884646	6.25959829359436	7.07679253562218
6.82481648783745	0.204247671995393	6.42449105072648	7.22514192494842
6.03577897842194	0.202183714993995	5.63949889703371	6.43205905981018
6.38812645992032	0.214394555347197	5.96791313143981	6.80833978840082
6.14525088560382	0.209071652395124	5.73547044690937	6.55503132429826
6.60154298443581	0.2114728695645	6.18705616008939	7.01602980878223
6.41984847295459	0.211840517620351	6.0046410584187	6.83505588749048
6.46555083063095	0.202865785435424	6.06793389117752	6.86316777008438
6.54470755732704	0.208458875231115	6.13612816187405	6.95328695278003
6.37607999172084	0.209063291630129	5.96631594012579	6.78584404331589
6.2255552917453	0.22765382082742	5.77935380292356	6.67175678056704
6.63502681710241	0.199353459037068	6.24429403738975	7.02575959681506
6.78732143593315	0.21356414855642	6.36873570476257	7.20590716710374
6.37696348298492	0.199672497467531	5.98560538794856	6.76832157802128
6.39364354294649	0.216323250471726	5.96964997202191	6.81763711387107
6.35430747219399	0.203673140738567	5.9551081163464	6.75350682804158
6.4153485413665	0.21280351155935	5.99825365871017	6.83244342402283
6.44403158856715	0.219633156333944	6.01355060215262	6.87451257498168
6.62503536802206	0.206986792745742	6.21934125424041	7.03072948180372
6.47438281334974	0.215973205448827	6.05107533067003	6.89769029602944
6.41524330067971	0.202718435374542	6.01791516734561	6.81257143401381
6.44044093962028	0.212518153428116	6.02390535890117	6.85697652033939
6.36267803950572	0.205357441110854	5.96017745492845	6.765178624083
6.5336099603136	0.219926004160462	6.1025549921591	6.96466492846811
6.19866966392224	0.198155473270331	5.81028493631239	6.58705439153209
6.53924547117771	0.214859008511442	6.11812181449528	6.96036912786013
6.48840381719928	0.217411855653189	6.06227658011903	6.91453105427953
6.49670962230286	0.217896076270487	6.06963331281271	6.92378593179302
6.57556179796049	0.202642611017112	6.17838228036695	6.97274131555403
6.39209608516784	0.196411970811702	6.0071286223769	6.77706354795877
6.52008817227455	0.189041340284602	6.14956714531673	6.89060919923238
6.3884894596593	0.220903283337964	5.95551902431689	6.82145989500171
6.24675366429384	0.21757071928651	5.82031505449228	6.6731922740954
6.04892086506494	0.213122857113108	5.63120006512325	6.46664166500663
6.42837719960942	0.210888605151709	6.01503553351207	6.84171886570677
6.56100652032263	0.203521545866155	6.16210429042497	6.95990875022029
6.29095870585133	0.205907511581012	5.88737998315255	6.69453742855012
6.67061093236344	0.216905913752031	6.24547534140946	7.09574652331742
6.81884528598562	0.205064575982095	6.41691871706072	7.22077185491053
6.34606990950976	0.188482910805555	5.97664340433088	6.71549641468865
6.75421777186204	0.217718848107419	6.32748882957149	7.18094671415258
6.53166927164104	0.219596997957945	6.10125915564347	6.96207938763862
6.48002313176607	0.211091226460623	6.06628432790325	6.89376193562889
6.67954555249495	0.201877268755298	6.28386610573457	7.07522499925533
6.49271279413925	0.219988414406637	6.06153550190224	6.92389008637626
6.02098376076095	0.202326494260959	5.62442383200947	6.41754368951243
6.21799834049265	0.212340556927058	5.80181084891561	6.63418583206968
6.43510720858244	0.182944968413489	6.076535070492	6.79367934667288
6.54084270297481	0.206872856983315	6.13537190328752	6.94631350266211
6.2579563811215	0.204145814777838	5.85783058415694	6.65808217808607
6.7271291940434	0.221313874919992	6.29335399920021	7.16090438888658
6.40557628899382	0.212649460781072	5.98878334586292	6.82236923212472
6.54117267633943	0.202948598291173	6.14339342368874	6.93895192899013
6.43848442909973	0.195447473315568	6.05540738140122	6.82156147679824
6.89511231831079	0.205389365859795	6.49254916122559	7.29767547539598
6.64731172055209	0.222553109318231	6.21110762628836	7.08351581481583
6.26139312031059	0.210519984961154	5.84877394978673	6.67401229083445
6.49565681333147	0.215265518056744	6.07373639794025	6.91757722872269
6.31507137390044	0.225911486266112	5.87228486081886	6.75785788698202
6.3115112434927	0.221602101923631	5.87717112372238	6.74585136326302
6.70262122498119	0.201411600543286	6.30785448791635	7.09738796204603
6.23308360421664	0.201121786798119	5.83888490209232	6.62728230634095
6.4520343038081	0.196164221107726	6.06755243043696	6.83651617717925
6.61391484578997	0.234942455529709	6.15342763295174	7.0744020586282
6.3046718123333	0.200438333656933	5.91181267836571	6.69753094630089
6.65673988329615	0.216543275146886	6.23231506400825	7.08116470258404
6.34629215085982	0.196618272916845	5.9609203359428	6.73166396577683
6.51085969954818	0.202316050922835	6.11432023973942	6.90739915935694
6.46342197060773	0.1980865517257	6.07517232922536	6.8516716119901
6.42869475453804	0.212071592792802	6.01303443266414	6.84435507641193
6.28443072979278	0.212532882243921	5.86786628059469	6.70099517899086
6.57937254129424	0.197277468355604	6.19270870331726	6.96603637927123
6.60060260878486	0.195474091600677	6.21747338924753	6.98373182832218
6.539169987988	0.189691084089399	6.16737546317277	6.91096451280322
6.21512105109927	0.207388556620668	5.80863948012277	6.62160262207578
5.98109047020129	0.222531874438691	5.54492799630145	6.41725294410112
6.46575572968169	0.2170734354038	6.04029179629024	6.89121966307313
6.50730541160853	0.205282810070812	6.10495110386974	6.90965971934733
5.96569070780468	0.192790909369082	5.58782052544128	6.34356089016808
6.35063116797969	0.219944324002687	5.91954029293443	6.78172204302496
6.40058771486923	0.194637414452274	6.01909838254278	6.78207704719569
6.44479580472046	0.215679549893283	6.02206388692963	6.8675277225113
6.79002178133465	0.225243250509006	6.34854501033699	7.2314985523323
6.36119131499384	0.206873806158094	5.95571865492398	6.76666397506371
6.72918301339098	0.205136825992137	6.32711483444639	7.13125119233557
6.62688865106531	0.208129170981754	6.21895547594107	7.03482182618955
6.15588330203752	0.195020239642464	5.77364363233829	6.53812297173675
6.53419679781429	0.209995076254636	6.1226064483552	6.94578714727338
6.73337382940731	0.192680457147618	6.35572013339798	7.11102752541665
6.46399151174205	0.207158074851426	6.05796168503325	6.87002133845084
5.82613931199368	0.216227305674708	5.40233379287126	6.24994483111611
6.49647879966637	0.205364340100163	6.09396469307005	6.89899290626269
6.38697031193886	0.181650643997464	6.03093504970383	6.74300557417389
6.50086157456591	0.184175072545108	6.1398784323775	6.86184471675432
6.2260765195795	0.202418545337956	5.8293361707171	6.62281686844189
6.2540733762648	0.209695003420517	5.84307116956059	6.66507558296901
6.21302220535945	0.214727486797375	5.7921563312366	6.63388807948231
6.2492390665887	0.207393546680599	5.84274771509472	6.65573041808267
6.61381269630672	0.203768520126099	6.21442639685956	7.01319899575387
6.50748410916595	0.204591811099992	6.10648415940996	6.90848405892193
6.56124234403831	0.213673718805055	6.1424418551804	6.98004283289622
6.49791039132307	0.206119647707918	6.09391588181555	6.90190490083059
6.27126407501316	0.214139946400769	5.85154978006765	6.69097836995867
6.58250761034827	0.239663682979623	6.11276679170821	7.05224842898833
6.63845897356279	0.21374518955502	6.21951840203495	7.05739954509063
6.134142149597	0.217142724424812	5.70854240972437	6.55974188946963
6.28332763938607	0.229479951988363	5.83354693348888	6.73310834528327
6.34887144127174	0.210918276351385	5.93547161962302	6.76227126292045
6.35616438367064	0.206316485620746	5.95178407185398	6.7605446954873
6.41842014041425	0.198783687302628	6.02880411330109	6.8080361675274
6.77402229930473	0.199199359227324	6.38359155521918	7.16445304339029
6.36160395800592	0.19423581539103	5.9809017598395	6.74230615617234
6.53553261433958	0.213177507609636	6.1177046994247	6.95336052925447
6.5351968557745	0.206734461589091	6.12999731105988	6.94039640048912
6.3088477326147	0.204671339565783	5.90769190706576	6.71000355816363
6.34801576650238	0.206435838472068	5.94340152309713	6.75263000990764
6.67006764680392	0.20781985650594	6.26274072805228	7.07739456555556
6.50934428354227	0.221852857054653	6.07451268371515	6.94417588336939
6.78996050255009	0.185873712535492	6.42564802598053	7.15427297911966
6.21082806878592	0.199186441838555	5.82042264278235	6.60123349478949
6.70703016003236	0.194872399199119	6.32508025760209	7.08898006246264
6.74930966739031	0.202084425873889	6.35322419267749	7.14539514210313
6.39098570603255	0.2067293074518	5.98579626342702	6.79617514863808
6.43699740195076	0.213740234206793	6.01806654290544	6.85592826099607
6.71264685385859	0.221614388687852	6.2782826520304	7.14701105568678
6.6781672828307	0.202175176547598	6.28190393679741	7.074430628864
6.15987609881361	0.214068025085871	5.74030276964531	6.57944942798192
6.31598647425618	0.207339553927967	5.90960094855736	6.72237199995499
6.53325365233743	0.21792528437062	6.10612009497101	6.96038720970384
6.16543390741724	0.214371568090324	5.74526563396021	6.58560218087428
6.4190412616985	0.209687770794242	6.00805323094178	6.83002929245521
6.57862219507785	0.210945018862481	6.16516995810739	6.99207443204831
6.36286671841234	0.219663956503154	5.93232536366616	6.79340807315853
6.01753673274293	0.208481481825352	5.60891302836524	6.42616043712062
6.32659236788668	0.225876931886174	5.88387358138977	6.76931115438358
6.39390787885098	0.203796342055541	5.99446704842212	6.79334870927984
6.36526773214026	0.206985509445872	5.95957613362635	6.77095933065417
6.5513707001905	0.204086229921903	6.15136168954357	6.95137971083743
6.28553163100446	0.207378810965371	5.87906916151233	6.69199410049659
6.36469531881621	0.226088726072685	5.92156141571374	6.80782922191867
6.55516211573879	0.222855534677717	6.11836526777046	6.99195896370712
6.02855485864638	0.208047872648394	5.62078102825553	6.43632868903724
6.49093525295638	0.224751700542968	6.05042191989216	6.93144858602059
6.36501033328628	0.204476460724838	5.9642364702656	6.76578419630696
6.36704450308854	0.2054604738335	5.96434197437488	6.7697470318022
6.39087884404814	0.208635615260569	5.98195303813743	6.79980464995886
6.2852326105281	0.203055381295291	5.88724406318933	6.68322115786687
6.64293983943061	0.210497937962935	6.23036388102326	7.05551579783796
6.5525126616502	0.207061299927051	6.14667251379318	6.95835280950722
6.24152286434071	0.221154416466127	5.8080602080671	6.67498552061432
6.77912843961078	0.20599288591047	6.37538238322626	7.1828744959953
6.52937528863726	0.20754235061898	6.12259228142406	6.93615829585046
6.47077386736445	0.203421324429739	6.07206807148216	6.86947966324674
6.39345686623443	0.204114865234478	5.99339173037486	6.79352200209401
6.22207998759002	0.202924241484878	5.82434847427966	6.61981150090038
6.22477104018323	0.197497100985111	5.83767672225242	6.61186535811405
6.24918321966767	0.196565336817996	5.8639151595044	6.63445127983094
6.54014759114738	0.196439273828921	6.15512661444269	6.92516856785206
6.26128045475408	0.24510034124458	5.78088378591471	6.74167712359346
6.58897998369942	0.214393847276001	6.16876804303846	7.00919192436038
6.56156280421084	0.221709120311829	6.12701292839965	6.99611268002202
6.39628128233378	0.192389455322725	6.01919794990124	6.77336461476632
6.40603567316185	0.195360708859184	6.02312868379785	6.78894266252585
6.46222046665711	0.205785657860385	6.05888057725076	6.86556035606347
6.38353021788543	0.213827819551853	5.9644276915638	6.80263274420706
6.18853366802985	0.222607272073159	5.75222341476645	6.62484392129324
6.40727513777524	0.209473052330028	5.99670795520838	6.81784232034209
6.20900282934746	0.207644385330434	5.80201983409981	6.61598582459511
6.51725821473748	0.207993631382688	6.10959069722741	6.92492573224755
6.2226972971557	0.210836840361322	5.8094570900475	6.63593750426389
6.91570441816611	0.194969777279214	6.53356365469885	7.29784518163337
6.3790835225867	0.214850879221606	5.95797579931236	6.80019124586105
6.44323236178506	0.214516586915447	6.02277985143078	6.86368487213934
6.48330429369858	0.208557676064534	6.07453124861209	6.89207733878506
6.39492402082199	0.205921607674896	5.99131766977919	6.79853037186479
6.62570275935506	0.211299491652285	6.21155575571659	7.03984976299354
6.77699473282195	0.217735922783577	6.35023232416614	7.20375714147776
6.3364511517548	0.20669742490701	5.93132419893706	6.74157810457254
6.64708898247768	0.228696932284458	6.19884299520014	7.09533496975521
6.43486082406703	0.216982663714093	6.00957480318741	6.86014684494665
6.26265510073635	0.219114020773783	5.83319162001974	6.69211858145297
6.61259524056736	0.206978314172553	6.20691774478916	7.01827273634557
6.39578481290679	0.207676204309433	5.9887394524603	6.80283017335328
6.19212060887766	0.214917163419597	5.77088296857525	6.61335824918007
6.66478832489741	0.212669019790867	6.24795704610731	7.08161960368751
6.30565132413063	0.191932155148461	5.92946430003965	6.68183834822162
6.54965045114801	0.204035725762254	6.149740428654	6.94956047364203
6.31168891831258	0.203688010998412	5.9124604167557	6.71091741986947
6.40814433612304	0.20036780834617	6.01542343176455	6.80086524048153
6.64447377002235	0.187581500582134	6.27681402888137	7.01213351116333
6.3511322221493	0.190440938910099	5.97786798188551	6.7243964624131
6.65844360151977	0.210446176362017	6.24596909585021	7.07091810718932
6.27643477149437	0.206435929480753	5.8718203497121	6.68104919327664
6.38122124563598	0.213035607710836	5.96367145452274	6.79877103674922
6.64518419078458	0.202494109314895	6.24829573652739	7.04207264504177
6.31178324601261	0.212344278203228	5.89558846073428	6.72797803129094
6.48933269605776	0.211403396686423	6.07498203855237	6.90368335356315
6.81327162684728	0.189967612526765	6.44093510629482	7.18560814739974
5.97209985317729	0.203248699213375	5.57373240271907	6.3704673036355
6.17387415480407	0.197989969342653	5.78581381489247	6.56193449471567
6.57768594052304	0.203240804545493	6.17933396361387	6.9760379174322
6.59293030217179	0.202874929694685	6.19529543997021	6.99056516437337
6.55337843995678	0.227978670950484	6.10654024489383	7.00021663501973
6.41612127471124	0.215674690550818	5.99339888123164	6.83884366819084
6.41818986682442	0.231063442590073	5.96530551934788	6.87107421430096
6.43951487358527	0.197868367867594	6.05169287256479	6.82733687460576
6.51350737970464	0.199758023750485	6.12198165315369	6.90503310625559
6.66484444554471	0.19869900191613	6.2753944017891	7.05429448930033
6.57466664088347	0.226894608176923	6.1299532088567	7.01938007291024
6.41254129360798	0.228886620237121	5.96392351794323	6.86115906927274
6.35831367157399	0.21395661991098	5.93895869654846	6.77766864659951
6.49948225414953	0.22002925655504	6.06822491130165	6.93073959699741
6.85951884162833	0.185451465768404	6.49603396872226	7.2230037145344
6.35175085500704	0.195802134412859	5.96797867155783	6.73552303845624
6.32397926434306	0.215841338441551	5.90093024099762	6.7470282876885
6.30322993828955	0.218410276982145	5.87514579540454	6.73131408117455
6.11942132701903	0.194393109393956	5.73841083260688	6.50043182143118
6.68746130684726	0.209549686105599	6.27674392208028	7.09817869161423
6.01226980637834	0.204439616524461	5.6115681579904	6.41297145476629
6.70554381239884	0.206592355882092	6.30062279486994	7.11046482992774
6.38993804266191	0.19881531651644	6.00026002228969	6.77961606303413
6.58627342427468	0.199820883380772	6.19462449284836	6.97792235570099
6.67185829104954	0.20571721325579	6.26865255306819	7.07506402903089
6.49954669278653	0.199990843161022	6.10756464019093	6.89152874538213
6.70732469167444	0.198080342051948	6.31908722125262	7.09556216209625
6.49181676330727	0.194259339718859	6.1110684574583	6.87256506915623
6.37003902760194	0.20771595158584	5.96291576249369	6.77716229271019
6.47329459167854	0.211073666327542	6.05959020567656	6.88699897768052
6.71481393728628	0.217293791252465	6.28891810643145	7.14070976814111
6.51676813287343	0.20086616785017	6.1230704438871	6.91046582185977
6.50444452406783	0.200181626154677	6.11208853680466	6.896800511331
6.65970409225139	0.213353291634151	6.24153164064845	7.07787654385432
6.59824338420578	0.19093218389209	6.22401630377729	6.97247046463428
6.09311657835211	0.20540218520839	5.69052829534367	6.49570486136056
6.25269702700818	0.224468590028808	5.81273859055172	6.69265546346464
6.3573152993779	0.206008615249304	5.95353841348927	6.76109218526654
6.48172926377238	0.210535526818813	6.06907963120751	6.89437889633725
6.4148077316897	0.20578660306533	6.01146598968166	6.81814947369775
6.4135190042944	0.200246520516706	6.02103582408166	6.80600218450714
6.57590678235793	0.19435311915824	6.19497466880778	6.95683889590808
6.62578243528522	0.214582525222719	6.2052006858487	7.04636418472175
6.34295231297345	0.210295081460811	5.93077395331026	6.75513067263663
6.3577597573017	0.2056351382243	5.95471488638208	6.76080462822133
6.84511168061447	0.202720223898327	6.44778004177375	7.24244331945519
6.60705182127558	0.207017533958135	6.20129745471763	7.01280618783352
6.48680662061889	0.184467249060519	6.12525081246027	6.8483624287775
6.37314574437588	0.204032821887226	5.97324141347692	6.77305007527484
6.57420956809471	0.230836239636244	6.12177053840767	7.02664859778174
6.40513777043483	0.197533810639339	6.01797150158172	6.79230403928793
5.90842922374658	0.202646893615627	5.51124131225995	6.3056171352332
6.45700628576205	0.221395669736784	6.02307077307796	6.89094179844615
6.59011770742992	0.207556166559565	6.18330762097318	6.99692779388667
6.38369565447087	0.201463705047808	5.98882679257716	6.77856451636457
6.51167666638775	0.211373788420377	6.09738404108381	6.92596929169169
6.46172696632788	0.221730842634917	6.02713451476345	6.89631941789232
6.55554336797612	0.213276141864546	6.1375221299216	6.97356460603063
6.5752651924856	0.197765141154575	6.18764551582264	6.96288486914857
5.9090200683958	0.220979561629437	5.4759001276021	6.3421400091895
6.37805667986564	0.208976903082958	5.96846194982304	6.78765140990824
6.02773915136661	0.198282182031894	5.63910607458409	6.41637222814912
6.64326330072792	0.217379581118097	6.21719932173645	7.06932727971939
6.58153976262923	0.196778236027447	6.19585442001543	6.96722510524302
6.36146081583075	0.231970175085951	5.90679927266229	6.81612235899922
6.36733024427421	0.22494294640279	5.92644206932474	6.80821841922368
6.3669854232157	0.20493560472323	5.96531163795817	6.76865920847324
6.81338621007113	0.210165452829524	6.40146192252527	7.225310497617
6.51939973088931	0.197841919116482	6.131629569421	6.90716989235761
6.31727090290599	0.201750994882832	5.92183895293564	6.71270285287634
6.11031016612996	0.209652235375866	5.69939178479326	6.52122854746666
6.59300657031077	0.204321889674604	6.19253566654854	6.99347747407299
6.56020834157748	0.192234019034964	6.18342966426895	6.936987018886
6.46306651749192	0.210735425729864	6.05002508306139	6.87610795192246
6.10610281877795	0.194311332335181	5.725252607401	6.4869530301549
6.46106096103163	0.209641434059408	6.05016375027519	6.87195817178807
6.36176566502591	0.206979992308103	5.95608488010203	6.7674464499498
6.65861663691259	0.218367568546266	6.23061620256191	7.08661707126327
6.37846780026096	0.198525963095613	5.98935691259356	6.76757868792836
6.25578833334701	0.219718151400431	5.82514075660216	6.68643591009185
6.26891217349587	0.20465195015487	5.86779435119232	6.67002999579941
6.47920551372414	0.214759830678328	6.05827624559462	6.90013478185366
6.54160843111366	0.195826378329535	6.15778872958778	6.92542813263955
6.32732308196634	0.215332353746777	5.90527166862266	6.74937449531002
6.66709187483084	0.194536575431057	6.28580018698597	7.04838356267571
6.45288883955032	0.210004469088483	6.04128008013689	6.86449759896374
6.49854767180377	0.220493250036654	6.06638090173193	6.93071444187562
6.54605435071288	0.203996503680311	6.14622120349947	6.94588749792629
6.3471914896364	0.222917600229558	5.91027299318646	6.78410998608633
6.66875900230394	0.213070905634732	6.25114002725986	7.08637797734801
6.20866579426456	0.198807346834882	5.81900339446819	6.59832819406093
6.42148360873117	0.21760011334578	5.99498738657344	6.8479798308889
6.43109349025826	0.212399065695268	6.01479132149554	6.84739565902099
6.61906669012579	0.194041894964247	6.23874457599587	6.99938880425572
6.20455349290409	0.193023197178942	5.82622802643337	6.58287895937482
6.04347738631066	0.228610693473162	5.59540042710326	6.49155434551806
6.34840182707312	0.187602655272448	5.98070062273913	6.71610303140712
6.66558222944628	0.20397449983318	6.26579220977325	7.06537224911931
6.59313819597956	0.193885461225104	6.21312269197835	6.97315369998076
6.08711692551251	0.207291695788799	5.68082520176647	6.49340864925856
6.59844509060182	0.215349630025032	6.17635981575276	7.02053036545089
6.83030018773099	0.208038336287498	6.42254504860749	7.23805532685448
6.59802137858708	0.223136018828459	6.1606747816833	7.03536797549086
6.76515693500026	0.213717140331079	6.34627133995135	7.18404253004918
6.59994133693971	0.199874096022894	6.20818810873484	6.99169456514459
6.29598128732982	0.178671626627554	5.94578489913982	6.64617767551983
6.38125040922703	0.216172821918883	5.95755167826602	6.80494914018804
6.35036181574385	0.218093254037595	5.92289903783016	6.77782459365753
6.27894089620204	0.201734409544426	5.88354145349497	6.67434033890912
6.50561914529656	0.220577234848411	6.07328776499368	6.93795052559945
6.50831952772846	0.20417343178058	6.10813960143853	6.9084994540184
6.37310081693249	0.202898657248175	5.97541944872607	6.77078218513891
6.30937773002777	0.20525704681414	5.90707391827205	6.71168154178348
6.19187464924241	0.203475243398973	5.79306317218042	6.59068612630439
5.87593911889465	0.216408870573898	5.45177773256981	6.30010050521949
6.39883934256583	0.220252040093666	5.96714534398225	6.83053334114942
6.58968430083268	0.218960082510431	6.16052253911223	7.01884606255312
6.65900225749243	0.188064691294209	6.29039546255578	7.02760905242908
6.3184155024274	0.20569944978363	5.91524458085148	6.72158642400332
6.80458637419017	0.206265489753058	6.40030601427418	7.20886673410617
6.58587216271071	0.197398762320253	6.19897058856301	6.97277373685841
6.37133276994834	0.213654418934958	5.95257010883583	6.79009543106086
6.34979696963789	0.202656241909907	5.95259073549448	6.74700320378131
6.43258321780857	0.19743494085902	6.04561073372489	6.81955570189225
6.39907175614732	0.207019270842023	5.99331398529695	6.80482952699768
6.47810838242798	0.20307796935249	6.0800755624971	6.87614120235886
6.58103911246491	0.202776824093249	6.18359653724214	6.97848168768767
6.36532173615322	0.199085172185778	5.97511479866909	6.75552867363734
6.04189921429905	0.197063392287174	5.65565496541619	6.42814346318191
6.28866085861221	0.20598500740241	5.88493024410348	6.69239147312093
6.11334196494546	0.217189705578299	5.687650142012	6.53903378787893
6.69463436165794	0.222478804538777	6.25857590476193	7.13069281855394
6.26788804617821	0.224571034715569	5.82772881813569	6.70804727422072
6.54981731483093	0.210236230177739	6.13775430368256	6.9618803259793
6.0178777201962	0.197562466516155	5.63065528582453	6.40510015456786
6.74239219186483	0.218555207173685	6.31402398580441	7.17076039792526
6.79477795338109	0.186118212131653	6.42998625760305	7.15956964915913
6.52974535887043	0.210371269798098	6.11741767006615	6.9420730476747
6.48301227283459	0.206045363394877	6.07916336058063	6.88686118508855
6.22530752151068	0.19286179814356	5.8472983971493	6.60331664587205
6.61092694209368	0.218043500068779	6.18356168195887	7.03829220222848
6.17691838977963	0.206654815199896	5.77187495198784	6.58196182757143
6.6494114687298	0.201500746538569	6.2544700055142	7.04435293194539
6.14873769260148	0.193400565100278	5.76967258500494	6.52780280019803
6.54841445916805	0.209788887237659	6.13722824018224	6.95960067815387
6.315115875318	0.21470570138283	5.89429270060765	6.73593905002835
6.36240603966153	0.21557610107569	5.93987688155318	6.78493519776988
6.68842971614158	0.211549257132128	6.27379317216261	7.10306626012055
6.3914928052089	0.230262151401849	5.94017898846128	6.84280662195652
6.73373291101172	0.197785107890417	6.3460740995465	7.12139172247693
6.6295382947834	0.195368738412555	6.24661556749479	7.01246102207201
6.60574573945695	0.20348776817409	6.20690971383573	7.00458176507817
6.15983146774635	0.206833821299997	5.75443717799836	6.56522575749435
6.8971253455491	0.213769472916194	6.47813717863336	7.31611351246484
6.14225351261767	0.21903362073677	5.7129476159736	6.57155940926174
6.30973540863232	0.208734401779108	5.90061598114526	6.71885483611937
6.63995865410255	0.194221664337173	6.25928419200169	7.02063311620341
6.56574064650208	0.220316811524353	6.13391969591435	6.99756159708981
6.25687547267783	0.190520187969312	5.88345590425798	6.63029504109768
6.15454548707875	0.198397382448996	5.76568661747872	6.54340435667878
6.09134533029915	0.202390143514735	5.69466064901027	6.48803001158803
6.7206109685569	0.215730673780081	6.29777884794794	7.14344308916586
6.25208996091824	0.224134842035021	5.8127856705296	6.69139425130688
6.30001161729739	0.22315592531584	5.86262600367834	6.73739723091643
6.45026054790127	0.219455120156505	6.02012851239453	6.88039258340802
6.47315603149955	0.22301600998048	6.03604465193781	6.91026741106129
6.3068717551088	0.194067839339288	5.9264987900038	6.6872447202138
6.27764157819706	0.199561604354463	5.88650083366232	6.66878232273181
6.91706829261507	0.218643256588793	6.48852750970104	7.3456090755291
6.48923818809806	0.203841914512623	6.08970803565332	6.8887683405428
6.01764924234318	0.19261297265633	5.64012781593677	6.39517066874959
6.4113982873726	0.210068951120829	5.99966314317578	6.82313343156943
6.52102677992714	0.20290160252671	6.12333963897478	6.91871392087949
6.52874758554686	0.210409332952252	6.11634529296045	6.94114987813328
6.18914206164512	0.198694180397444	5.79970146806613	6.57858265522411
6.40157917469146	0.223044583317852	5.96441179138847	6.83874655799445
6.62322808370786	0.219889142679087	6.19224536405685	7.05421080335887
6.64653520892352	0.200281950682273	6.25398258558626	7.03908783226078
6.11572804609167	0.20558690124938	5.71277771964288	6.51867837254045
6.14666538876733	0.204825135231173	5.74520812371423	6.54812265382043
6.57234816933766	0.217625712307576	6.14580177321481	6.99889456546051
6.62019492528946	0.202438071663981	6.22341630482806	7.01697354575086
6.42336923896538	0.2140191321121	6.00389174002567	6.8428467379051
6.19988229751875	0.211059974933301	5.78620474664948	6.61355984838802
6.65795074369533	0.200820255743036	6.26434304243898	7.05155844495168
6.49395547388077	0.217142544204721	6.06835608723951	6.91955486052202
6.41327933557874	0.226260470546559	5.96980881330748	6.85674985784999
6.44838071552672	0.221025043023149	6.01517163120135	6.88158979985209
6.54239112071586	0.187728358251956	6.17444353854203	6.9103387028897
6.48891829989516	0.215685755997383	6.06617421814029	6.91166238165003
6.3810819250065	0.218533958208629	5.95275536691759	6.80940848309541
6.43448281112528	0.212711596863757	6.01756808127232	6.85139754097825
6.21054393538011	0.224358320604399	5.77080162699548	6.65028624376473
6.41118848783402	0.187543353796351	6.04360351439317	6.77877346127486
6.43193482259295	0.192032072083197	6.05555196130988	6.80831768387602
6.34245486090001	0.195048699855342	5.96015940918354	6.72475031261648
6.43839469747805	0.234536090665341	5.97870395977398	6.89808543518212
6.53957948715789	0.2175418576429	6.11319744617781	6.96596152813798
6.41160810274905	0.206247086230265	6.00736381373774	6.81585239176037
6.29464507886309	0.2178887371999	5.86758315395129	6.7217070037749
6.0722686087444	0.217198410409725	5.64655972434134	6.49797749314746
6.46190605567667	0.211031299833165	6.04828470800367	6.87552740334967
6.28172892706189	0.229397744729699	5.83210934739168	6.7313485067321
6.47576382349044	0.234245095249638	6.01664343680115	6.93488421017973
6.30869131131987	0.211526933472922	5.89409852171294	6.7232841009268
6.35711476199027	0.218979101183183	5.92791572367124	6.78631380030931
6.45663490517452	0.204232333083163	6.05633953233152	6.85693027801752
6.56080154560371	0.20457269071973	6.15983907179304	6.96176401941438
6.45406597155313	0.213698690941046	6.03521653730868	6.87291540579758
6.67630434047436	0.202768014703951	6.27887903165462	7.07372964929411
6.8136159331263	0.20748494231464	6.4069454461896	7.22028642006299
6.26892787324782	0.204015685725534	5.86905712922577	6.66879861726987
6.42721010008209	0.218548562527778	5.99885491752765	6.85556528263654
6.13611240345457	0.205315874436646	5.73369328955875	6.5385315173504
6.79497157838372	0.20033205074695	6.4023207589197	7.18762239784774
6.6654804444866	0.203615024941413	6.26639499560143	7.06456589337177
6.42609198699583	0.195441936143368	6.04302579215483	6.80915818183684
6.6182377110056	0.213720648996177	6.19934523897309	7.03713018303811
6.40530796682359	0.212836703896563	5.98814802718633	6.82246790646085
6.10102646630077	0.195366289067678	5.71810853972812	6.48394439287341
6.52382639826352	0.208317344463389	6.11552440311527	6.93212839341176
6.81191817330832	0.207408309110081	6.40539788745256	7.21843845916408
6.25201998312286	0.21080468101453	5.83884280833438	6.66519715791134
6.2252386630168	0.215534911945226	5.80279023560415	6.64768709042944
6.80731947565427	0.196324898207669	6.42252267516724	7.1921162761413
6.81118317528672	0.233851944423275	6.3528333642171	7.26953298635634
6.6267222074272	0.207775231654648	6.21948275338409	7.03396166147031
6.56735293214379	0.210537684170903	6.15469907116882	6.98000679311876
6.50063812229278	0.20608037198423	6.09672059320369	6.90455565138188
6.30480858351686	0.232290677053766	5.84951885649148	6.76009831054224
6.43148910182787	0.211729720359405	6.01649884992344	6.8464793537323
6.49891620215697	0.207295114814052	6.09261777712143	6.90521462719251
6.59329902844826	0.206785378821092	6.18799968595892	6.9985983709376
6.40121344254513	0.207493890004281	5.99452541813674	6.80790146695352
6.3908939560066	0.206152772244394	5.98683452240759	6.79495338960561
6.77796462812477	0.216643891421875	6.35334260093789	7.20258665531165
6.48808431161082	0.210543873225309	6.07541832008921	6.90075030313243
6.41487984658403	0.205472190795332	6.01215435262518	6.81760534054288
6.47320125920633	0.210010221761117	6.06158122455454	6.88482129385812
6.12193526343489	0.193187027582552	5.74328868937309	6.50058183749669
6.5012954305651	0.213206292219369	6.08341109781514	6.91917976331506
6.48409227782709	0.210155071284211	6.07218833811004	6.89599621754414
6.28615623936037	0.221965108198418	5.85110462729147	6.72120785142927
6.53006590937203	0.194390560136829	6.14906041150385	6.91107140724022
6.12113949933986	0.20520973082954	5.71892842691396	6.52335057176576
6.78814808654781	0.207604503146931	6.38124326037983	7.1950529127158
6.27275989454361	0.220449841858545	5.84067820450086	6.70484158458635
6.34318061985814	0.191422591944831	5.96799233964627	6.71836890007001
6.54601670432272	0.180423016945469	6.1923875911096	6.89964581753584
6.73625914124546	0.216988880393483	6.31096093567423	7.16155734681668
6.25654226065449	0.214261322154524	5.83659006923162	6.67649445207736
6.14152986596626	0.195480830305923	5.75838743856665	6.52467229336587
6.44387635285605	0.194133715335716	6.06337427079805	6.82437843491406
5.92542079258612	0.190761466722057	5.55152831781089	6.29931326736135
6.39158291779481	0.195158194129741	6.00907285730051	6.7740929782891
6.75395418810627	0.186134994738315	6.38912959841918	7.11877877779337
6.24225766050037	0.215385259468113	5.82010255194287	6.66441276905787
6.55392583009302	0.188838871118947	6.18380164269988	6.92405001748615
6.30774624506424	0.204652579720811	5.90662718881145	6.70886530131703
6.83632082098109	0.226069388728573	6.39322481907309	7.27941682288909
6.51792330360712	0.217804230984486	6.09102701087753	6.94481959633671
6.74735542343322	0.198725941637976	6.35785257782279	7.13685826904366
6.56044304585091	0.195769650093174	6.17673453166828	6.94415156003353
6.44772128481644	0.208220367681463	6.03960936416077	6.85583320547211
6.39145519793923	0.218361742495394	5.96346618264826	6.8194442132302
6.49886572148264	0.191599185899012	6.12333131712058	6.87440012584471
6.92911216316789	0.22370666503966	6.49064709969016	7.36757722664562
6.5405076150631	0.20771395305749	6.13338826707042	6.94762696305578
6.24536912277753	0.194128569672992	5.86487712621846	6.62586111933659
6.68314432508355	0.197586733956709	6.2958743265284	7.0704143236387
6.48845924022696	0.219409648836882	6.05841632850667	6.91850215194725
6.51983924267877	0.202499288687025	6.1229406368522	6.91673784850534
6.6749088656248	0.188010678485822	6.30640793579259	7.04340979545701
6.41794011779052	0.212375778913963	6.00168359111915	6.83419664446189
6.56455003382379	0.187567037445722	6.19691864043017	6.9321814272174
6.38549301260815	0.197028428394307	5.99931729295531	6.77166873226099
6.32812081451614	0.197540472594809	5.94094148823032	6.71530014080197
6.5564728148235	0.217588806097097	6.12999875487319	6.98294687477381
6.38719398321939	0.204455207825429	5.98646177588155	6.78792619055723
6.53858179200699	0.197698548903408	6.15109263615631	6.92607094785767
6.32311428183225	0.19673037810521	5.93752274074604	6.70870582291846
6.54575027354228	0.212224460144392	6.12979033165927	6.96171021542528
6.49445269040989	0.197651474489747	6.10705580040999	6.8818495804098
6.16976078023093	0.208845649200987	5.76042330779699	6.57909825266486
6.21956244633606	0.220883757023065	5.78663028257085	6.65249461010127
6.71661740028297	0.204072546238237	6.31663520965602	7.11659959090991
6.45503170458542	0.202374193793147	6.05837828475085	6.85168512441999
6.49700240080451	0.241154557333806	6.02433946843025	6.96966533317877
6.67388298322006	0.195464208417902	6.29077313472097	7.05699283171915
6.16507751854405	0.19711632597788	5.77872951962741	6.5514255174607
6.38376872649433	0.216249302895169	5.9599200928198	6.80761736016886
5.94132124954175	0.192656456552057	5.56371459469972	6.31892790438378
6.65499939400533	0.203083409504134	6.25695591137723	7.05304287663343
6.29257306070408	0.198023488968435	5.90444702232595	6.68069909908221
6.67631705132734	0.197752867186997	6.28872143164083	7.06391267101386
6.74447211897664	0.211747553678146	6.32944691376748	7.15949732418581
6.66952127664267	0.207776151674646	6.26228001936036	7.07676253392497
6.66183922679704	0.210131062330408	6.24998234462944	7.07369610896464
5.85870218811075	0.203160202594687	5.46050819102517	6.25689618519634
6.45478872492236	0.20594818398989	6.05113028430218	6.85844716554255
6.27255432915655	0.211166038219904	5.85866889424554	6.68643976406756
6.21103042562774	0.199487572703447	5.82003478312899	6.6020260681265
6.10932357938171	0.206984913652239	5.70363314862332	6.51501401014009
6.38815301563324	0.177990970908388	6.0392907126528	6.73701531861368
6.25812146813998	0.223563765044996	5.81993648865179	6.69630644762817
6.57069096274175	0.21126517656854	6.15661121666741	6.98477070881609
6.29893797320684	0.204188617985713	5.89872828195484	6.69914766445884
6.38495769395652	0.199524106545066	5.99389044512819	6.77602494278485
6.60108559161058	0.203647552431846	6.20193638884416	7.000234794377
6.53257612599733	0.222705482554754	6.09607338019001	6.96907887180465
6.59007054131045	0.207820066106091	6.18274321174251	6.99739787087839
6.47488373551007	0.214824285555894	6.05382813582052	6.89593933519963
6.15045162045669	0.215774370630385	5.72753385402113	6.57336938689225
6.27471748799505	0.21872928077862	5.84600809766896	6.70342687832115
6.20309401085845	0.201035274186936	5.80906487345205	6.59712314826484
6.49794479140724	0.192687545912948	6.12027720141787	6.87561238139662
6.55676142226989	0.209366570712118	6.14640294367414	6.96711990086564
6.01057992083204	0.193014576071582	5.63227135173174	6.38888848993235
6.0967106613137	0.194322648677306	5.71583826990618	6.47758305272122
6.42947518508034	0.223530977057926	5.9913544700468	6.86759590011387
6.43415659543697	0.209494578290945	6.02354722198672	6.84476596888723
6.70999857985863	0.204618160055832	6.3089469861492	7.11105017356806
6.31566839763741	0.22378732998572	5.8770452308654	6.75429156440942
6.73173186200844	0.22121153781629	6.29815724788851	7.16530647612837
6.13363645511227	0.191001117088581	5.75927426561865	6.50799864460588
6.81082589882459	0.205215685741922	6.40860315477042	7.21304864287875
6.7408181909046	0.19736447879876	6.35398381245903	7.12765256935017
6.62875330531073	0.211612483380783	6.2139928378844	7.04351377273706
6.59499756400259	0.223036407058799	6.15784620616734	7.03214892183783
6.47541986696208	0.225714132712154	6.03302016684626	6.91781956707791
6.51801430888591	0.206831725403201	6.11262412709564	6.92340449067618
6.15962871415302	0.205483626441471	5.75688080632774	6.5623766219783
6.51025874060066	0.217748769899049	6.08347115159852	6.93704632960279
6.53913755896265	0.20448682760415	6.13834337685851	6.93993174106678
6.22243670344826	0.212275007308474	5.80637768912365	6.63849571777287
6.53782394673049	0.205947213296197	6.13416740866995	6.94148048479104
6.46835787440967	0.194770166440917	6.08660834818548	6.85010740063387
5.89442184560911	0.199910902753099	5.50259647621304	6.28624721500518
6.38189349120631	0.209247384649631	5.97176861729303	6.79201836511959
6.18136838654313	0.210103998874637	5.76956454874884	6.59317222433742
6.37463498214013	0.204943105765457	5.97294649483983	6.77632346944042
6.54784690568194	0.207040966302612	6.14204661172882	6.95364719963506
6.48463350852661	0.223396557980828	6.04677625488419	6.92249076216903
6.503257263983	0.193396040571703	6.12420102446247	6.88231350350354
6.39856150613434	0.222735060437162	5.9620007876775	6.83512222459118
6.46462244905182	0.209438775448078	6.05412244917358	6.87512244893005
6.49425942984106	0.233667375792117	6.03627137328851	6.9522474863936
6.34226639500627	0.200610744588981	5.94906933561187	6.73546345440067
6.30538326968408	0.205494855497268	5.90261335290944	6.70815318645873
6.42103537421916	0.212411860458308	6.00470812772087	6.83736262071744
6.5702762864059	0.214901797411669	6.14906876347903	6.99148380933277
6.47010544324735	0.199829944953366	6.07843875113875	6.86177213535594
6.48534331475338	0.216853239368951	6.06031096559024	6.91037566391652
6.79632278167714	0.206628106542312	6.3913316928542	7.20131387050007
6.64940906998028	0.208011950508664	6.24170564698329	7.05711249297726
6.48018264678397	0.187028268683405	6.1136072401645	6.84675805340345
6.7031489515767	0.212497275077399	6.286654292425	7.11964361072841
6.89420665404061	0.205078813579982	6.49225217942384	7.29616112865737
6.31221252423886	0.214143785208174	5.89249070523084	6.73193434324688
6.77197212987613	0.208708582543806	6.36290330809027	7.18104095166199
6.36585021091275	0.21799820792576	5.93857372337826	6.79312669844724
6.43781575467845	0.211680890277089	6.02292120973535	6.85271029962154
5.94875012366278	0.223827475657178	5.51004827137471	6.38745197595085
6.71483949134555	0.203687000701651	6.31561296997032	7.11406601272079
6.58629330990079	0.225249060171276	6.14480515196509	7.02778146783649
6.30005960287465	0.201301051286356	5.90550954235339	6.69460966339591
6.09240844275445	0.209678107398992	5.68143935225242	6.50337753325647
6.67570667839161	0.210445645424265	6.26323321336005	7.08818014342317
6.35602265705818	0.197414338146002	5.96909055429202	6.74295475982435
6.51123133937924	0.208071649528988	6.10341090630243	6.91905177245606
6.70224376378622	0.202477502605156	6.30538785868012	7.09909966889233
6.72448232844465	0.222439528748551	6.28850085209749	7.16046380479181
6.79663145792827	0.195954094216349	6.41256143326422	7.18070148259231
6.5586440405743	0.202815496688357	6.16112566706512	6.95616241408348
6.78326272954531	0.192050748085756	6.40684326329723	7.1596821957934
6.08385295246154	0.205993761921716	5.68010517909498	6.48760072582811
6.45248921181803	0.211194567426157	6.03854785966276	6.8664305639733
6.38251785532286	0.190062920079596	6.00999453196685	6.75504117867887
6.44669547018467	0.204364481021929	6.04614108738169	6.84724985298765
6.45162735918717	0.189245329846013	6.08070651268898	6.82254820568535
6.55256304943343	0.191894518181786	6.17644979379713	6.92867630506973
6.3404032814537	0.211011026539587	5.92682166943611	6.75398489347129
6.54190167183722	0.192516026000333	6.16457026087657	6.91923308279787
6.51914280790611	0.196002188008021	6.13497851941039	6.90330709640183
6.47318567705211	0.207765229018517	6.06596582817581	6.8804055259284
6.71649746688835	0.205554415446455	6.3136108126133	7.1193841211634
6.92453568188654	0.198213860017252	6.53603651625273	7.31303484752036
6.38122644754377	0.210909549137124	5.96784373123501	6.79460916385253
6.50612420471611	0.206388812822254	6.10160213158449	6.91064627784773
6.53351197385905	0.203464111039362	6.1347223162219	6.9323016314962
6.80104328478604	0.207397300633032	6.3945445755453	7.20754199402679
6.26386257424552	0.178159521378369	5.91466991234392	6.61305523614712
6.59704817832521	0.209917045932693	6.18561076829713	7.00848558835329
6.59198253985586	0.20527628766417	6.18964101603409	6.99432406367763
6.67526762173366	0.210440265361968	6.26280470162421	7.08773054184312
6.53980747441451	0.211081130260559	6.12608845910381	6.9535264897252
6.47707292066854	0.200547082590908	6.08400063879036	6.87014520254672
6.45595570489652	0.199125207166895	6.06567029884941	6.84624111094364
6.17047573734455	0.214435329535155	5.75018249145564	6.59076898323345
6.029163634165	0.209684646115568	5.61818172777849	6.44014554055151
6.35948575985857	0.209225439815974	5.94940389781926	6.76956762189787
6.81621244990155	0.194039500237814	6.43589502943543	7.19652987036766
6.62001208007191	0.209009816217384	6.21035284028584	7.02967131985799
6.15363698280709	0.200956211327084	5.75976280860601	6.54751115700818
6.65055027792731	0.205859307534295	6.24706603516009	7.05403452069453
6.46051748832824	0.202030388703203	6.06453792646996	6.85649705018651
6.62826276882977	0.205885143108512	6.22472788833708	7.03179764932245
6.74616113030929	0.202985738960513	6.34830908194669	7.1440131786719
6.53946634297327	0.205682611816616	6.1363284238127	6.94260426213384
6.46925343699935	0.213922814978473	6.04996471964154	6.88854215435715
6.38015502911252	0.211583628760745	5.96545111674146	6.79485894148358
6.44088617423275	0.210609771563634	6.02809102196803	6.85368132649748
6.02074171550231	0.199512951083416	5.62969633137881	6.4117870996258
6.57760148546674	0.183484998926921	6.21797088756997	6.9372320833635
6.42316023030534	0.200821752245988	6.02954959590321	6.81677086470748
6.44297698257618	0.205444387568924	6.04030598294109	6.84564798221127
5.98614832794342	0.211105341891439	5.5723818578362	6.39991479805064
6.618626775488	0.225626067113297	6.17639968394594	7.06085386703007
6.5318518015917	0.204198547496503	6.13162264849856	6.93208095468485
6.38204705619589	0.199990791462006	5.99006510493036	6.77402900746142
6.24458214975889	0.195927257274322	5.86056472550122	6.62859957401656
6.5665614747629	0.214499493940824	6.14614246663889	6.98698048288692
6.64025381954065	0.193325717877943	6.26133541249988	7.01917222658142
6.30412385245982	0.22110807277941	5.87075202981218	6.73749567510746
6.43553857657926	0.216204885466376	6.01177700106516	6.85930015209335
6.70095972143786	0.203334565899767	6.30242397227432	7.09949547060141
6.25729605129188	0.213921663754915	5.83800959033225	6.67658251225152
6.55323440021508	0.212152409988862	6.13741567663691	6.96905312379325
6.71210630658043	0.195708047098477	6.32851853426742	7.09569407889345
6.45702992325658	0.219383251062666	6.02703875117376	6.88702109533941
6.29069605251993	0.193179451513392	5.91206432755368	6.66932777748618
6.22157944721431	0.200429093179238	5.828738424583	6.61442046984561
6.45040075557592	0.201443488041317	6.05557151901493	6.8452299921369
6.05741849180246	0.21480285650697	5.63640489304879	6.47843209055612
6.30322962139415	0.216703952355678	5.87848987477702	6.72796936801128
6.63662902702862	0.218410933184233	6.20854359798752	7.06471445606971
6.029245040118	0.204046540490947	5.62931382075574	6.42917625948026
6.36364125176315	0.195369250981817	5.98071751983879	6.74656498368751
6.31747962649769	0.197941333709468	5.92951461242713	6.70544464056825
6.25122775285434	0.215532092237441	5.82878485206896	6.67367065363973
6.48429959976064	0.211307724835264	6.07013645908352	6.89846274043776
6.50051501626055	0.200734390288329	6.10707561129542	6.89395442122567
6.53014977204671	0.199286889995729	6.13954746765509	6.92075207643834
6.01636859095613	0.20383940493207	5.61684335728927	6.41589382462299
6.68346491587073	0.214407726262223	6.26322577239677	7.10370405934468
6.52454099647986	0.215085069876201	6.10297425952251	6.94610773343722
6.7347289107069	0.219266231349651	6.30496709726158	7.16449072415222
6.54456913322432	0.217848305116454	6.11758645519607	6.97155181125257
6.49649951722832	0.220862682555154	6.06360865942021	6.92939037503642
6.96684484570648	0.20384164212963	6.5673152271324	7.36637446428055
6.6381845926848	0.215199076576551	6.21639440259476	7.05997478277484
6.68492625310836	0.192779084164606	6.30707924814574	7.06277325807099
6.5225285656396	0.21312066361015	6.1048120649637	6.94024506631549
6.71145267300915	0.19927688895514	6.32086997065708	7.10203537536123
6.36816651410821	0.223178832534055	5.93073600234146	6.80559702587495
6.69669600640476	0.193935730595333	6.31658197443791	7.07681003837161
6.31567741364922	0.216508568583428	5.89132061922571	6.74003420807274
6.40701725501288	0.204975144995358	6.00526597082198	6.80876853920379
6.31411601698931	0.196064531671351	5.92982953491346	6.69840249906515
6.55728886451767	0.203416033429715	6.15859343899543	6.95598429003992
7.01465586539922	0.215508698864707	6.5922588156244	7.43705291517405
6.30104598193922	0.20817324155363	5.89302642849411	6.70906553538434
6.55698030952073	0.208393437554277	6.14852917191435	6.96543144712712
6.32087314443858	0.195059743126037	5.93855604791155	6.70319024096561
6.67568450207634	0.20726560820924	6.26944390998623	7.08192509416645
6.18059301616283	0.197341543893746	5.79380359013109	6.56738244219457
6.50029477359129	0.202048838784078	6.1042790495745	6.89631049760808
6.51381184611074	0.21611572319726	6.09022502864411	6.93739866357737
6.27513543119661	0.196729087595511	5.88954641950941	6.66072444288382
6.85660781715742	0.214932957101996	6.43533922123751	7.27787641307733
6.22247200533276	0.210561061789128	5.80977232422607	6.63517168643945
6.48277130610376	0.209546997623345	6.072059190762	6.89348342144552
6.2925490068148	0.20410002441881	5.89251295895394	6.69258505467567
6.92536844493083	0.201459484712919	6.5305078548935	7.32022903496815
6.51073697624584	0.193714962659487	6.13105564943324	6.89041830305843
6.53037325786342	0.190477481706831	6.15703739371803	6.90370912200881
6.49017809165344	0.202487050027716	6.09330347359911	6.88705270970776
6.31838982278049	0.216999099937469	5.89307158690305	6.74370805865793
6.45426094034405	0.212636913716059	6.03749258946058	6.87102929122753
6.58177308985703	0.205092702549988	6.17979139285905	6.98375478685501
6.85782722893247	0.223299693526539	6.42015982962045	7.29549462824449
6.31297132493239	0.215645476798532	5.89030619040726	6.73563645945751
6.11982506035172	0.202048210724536	5.72381056733162	6.51583955337181
6.20169601518732	0.215316863319145	5.7796749630818	6.62371706729285
6.25486260104984	0.200936479792472	5.86102710065659	6.64869810144308
6.64827349531402	0.177959724858205	6.29947243459194	6.9970745560361
6.69635278895671	0.192256072418669	6.31953088701612	7.0731746908973
6.64010656391173	0.215667623767309	6.2173980213278	7.06281510649566
6.7068237152386	0.236715292878775	6.2428617411962	7.170785689281
6.62427518482174	0.209233679190456	6.21417717360845	7.03437319603504
6.74510676094951	0.184647368427397	6.38319791883181	7.10701560306721
6.30072829617148	0.2177383763727	5.87396107848099	6.72749551386197
6.72771816544572	0.217359942859429	6.30169267744124	7.1537436534502
