estFinal_ps2	sdFinal_ps2	X1	X2
4.84753273942055	0.192877101892855	4.46867572209907	5.22638975674203
5.16332495646425	0.168828493007694	4.83187909736515	5.49477081556334
4.92618742743666	0.197055501039373	4.53875977651379	5.31361507835953
5.25031395598912	0.145986373730893	4.96373410639797	5.53689380558028
5.08841813559307	0.143885469990263	4.80592482556464	5.37091144562151
5.02803113752413	0.195863225499683	4.64308830893593	5.41297396611232
4.97321934717894	0.169345277943407	4.64058559075868	5.3058531035992
5.09011461022426	0.217461201849914	4.66260215435553	5.517627066093
4.95929946126469	0.172148834885116	4.62100746388974	5.29759145863964
4.87378259035387	0.203368099581092	4.47409011817576	5.27347506253197
5.00958813050281	0.188130952748004	4.63997133415289	5.37920492685273
5.26187707162722	0.257716916841257	4.75482083340511	5.76893330984933
4.73011195794405	0.16440585276971	4.40724687645346	5.05297703943465
5.05616549362725	0.227087566035716	4.60964921926404	5.50268176799046
5.14861802654547	0.167354149830588	4.82006445453609	5.47717159855484
5.41807627443192	0.208446588600108	5.00838021473547	5.82777233412837
5.06032278891288	0.233459292673196	4.60122671618032	5.51941886164544
4.9105046016413	0.167461819686144	4.58170934957637	5.23929985370622
5.26034616163401	0.407569479402948	4.45755577831323	6.0631365449548
4.91492040529887	0.157802065451397	4.60522206366662	5.22461874693112
5.15863574569059	0.274413819085539	4.61863505295497	5.69863643842622
4.81784084627185	0.189488633080564	4.44529860518918	5.19038308735453
5.17664259642352	0.153650007574032	4.87500422728774	5.47828096555931
4.68978310116919	0.158905426324319	4.37775635430833	5.00180984803004
4.93755061327642	0.175384659078772	4.5929883278508	5.28211289870204
4.79321426768817	0.182873061973706	4.43390436385935	5.152524171517
5.11322562355076	0.161778593877393	4.79567040205053	5.43078084505099
4.77314100876167	0.15686862936653	4.46521297904953	5.0810690384738
4.96015343076659	0.154073116925813	4.6577075746015	5.26259928693167
4.9734160890721	0.167719448309771	4.64406143281684	5.30277074532735
4.84979972300578	0.160141058931598	4.53524447984117	5.1643549661704
4.69343900778815	0.295257756879738	4.11216076789491	5.27471724768139
4.95666018293401	0.178068226898535	4.60696012819829	5.30636023766973
5.12774576197987	0.209855135734309	4.71512520270748	5.54036632125227
5.14002678881859	0.160186591946058	4.82546710078472	5.45458647685247
4.99093961881256	0.14977472636437	4.69690797027819	5.28497126734693
4.94853549496913	0.184815691472243	4.58533957879979	5.31173141113847
5.06352162104958	0.184610388949249	4.70065600396555	5.42638723813362
4.92093571149336	0.203141220667047	4.52155357686103	5.32031784612568
5.01967808163209	0.188545685491401	4.64948716579819	5.38986899746599
4.71798570094543	0.174121208000463	4.37589855160434	5.06007285028651
4.91124279376737	0.16526335142009	4.58669649023748	5.23578909729727
4.95046445783308	0.190524887127719	4.57611209544069	5.32481682022548
5.04289751383805	0.163744748670166	4.72135399150632	5.36444103616978
4.96593181677874	0.172570114171865	4.62676052166993	5.30510311188754
5.23502816336906	0.234114112521181	4.77458185485125	5.69547447188688
4.76771265140776	0.143802500673245	4.48545156912825	5.04997373368727
5.04147587315127	0.164632537959148	4.71826628285888	5.36468546344367
4.91779197793758	0.179591118511409	4.56474519396785	5.27083876190732
4.80877118529651	0.171946462594504	4.47119146901508	5.14635090157793
5.17236563370132	0.197778577093547	4.78359836255525	5.5611329048474
5.08625701703634	0.222211037810714	4.64914047403698	5.52337356003569
4.58055670302843	0.178756379653399	4.22933596751745	4.93177743853941
5.05239998476076	0.160739267551974	4.73682127454199	5.36797869497952
5.14281203109369	0.173254729442445	4.80256330997317	5.4830607522142
5.04018833040025	0.174982822629015	4.69666295920664	5.38371370159387
5.01761482968075	0.160691524097347	4.7020333377346	5.33319632162691
5.0885518227059	0.157451747941203	4.7794956338341	5.3976080115777
5.05295042223577	0.153231981705245	4.75217780900849	5.35372303546306
4.71109641551432	0.159543637214427	4.39792886057018	5.02426397045845
5.10962584572099	0.157641380529733	4.80021225639369	5.41903943504829
4.68131999263995	0.207169858162136	4.27388438401341	5.08875560126649
4.99700773728305	0.183038393173663	4.6374647639744	5.35655071059171
4.7916701085924	0.175799253043535	4.44633297420348	5.13700724298131
4.7982792801485	0.179570383652369	4.44528009810606	5.15127846219095
5.09156824549164	0.147586528239063	4.8017263882784	5.38141010270488
5.2582875264877	0.212415416641544	4.84069547789126	5.67587957508413
4.76957008197478	0.222473894307357	4.33209517806668	5.20704498588287
4.98037980821289	0.173468710653927	4.6396455985288	5.32111401789698
5.24890756448169	0.224999711141274	4.80648989329011	5.69132523567328
4.95973887057155	0.175066770843606	4.61578378597079	5.30369395517231
5.15324815090762	0.164554162456347	4.83015972693691	5.47633657487834
5.16024711717222	0.161371720516579	4.84337245637739	5.47712177796704
4.90680840993798	0.150190080386327	4.61221335340163	5.20140346647434
4.915709406053	0.15716973465324	4.60702660374211	5.22439220836389
4.89562455013934	0.155652040527435	4.58997754055567	5.20127155972301
4.99906228995648	0.161722135055062	4.68157750655681	5.31654707335614
4.93704834088043	0.175742332494003	4.59176216073583	5.28233452102502
5.01682123211685	0.171297269421639	4.68040521507417	5.35323724915954
5.2005601084424	0.273282804839528	4.66293129467146	5.73818892221333
4.78515099618528	0.162344322270038	4.4661212431603	5.10418074921025
4.90718858576849	0.190567733410257	4.53282089434871	5.28155627718827
4.89859753143109	0.237384923609645	4.43162194661553	5.36557311624665
4.99872841025884	0.153818253008454	4.69686694362552	5.30058987689215
5.04483973577568	0.185139770118512	4.68099740834872	5.40868206320264
4.90694303246989	0.282067754006884	4.3517565962024	5.46212946873739
5.05887486513788	0.163672346045571	4.73748970646738	5.38026002380837
5.1452877077173	0.20774158771217	4.73688547274944	5.55368994268517
5.26177296288262	0.160411110813389	4.94680747685406	5.57673844891118
4.93430696591389	0.198087981522392	4.54491597542989	5.32369795639788
4.75268521359153	0.167245683757007	4.42402814895975	5.08134227822331
4.9438776091504	0.155606106657269	4.63834836046189	5.24940685783891
4.9918867936512	0.165708615161283	4.66646232854173	5.31731125876068
5.08210267649269	0.174291411680859	4.73977675274571	5.42442860023968
4.98430818667762	0.211736043795314	4.56790461877469	5.40071175458055
5.21913576299393	0.197928996609254	4.8301602543342	5.60811127165365
5.37622393226985	0.21627619099929	4.95114028023424	5.80130758430547
4.99256401726547	0.1824011010956	4.63409699286243	5.3510310416685
4.97894108956424	0.173853399975357	4.63742357577714	5.32045860335134
4.7403113084503	0.28648281350612	4.17636754421294	5.30425507268766
5.0031879649102	0.265639781341353	4.48035677576128	5.52601915405912
4.93296396803173	0.157843362523849	4.62302066431038	5.24290727175307
5.30503265391665	0.162556818932497	4.98587065753939	5.62419465029391
4.76480675247383	0.167789875569922	4.43512297278744	5.09449053216021
4.76973552156423	0.179566411955579	4.41686797593841	5.12260306719004
4.89203267367927	0.165931487839603	4.56614838858419	5.21791695877434
4.70344476099799	0.156047118826956	4.39711297354677	5.0097765484492
4.83866445471989	0.188910162342911	4.46729474067909	5.21003416876069
4.87164032163091	0.156670925660145	4.56403630783888	5.17924433542293
4.96673766081715	0.149902434534333	4.67260214181946	5.26087317981484
5.21611146512815	0.318976800852269	4.58812172651232	5.84410120374399
4.60433467158266	0.187693972714077	4.23559409773832	4.97307524542701
4.91991833818512	0.207817124021299	4.5113228208682	5.32851385550204
5.29888090470349	0.241540271395905	4.82373329583098	5.774028513576
5.04943242294657	0.209246667841578	4.63811250198103	5.4607523439121
5.08575998194999	0.152051414652122	4.78732934907674	5.38419061482325
5.24997759538983	0.156599792835582	4.94255243806363	5.55740275271603
5.08508666225258	0.179364881264608	4.73279059366734	5.43738273083781
4.97617448878116	0.15815923153512	4.66569840786123	5.28665056970109
4.87306999924642	0.186300911709518	4.50694259636239	5.23919740213044
4.81664518959985	0.152279849200603	4.51782521053151	5.11546516866819
4.87008722235306	0.229592455269885	4.41839763093264	5.32177681377348
4.88763443446357	0.265803329320208	4.36439731907192	5.41087154985521
4.80564002702715	0.168809554621178	4.4741036807762	5.1371763732781
4.92397729940032	0.171214157236409	4.58772248581188	5.26023211298876
5.29861252889769	0.160835293925583	4.98269776451137	5.61452729328401
4.84956879239962	0.180991978908446	4.49394761666187	5.20518996813738
5.005927796905	0.153526325329711	4.70472380087158	5.30713179293843
5.14590898545731	0.161841937324162	4.82818739472279	5.46363057619184
4.77836596049344	0.256011923250213	4.27467825837459	5.2820536626123
5.04507845071352	0.155522711424489	4.7398388508155	5.35031805061154
5.15018491045428	0.173838839944576	4.80861381478219	5.49175600612637
4.85575189124815	0.16261812910417	4.53659240083653	5.17491138165977
5.01976187128918	0.187031329171805	4.65245172080657	5.3870720217718
4.67405445210519	0.256077451056383	4.17017969395049	5.17792921025988
4.88616737229716	0.180822746107411	4.53092700842671	5.24140773616761
4.731437379577	0.178498772908514	4.380906725889	5.081968033265
4.99529364801915	0.153897778940772	4.69301061901006	5.29757667702824
5.04465123297587	0.177859733522238	4.69513672733171	5.39416573862003
4.82448370615638	0.141946889374975	4.54584368713077	5.103123725182
4.9159994034233	0.246232235445278	4.43153878981312	5.40046001703348
5.01428240162946	0.177101947343776	4.66646237058508	5.36210243267383
4.98538119895696	0.1459271838129	4.69900213717928	5.27176026073464
5.40070363546356	0.211614141036686	4.98473326012671	5.81667401080041
4.70128699032899	0.344037529216562	4.0237506145959	5.37882336606209
5.29445168482331	0.213886775899293	4.87392375935943	5.71497961028718
4.97171611746634	0.158946519876636	4.65968729370753	5.28374494122516
5.07913109046663	0.196552559238304	4.69286445508252	5.46539772585074
4.88585647856386	0.172860521375743	4.54636674941886	5.22534620770886
4.8840676462821	0.164365328995245	4.56123609706356	5.20689919550063
5.12253223943804	0.193587433510815	4.74197233989669	5.50309213897938
4.98712420919249	0.196573252078224	4.60069289687154	5.37355552151345
4.88777377699003	0.188845897266609	4.51664027390253	5.25890728007753
4.52050769254767	0.298520123606177	3.93267732953278	5.10833805556256
4.92174811153571	0.158035666645336	4.61136442458729	5.23213179848413
5.12213218965494	0.17399320815047	4.78034574270579	5.46391863660408
4.98584030452739	0.150479330489014	4.69038601169826	5.28129459735653
5.0037787355399	0.179954590916273	4.65018307055516	5.35737440052464
4.93850505567779	0.411204532506814	4.12840533893646	5.74860477241911
4.73052882531187	0.160077070375294	4.41630288396891	5.04475476665484
4.98532370751503	0.15250980086699	4.68588251736098	5.28476489766908
4.73786906776614	0.14824307786126	4.44685817625471	5.02887995927757
5.16632820184595	0.178590464638628	4.81563271212306	5.51702369156884
4.85808391499249	0.193547157076447	4.47761799312154	5.23854983686345
5.29663722539196	0.15646690983704	4.98956435544128	5.60371009534264
5.18043448576989	0.228261131777254	4.73151376309269	5.62935520844709
4.90089300255941	0.201084163367593	4.50567660185193	5.29610940326689
4.97314244113148	0.182641749802357	4.61446710901751	5.33181777324546
5.07298560196247	0.163924017740931	4.75120118086952	5.39477002305542
5.03048042649834	0.165797274501407	4.70498304767541	5.35597780532127
4.99543273636259	0.186381592827222	4.62916533251472	5.36170014021046
5.23436255840706	0.184894580493393	4.87100005189741	5.59772506491672
4.87777233919024	0.164031665953673	4.55567243203655	5.19987224634392
4.88170512012155	0.186503690895184	4.5153486457268	5.24806159451629
4.83752307692898	0.183109700764259	4.47780519454297	5.197240959315
5.00258295481292	0.139838753849513	4.72815666421322	5.27700924541261
5.22777967771905	0.214669509022277	4.80590117226668	5.64965818317143
5.07516537415629	0.156251491331588	4.76826355489047	5.38206719342211
5.51008097504237	0.274511616428399	4.97019594289428	6.04996600719046
4.92553927517228	0.180940936037713	4.57017266828317	5.2809058820614
5.02329247427428	0.158068632299678	4.71294410058905	5.33364084795951
5.18749854470001	0.18888581422311	4.81633962901707	5.55865746038296
5.08497869987317	0.199869274317188	4.69217198326929	5.47778541647705
4.97207723638133	0.25100080057841	4.47820287709828	5.46595159566438
4.75414452916281	0.164393849970787	4.43138289329642	5.07690616502919
5.03429660506197	0.16290872742581	4.71449839300454	5.35409481711941
5.10193087797383	0.159273631393432	4.78926901266193	5.41459274328574
5.06045508752965	0.20161146737789	4.66402129716683	5.45688887789246
4.99418903630555	0.2134866676285	4.57458374963341	5.41379432297768
4.93320995538431	0.194305090776889	4.55126802186651	5.31515188890211
5.13800929047339	0.189186737660665	4.7662339193662	5.50978466158057
5.1539248612383	0.176185125122219	4.8077637361017	5.50008598637489
4.8011584564728	0.152397769808232	4.50184493481776	5.10047197812784
5.00236098450868	0.15987649714033	4.68853144667358	5.31619052234378
4.93444258805334	0.153567508867341	4.63313669480324	5.23574848130343
5.24179182467441	0.168119265000336	4.91162819740722	5.57195545194159
4.92812449132072	0.194209971904327	4.5463835733162	5.30986540932524
5.04952976765354	0.158782887097371	4.73772359075825	5.36133594454883
5.00249584838831	0.175363996122169	4.65786364974506	5.34712804703157
5.2067390345474	0.175423311280307	4.86212335781064	5.55135471128416
4.95728856493911	0.195696844936958	4.57269226983154	5.34188486004668
4.92407718668847	0.206448170612275	4.51813680499865	5.33001756837828
4.71296426732649	0.287638076492517	4.14691062970691	5.27901790494607
4.82075236827483	0.145815559700862	4.53462899148126	5.1068757450684
4.87558200582884	0.32116835609468	4.2433426395641	5.50782137209359
4.99652063696962	0.187883448158196	4.62734239213316	5.36569888180607
5.20945998507205	0.249453816394854	4.71874312024227	5.70017684990183
4.85157556006444	0.205422761908915	4.44778145172955	5.25536966839933
5.00296504950487	0.155422304487903	4.69790436655125	5.30802573245849
4.9241678085305	0.218414975632008	4.4947967194694	5.3535388975916
5.0871174451864	0.159346202877995	4.77433353380091	5.39990135657188
5.41601373590336	0.20063012240492	5.0216563677036	5.81037110410312
4.9298662039413	0.185261984219398	4.56596686025929	5.29376554762331
5.25637498961263	0.142200853842658	4.97722194037276	5.5355280388525
4.95692847953306	0.172013727950967	4.61917050341554	5.29468645565059
5.13122245826763	0.20771392449126	4.72293527254277	5.53950964399249
4.94395903119435	0.169862857478666	4.61031083150454	5.27760723088416
4.98928283916325	0.236062083327168	4.52487811514688	5.45368756317961
5.16994584491405	0.163626718103261	4.84859040248685	5.49130128734125
4.89143311613924	0.185636217820257	4.52663227610781	5.25623395617066
5.040752543861	0.175578846341231	4.69595159139094	5.38555349633105
4.81338526380388	0.197884524020082	4.42435117810922	5.20241934949854
5.32255679834998	0.195958478609467	4.93749931152022	5.70761428517974
5.05448530106489	0.158591297007189	4.74330960365472	5.36566099847506
4.93336525380031	0.215929887066973	4.50866054050313	5.3580699670975
4.89130989697236	0.16916427057994	4.55912822543264	5.22349156851208
5.01165040269762	0.162938690492286	4.69166384326811	5.33163696212713
5.03672800625582	0.152072826254042	4.73825458218691	5.33520143032472
5.09671662540437	0.151303093911975	4.79974638045912	5.39368687034962
4.88635689068769	0.17840420558736	4.53592026189676	5.23679351947862
4.87444604377758	0.156513223514602	4.56710739096611	5.18178469658904
4.8657652188952	0.182463001377859	4.50731788050066	5.22421255728975
5.15207673148446	0.179487089737886	4.79937387033669	5.50477959263222
4.98581464498398	0.16436251957051	4.66311600831243	5.30851328165552
4.97481114860144	0.194413154149671	4.59271069485623	5.35691160234665
5.36450717655293	0.2052410446429	4.96117556292735	5.7678387901785
4.88186695377861	0.163360746331255	4.56101546170021	5.20271844585701
4.80575765410922	0.166957206739251	4.47783851242997	5.13367679578848
4.77422885294058	0.139324223865832	4.50082867828403	5.04762902759713
4.84138487742077	0.17721565403957	4.49319604018362	5.18957371465793
5.0320902955838	0.151943291812413	4.73381970140868	5.33036088975892
4.97660985608876	0.198084425038494	4.58716491064399	5.36605480153354
5.23739392142855	0.284804062561547	4.67696742200912	5.79782042084798
5.04580437524022	0.179046024261086	4.69388115918655	5.39772759129389
4.93304136167448	0.223674510072537	4.49312043942468	5.37296228392428
4.73371190046317	0.164900917734912	4.40983542194328	5.05758837898306
5.00481351487184	0.187226823254875	4.63689889860977	5.37272813113392
5.03033975194901	0.156329415241776	4.72344252205046	5.33723698184756
4.9758882162252	0.211441243994664	4.5602302090858	5.39154622336461
4.85917222689756	0.17399840174833	4.51746893179576	5.20087552199935
5.02827511065913	0.16049940839207	4.71319856900664	5.34335165231163
4.90840576160434	0.195163693322403	4.52502218448393	5.29178933872475
4.81499119632222	0.221572195854912	4.37925579296113	5.25072659968332
5.12001114909078	0.221437405693448	4.68448915394483	5.55553314423672
4.97399678682841	0.157849864676542	4.66424447704765	5.28374909660918
4.71721437606086	0.228513848691504	4.26790164958249	5.16652710253923
4.93390028696273	0.19059885771483	4.55926006950532	5.30854050442014
4.81244548332874	0.155845101550184	4.50640283439508	5.11848813226241
5.09650295495908	0.161177675046349	4.78005092588239	5.41295498403577
5.13615011296414	0.157693474207046	4.82651770004484	5.44578252588344
4.92145512100467	0.207417203940086	4.51345738545775	5.32945285655158
5.07481916649637	0.192675907830587	4.69625972030566	5.45337861268708
4.87527882699556	0.167204493399526	4.54711172309218	5.20344593089893
4.89134027246328	0.163466888617749	4.57029928436542	5.21238126056114
5.12556171873014	0.178137119294025	4.77557362373045	5.47554981372983
5.22050263950909	0.304604911372146	4.62090715243103	5.82009812658714
5.14490341885635	0.211979079661821	4.72796723455763	5.56183960315506
4.93703849239415	0.159373763323729	4.62388474290679	5.25019224188151
4.71069047550359	0.167481602663809	4.38193340962373	5.03944754138346
4.95903769563049	0.154652672337116	4.65544435678021	5.26263103448078
4.73662033289555	0.157585351970045	4.42727089602548	5.04596976976563
5.11405381881937	0.211947799969614	4.69726575637981	5.53084188125893
5.1679212469216	0.162133259464894	4.84969286616362	5.48614962767958
4.90180350235592	0.161604514307626	4.58443227865251	5.21917472605933
5.2972067912077	0.137759451091528	5.02697707584806	5.56743650656735
4.80318447024167	0.17921893063966	4.45102556391112	5.15534337657221
5.02527901227935	0.165461766256732	4.70033761676739	5.3502204077913
4.96930180420668	0.195331108777747	4.58531404149678	5.35328956691658
5.27558194465114	0.22564419989612	4.83171285874883	5.71945103055346
4.99937740863298	0.192386898333267	4.62119473404519	5.37756008322077
5.37869923905766	0.269198771414898	4.84924802546134	5.90815045265397
5.20164488001814	0.177667995256397	4.85243523572808	5.55085452430821
5.23309746179886	0.166199399369007	4.90671891233674	5.55947601126097
4.70184682653247	0.21630673319989	4.27635655690396	5.12733709616098
4.9857618372047	0.184674977597887	4.62288744941008	5.34863622499932
4.91027198571573	0.157713678546064	4.60070358915237	5.2198403822791
5.15834873978103	0.228413393484127	4.7091080067274	5.60758947283466
5.09030885354761	0.162112932569549	4.77197592885724	5.40864177823798
4.96360122244251	0.200012344488878	4.57043644636977	5.35676599851525
5.21338939571638	0.172419569381844	4.8749808381642	5.55179795326857
5.08929919566853	0.166324654659167	4.76275846556439	5.41583992577267
5.28095687746693	0.234437187035798	4.82001368737401	5.74190006755984
4.89755973679369	0.230676562337593	4.44365966236856	5.35145981121882
4.88661120430563	0.176145316353601	4.54061951367556	5.2326028949357
5.2005250204042	0.231904386457084	4.74428309665227	5.65676694415612
5.10628339781743	0.16734821963342	4.77767253065796	5.4348942649769
5.09388235336534	0.162213034621429	4.77548106438737	5.41228364234331
4.82169559987791	0.15978650877774	4.50809971517768	5.13529148457815
5.07146932200586	0.200541402329032	4.6773475792908	5.46559106472092
5.13868734690481	0.206650606519922	4.73245387118976	5.54492082261986
5.14296634484178	0.155374997509799	4.83795438381914	5.44797830586442
5.02094270252506	0.165315597948073	4.69621691788154	5.34566848716858
4.97293437515697	0.177882772001511	4.62347244429814	5.32239630601581
5.19513577608557	0.157033456842753	4.88693381066058	5.50333774151057
4.97988819990105	0.182365706100205	4.62162319930369	5.3381532004984
4.88313857047331	0.152861993119342	4.58305679215857	5.18322034878806
5.17253251287095	0.161628161421655	4.85521100290168	5.48985402284023
5.19347444544059	0.169710038752503	4.86009950697195	5.52684938390923
4.86941883601753	0.171038613277074	4.53363317170994	5.20520450032513
4.96129759775813	0.148023012091727	4.6708036747462	5.25179152077005
5.04830978845043	0.17504557563907	4.70448293774488	5.39213663915599
5.13129659311278	0.146712380968348	4.84337308672532	5.41922009950024
5.10606094647338	0.162884709063715	4.78623634212479	5.42588555082198
5.10639297414013	0.165832051840205	4.78066387230759	5.43212207597268
5.1314366700192	0.171169134424782	4.79523702198699	5.4676363180514
4.87757619707712	0.214707040155222	4.45535104653358	5.29980134762065
4.85530762418178	0.16981530740144	4.52207940854403	5.18853583981954
5.07450809368748	0.152730446730606	4.77470354194406	5.37431264543091
5.01855189420844	0.198043886570592	4.62921096770012	5.40789282071675
4.74272684290453	0.192386944833869	4.36450782554786	5.12094586026121
5.1204085319401	0.242971250249916	4.64247230893865	5.59834475494155
5.18059833554179	0.169109962421522	4.84839674826606	5.51279992281752
4.83292406208552	0.188293421159035	4.462892422592	5.20295570157904
5.14242334704007	0.170513372400347	4.80756325453386	5.47728343954628
5.04013407858142	0.179112366793108	4.68830425451774	5.3919639026451
5.17694680549417	0.202709605270253	4.77836313992375	5.57553047106459
5.28066414504084	0.198641802494539	4.8902619513136	5.67106633876807
5.095735629895	0.174346580537666	4.75346063659141	5.4380106231986
4.88596280894318	0.14993435704622	4.59149368829303	5.18043192959333
5.08393894701137	0.177044124918695	4.73618556708302	5.43169232693972
5.37311549941905	0.533624443103897	4.32164002600102	6.42459097283708
5.0664607388273	0.145955252421757	4.77993817782917	5.35298329982543
4.90011621175645	0.187231204421614	4.5322671963542	5.26796522715869
4.75678211825633	0.206761796579644	4.35029554284589	5.16326869366677
4.51720131777194	0.161845521198273	4.19957671786684	4.83482591767704
5.06827284321128	0.175801276716069	4.72300928271982	5.41353640370274
4.99704988312735	0.163550858549481	4.67578189282921	5.3183178734255
5.06639088550825	0.192963280666177	4.68710211214205	5.44567965887446
4.76580207182169	0.167350225325468	4.43712397044616	5.09448017319721
4.62014083740049	0.544335901726642	3.54745487145417	5.6928268033468
4.94797970140132	0.158021938907192	4.63781601946035	5.2581433833423
4.76097579016901	0.211301606658893	4.34545684126702	5.176494739071
5.03919929803457	0.174157293259317	4.69713979628896	5.38125879978018
4.91049763307592	0.196388978687064	4.52453425572944	5.29646101042239
4.66169860329828	0.157260640577376	4.35300671425842	4.97039049233814
5.01256049806375	0.176638723402341	4.66546746868114	5.35965352744637
5.01076251598109	0.174573510996983	4.66787634425614	5.35364868770605
4.93267574971183	0.159340116992396	4.61982404049013	5.24552745893353
5.04546086531554	0.172360178541908	4.70685788994636	5.38406384068472
5.40419015682473	0.284186669702152	4.84496307459599	5.96341723905348
4.70924511033156	0.289470027049493	4.13936010010706	5.27913012055607
5.06688755092418	0.169033579229641	4.73494234669601	5.39883275515235
4.86465558050891	0.160368558756237	4.5497181989159	5.17959296210192
4.83933128725636	0.191011671200952	4.46386691250975	5.21479566200297
5.07729406975469	0.168264928550416	4.74685182001278	5.40773631949661
5.03876851121353	0.203763037657752	4.6381043977169	5.43943262471017
5.05475047396064	0.168354141369742	4.72410221272107	5.38539873520021
5.00123214488673	0.167936365723925	4.67145443132482	5.33100985844864
5.20927987947689	0.178033285534129	4.85964614307776	5.55891361587601
4.85905577215613	0.155685387053213	4.55332040575245	5.1647911385598
5.02520302499863	0.199111631927919	4.63384247751269	5.41656357248458
5.02058423702626	0.211456094199452	4.60475610165464	5.43641237239787
5.13593156206042	0.175312507599042	4.79154873682944	5.48031438729141
4.92283142882484	0.17246322257296	4.5841050430902	5.26155781455948
5.28495472228071	0.167123234425309	4.95672061178369	5.61318883277772
4.995680007711	0.16991624902308	4.66197541024043	5.32938460518157
4.64653045832939	0.173783920858837	4.3053414130634	4.98771950359537
5.12345807774101	0.16107333548832	4.80734442407949	5.43957173140254
5.35252909819591	0.167715179862511	5.02314699541561	5.68191120097621
5.29717640414683	0.214564075804601	4.87548786113733	5.71886494715633
4.79968120350787	0.167467012910476	4.47075012674348	5.12861228027225
5.13004589294478	0.197389646538041	4.74221869108647	5.5178730948031
5.19993852997608	0.161058278277551	4.88377884337162	5.51609821658054
5.00405095484952	0.152697670387669	4.70431449907701	5.30378741062204
4.88859139089528	0.187745881546774	4.51974951770228	5.25743326408827
5.0152478154164	0.199113584747096	4.62388539259547	5.40661023823733
5.05854506118223	0.175844169884304	4.71319823432863	5.40389188803583
4.90056719861327	0.165065522777501	4.57646813922239	5.22466625800416
4.98156612947335	0.171930264186816	4.64394770941374	5.31918454953296
4.91351067805973	0.184186512140649	4.55159987942626	5.27542147669321
4.61503992524185	0.221890300522554	4.17863363274242	5.05144621774128
4.76045951139892	0.167434888600924	4.43160691912753	5.0893121036703
4.95451237737071	0.171183105698913	4.61839036593062	5.29063438881079
5.06956246892742	0.193987800697427	4.68835065600994	5.4507742818449
4.94620964977714	0.243208070025293	4.46781384262698	5.4246054569273
4.98537060618788	0.163674747309093	4.66401211562266	5.30672909675311
4.99774323556897	0.182113270843612	4.63999988131276	5.35548658982518
4.9650128470601	0.191995128205394	4.5877845965577	5.34224109756249
4.62399624892779	0.195054003983266	4.24052697552591	5.00746552232966
4.81053823027493	0.167253678464167	4.48200770152233	5.13906875902752
4.76984658366031	0.395417647540904	3.99083742224848	5.54885574507214
4.91651913999039	0.186035510332537	4.55094580126708	5.2820924787137
4.68632992779173	0.199313377037669	4.29433504045583	5.07832481512764
5.01379440244013	0.225194600078814	4.57119977869805	5.45638902618222
4.71263491014818	0.208768637928182	4.30215795396405	5.1231118663323
5.12918637345911	0.214587741669112	4.70728331675327	5.55108943016496
5.07351616859775	0.18652237428298	4.70700601981757	5.44002631737794
5.05347729083713	0.15150363418163	4.75609052778524	5.35086405388902
5.0440031316678	0.166147190699019	4.71756162812789	5.37044463520771
5.07976217997478	0.149893356717397	4.78567885562381	5.37384550432576
5.01949320275356	0.519209472744511	3.99631962222997	6.04266678327716
4.95006772641645	0.156755754091315	4.64234669163091	5.257788761202
5.14647772317508	0.158661026951032	4.83509054362633	5.45786490272383
4.8107024192841	0.145324444441532	4.52549912046549	5.09590571810271
4.74951217276361	0.225479979648459	4.30608204807406	5.19294229745315
4.70844408839713	0.158456187456075	4.39731460237449	5.01957357441977
4.90179767191963	0.166087659601895	4.57558852419543	5.22800681964384
5.25226060803381	0.145472670492857	4.966821902372	5.53769931369562
4.66279430473949	0.179041737285738	4.31108029244692	5.01450831703207
4.93331612855745	0.170257831273817	4.59888918969995	5.26774306741496
4.87797110330357	0.185530314269141	4.5135656264573	5.24237658014984
5.19712116851126	0.176210173766869	4.85104980827864	5.54319252874388
5.08644704159498	0.168644496728748	4.75507747497093	5.41781660821903
4.88259305947694	0.174490911708486	4.53974194458328	5.2254441743706
5.03404821277654	0.171911920266921	4.69640576080255	5.37169066475053
5.21074313239689	0.172117114399394	4.87279497102132	5.54869129377246
5.1030857749526	0.177223074126359	4.75501771640013	5.45115383350506
5.12192366440001	0.149579317555881	4.82840150453755	5.41544582426246
4.78339551135025	0.249284664196545	4.29292695251332	5.27386407018718
5.19532932758658	0.197898949576061	4.80639256240329	5.58426609276987
4.90859259218358	0.172897855246851	4.56894232557126	5.2482428587959
4.90501866612264	0.160781502849587	4.58936673337261	5.22067059887267
5.06621115311878	0.17415913423289	4.72402773435754	5.40839457188002
4.91014921919066	0.158190921976971	4.59970328962006	5.22059514876126
4.42171369874568	0.176100882285871	4.07578388555846	4.76764351193289
4.96513336368272	0.179433101983121	4.61240921032402	5.31785751704143
4.94134929749214	0.248495480183921	4.45231460301522	5.43038399196907
4.98498504799873	0.15848157616839	4.67389391823002	5.29607617776744
5.26958729096462	0.166551581338595	4.94254553991937	5.59662904200987
5.07383202379982	0.280244543691137	4.52207793821738	5.62558610938226
5.10046276715306	0.368579903124798	4.37460301459809	5.82632251970802
5.00736660254885	0.158498719956867	4.69618057042918	5.31855263466852
4.82423631533109	0.139691123794408	4.5500922739089	5.09838035675329
4.90760429516977	0.391149287630025	4.13721821517587	5.67799037516366
4.92533520295084	0.163452764209787	4.60429515979023	5.24637524611146
4.84345606641744	0.180930886720172	4.48811630717792	5.19879582565696
4.98168717728975	0.152458141967956	4.68242702391872	5.28094733066079
5.13311589319499	0.188155255725203	4.76350807312487	5.50272371326511
5.07089716872145	0.149558691430988	4.77727212123985	5.36452221620305
5.00874287462119	0.200218851708687	4.61517922654653	5.40230652269585
5.29496057769777	0.173216925699984	4.95486165426156	5.63505950113398
5.0342486200407	0.188809014207045	4.66332389190213	5.40517334817927
4.88684316994174	0.194807786612774	4.50399079309921	5.26969554678426
5.08056367708737	0.192517435213872	4.70218111451327	5.45894623966146
4.93180613593287	0.166880402771978	4.60408830986216	5.25952396200358
5.09977708610122	0.182988492259812	4.74032214847321	5.45923202372924
5.18927543207795	0.22977485840709	4.73734839949095	5.64120246466495
4.97611207533387	0.233262299780615	4.51731875410522	5.43490539656253
5.07735639027894	0.172771314827778	4.73811172391273	5.41660105664515
5.01162278975135	0.161074105873502	4.695283187696	5.3279623918067
5.08392207428804	0.160329552150904	4.76912806877463	5.39871607980145
5.05103659789151	0.161613834877721	4.73375037663951	5.36832281914351
5.17598749723255	0.19274503975439	4.79732223690628	5.55465275755883
4.88817762780312	0.18089330133529	4.53273820221649	5.24361705338975
4.82698347207271	0.195878086318446	4.44198559861673	5.21198134552869
5.12757270488927	0.157766927226866	4.81782084394265	5.43732456583588
5.14591323259928	0.184318790114426	4.78361782644536	5.50820863875321
4.90077334510016	0.19901466315885	4.50940723907257	5.29213945112776
4.85228903491819	0.170927071306868	4.51665667383655	5.18792139599983
4.74029424012772	0.198955213481304	4.34922740092801	5.13136107932743
4.97423824424347	0.19528965455037	4.59059938414785	5.3578771043391
4.6333842856769	0.18297654294299	4.2738625504739	4.9929060208799
4.95190133813832	0.148182005346309	4.66102194652065	5.242780729756
5.11546390567447	0.228365857884182	4.6662638571544	5.56466395419454
5.34592589739351	0.212250702521957	4.9286462746943	5.76320552009272
4.82850707815826	0.178785154481476	4.47726655223601	5.1797476040805
5.30882859376889	0.165807748177335	4.9832676774548	5.63438951008298
4.84769951366036	0.209903072869627	4.43496351389624	5.26043551342447
5.14836683881148	0.194874238829252	4.76531725903875	5.53141641858421
5.18181095479397	0.168868359940697	4.85000949735767	5.51361241223027
4.86802819295953	0.177375308843874	4.51965062133983	5.21640576457924
4.74685233480382	0.295367102737827	4.16521400885509	5.32849066075255
5.05335770422934	0.16329422938895	4.73274109895726	5.37397430950142
4.84370887919779	0.148262148032047	4.55267048778358	5.134747270612
5.07613226564252	0.149805697927169	4.78219659098304	5.37006794030199
4.79787098821291	0.20933920870467	4.38614974561514	5.20959223081069
5.44220702675337	0.376105367180797	4.70141783846719	6.18299621503956
5.20509299921975	0.220901480561135	4.77091305575667	5.63927294268282
5.03274216766188	0.155323456538218	4.72776934156356	5.33771499376021
5.03771465098464	0.151475933843861	4.74043601492229	5.33499328704699
5.25457112765049	0.175323816701498	4.91012620452308	5.5990160507779
5.14178358998098	0.213533116171477	4.72196815421592	5.56159902574603
5.17752877935676	0.164206279254594	4.85524841182237	5.49980914689115
4.86977498711387	0.177662403959343	4.52059663335043	5.21895334087731
4.98379659075096	0.174907763439955	4.64013627616257	5.32745690533935
5.0852134034275	0.163444913047492	4.76434964461936	5.40607716223564
5.07300744193665	0.175775101618571	4.72779936082219	5.41821552305112
5.08245887623489	0.159759946521867	4.76872655497994	5.39619119748983
4.88311994198358	0.167174584365353	4.55488677330526	5.21135311066191
5.03568310522634	0.167960877709496	4.70579485967236	5.36557135078033
4.96863009544245	0.218168650967175	4.5397227910206	5.3975373998643
5.00827032770581	0.206624420936244	4.60216318570327	5.41437746970835
5.05750880139456	0.202383150962016	4.65967501238878	5.45534259040034
4.7334194111066	0.151829208723005	4.43522403269942	5.03161478951378
4.94063596430748	0.19257761369888	4.5622556802301	5.31901624838487
5.09232585485946	0.161104622092851	4.77603628461762	5.4086154251013
5.22616247303995	0.225541552883791	4.7826088242441	5.66971612183581
4.94398338780323	0.17487873108527	4.60039548801611	5.28757128759034
5.32844676136031	0.213880419391067	4.90794757741021	5.7489459453104
4.86937447697221	0.208639701349229	4.45920270414873	5.2795462497957
4.70970995752907	0.178660659680141	4.35873011512638	5.06068979993176
5.195307291954	0.159970859319088	4.88126024489335	5.50935433901465
4.96146857557016	0.342974386542252	4.2861608523179	5.63677629882241
5.16008321401788	0.206503753117087	4.75425950008392	5.56590692795183
5.15135800717719	0.195641127746836	4.76694994631391	5.53576606804046
5.10755101209421	0.16870415646737	4.77619970255249	5.43890232163594
4.79695577588536	0.268139360621681	4.26929602258966	5.32461552918105
4.9128890624954	0.202962807520847	4.51383969210808	5.31193843288271
5.10817024958688	0.16953575221281	4.77511949215779	5.44122100701597
4.86524719512257	0.166959084736629	4.53738556515597	5.19310882508916
5.11505120920145	0.152041228265841	4.81663832875964	5.41346408964326
4.84852306500621	0.18290183562676	4.48900979565979	5.20803633435263
5.14482911271823	0.172793376534275	4.80547820611993	5.48418001931654
4.92736553175375	0.160654968080289	4.61198917665005	5.24274188685744
5.09577367340441	0.239431759667079	4.6248314053801	5.56671594142871
4.79698207683933	0.176131611265574	4.4511428638629	5.14282128981577
4.87861367621886	0.161048671441738	4.56233041004076	5.19489694239696
5.18861307661267	0.170482819139339	4.853823506057	5.52340264716834
4.8653171796874	0.239415364429236	4.39433937945353	5.33629497992127
4.87930705303059	0.17164421129644	4.54207387848909	5.21654022757209
4.82246709679907	0.195042564004612	4.43914704572058	5.20578714787756
4.60458622153204	0.266690516506565	4.07954316369213	5.12962927937194
5.00143665122288	0.171557379705872	4.66438019086195	5.33849311158382
5.04149055474763	0.1777099890587	4.69235014523026	5.390630964265
4.765773335368	0.202985097556169	4.36684936621071	5.16469730452528
4.79679529311058	0.168577596214978	4.465698494707	5.12789209151416
4.68306001938712	0.211362519556833	4.26752839795888	5.09859164081536
5.13969345962821	0.225035006395454	4.69710641703567	5.58228050222074
5.10801653663724	0.186077695772277	4.74232244822982	5.47371062504466
5.02345404833671	0.176982894166228	4.67589423409061	5.37101386258281
4.84772329428139	0.149669967310672	4.55392862620696	5.14151796235583
4.84293377821841	0.159938956415517	4.52889097571216	5.15697658072466
5.13158352288627	0.16869619071506	4.8002004962528	5.46296654951975
4.87263369897952	0.172946076806037	4.53285578382961	5.21241161412943
4.86473936866355	0.179269930050348	4.5126486237613	5.21683011356581
4.9747485153391	0.211636496178216	4.55855956225026	5.39093746842795
5.03504913107483	0.248731246007635	4.54557616538039	5.52452209676926
4.79331230502705	0.163841316959782	4.47160804772407	5.11501656233002
4.833986998869	0.198017767777614	4.44480792383175	5.22316607390625
4.94897755674444	0.169583331312861	4.61571756933643	5.28223754415245
4.86977407534926	0.154398012999823	4.56659256206264	5.17295558863589
5.23474324291949	0.160620333693419	4.91947136737941	5.55001511845958
4.87087255762836	0.219673330595858	4.43885274001234	5.30289237524438
5.24782929366816	0.22338065993184	4.80851972811527	5.68713885922106
4.96621274379979	0.178272749834951	4.61589357219747	5.31653191540211
4.83305765745518	0.163466572671611	4.51216472308866	5.15395059182171
4.92838319282896	0.15753119354039	4.6190365804884	5.23772980516951
5.03135898121421	0.20505622733692	4.62831364876784	5.43440431366059
4.92852166273383	0.162539914856202	4.60935396354902	5.24768936191865
5.07354570615587	0.189033656386173	4.70204775595895	5.44504365635279
5.39541548485489	0.29871060875075	4.80783609488766	5.98299487482212
5.0020091135592	0.210051527878719	4.5889248360487	5.4150933910697
5.12828412827905	0.168626564330725	4.79714566376725	5.45942259279086
5.2283125000426	0.17301467323145	4.88857639616751	5.5680486039177
4.89488658122849	0.18780110141108	4.52585541151905	5.26391775093793
5.16689683257598	0.153011938058061	4.86656663272055	5.46722703243142
4.94250251516249	0.204539332633605	4.54024896258802	5.34475606773696
5.18695587562727	0.203419205559029	4.78705085458422	5.58686089667033
4.91806865926723	0.159971464817999	4.60404335622881	5.23209396230566
4.84530740402224	0.175012728133469	4.50155343474245	5.18906137330203
5.09077745056168	0.147779924580724	4.80070162662729	5.38085327449608
4.90617458807277	0.231734431055689	4.4503308292422	5.36201834690334
5.132600903249	0.151122624593285	4.83589967352556	5.42930213297245
5.02065379231026	0.154383085810879	4.71761700763993	5.32369057698059
5.39539424303648	0.197817372048962	5.00673640490209	5.78405208117086
4.88579919539804	0.1638580588873	4.56410930411488	5.20748908668121
5.10749434506363	0.162569226239427	4.78827560991088	5.42671308021639
4.80173594299512	0.172951490588067	4.46184319566394	5.14162869032631
5.15267924210325	0.172081786889858	4.8148234704958	5.4905350137107
4.92586600180244	0.179107495963742	4.57398847403268	5.2777435295722
5.31442156636709	0.180048754633384	4.96070672254103	5.66813641019315
5.0840734957332	0.15799984211908	4.77398903999794	5.39415795146846
4.9086993665525	0.144122083176356	4.62589084205069	5.19150789105432
5.1759077386067	0.160589858020221	4.8604971762399	5.4913183009735
4.58876540693586	0.196286970944317	4.20315989194374	4.97437092192797
4.89918863593835	0.159946436989838	4.58513272710519	5.21324454477152
4.80986577241761	0.308635784869802	4.20220538708972	5.41752615774551
5.04965149140582	0.212260363167571	4.63235347303197	5.46694950977966
4.76652474044937	0.351944913508337	4.07339896158617	5.45965051931257
4.95403544489918	0.205050764237015	4.55083696282581	5.35723392697256
4.79858147361357	0.169062112421113	4.46650771793939	5.13065522928775
4.86553826744145	0.158282834314555	4.55494618571418	5.17613034916871
4.77406051709621	0.163947011358872	4.45226090643691	5.0958601277555
5.19583027697207	0.157834352741665	4.88584364953134	5.50581690441279
4.985082801413	0.152755965168396	4.68513713290448	5.28502846992153
5.08608131794425	0.162721078345366	4.76682262671078	5.40534000917773
5.00442627886669	0.211547373997288	4.58866806979115	5.42018448794224
4.93403800999324	0.184663415219148	4.57105260548909	5.2970234144974
5.14568158370355	0.159914575825143	4.83174681716795	5.45961635023916
4.79464867913137	0.154143885840723	4.49204216374447	5.09725519451828
4.78820495690028	0.185729785496929	4.42318643986696	5.1532234739336
5.13863245288813	0.158798217276186	4.82675376123847	5.45051114453778
5.05142698732665	0.183257538595848	4.69135857480341	5.4114953998499
5.33735005229734	0.162675593708142	5.01788653693854	5.65681356765615
4.9795466025463	0.150399555307274	4.68427969715977	5.27481350793283
4.91007425438757	0.162553253726838	4.59083778951372	5.22931071926143
4.91499134089611	0.167044833442405	4.58692371400343	5.2430589677888
4.68457389296414	0.153287580228552	4.383601957381	4.98554582854728
4.72848149852798	0.173716428795975	4.3873018621466	5.06966113490937
5.17122616297963	0.200650577968552	4.77682671822934	5.56562560772992
5.07682756060386	0.189903050687309	4.70384676665492	5.4498083545528
4.99243477993382	0.196002174101905	4.60732395913577	5.37754560073187
4.78810357294794	0.153431454156685	4.48684997332845	5.08935717256742
4.90110489392648	0.52147862782434	3.87356714529687	5.92864264255609
5.25237553769022	0.159189820741935	4.93982352593479	5.56492754944565
4.85256577343324	0.208451176732668	4.44275331502699	5.2623782318395
4.98747498196734	0.184785452780363	4.6243233831086	5.35062658082608
4.77029110212818	0.18183914091302	4.41300123203905	5.12758097221731
4.99759878298396	0.220987971506826	4.56308573484695	5.43211183112097
4.974087663565	0.192542256377804	4.59577299831988	5.35240232881011
5.25704426794576	0.187560288008091	4.88840320069018	5.62568533520134
5.17310500865553	0.188950000865148	4.8017917124779	5.54441830483317
4.84328834247138	0.176921677740948	4.49569266520213	5.19088401974063
5.16920990433935	0.337895774651725	4.50381591237011	5.83460389630859
5.02742897272811	0.217258134868237	4.60018280169794	5.45467514375829
4.62489841018517	0.159954281701282	4.31086651430645	4.93893030606389
5.18326725176383	0.149705713285363	4.88940253793762	5.47713196559004
4.90814282870602	0.160086645626508	4.59388423975943	5.22240141765261
5.37909915818116	0.19594785849499	4.99406610241351	5.76413221394881
5.08898964327578	0.199221855491947	4.69726553075314	5.48071375579843
5.27485479137997	0.198815319761936	4.88400914718567	5.66570043557427
4.98339080135777	0.18594413168726	4.61806987560762	5.34871172710792
4.93091480897419	0.193392898263673	4.55099065610391	5.31083896184448
5.37433385957779	0.154153201771533	5.0716952601715	5.67697245898409
4.57336303063323	0.229205307766447	4.12260866388495	5.02411739738151
5.25371024580757	0.224611738965261	4.81190538379948	5.69551510781567
5.09456388443161	0.161981476996533	4.77647494805273	5.41265282081048
5.11798046299206	0.18049188783442	4.76344666513836	5.47251426084575
5.09378236161169	0.140755757799767	4.81753128181728	5.3700334414061
4.73350203559812	0.155685983307185	4.42785691491304	5.03914715628321
4.73232223885925	0.179131098376223	4.38047801203722	5.08416646568127
5.30743833684633	0.166535373879619	4.98036921440546	5.6345074592872
5.10693883396546	0.200959300251962	4.71204923462643	5.50182843330449
4.90487740885293	0.141138413737212	4.62796520808988	5.18178960961598
5.15958169564044	0.318056372106106	4.53355423013407	5.78560916114681
5.18982639226494	0.170892904390474	4.85430105120741	5.52535173332247
4.95669857031816	0.252215316986457	4.46067067136992	5.45272646926639
5.25758955918184	0.159120049319827	4.94513062231675	5.57004849604693
4.8180596800847	0.238821937226081	4.34837674744202	5.28774261272738
5.23042120238258	0.25788125533762	4.72316138040802	5.73768102435714
5.07911003418079	0.183372779502839	4.71870343373591	5.43951663462568
5.00641767794523	0.152111872211698	4.7076978033352	5.30513755255526
5.08194965889066	0.146412178455323	4.79468702229665	5.36921229548466
4.96422435590575	0.19723315266031	4.57646067424489	5.35198803756661
5.11648148467342	0.203015182058301	4.71738884307349	5.51557412627336
4.79725446199225	0.190825015294026	4.42224880312339	5.17226012086111
5.06542708473578	0.143960948269086	4.78289270482734	5.34796146464421
4.84666570461062	0.182571474458667	4.48799566766927	5.20533574155197
4.87069711007303	0.195259300489444	4.48694714388714	5.25444707625891
5.05916387062716	0.252365030760729	4.56261133948322	5.5557164017711
4.72093469882357	0.176484173794037	4.37405217513939	5.06781722250775
4.91819926267972	0.187794977059612	4.54928914812182	5.28710937723763
4.84209370273417	0.205428264788561	4.43836207282996	5.24582533263837
5.07309788372848	0.151648080867888	4.77542541241525	5.37077035504171
4.98476482565483	0.207077698642365	4.57762544881191	5.39190420249774
4.94564688534375	0.152321332006464	4.64670711204699	5.24458665864051
4.84785013256764	0.185715496521183	4.4829365240486	5.21276374108667
5.12552677801325	0.17602554548235	4.77953846066415	5.47151509536234
4.96898493174273	0.181846055802105	4.61177600847191	5.32619385501356
5.14429336283063	0.165737924151181	4.81885172189624	5.46973500376503
4.87783947455371	0.170444375179435	4.54310737862413	5.21257157048329
4.99174408759811	0.264387729599869	4.47148360412371	5.5120045710725
4.90192440771246	0.201303258707616	4.50626481127151	5.29758400415341
4.93088787299328	0.176665425843807	4.58366311040601	5.27811263558055
4.9558384387876	0.185275339722442	4.59174254476096	5.31993433281423
4.89576348681242	0.194446821519297	4.51358361619559	5.27794335742924
4.94657911596252	0.193570724367914	4.56637542398344	5.32678280794161
4.95929624093746	0.166981881718006	4.63134161101072	5.2872508708642
5.02707616794213	0.182251847295938	4.66892357085903	5.38522876502522
4.83323790120597	0.189238155318029	4.46140266918694	5.205073133225
5.10615956563689	0.157689436554997	4.79661265308951	5.41570647818426
4.89092611200744	0.243013269468648	4.41296250410447	5.3688897199104
5.08668321344696	0.198263503245232	4.69701282956274	5.47635359733117
4.90881332389755	0.155870709561189	4.60291033695259	5.21471631084251
4.97754920556016	0.172793014405521	4.6381350471554	5.31696336396492
4.99522931333125	0.239142285458147	4.52487219017092	5.46558643649158
5.04791866994161	0.193527285696397	4.66773304375651	5.42810429612671
4.80312652064962	0.147840294807379	4.51300739029605	5.0932456510032
4.93780039936631	0.174084341422731	4.59589702578334	5.27970377294928
4.80007844519286	0.163704986417434	4.47870205910837	5.12145483127735
4.99794367121088	0.159560003688249	4.68463068344657	5.31125665897519
4.86061775496015	0.203789303410495	4.45999070212261	5.26124480779769
5.05100384742127	0.155947288411604	4.74487688324987	5.35713081159266
5.0323314264087	0.170961783810171	4.69664819680189	5.3680146560155
5.31237799984742	0.157171177592857	5.00385729999327	5.62089869970158
5.22375056987185	0.181173672106525	4.86773031291751	5.57977082682619
5.00298163318721	0.154114635761251	4.70051093543739	5.30545233093703
5.04980270419222	0.212632925187506	4.63186457794756	5.46774083043689
5.01683450295128	0.162512096972419	4.6978372685106	5.33583173739196
5.10561114160061	0.160485348022124	4.79047789952531	5.42074438367592
4.98088149184899	0.174242101394932	4.63850878497487	5.32325419872311
5.12643871145628	0.171239512881547	4.79018517743121	5.46269224548135
5.02487827638231	0.19417026148927	4.64314699118179	5.40660956158282
4.99236839025868	0.186224466853032	4.62639081405838	5.35834596645898
5.21372624236614	0.239400557817445	4.74272110691057	5.68473137782171
4.83236455918127	0.180581634934564	4.4776413996261	5.18708771873644
4.70687693488341	0.184547028784189	4.34416197919026	5.06959189057656
5.15081276057509	0.243315760607851	4.67215916941579	5.62946635173439
5.32154753822527	0.175805130452511	4.97618014175427	5.66691493469627
5.19806046116599	0.155968421767477	4.89185241192938	5.5042685104026
4.79144049433011	0.160503061485173	4.47638920921	5.10649177945023
4.82042415045224	0.155542008514281	4.51518615006817	5.1256621508363
4.98015194903759	0.195082012160648	4.59664391031915	5.36365998775602
5.17016610729075	0.196477958966294	4.78395502441912	5.55637719016239
5.31295493358007	0.197929015606513	4.92388109756753	5.70202876959261
5.18203176088096	0.203076362975042	4.78282512986897	5.58123839189296
4.57532580457175	0.208511355170403	4.16537997837021	4.98527163077329
5.06329325110347	0.256752947734088	4.55835946987953	5.56822703232741
4.99498587409652	0.143010282389622	4.71436906947837	5.27560267871468
4.992797003127	0.188524689548043	4.62237906084452	5.36321494540947
4.97933714870933	0.175216373739051	4.63506887709432	5.32360542032433
5.1160478075114	0.140560749575729	4.84024686094772	5.39184875407507
5.02151859221746	0.165807606579441	4.69595757090431	5.34707961353062
5.16409471297946	0.174935614883855	4.8205755831096	5.50761384284932
5.29681961360955	0.182332270947846	4.93849883479514	5.65514039242395
4.91985257659396	0.166521576567512	4.59293420306304	5.24677095012487
5.16007729990393	0.166625241842788	4.8329602748918	5.48719432491606
4.81450820151291	0.193221668327846	4.43476515691267	5.19425124611315
5.11430310913924	0.173014732024112	4.77446604641675	5.45414017186174
5.020225850765	0.205837351374797	4.61579965587904	5.42465204565096
5.26248687249693	0.323384052972671	4.62572847203323	5.89924527296063
4.95413705955487	0.177020075690546	4.60645271790628	5.30182140120346
4.93671936212805	0.177027432672555	4.58900597057694	5.28443275367916
5.28841186981109	0.174992768635815	4.94482792027458	5.63199581934759
4.7288471600416	0.220910978726113	4.2942806239499	5.16341369613329
5.27145019051719	0.159431897856188	4.95866603877715	5.58423434225724
5.05843798226545	0.273902949858276	4.51939891841197	5.59747704611893
5.10960612341927	0.188664706269199	4.73886863837618	5.48034360846236
5.34019447927137	0.171438458421421	5.00339295499441	5.67699600354834
5.21436286341465	0.149742055751379	4.92057904655711	5.50814668027218
5.16040042255451	0.15414744606192	4.85780831744574	5.46299252766328
4.87437890935699	0.193994864844314	4.49294271086151	5.25581510785247
5.12537679082355	0.18088094790577	4.76994619698256	5.48080738466454
5.29235583569118	0.260195704471595	4.78043254360595	5.8042791277764
4.81567046949426	0.15232859511454	4.51663528137854	5.11470565760998
4.9915025847779	0.191996158138819	4.61407761399017	5.36892755556562
5.41334192448428	0.177502075553228	5.06457891371035	5.76210493525821
4.62072276657893	0.173053971691614	4.28090979456856	4.96053573858931
5.23359571140135	0.17547795891216	4.88886363257832	5.57832779022438
5.00184135975431	0.166962595054483	4.67400496511138	5.32967775439725
5.02347893887226	0.205022806844859	4.62035670879739	5.42660116894713
4.86495257714302	0.166791591015775	4.53739228931149	5.19251286497455
4.88761320952429	0.167761408973002	4.55811562028826	5.21711079876031
4.99153311311803	0.205027829830524	4.58839885295068	5.39466737328538
5.03089525104355	0.2226347942362	4.59298878063387	5.46880172145323
5.11794870398174	0.157545030064167	4.80866992830303	5.42722747966045
5.0851731137358	0.163049819233978	4.764938295133	5.40540793233859
5.14427501419249	0.309750971521075	4.53446573192735	5.75408429645763
5.23720209956851	0.158108911255079	4.92689317644944	5.54751102268759
4.97853733847428	0.221965136124061	4.54202369452968	5.41505098241887
4.70444650771789	0.179228241570333	4.35222505599644	5.05666795943934
5.21638547983776	0.230904175515293	4.76234742784977	5.67042353182576
5.13184765707829	0.161422968982561	4.81493235523469	5.44876295892189
5.06877311660699	0.164924352797391	4.74499560386568	5.39255062934829
4.99932577598697	0.185425891776489	4.63499896424823	5.3636525877257
4.97889922201889	0.21212125526699	4.56153198137757	5.39626646266022
5.08215831508493	0.140865046466979	4.80577314653818	5.35854348363168
4.96526653296872	0.165966242733365	4.63929689658176	5.29123616935568
4.9476534940358	0.167007396914019	4.61958830253235	5.27571868553925
5.0766632554165	0.187771243175596	4.70750347922538	5.44582303160762
5.18209424468836	0.184432268467901	4.81977878941686	5.54440969995986
5.03167909728973	0.192665244776191	4.65317827728843	5.41017991729102
4.67598178825614	0.22906099709959	4.22531206987863	5.12665150663366
5.05938833961028	0.22537376891752	4.61616599134864	5.50261068787192
5.10787307720551	0.19202687499181	4.73059632249921	5.48514983191181
5.16522582030293	0.154341133091413	4.86220025452635	5.46825138607952
5.09486264115516	0.155591157567987	4.78938336180817	5.40034192050215
5.07954254380224	0.151918034353959	4.78140368292589	5.37768140467859
5.00237428043328	0.149292679863805	4.70940990448254	5.29533865638402
5.14839569208152	0.190532039301511	4.77414728525192	5.52264409891113
4.98277945696713	0.18123103858428	4.62676973166976	5.33878918226451
5.15856305198892	0.154983434427606	4.85449556861252	5.46263053536532
4.92750694559743	0.142629132207585	4.64757105568502	5.20744283550983
4.7237621621344	0.170362153502481	4.38913774139947	5.05838658286934
5.05653087171464	0.166157324323119	4.73014760865944	5.38291413476984
4.59510671764453	0.165878273066555	4.2693996652811	4.92081377000796
5.24858168938389	0.283906005647511	4.68979549750231	5.80736788126547
4.96520323205844	0.168511401808127	4.63439505161356	5.29601141250332
5.14896980613713	0.174751996180579	4.80578771920257	5.49215189307169
5.05610146315771	0.193244487080798	4.67621799513584	5.43598493117957
4.87151950712897	0.159643033122982	4.55812433421973	5.18491468003821
4.96545542885198	0.335813717534419	4.30396483387713	5.62694602382682
5.17395086845902	0.176430723900953	4.82750235076438	5.52039938615365
5.13907426391943	0.186197026320097	4.77325059297706	5.50489793486181
4.8687591415018	0.180877375080882	4.51340122096609	5.22411706203751
4.87740267838721	0.188711651234261	4.50652993776862	5.24827541900581
5.25277795832189	0.153198004259956	4.95193844174141	5.55361747490237
4.92365190238332	0.183221649160029	4.56334898575891	5.28395481900772
4.79370448554929	0.144579874161802	4.509992159486	5.07741681161258
4.84437362256602	0.247838252886383	4.35680311638423	5.33194412874781
4.93352570505807	0.157007415358043	4.62531223109393	5.24173917902221
4.83565271435405	0.205769275073335	4.43127532477567	5.24003010393243
4.93816810276948	0.198362761171136	4.54816933355196	5.32816687198701
4.87351623098943	0.182242982020141	4.51555404542971	5.23147841654914
4.81194288456282	0.384681276001089	4.05404955523137	5.56983621389426
5.15971498656948	0.263272022703751	4.64164948779698	5.67778048534199
4.88420175274675	0.264797675310154	4.36302748584866	5.40537601964484
4.89896516044131	0.202199720805849	4.50137449638858	5.29655582449405
4.97892036114422	0.192887668762223	4.59971773452044	5.358122987768
4.97732912456336	0.215460354939919	4.55387321954791	5.4007850295788
4.78956357430025	0.166085811455487	4.46348439879211	5.11564274980839
4.69534851428615	0.195319843710957	4.31173864254057	5.07895838603174
4.76204631085817	0.150454926763446	4.46673185484981	5.05736076686654
4.93095096036836	0.158615881978419	4.61963338717322	5.24226853356349
4.83671944262603	0.170868549023864	4.50122672896509	5.17221215628698
5.0144050335337	0.14946658326864	4.72096045305395	5.30784961401345
4.84534388230936	0.160204244584068	4.5307743403673	5.15991342425142
4.97964032333437	0.180417339680625	4.6253029828043	5.33397766386444
4.95449084371043	0.185838358640393	4.58923494734159	5.31974674007926
5.11889829609016	0.162044005458826	4.80079856261296	5.43699802956737
4.75834453995626	0.186087268671377	4.39259316536086	5.12409591455167
4.57525764036833	0.344982308105414	3.89592398918994	5.25459129154671
5.24312921680904	0.183296818213586	4.88314737690428	5.60311105671379
4.96020843380111	0.173446102257124	4.61958679026566	5.30083007733655
4.93127110690541	0.221274062873845	4.49612325242842	5.3664189613824
5.21552132403336	0.200959484840504	4.82050127695868	5.61054137110804
4.92562582443021	0.166827341631626	4.59803158775168	5.25322006110873
4.81111745030336	0.167229075601613	4.48274766113545	5.13948723947126
5.15359067889765	0.170698401750417	4.81832517187429	5.48885618592101
4.97088241317204	0.214426590027172	4.54918249987541	5.39258232646867
5.08333910300972	0.181461537998359	4.726838192925	5.43984001309444
5.14920494268934	0.241223304802897	4.67452446638454	5.62388541899415
4.97485519425716	0.167798283958112	4.64525176452722	5.3044586239871
5.04076631411742	0.246014345956887	4.55688123696043	5.52465139127441
4.90155185099299	0.140518446986711	4.62588386763175	5.17721983435422
5.34605261948424	0.38626801804546	4.58526851860703	6.10683672036146
5.1200124322699	0.157572275408382	4.81061703498641	5.42940782955338
4.91630969690781	0.157051347882103	4.6078947183146	5.22472467550103
4.90550331354009	0.179721548180393	4.55254425528916	5.25846237179102
4.84935460370459	0.155291592929101	4.54445638556021	5.15425282184897
5.05541591884581	0.163342920127761	4.73453751694955	5.37629432074208
5.09083683934008	0.171711015943933	4.753657737566	5.42801594111416
5.00871181516759	0.160679790985223	4.69325787523751	5.32416575509767
4.75341673555475	0.210143125495562	4.34018184239272	5.16665162871678
5.15891002284735	0.167026673572233	4.83098581264514	5.48683423304955
5.21363049733486	0.174068696018844	4.87174088469181	5.55552010997791
5.24052301284301	0.145360546899926	4.95520966243871	5.52583636324731
5.03749821533606	0.193332432040619	4.65759256524218	5.41740386542994
4.96740219550404	0.143704170432428	4.68531142276675	5.24949296824134
5.04364191712272	0.184213114834693	4.68168171795563	5.40560211628981
4.92201900218715	0.156603281327676	4.61467207628373	5.22936592809056
5.08892044424285	0.174226723789466	4.74679119560697	5.43104969287873
5.22573858980712	0.159501617879061	4.91257617888868	5.53890100072556
4.58626019911519	0.211815648394893	4.16988596660328	5.0026344316271
4.97127985565828	0.161055539361848	4.6550022622573	5.28755744905925
5.10076828889656	0.14711127070181	4.8120211135228	5.38951546427032
5.02712871624133	0.166754341764064	4.6995446920435	5.35471274043915
4.81784612947664	0.153741427792337	4.51603814126089	5.11965411769239
5.06995198936513	0.157150063413011	4.76151645755176	5.3783875211785
5.02838422512404	0.187701720805403	4.65966127728384	5.39710717296425
4.86166893785088	0.190145927233785	4.4879504851048	5.23538739059697
5.04982393472004	0.208143275929483	4.64054663952895	5.45910122991113
5.03588742246657	0.20158210488236	4.63977859770266	5.43199624723048
4.91859278612226	0.179789154555946	4.56553264156528	5.27165293067923
4.96996448454094	0.165843388143401	4.64411948564673	5.29580948343514
4.82761853515463	0.170717132356897	4.49255664517765	5.1626804251316
5.00166634223998	0.21037567669856	4.58819767202888	5.41513501245109
4.75171440931148	0.180900688244889	4.39641969621349	5.10700912240946
4.75459122829889	0.155184110316742	4.45001224835833	5.05917020823944
4.88996140469977	0.161343022202676	4.57312765511282	5.20679515428671
5.15679044277031	0.354863234128118	4.4578800966585	5.85570078888211
5.12260349093641	0.156434459603909	4.81559038648054	5.42961659539229
5.18576081184587	0.196522410953346	4.79945460673403	5.5720670169577
5.00851919071271	0.172457459538828	4.66982221282213	5.3472161686033
5.04000192356011	0.186970663787128	4.67284255966504	5.40716128745517
5.09653977334456	0.198523408109774	4.70635237521024	5.48672717147888
4.99675915975622	0.178070712309043	4.64703897388143	5.34647934563101
4.96136907792913	0.190173937096395	4.58764923748318	5.33508891837508
5.07350136896582	0.286081204430271	4.51053170846722	5.63647102946443
4.95760320368295	0.155874741192383	4.65155875212861	5.2636476552373
5.16798483926663	0.172124182649985	4.82993959776015	5.5060300807731
5.0291429907728	0.179847481179784	4.67570926269141	5.3825767188542
4.86450495197973	0.178056304876146	4.51466646593448	5.21434343802499
4.9106906455848	0.16172753341177	4.59308989796486	5.22829139320474
4.93496519485412	0.270714054102394	4.40198099080258	5.46794939890566
4.82562384610084	0.190141079678517	4.45195809645	5.19928959575167
5.0351698400371	0.172343677826075	4.69666545310765	5.37367422696656
5.15956725680189	0.22368917899018	4.71959530081392	5.59953921278986
5.14039039309469	0.153837158929746	4.83844636210241	5.44233442408697
5.07439375974828	0.173034080168059	4.7345520665791	5.41423545291746
5.02664122147463	0.174832419916264	4.68331940249539	5.36996304045388
5.4440401045015	0.180283616045069	5.0898815946253	5.7981986143777
4.77748452722584	0.164916557559361	4.45372886329756	5.10124019115412
5.15094968604407	0.208010170745366	4.74212265842369	5.55977671366445
5.08951140243771	0.145865378851102	4.80327404316741	5.37574876170802
5.06284438308286	0.266128709900956	4.53913749816118	5.58655126800454
5.05789115032922	0.173611559125079	4.71682494653012	5.39895735412832
5.16128661744306	0.146076347833195	4.87461049694475	5.44796273794136
4.97035047121753	0.164097818776877	4.64823470458514	5.29246623784992
4.922583939273	0.151987024924131	4.62433948350514	5.22082839504086
4.95439291973034	0.184821737509944	4.59113924251524	5.31764659694544
5.02414442133522	0.185652669942248	4.65950335963874	5.38878548303169
4.96359566764411	0.147837159358647	4.67334331071264	5.25384802457558
5.28161894244058	0.205340046028918	4.87794044480847	5.68529744007269
5.4051842194836	0.193419811836445	5.02509692436326	5.78527151460394
4.99596023163297	0.202293247255261	4.59839883480976	5.39352162845619
5.01990696243194	0.156119280591029	4.71365025110245	5.32616367376143
5.05382229677978	0.142003390301686	4.7751795164495	5.33246507711005
5.11623323974842	0.163068568202511	4.79598724338454	5.43647923611229
4.98398590954202	0.149178845150482	4.6912138276425	5.27675799144153
5.00787004208201	0.171718593934067	4.67061404670607	5.34512603745795
5.01188508145968	0.231274445010759	4.55704203214014	5.46672813077923
5.04938829253905	0.188835187733479	4.67836144560515	5.42041513947295
5.14971389335035	0.18698532614074	4.78229240497759	5.5171353817231
4.90287671383528	0.191304530604444	4.52685638991122	5.27889703775934
5.15352228588114	0.157405882044307	4.84439714030855	5.46264743145374
5.03397759900743	0.226873395475085	4.58803580141027	5.47991939660458
4.86374889910174	0.178081209213631	4.51380005503663	5.21369774316685
4.95600070603516	0.173708818947817	4.61481557425708	5.29718583781325
4.71899442613405	0.175136306659555	4.37509089358375	5.06289795868436
5.16859800016412	0.273589810486404	4.63025937129729	5.70693662903096
4.76371853234928	0.152530619065857	4.46424106003498	5.06319600466358
4.98589038045834	0.173772510458265	4.64439867926241	5.32738208165426
5.14544301942604	0.137363166675177	4.87595929105575	5.41492674779633
4.83250207689243	0.155069639310281	4.52811099441061	5.13689315937426
4.75139036405134	0.17326708543096	4.41106441678631	5.09171631131637
4.93376209586677	0.1943778893472	4.55189202805633	5.3156321636772
4.85116518169487	0.148848454189115	4.55892980399605	5.14340055939369
4.99792130473854	0.234343990104886	4.53697384708429	5.4588687623928
4.73936911356781	0.167155700521023	4.41104202787002	5.0676961992656
5.11274401342089	0.16138629872607	4.7959468176616	5.42954120918019
5.00135442533506	0.21184041263584	4.58468459753136	5.41802425313876
5.22794445811491	0.204507612578113	4.82595029382974	5.62993862240008
4.98047691982669	0.199223327113534	4.58894478478806	5.37200905486532
4.9457630720481	0.14793147854036	4.65543616320646	5.23608998088973
5.23076082091764	0.202076354382756	4.8335722148251	5.62794942701018
4.89637949354258	0.193655449153239	4.5156777551368	5.27708123194837
5.29522294298232	0.227413460483002	4.8479271765392	5.74251870942545
4.95969131783622	0.17637009007291	4.61306237819641	5.30632025747604
5.04608171142662	0.217042765598266	4.61927204243841	5.47289138041484
4.97153424122479	0.152324257020332	4.67246289542164	5.27060558702794
5.02283300919954	0.190622327330294	4.64810902678534	5.39755699161373
5.03778931139942	0.221153811389941	4.60284080238289	5.47273782041594
5.21340524374192	0.173167373177203	4.87339722723727	5.55341326024657
4.76373635234149	0.21760032396612	4.33595135256111	5.19152135212188
5.15518680500865	0.192169551053039	4.77772189104775	5.53265171896955
5.07910188855285	0.202793238438062	4.68033090087179	5.4778728762339
4.84410043408719	0.178813609445158	4.49291633621686	5.19528453195752
5.04919377987442	0.159440869370114	4.73605930278703	5.36232825696181
5.01077302086034	0.172510171784054	4.67195923995544	5.34958680176525
5.09889203930603	0.165770792042145	4.77329985031395	5.42448422829811
4.75236465187312	0.194122520988763	4.37081907373691	5.13391023000933
5.17113178824177	0.210828232692895	4.75665472049853	5.58560885598501
4.98384242967124	0.194313063701871	4.60180543908622	5.36587942025625
5.01925191695006	0.185103104305325	4.65556423215214	5.38293960174798
4.84978519680916	0.147082429943496	4.5609686467654	5.13860174685292
5.05765629400266	0.170731433145469	4.72232301258958	5.39298957541575
4.91970020293537	0.170928723962271	4.5840409130633	5.25535949280745
5.03439810606981	0.165046185000563	4.7103115276062	5.35848468453342
4.93435462265729	0.158424902764983	4.6231526587443	5.24555658657028
4.9373338932633	0.15271241902076	4.63758469633793	5.23708309018867
5.27041282286257	0.157331121861509	4.9616897157023	5.57913593002284
5.325542040589	0.226375661932026	4.88050980141531	5.7705742797627
5.41070616744121	0.232525599429438	4.95348709852955	5.86792523635287
5.11466869480274	0.160624627156235	4.79933834224213	5.42999904736335
5.08723935941951	0.182749839927337	4.72833689247421	5.44614182636481
5.16061962793071	0.190659716114239	4.78584068071192	5.53539857514951
4.97677523823184	0.15015135450829	4.6820584071409	5.27149206932279
5.1340828862576	0.195061544113265	4.75061740637086	5.51754836614434
4.82251042050927	0.186300946485891	4.45648724077084	5.1885336002477
4.93386612589818	0.316395113608927	4.31096594379066	5.55676630800571
4.78721596014365	0.181719992970357	4.43020392020358	5.14422800008372
4.76127810610703	0.172631454186648	4.42208853052142	5.10046768169265
5.03206177524987	0.6283559074035	3.79358961359	6.27053393690975
5.04940035127998	0.157108716496142	4.74094568790644	5.35785501465352
5.24086790105459	0.172573540215408	4.90194340062529	5.57979240148389
5.12800557155222	0.166476997880492	4.80114310068515	5.45486804241929
4.79244330063292	0.156825124561194	4.48447435951083	5.100412241755
4.90802468994557	0.162817904504569	4.58823256989068	5.22781681000046
5.09135338410288	0.136919675845907	4.82275449174652	5.35995227645925
4.95932702598229	0.158619500695693	4.64778506148656	5.27086899047802
5.13516477924753	0.171153876760543	4.79903549400553	5.47129406448953
5.15508905851653	0.177593926169338	4.80640002550485	5.50377809152822
5.13761164903034	0.217517215376237	4.71000069601504	5.56522260204565
4.94048513122383	0.152950740242201	4.64027327624766	5.2406969862
4.888385723171	0.16817632888913	4.55808791433456	5.21868353200745
4.97521565649457	0.16318731133697	4.65460746747447	5.29582384551466
5.1262137873627	0.157746033852561	4.81660209823716	5.43582547648823
5.19554014634666	0.173384204187046	4.85498109691665	5.53609919577667
5.10262654271962	0.152519362796882	4.80324612265731	5.40200696278193
4.90961508962045	0.170685686608653	4.57444231916169	5.2447878600792
5.19562272412632	0.190607305213861	4.82102564813754	5.57021980011511
4.9461055073026	0.187030207184295	4.57852155471169	5.31368945989351
4.96234231109958	0.18340789032025	4.60198090099939	5.32270372119976
5.11453876689285	0.243603299705158	4.63531485944387	5.59376267434182
5.31541732849821	0.208200597249766	4.90633219563536	5.72450246136106
4.85847249354564	0.161092778487441	4.54218127449392	5.17476371259736
5.10876582691991	0.163605189908117	4.78756957621755	5.42996207762228
4.73126608339652	0.164380376519611	4.40846660908972	5.05406555770333
4.82520302765109	0.192285108187572	4.4471632019883	5.20324285331389
4.78898158085162	0.213054581048083	4.36988458535489	5.20807857634836
5.0312122664323	0.296814194831537	4.44682919846952	5.61559533439509
5.04356657818377	0.239905668210018	4.5714406241168	5.51569253225074
5.140057423723	0.162482552404231	4.82106222862964	5.45905261881636
5.04596922791753	0.186974939643036	4.67866073036745	5.41327772546761
5.22474196775539	0.235447874411885	4.7616236672225	5.68786026828827
5.18727052450713	0.196933005692133	4.80017223574579	5.57436881326846
5.12103225954558	0.220019513942236	4.68826145444295	5.55380306464821
5.4394744765334	0.204303983079113	5.03801458535794	5.84093436770885
5.0729858426551	0.176698891061709	4.72582423600309	5.42014744930712
