estFinal_ps2	sdFinal_ps2	X1	X2
4.91798319525027	0.157452940283623	4.60896651765249	5.22699987284805
5.20019591220529	0.169142625117373	4.86815425359652	5.53223757081405
4.85645390708051	0.143549525778158	4.57468084534755	5.13822696881347
5.27026049495716	0.125745109761371	5.02362291115529	5.51689807875903
4.97351071645435	0.134422798327782	4.70973672282949	5.23728471007922
5.10793625201486	0.158371610879885	4.79709262987737	5.41877987415235
4.87540012824343	0.140911219054331	4.59886493954312	5.15193531694374
4.99060581471988	0.143745240074973	4.70856470818102	5.27264692125875
4.93985862621282	0.138130540481517	4.66877612539312	5.21094112703251
5.13739075172687	0.18340625333665	4.77709441189589	5.49768709155784
4.86176369746415	0.14579082336463	4.57575333198453	5.14777406294376
5.13841653798806	0.16055239720261	4.82321651153406	5.45361656444206
4.86440240405176	0.135290068093968	4.59904974708973	5.1297550610138
5.1070764644416	0.155961084966007	4.8010159271085	5.41313700177471
4.96915680992696	0.152152392420157	4.67047320713499	5.26784041271894
5.17045464484109	0.158659638684104	4.85905715917035	5.48185213051183
5.01492501699328	0.164163126634575	4.69270225046494	5.33714778352163
4.84351894085435	0.148656200398944	4.55180288274279	5.1352349989659
5.15278599891873	0.164380617801792	4.83009987165885	5.47547212617861
4.92389742687665	0.14137758873316	4.64657638474301	5.20121846901029
5.06161560033419	0.159933342678586	4.74760932462109	5.37562187604729
4.75206647019119	0.13247427430941	4.49218565496601	5.01194728541637
5.20403451989256	0.145596345386186	4.91832727870148	5.48974176108365
4.76888953036918	0.142882652959732	4.48852351979068	5.04925554094768
4.90492854274136	0.141525326475023	4.62726944772036	5.18258763776236
4.78743009944925	0.161550581909574	4.47025619764778	5.10460400125073
5.05236163887776	0.141480762998715	4.77478923358924	5.32993404416628
4.83032942704738	0.146697118417824	4.54246180857838	5.11819704551638
5.03128877113262	0.143606763691563	4.74951553518304	5.3130620070822
4.90442427904474	0.145797201412396	4.6183108057381	5.19053775235139
4.86947422620056	0.140608692533623	4.59353061093425	5.14541784146687
4.69987465772357	0.193462804439391	4.31961249757929	5.08013681786784
4.94165258045864	0.151044800967827	4.64532974219801	5.23797541871927
5.05022586724305	0.140078843162517	4.77540078821704	5.32505094626906
5.14622864600421	0.141055912385468	4.86945563979554	5.42300165221289
4.98495580882787	0.146659717667925	4.69705665473672	5.27285496291903
4.91418033739848	0.152555065899591	4.61470540294895	5.213655271848
4.96498585648762	0.146870462721974	4.67673358387013	5.25323812910511
4.92248739627633	0.175574410471258	4.57752743584628	5.26744735670639
4.80002332572637	0.153242320454551	4.49944109044219	5.10060556101055
4.70772232552895	0.155328346468734	4.40281143809686	5.01263321296105
4.95629763404472	0.14285825023599	4.67602172282645	5.23657354526299
4.97570143851916	0.178010988678081	4.62609146496978	5.32531141206854
5.15805321656255	0.144227230821174	4.87509999252827	5.44100644059683
4.99875270418932	0.137941347056391	4.72801269590518	5.26949271247346
5.06314431687486	0.142395274142144	4.78377211095273	5.34251652279699
4.77351391341401	0.131007648688777	4.51651775373111	5.0305100730969
4.96162019477287	0.162734288557751	4.64213922349973	5.28110116604601
5.14471378038401	0.129950274833467	4.88969449253709	5.39973306823094
4.69118048017151	0.162879297132218	4.37146610703061	5.01089485331242
5.11010178120536	0.144591933677789	4.82634639423701	5.39385716817371
5.08554693051372	0.15939988111469	4.77254983565563	5.39854402537181
4.72185177683269	0.161161211392482	4.40540571656508	5.03829783710029
5.26929716171451	0.152611174931576	4.96982841840233	5.5687659050267
5.22259853584027	0.158838416443401	4.91080406392956	5.53439300775098
5.04671898559797	0.182236231887209	4.68882445722635	5.40461351396959
4.93667999815264	0.136150041043885	4.66958787550194	5.20377212080334
5.20339712671085	0.17929094938076	4.85130839175986	5.55548586166184
5.00038637297484	0.148131554356759	4.70968984900766	5.29108289694201
4.98536833372709	0.195536678742801	4.60113357804552	5.36960308940867
4.99769882093181	0.149890036814703	4.70355821371382	5.29183942814981
4.87049187718539	0.178542733362902	4.51969177003656	5.22129198433422
4.95915806095509	0.166828479605582	4.63151787809746	5.28679824381273
4.90816474913653	0.156572280904	4.60088118507917	5.21544831319388
4.75089685984908	0.144310934238687	4.46759865686552	5.03419506283263
4.94690620882375	0.131635879977216	4.68859795080601	5.20521446684149
5.18496654945452	0.196316484221138	4.79918038573749	5.57075271317156
4.9121546702544	0.159117113697861	4.59981375573704	5.22449558477175
5.05744847097139	0.155430115843111	4.75236046887071	5.36253647307207
5.01941889044935	0.142227610552859	4.74034810089249	5.2984896800062
4.91707420659443	0.14123247351005	4.63994920892835	5.19419920426052
5.03363812652993	0.143683480094394	4.75168277125692	5.31559348180294
5.08881875103736	0.155987461575727	4.78252346322769	5.39511403884703
4.95367563154692	0.138717959089013	4.68165105651206	5.22570020658177
4.90086708490889	0.131750803878445	4.64240849500677	5.15932567481102
4.89300775397514	0.149827336867959	4.59889656381698	5.1871189441333
5.02807842249004	0.163212851815438	4.70773260017034	5.34842424480974
4.92753080255852	0.167091350504436	4.5993356931253	5.25572591199174
5.04191914244079	0.149669349179845	4.74815787494687	5.33568040993471
5.12354662485205	0.229077002171079	4.67319915635044	5.57389409335365
4.92857092595045	0.141494372964227	4.65090068118942	5.20624117071148
4.94665948046485	0.172712499131823	4.60759415390179	5.2857248070279
4.94344365950118	0.156934961670258	4.63542557447763	5.25146174452474
4.92805468425574	0.137935878666237	4.65745797641442	5.19865139209705
5.17465929526892	0.147836895166842	4.88448072509888	5.46483786543896
4.76204746985731	0.143545337846499	4.48034406796743	5.04375087174719
5.06705028874433	0.156166293627851	4.76049677082577	5.37360380666288
5.21800135704482	0.154108539554016	4.91542873757288	5.52057397651676
5.24142176898592	0.139048561151355	4.96863374335424	5.51420979461761
5.09171140449139	0.166287146297818	4.76527475466387	5.4181480543189
4.84892280109181	0.142443444722757	4.56932468615431	5.12852091602931
4.94276492049386	0.134318420485407	4.67931812960281	5.20621171138492
5.1622812473444	0.147815508072185	4.87220114720926	5.45236134747953
4.94660145758247	0.144060022907415	4.66398535763534	5.2292175575296
4.98771637693623	0.1381858512166	4.71660194109208	5.25883081278038
5.10347225720527	0.141083604924826	4.82670806673665	5.38023644767389
5.31258624142812	0.140908286229193	5.03625996170421	5.58891252115203
4.99592446220162	0.141022552605921	4.71927243961449	5.27257648478874
4.94725286629223	0.148409871958356	4.65589550147465	5.23861023110982
4.85664828717809	0.160356503818516	4.54180204463862	5.17149452971755
5.1315366357781	0.152040385735201	4.83318346207175	5.42988980948446
4.96496569389155	0.141658877622703	4.68696776091225	5.24296362687086
5.22072252683222	0.158537748573717	4.90955821832182	5.53188683534263
4.82896458984847	0.141244133743908	4.55173956328806	5.10618961640889
4.84719975976279	0.146873522904216	4.55890961006352	5.13548990946206
4.93618111497314	0.137195549791616	4.66698854469498	5.20537368525131
4.76722330124033	0.146272524741771	4.48014350900395	5.05430309347672
4.94374169623216	0.140230169330104	4.66858527027782	5.21889812218651
4.86382334944508	0.144748354772594	4.57977821068688	5.14786848820328
5.01085234056452	0.141304332698816	4.73369219297856	5.28801248815047
5.21425170530564	0.249280162888172	4.72391472540198	5.7045886852093
4.8381127025017	0.157399913912997	4.52925989404087	5.14696551096253
4.91470993888466	0.150563317333529	4.61923154515488	5.21018833261444
5.23678841326738	0.171931564029922	4.89911116246611	5.57446566406866
4.99386848563239	0.161941059604165	4.67598302534132	5.31175394592347
5.11314325441613	0.145548661685947	4.82753189714894	5.39875461168331
5.08467314646507	0.133523038040404	4.82278946770751	5.34655682522263
4.98625336124887	0.203645491467406	4.58592214304731	5.38658457945043
4.96858808339358	0.140703998284779	4.69251951238259	5.24465665440456
5.03901329310773	0.13988683905418	4.76458684202443	5.31343974419103
4.86202203941655	0.140299250379546	4.58683830736633	5.13720577146676
4.91549816911994	0.164194936294307	4.59302287600966	5.23797346223023
4.81190039098342	0.157182662291745	4.50324570805352	5.12055507391331
4.85474983280582	0.156876139088901	4.54683592348057	5.16266374213106
4.87334719668004	0.145283685287545	4.5882712168662	5.15842317649387
5.22805969249274	0.144318325019941	4.94476321844966	5.51135616653581
4.81495097960023	0.139953237294595	4.54042074009704	5.08948121910342
4.94602574240234	0.147990534052851	4.65572642072868	5.23632506407601
5.07456406529592	0.13572078337577	4.80835076225137	5.34077736834046
4.8579337521836	0.152433798644911	4.55882835957601	5.1570391447912
5.06326320206673	0.14771677327188	4.77346530412461	5.35306110000885
5.21863980946447	0.154329111466314	4.91564099006626	5.52163862886268
4.85044144061155	0.13999843397755	4.57581230867063	5.12507057255248
5.06102719759101	0.149898209617546	4.76691144306147	5.35514295212056
4.88050204066468	0.154248591385841	4.5777495331252	5.18325454820415
4.9139786485981	0.150931665662206	4.61774133005847	5.21021596713774
4.75233118749853	0.160298142948541	4.43764086985764	5.06702150513942
5.03696346902702	0.142566004496348	4.75710441865859	5.31682251939545
5.02066205642041	0.159547048929636	4.70740970792188	5.33391440491894
4.9241332437867	0.126109462653422	4.67674116295986	5.17152532461354
4.93837543959761	0.14479143324418	4.65424235052002	5.22250852867521
5.06306326305473	0.148128479916385	4.77242117859074	5.35370534751872
5.0158930815643	0.136565317167125	4.74795870513445	5.28382745799415
5.30148466195633	0.20853239237838	4.89146839279571	5.71150093111695
4.9970176780569	0.218383670149836	4.56773033568282	5.42630502043097
5.18932937929091	0.15690098368412	4.88130409980431	5.49735465877751
5.03015881802684	0.135204846756789	4.76490510342282	5.29541253263085
4.97536574120811	0.157212533811488	4.66678107790626	5.28395040450995
5.01865914319632	0.143506892965417	4.73718127595837	5.30013701043427
4.87923144421496	0.131500742296205	4.62129419570259	5.13716869272734
5.01845132678372	0.152491399734866	4.71891677942115	5.31798587414629
5.0539499067837	0.161230156136262	4.73738796040333	5.37051185316407
4.92062135741903	0.180426542512473	4.56614018055062	5.27510253428744
4.79689735728684	0.180698229306494	4.44185158865191	5.15194312592176
4.94072465527989	0.13892493088773	4.6680632000746	5.21338611048519
5.25555786563973	0.163323302343305	4.934899913167	5.57621581811246
4.9260720899882	0.14036711404691	4.65070476970655	5.20143941026985
4.99380564826992	0.145201616590895	4.70888657917788	5.27872471736195
5.10095170817292	0.210281200771701	4.68751437379475	5.51438904255109
4.77430158445374	0.142787856523673	4.49419643886692	5.05440673004055
5.0192064343102	0.132626164800033	4.7590375384996	5.2793753301208
4.8741133977656	0.145685300660459	4.58810664187071	5.16012015366048
5.13198436884775	0.173832122579129	4.79068412223276	5.47328461546273
4.90311832902215	0.162216698382759	4.58455011467986	5.22168654336444
5.22708715604861	0.145597925790782	4.94138784404127	5.51278646805595
5.13519465117946	0.190481645483025	4.76097161915855	5.50941768320036
4.797026846568	0.143067214163923	4.51634117667111	5.0777125164649
5.1068025372916	0.158852570189207	4.79508010588611	5.41852496869708
4.94606137970554	0.151689694518451	4.64843604456399	5.24368671484708
4.95162976207456	0.143254965844369	4.67058548514293	5.23267403900618
5.1203720557272	0.138522376273225	4.84860590924816	5.39213820220623
4.93211035177109	0.152208705053306	4.63323651509945	5.23098418844274
4.9775514026434	0.14534003165097	4.69237294675163	5.26272985853517
4.84182644542055	0.150189629769838	4.5471920707008	5.13646082014031
4.8627042441529	0.154684173724963	4.5591533102064	5.16625517809939
4.9185938980711	0.139475063435392	4.64490314389286	5.19228465224934
5.01945572413495	0.15337557918157	4.71852350660973	5.32038794166016
4.9288527212351	0.148491381129471	4.63742049817119	5.22028494429901
5.33562468786325	0.175144943885101	4.99173843178105	5.67951094394544
4.80969452325769	0.141641747242605	4.53188204702906	5.08750699948631
4.92262607590631	0.137551707953795	4.65282164142274	5.19243051038987
5.01999172385141	0.132944176210217	4.75921356930439	5.28076987839844
5.163194235375	0.181473575681914	4.80680892519281	5.51957954555719
5.04888053077533	0.244922167066043	4.56702404570378	5.53073701584689
4.78240963950663	0.186518230071692	4.41595186419816	5.1488674148151
5.08786021249402	0.1439173205874	4.80553905682399	5.37018136816405
5.10476056315264	0.136658246568042	4.83670685815862	5.37281426814666
5.14154953948794	0.161922622571459	4.82352613685014	5.45957294212574
4.82274850493725	0.148124964378638	4.53209549768035	5.11340151219415
4.92460300300147	0.171055102561779	4.58862316386204	5.2605828421409
5.13921367828931	0.142120325135131	4.86040677102094	5.41802058555767
5.2125478654498	0.152276414106093	4.91372414931056	5.51137158158904
4.82519546765497	0.133806828744523	4.56264762680955	5.08774330850038
4.96724694884211	0.142861906141371	4.68700122870764	5.24749266897658
4.8872259490345	0.138740990488835	4.61515052376017	5.15930137430883
5.2296949990711	0.146046601622424	4.94307711606542	5.51631288207677
4.80680744602504	0.134498313381488	4.5429619750003	5.07065291704978
5.04729431680151	0.140768802327536	4.77105593073277	5.32353270287026
5.04699502087519	0.164621299808195	4.72368605283424	5.37030398891614
5.14271313841652	0.160458293582898	4.82765600518996	5.45777027164308
4.89800138132782	0.146390337980098	4.61082931788394	5.18517344477171
4.74294677981079	0.198171946073621	4.35333798449262	5.13255557512896
4.7081808296475	0.166036279523378	4.38213724711221	5.03422441218278
4.81290075378403	0.151675752450557	4.51518028486502	5.11062122270304
4.78629607022648	0.192862511358821	4.40724740765696	5.165344732796
4.74946801057992	0.146995099112898	4.46104006872313	5.03789595243672
5.06214800868087	0.148616879995511	4.7704899486891	5.35380606867263
4.79860484436692	0.199356042495318	4.40672266894972	5.19048701978413
5.0115014624799	0.154812019176633	4.70762974113263	5.31537318382718
4.92175474535101	0.162482630990332	4.60283835673284	5.24067113396919
5.08004400642812	0.160677150322322	4.76462849288444	5.3954595199718
5.13069198339837	0.137358035217085	4.86122042851842	5.40016353827832
4.84117745328936	0.141348027713585	4.56395403835813	5.11840086822058
5.21140106200696	0.133643970664679	4.94914470202572	5.47365742198819
4.95655156363006	0.143760944553135	4.6745677647736	5.23853536248653
5.10428220155347	0.158764369428587	4.79267939335742	5.41588500974951
4.83461759781097	0.15371359473269	4.53284831598966	5.13638687963228
5.06170401555297	0.158112183695636	4.75133260092159	5.37207543018435
5.13849166923553	0.154388972053087	4.83546075114018	5.44152258733088
4.92818806705221	0.16650212697705	4.60127012824215	5.25510600586227
5.04471861249946	0.157942310573687	4.73487436117821	5.35456286382071
4.79539941457706	0.146680290504649	4.50751282144875	5.08328600770538
5.27985773839744	0.191715854918121	4.90319914974592	5.65651632704896
5.00670470857569	0.141950565494874	4.72834670294067	5.28506271421071
4.8573140620295	0.142379114352329	4.57787127407279	5.13675684998622
4.98592614561416	0.160120484400539	4.67158528288727	5.30026700834106
5.03296374011825	0.135606896624631	4.76695913836323	5.29896834187327
5.0020586004411	0.139524276330816	4.72835533455586	5.27576186632634
5.09360667228385	0.134233911388678	4.83034796027335	5.35686538429436
4.75014936166406	0.16774790551254	4.42063829551576	5.07966042781235
4.84036358674008	0.137609312704727	4.57040988957863	5.11031728390154
5.04382451106471	0.136521782040028	4.77609623937961	5.31155278274982
5.18729401332423	0.146926377033491	4.89892283612196	5.4756651905265
5.01023874710814	0.171564979426569	4.67339454766503	5.34708294655125
5.01275633473263	0.144471075897167	4.72928936639388	5.29622330307138
5.35840259798519	0.168647117092153	5.02720424712072	5.68960094884965
4.86103995195072	0.134751725190966	4.59668960989618	5.12539029400527
4.76604636998877	0.143850277843618	4.48377713144643	5.04831560853112
4.78977138191724	0.129962480468451	4.53486570333313	5.04467706050135
4.96653112841684	0.156019311705406	4.66024958805081	5.27281266878288
5.00826979106953	0.149850201091431	4.71410443790323	5.30243514423583
5.04233184510223	0.153585772561941	4.74082457951759	5.34383911068687
5.13601088791897	0.189906825908637	4.76287524921871	5.50914652661922
4.95505373183768	0.155858171422915	4.64893658675926	5.26117087691609
4.8957832136361	0.150293691978384	4.6007438453989	5.1908225818733
4.7788637246722	0.162110014146534	4.46050841758696	5.09721903175744
5.10006892103413	0.144987559892567	4.81557753835776	5.3845603037105
5.10865743515248	0.164072755923105	4.7865444416135	5.43077042869146
4.95005886397429	0.153196436096169	4.64937707042108	5.25074065752749
4.84596894091424	0.163197324906041	4.52563426420363	5.16630361762485
5.12858147975908	0.147798861236512	4.83857220952919	5.41859074998896
5.05796630363101	0.175477524623555	4.71345664680827	5.40247596045375
4.83336378865871	0.16860614454242	4.50222559733161	5.16450197998581
5.17734339612041	0.155478627242694	4.87211091706852	5.4825758751723
5.00919580307474	0.154500506660324	4.70606112767814	5.31233047847134
4.85123677505967	0.152714155270609	4.55155280550321	5.15092074461614
4.82993463767212	0.155600691772999	4.5244701255481	5.13539914979613
4.89375189578585	0.143184426226681	4.61271261817071	5.174791173401
5.09975246924433	0.14372652062779	4.81777250005524	5.38173243843343
5.07546148431254	0.137137897024325	4.80639215147296	5.34453081715212
4.8342265406974	0.164176818935819	4.51173284199246	5.15672023940233
4.9705642200224	0.167058316126575	4.64257432784473	5.29855411220008
5.04015673909623	0.142435635938664	4.76085865214574	5.31945482604673
4.93191105136648	0.15566077202557	4.62633719744241	5.23748490529055
5.28150284456292	0.159687750784173	4.96804867160943	5.5949570175164
5.03832469649007	0.156850557936675	4.73037634452867	5.34627304845146
5.06478838526393	0.146499904396061	4.77727334911865	5.35230342140922
5.01757233255802	0.133160096348829	4.75625991997361	5.27888474514243
4.77564925647582	0.151834891416025	4.47779531033781	5.07350320261383
4.98286561314002	0.146631397084485	4.69512040110324	5.27061082517679
4.75458844758397	0.137293966295797	4.48527031476261	5.02390658040533
4.84603102095358	0.201356570792956	4.45017677228878	5.24188526961837
5.1811265480937	0.138271120264267	4.90996248216466	5.45229061402274
4.86578324358586	0.151287563745714	4.56881138251531	5.16275510465641
5.31134129689207	0.140591201145951	5.03555176562602	5.58713082815811
4.73828631721755	0.141980594120525	4.45971949889752	5.01685313553758
5.05468492192723	0.152688434958409	4.7550110099474	5.35435883390706
5.00639894786559	0.171425963472318	4.66968873596337	5.34310915976781
5.05277346907271	0.146074614336527	4.76610995673466	5.33943698141075
5.13647882765692	0.193661801705461	4.75591012123474	5.5170475340791
5.03014180511063	0.202728779767727	4.6315974842237	5.42868612599755
5.14181202820557	0.13663457155557	4.87369396507436	5.40993009133678
5.24004335018157	0.146722947608149	4.9521476248645	5.52793907549864
4.76087430056206	0.15854905148148	4.44953889166557	5.07220970945854
4.78201517642977	0.135573330851368	4.51606740158795	5.0479629512716
4.861994553722	0.148891995473101	4.5698644455573	5.1541246618867
5.02360152767437	0.143522581116933	4.74200048457396	5.30520257077479
4.94466697605902	0.134895094446869	4.68004640492427	5.20928754719376
5.09917912262125	0.158126660786601	4.78881666208253	5.40954158315997
5.36359522647803	0.15820736299354	5.053154701399	5.67403575155707
5.01559222374765	0.151393264888578	4.71855518739236	5.31262926010294
5.29448393242086	0.154486477557687	4.99135609394641	5.5976117708953
4.97902597693144	0.138185973723454	4.7079561765223	5.25009577734057
5.02984283542599	0.165981415619857	4.70400270793704	5.35568296291494
5.24024245021574	0.139271067890217	4.96700515297308	5.51347974745841
4.99614720416017	0.145169854592268	4.71134355368476	5.28095085463557
4.9619409519979	0.147787685912167	4.6719781180035	5.25190378599231
4.76829171541587	0.145181772919318	4.48353781689401	5.05304561393772
4.98969206258934	0.139124352871108	4.71684528708261	5.26253883809607
5.16247185783752	0.169380723554358	4.82985425791393	5.4950894577611
5.17340922050015	0.149160022716735	4.88068858387949	5.46612985712081
4.84423593871933	0.149114639766659	4.55148940570757	5.13698247173108
4.85156626883932	0.142194050939352	4.57259786368297	5.13053467399567
5.21993290831217	0.157523085668353	4.91076842390579	5.52909739271854
4.86653145156018	0.149988881496763	4.57223639011386	5.1608265130065
5.00051629478164	0.148478069535987	4.70909007512102	5.29194251444227
5.29487912790198	0.14759086792749	5.00533690279933	5.58442135300463
5.15105437207578	0.161225825000774	4.83443704492159	5.46767169922996
4.9555907987517	0.151827266769327	4.65769926091462	5.25348233658877
4.93788850412841	0.146406129711107	4.65057659282946	5.22520041542737
4.96182969505243	0.159655566246001	4.64841926086483	5.27524012924003
5.19282730081336	0.134296822575474	4.9294564331843	5.45619816844242
5.02144058839711	0.142146166200148	4.74251846239909	5.30036271439512
5.13378152531146	0.164145045423899	4.81131500491661	5.45624804570632
5.02542376507183	0.137954120832808	4.75477783312136	5.29606969702229
4.90441183248272	0.161663595740239	4.58698945250172	5.22183421246372
4.73804385848781	0.154016166745798	4.43592036574075	5.04016735123488
5.01900573584916	0.132954441769479	4.75820977468391	5.27980169701441
4.86987686761077	0.146318850999227	4.58273604589257	5.15701768932896
4.73553030533016	0.132186128980668	4.47624076370333	4.99481984695699
4.94160944020121	0.1511454541412	4.64498510046558	5.23823377993683
5.10541930536283	0.141556110036954	4.82760439150111	5.38323421922455
4.8556320423059	0.139109565863819	4.58270152210727	5.12856256250453
5.13955783033958	0.155052457410004	4.83522930940878	5.44388635127037
5.12342592044829	0.190718988586149	4.74878601067115	5.49806583022543
5.06106012132841	0.140004373753677	4.78636175686035	5.33575848579647
5.36727998903141	0.161036987877581	5.05113562470882	5.683424353354
5.1057593132633	0.159769650162782	4.7921773869349	5.41934123959171
4.82792219585849	0.137344269658695	4.55830453069938	5.09753986101759
5.02916372525813	0.151939147584838	4.73099454925435	5.32733290126191
5.13135645050472	0.144802632808441	4.84714963390931	5.41556326710013
5.0820062641642	0.156457618651772	4.7748628780287	5.38914965029971
5.06589033105792	0.146178626801388	4.77906684251043	5.3527138196054
4.75450255942356	0.158381832863414	4.44358587964827	5.06541923919885
4.64090537414929	0.138165017251987	4.36991015776296	4.91190059053562
5.05860515800058	0.148654611612964	4.76698348234951	5.35022683365164
4.92336185647636	0.143313778468187	4.64210902783714	5.20461468511557
5.06201899060798	0.140946724169982	4.78540267191912	5.33863530929684
4.93651815263406	0.150438116224294	4.64122035487476	5.23181595039335
4.79398692961268	0.176733623938729	4.44671083910639	5.14126302011896
4.87129296768215	0.13941284687852	4.59783795160426	5.14474798376003
4.77570856570772	0.141958375738313	4.49719786188495	5.0542192695305
5.06591477826549	0.148590505084776	4.77427228537668	5.3575572711543
4.91511946149395	0.161956169662682	4.59714738482032	5.23309153816759
4.66852382765982	0.134122836106781	4.40543862276061	4.93160903255902
4.94884500755986	0.143734687000659	4.66678386261158	5.23090615250814
4.86968967300475	0.133351944681364	4.60808075223161	5.13129859377789
4.99650489444232	0.14861760101476	4.70485454109878	5.28815524778587
4.98183574930031	0.144138724918337	4.69895146933964	5.26472002926097
5.19009402557737	0.450404603911825	4.30278717265748	6.07740087849726
4.92811100669972	0.178757457394391	4.57697982244749	5.27924219095195
5.10221777586913	0.147406124910579	4.81301342273936	5.39142212899891
4.84457649270033	0.145468472751848	4.55905196339275	5.13010102200792
4.88589784487985	0.145289351164871	4.60076202261683	5.17103366714286
5.02616272122039	0.147966267244887	4.73577675973165	5.31654868270912
4.94289381926909	0.134893004874984	4.6782745855572	5.20751305298097
5.16589452014461	0.15277582964797	4.86606222099015	5.46572681929908
5.06663619376022	0.140565101585639	4.79088881830116	5.34238356921928
5.03400707549714	0.161219494232554	4.71753337282291	5.35048077817137
4.87172917074396	0.142889044947408	4.59125309990368	5.15220524158424
5.04072553816296	0.152793435034937	4.74082159717204	5.34062947915389
4.95364274444305	0.157641962415227	4.64402962856954	5.26325586031656
5.08524917971438	0.142583611116733	4.80557051499257	5.3649278444362
4.97593515590295	0.16172343085842	4.6585148742233	5.29335543758259
5.17688876619558	0.159010248488694	4.86463581057905	5.48914172181212
4.98958115277433	0.141069340093463	4.71281522332335	5.2663470822253
4.69769668690555	0.156884492480024	4.38987993732496	5.00551343648613
5.19443003498724	0.155743866658292	4.88884466358746	5.50001540638702
5.26532865336017	0.149607422743687	4.97169878291462	5.55895852380573
5.12201002458965	0.172719130412601	4.78286002744276	5.46116002173654
4.85763155390438	0.138411001765948	4.58608561200624	5.12917749580252
4.88211457212788	0.185340938249008	4.51812188022763	5.24610726402813
5.41664230753825	0.141342126132819	5.13940715650104	5.69387745857546
5.06401112001324	0.165006401448702	4.74003460538018	5.38798763464631
4.8999842733204	0.145307028943543	4.61486423481981	5.18510431182099
5.08915756803471	0.159222010751058	4.77660544089491	5.40170969517452
5.08655435525224	0.148844008803493	4.79453435548008	5.37857435502439
5.02767515777733	0.136835326875405	4.75929475419408	5.29605556136059
5.08586483549781	0.162259851768791	4.76737991833971	5.4043497526559
4.91788239914252	0.14629007090542	4.63088259231852	5.20488220596653
4.92886310542783	0.167369218046535	4.60039892305254	5.25732728780311
4.88775987263522	0.156669398472376	4.58023740704692	5.19528233822352
4.89233859177027	0.149608246692834	4.5988318329102	5.18584535063034
4.99779981283576	0.152228867244658	4.69908595875563	5.2965136669159
4.858429450703	0.151834405216087	4.56043029189506	5.15642860951095
4.96245646278897	0.147145287277095	4.67372340840872	5.25118951716923
5.05525653668477	0.161757686096234	4.73774784784885	5.37276522552068
5.03588977300544	0.16024876554313	4.72135127006017	5.3504282759507
4.73236893400574	0.147340563076106	4.44312610939229	5.02161175861918
4.79610998680615	0.163757635465422	4.47444476712511	5.11777520648718
4.83947350121368	0.145091267209156	4.55465084419111	5.12429615823624
4.89277675656771	0.162537512533625	4.57364656032341	5.21190695281201
4.88751116297688	0.147676122756253	4.59768398129995	5.1773383446538
4.80212543349151	0.161123635237614	4.48585844825072	5.11839241873231
4.88052640213043	0.157442632948844	4.57147516895417	5.18957763530669
5.07082031570626	0.159087979349566	4.75849730205953	5.38314332935299
5.23201627065415	0.154243366873266	4.92929554367122	5.53473699763708
5.01242454028844	0.20142800174648	4.61640134330732	5.40844773726956
5.12932257433408	0.156876230940759	4.82129695139086	5.4373481972773
5.08143462764966	0.14312786388246	4.80071108975399	5.36215816554534
5.22690656804091	0.149778257017343	4.93298647082043	5.52082666526139
4.89708525866908	0.138474892899093	4.62544427980105	5.16872623753711
5.04517207132464	0.163124260959256	4.72482300122291	5.36552114142637
4.75581924373558	0.136408334098497	4.4882254259801	5.02341306149105
4.77527232616684	0.140414674924662	4.49988180472925	5.05066284760442
4.74675620022829	0.133882356035797	4.48411268456615	5.00939971589044
5.00880251902723	0.168334703642037	4.67827801854495	5.33932701950951
5.03933826317108	0.156591076947714	4.73186492008152	5.34681160626064
4.71925455706912	0.14368566404008	4.43735824103702	5.00115087310123
4.85667500606325	0.201776579523978	4.45997142630285	5.25337858582364
4.80385378836041	0.168188240723633	4.47358140194922	5.13412617477159
5.14357569910265	0.146328971859962	4.85647289372445	5.43067850448085
5.19700408970585	0.134953767772048	4.93222681842657	5.46178136098513
4.84684324015523	0.156622134294861	4.53927127155574	5.15441520875471
5.04979020012292	0.153931269566409	4.74760930557215	5.35197109467369
5.12548954068921	0.14138314303234	4.8481817982834	5.40279728309501
5.03541297286206	0.173589023042345	4.69449908180794	5.37632686391617
5.15239585519118	0.143408160096114	4.8710632071626	5.43372850321977
4.8680718041128	0.147005533300635	4.57963262603954	5.15651098218606
5.23400526291337	0.151117307990301	4.93743046495425	5.53058006087248
4.92940953569875	0.146374236731983	4.64211836690553	5.21670070449197
5.01593174889846	0.13826977852638	4.74463405600673	5.28722944179018
5.08290131505276	0.146158217714425	4.79610175585927	5.36970087424624
4.8733972576636	0.13937172614841	4.60008836993289	5.1467061453943
4.48474029386077	0.187853148363113	4.11561733136123	4.85386325636031
5.08785306363147	0.159077901649691	4.7755196841926	5.40018644307033
4.98137054174385	0.154162241784359	4.67866819643241	5.2840728870553
4.98075941957712	0.148188627240531	4.68999652843757	5.27152231071666
5.19960855170917	0.138257781704427	4.92845948655037	5.47075761686797
4.8839782947587	0.163136576307349	4.56350627119283	5.20445031832457
5.10967768001998	0.186475210152106	4.7432725680789	5.47608279196106
5.02511834118808	0.143209496544696	4.74415108659006	5.30608559578611
4.77897644113061	0.131096968545347	4.52180324155918	5.03614964070205
5.18067970286935	0.188168427538629	4.81123044456014	5.55012896117856
5.00821310601902	0.143608496599593	4.72639064375225	5.29003556828579
4.89727491214215	0.155136522272003	4.59294166633041	5.20160815795389
4.9395907441642	0.139871087545755	4.66515603610988	5.21402545221853
5.05680328359647	0.149493867169931	4.76355630777286	5.35005025942009
5.09695900947077	0.134859340168862	4.83241322698651	5.36150479195502
4.95511832672782	0.1761077519799	4.60915939163802	5.30107726181763
5.17142185391839	0.175643438773101	4.82651206114729	5.51633164668949
5.0416465255268	0.14816764876005	4.75095094293255	5.33234210812104
5.02697110495503	0.150222609705844	4.73215210611133	5.32179010379873
5.12646003342549	0.153926585438222	4.82439122032608	5.4285288465249
4.86557281901901	0.149518067092934	4.57217106599652	5.1589745720415
5.03144105230244	0.169046179520911	4.69949072215106	5.36339138245382
5.29272056036417	0.14982054381564	4.99875178049343	5.58668934023491
5.0053439782562	0.150617905649063	4.70971034200945	5.30097761450294
5.05777570860404	0.148694535377101	4.76602155635392	5.34952986085417
5.10568939052745	0.146633766552864	4.81789249370502	5.39348628734987
5.05476826448033	0.131684214506039	4.79647629626752	5.31306023269314
5.09888402763939	0.145141788801094	4.81415197024658	5.3836160850322
5.05305686674267	0.160593640925785	4.73784135629703	5.3682723771883
4.96080450299374	0.141478056925346	4.68325476055603	5.23835424543145
4.94128694281369	0.14605475653688	4.65476804833003	5.22780583729736
5.06812514213041	0.134210279106965	4.80486155163427	5.33138873262655
5.12954853921879	0.149151441008742	4.83672016215252	5.42237691628506
4.92820251874377	0.14958472769321	4.63461499967141	5.22179003781613
4.79673513933944	0.143926264165426	4.5143716395719	5.07909863910699
4.91206521426918	0.171254475960003	4.57574697287265	5.24838345566571
4.85819656885054	0.151093705778916	4.56180877002216	5.15458436767893
4.76055562465223	0.155377078979914	4.45550154182	5.06560970748446
5.03038483139946	0.140655822114492	4.75436377069905	5.30640589209988
5.12676170869339	0.219136186897129	4.69594991001035	5.55757350737644
5.21496042987008	0.174552677820739	4.87211334064444	5.55780751909572
4.8655931105722	0.148471554384752	4.57425002182422	5.15693619932018
5.13908494626895	0.158355610797501	4.82825607274958	5.44991381978832
4.87810168896823	0.146236554216023	4.59115631081635	5.16504706712012
4.98038048917776	0.164598384670015	4.65710697630115	5.30365400205438
5.25228399590025	0.17752546288657	4.90344031428693	5.60112767751358
4.98424155348111	0.167402214276334	4.65556351051482	5.3129195964474
4.92284222202623	0.190800132183976	4.5478580204021	5.29782642365036
5.00461047008298	0.143733375451055	4.72260189768503	5.28661904248094
4.79399594903367	0.134806181416817	4.5295463576197	5.05844554044764
5.08470716924993	0.147081623019575	4.79612093850667	5.37329339999318
4.91960807017793	0.140405833755178	4.64409221164829	5.19512392870757
5.20278946037793	0.299127772469755	4.61392106049992	5.79165786025594
4.97747231350711	0.177752470197123	4.62838395788135	5.32656066913286
4.99237965254801	0.133202999019201	4.73106939912082	5.2536899059752
4.9333525413066	0.134190640061248	4.67016830561613	5.19653677699706
5.17853642761149	0.142633717113354	4.89860441036209	5.4584684448609
4.93542863465889	0.158917358306215	4.62347686708217	5.2473804022356
5.11569441175858	0.155650062376005	4.81022484487012	5.42116397864704
4.84886581947086	0.155508011089693	4.54346643950686	5.15426519943487
4.98378545378503	0.136940530743361	4.71510217571894	5.25246873185112
5.08116642880018	0.147411585631414	4.79190379446261	5.37042906313775
4.91671228855318	0.173731841835922	4.57545727244112	5.25796730466525
5.07338734226504	0.134233200083868	4.81002747464798	5.33674720988211
4.93583522174746	0.147448988004952	4.64657765030947	5.22509279318544
4.99605764714541	0.140154155805366	4.72110091986327	5.27101437442756
4.9655984849305	0.163411797074257	4.64482620541428	5.28637076444672
5.0514133764492	0.143179116875703	4.7705133144981	5.3323134384003
5.01629374566795	0.142682495047043	4.73628862175761	5.29629886957829
4.77582659187382	0.134973121171598	4.51102138823961	5.04063179550803
4.969148813853	0.205142456983609	4.56605878490316	5.37223884280283
5.04407574893074	0.135544502772172	4.77821398931345	5.30993750854803
5.13374442815473	0.149318555351667	4.84071869662226	5.42677015968719
4.95023717121786	0.150408551162427	4.65499940700748	5.24547493542825
5.13348130521927	0.169258417339339	4.80102192594019	5.46594068449834
5.05073906467367	0.171880765370003	4.7131922082621	5.38828592108525
4.75000259138448	0.174528862471066	4.40719021411327	5.09281496865568
5.27763315265261	0.136951812578234	5.00901904660224	5.54624725870299
4.85032714459555	0.190792806684588	4.47535683139913	5.22529745779196
5.16421754774346	0.157149836382545	4.85575639902282	5.47267869646409
5.09651608627034	0.175220929699805	4.75238121148614	5.44065096105455
5.11771413275503	0.150257015175983	4.82277964334932	5.41264862216074
4.80710891109602	0.150161460430206	4.51238962246563	5.10182819972642
4.78882829639565	0.171647434131986	4.45170974768619	5.12594684510512
5.05770973589177	0.132786037340943	4.79722578789557	5.31819368388797
4.85490567844241	0.135577969784464	4.58896637707687	5.12084497980796
5.18925511092856	0.136999289975231	4.92056045515964	5.45794976669748
4.94009919731564	0.145430176077342	4.65462330506052	5.22557508957076
5.17587075185307	0.14678048426753	4.8878620711633	5.46387943254285
4.92906859102903	0.149727634898539	4.63527209485512	5.22286508720293
4.94266299895691	0.142530998767241	4.66300552364465	5.22232047426916
4.75025518280007	0.166399857334737	4.42362143816865	5.07688892743149
4.97616623207809	0.132923895340008	4.71545773950697	5.23687472464922
5.1300725457751	0.142662513958559	4.8501866030409	5.4099584885093
4.82197773782462	0.153095402333677	4.52149483794097	5.12246063770827
4.78069990203085	0.148393715062639	4.4894907377294	5.0719090663323
4.89081060333234	0.166691392365306	4.56347763672272	5.21814356994197
4.89135030579162	0.178973829677514	4.53970458398983	5.24299602759341
5.09193428378221	0.136378933960313	4.82431129552377	5.35955727204066
5.0607115199584	0.135212757407654	4.79546244854229	5.32596059137451
4.86292755209347	0.146607316172104	4.5753464614939	5.15050864269305
4.78527380531815	0.1437734823682	4.50309148249331	5.06745612814299
4.83328061943339	0.17774504173039	4.48424016811873	5.18232107074805
5.08805082797984	0.184693130396222	4.72513180873362	5.45096984722606
5.04943129621595	0.140081771295057	4.77458460319126	5.32427798924063
4.95531599684844	0.18976905991692	4.58255633673056	5.32807565696631
4.86079776953944	0.126661242151835	4.61236406737221	5.10923147170667
4.85582290230891	0.147130767585851	4.56708574221376	5.14456006240406
5.06542935353139	0.140856318814404	4.78894538753316	5.34191331952962
4.90744254968122	0.172591334914016	4.56840135475089	5.24648374461155
4.92708946428635	0.137897979783848	4.65656934843374	5.19760958013897
4.8807931847755	0.136865524054473	4.61220187065412	5.14938449889687
4.93967211508782	0.149605791032637	4.64601456773951	5.23332966243612
4.81720420137589	0.147722906602662	4.52732554009349	5.10708286265829
4.95016371945084	0.168438405648855	4.61948989177688	5.2808375471248
5.021629015034	0.122994866468572	4.78040683229073	5.26285119777727
4.86177415981876	0.150739391779212	4.56594469058673	5.1576036290508
5.31296381831903	0.14678178607678	5.02500054217395	5.60092709446412
4.9387754016544	0.164159439464216	4.61645123733527	5.26109956597353
5.16859074271727	0.152579954035035	4.86910805392144	5.4680734315131
5.01990223548729	0.150930923894447	4.72356901478432	5.31623545619026
4.81519331555937	0.14005965050574	4.54049699012799	5.08988964099075
4.95533651056124	0.132784727496435	4.69481212159212	5.21586089953036
5.06618162754165	0.153805852197458	4.76431827610009	5.36804497898322
5.13120374085654	0.150683534264114	4.83549839743141	5.42690908428166
5.03226538677596	0.176474575428248	4.68550495448423	5.37902581906768
5.47796389850426	0.251983447946057	4.9826325320705	5.97329526493803
5.01805269185706	0.154132710592277	4.71545297799532	5.3206524057188
4.95388866914673	0.158260383679939	4.64313922606098	5.26463811223247
5.14917554883863	0.138249455606691	4.87799873180428	5.42035236587298
4.82897173534268	0.145036751310139	4.54440645874469	5.11353701194068
5.23433570757661	0.141968907796558	4.95581688857866	5.51285452657455
5.11615378958214	0.138351659705262	4.84472339257116	5.38758418659312
5.27364830152648	0.141241398978333	4.9964795588194	5.55081704423355
4.87264530077387	0.146962258303074	4.58427678653268	5.16101381501506
4.90782880141574	0.142187021820086	4.62895218940732	5.18670541342415
5.06939178660027	0.148222136699602	4.77842230837908	5.36036126482146
4.85187135592051	0.155659098358591	4.54634430693289	5.15739840490813
5.17771041333947	0.147280369944995	4.88860778870008	5.46681303797887
4.96686002859484	0.150810575726347	4.67081138211938	5.2629086750703
5.37011753910165	0.185909555106028	5.00495173517237	5.73528334303094
4.95932745412834	0.152244862297194	4.6605908130407	5.25806409521598
4.9998516037399	0.135383346180064	4.73432222623629	5.26538098124351
5.00871378309555	0.200075393288581	4.61543462405599	5.40199294213512
5.16129611638197	0.167279842252157	4.83295833294854	5.48963389981541
4.8754621214015	0.158083438225446	4.5652469726358	5.18567727016719
5.14677519480968	0.140872722334788	4.87035563370268	5.42319475591667
4.99451257536632	0.144040782914113	4.71191824281244	5.2771069079202
5.06682584997552	0.137618784986492	4.7968450201308	5.33680667982023
5.05234750621222	0.146139538452496	4.76547300455148	5.33922200787296
4.748823733535	0.156259305869798	4.4422189825501	5.05542848451989
4.84986289006365	0.138357949953407	4.57846180207168	5.12126397805562
4.80680262368084	0.149899820080346	4.51259012906857	5.1010151182931
5.16967766845313	0.154923672487373	4.86566917443831	5.47368616246795
4.98364602036123	0.193679977551481	4.60308515599006	5.3642068847324
4.80406061997902	0.162496884210456	4.48502052160366	5.12310071835438
4.81397511717858	0.136852964845646	4.54549714226933	5.08245309208782
4.84992004955745	0.141855577984766	4.57171086716781	5.1281292319471
4.84750827126195	0.144849897636803	4.56335386319921	5.13166267932469
5.19526471014694	0.149149878604328	4.90242920121463	5.48810021907925
5.06753962467159	0.132564119226949	4.80749867805842	5.32758057128476
5.03099636187079	0.158849052645494	4.71935097587588	5.3426417478657
5.03100932725637	0.150945415907332	4.73481702390905	5.32720163060368
4.93567728565437	0.138299828222355	4.66434212447402	5.20701244683473
5.26356424392628	0.147000437241117	4.97518612852587	5.55194235932669
4.80383360401103	0.134732119104921	4.53951030254711	5.06815690547494
4.85881251460071	0.138260434650592	4.58751866473792	5.1301063644635
5.02574138259616	0.141256542196853	4.74850700793	5.30297575726232
4.97222842110481	0.141223012478146	4.69514426704404	5.24931257516559
5.41742111396433	0.14220096133942	5.13841160142642	5.69643062650223
5.03217942326412	0.137148286130925	4.76308979579963	5.30126905072861
4.90421685462607	0.141590817564639	4.62641218785979	5.18202152139235
4.97145388622266	0.149967616331469	4.67716652166451	5.2657412507808
4.74987238566184	0.152111641884631	4.4512893875983	5.04845538372538
4.98871408282117	0.177802518182575	4.63947816554119	5.33795000010116
5.15359841563562	0.163593485143378	4.83246313998855	5.47473369128269
4.91999575761876	0.1480632525277	4.62958703841888	5.21040447681863
4.8963531292905	0.180792537329706	4.54125997916137	5.25144627941964
4.73730495039181	0.141478533415213	4.4596782738671	5.01493162691653
5.05133717336692	0.156942468797502	4.74326442847367	5.35940991826018
5.20063636696727	0.138206239179099	4.92944103234872	5.47183170158582
5.04025851431671	0.176471330276531	4.69364595942774	5.38687106920568
4.9835742507795	0.146831529126549	4.69539396491259	5.27175453664641
4.8645022442946	0.189556500003295	4.49198915259066	5.23701533599853
5.10836286325074	0.171325219998145	4.77196977275947	5.44475595374201
4.86705108573196	0.149908615133752	4.57285745147478	5.16124471998915
5.15332543531398	0.136120435399671	4.88618791856186	5.4204629520661
5.14736413346198	0.142728543816237	4.86732688686646	5.42740138005751
4.92593763603122	0.150162649446142	4.63122200573013	5.22065326633232
4.94807440759193	0.193936755155379	4.56676730719127	5.32938150799259
4.81941838013635	0.173662329486611	4.47829266051715	5.16054409975555
4.73179476669541	0.140435962664824	4.45625937522988	5.00733015816095
5.25550759374757	0.146171413948294	4.96866622581885	5.54234896167628
4.94617258724782	0.139585116050313	4.67235569977832	5.21998947471732
5.3070491604918	0.149951851657081	5.01274771919102	5.60135060179259
5.13208819001744	0.176966231585508	4.7842901633009	5.47988621673398
5.33308066283107	0.164941837359747	5.00918789257026	5.65697343309188
5.08010687784235	0.145024930144404	4.79559517862902	5.36461857705568
4.74428699682429	0.16493182722968	4.42037436330035	5.06819963034824
5.30662269120197	0.139405454483549	5.03311999287502	5.58012538952893
4.71171518621686	0.142543482592456	4.43214137151252	4.9912890009212
5.01495434476827	0.14539415525243	4.72955842189445	5.3003502676421
5.09929312620431	0.142273638527755	4.82017103664634	5.37841521576228
5.22370821956916	0.145042992113911	4.93914574811301	5.50827069102531
5.1401429387223	0.13419099983398	4.876875959233	5.40340991821161
4.68873035421223	0.145382776489553	4.40344410752782	4.97401660089664
4.91076451027971	0.156514703721634	4.60351879767058	5.21801022288884
5.2964382808759	0.159631671028704	4.98306057796658	5.60981598378523
5.00397902739338	0.180087274701977	4.65034687445312	5.35761118033364
4.93990253570306	0.133222777713228	4.67861857961348	5.20118649179265
4.98083914657966	0.151756733097546	4.68298685985832	5.27869143330099
4.95093256248798	0.174502502879663	4.60824507531983	5.29362004965612
4.92876717465386	0.198688107494349	4.53841170461423	5.3191226446935
5.1958787788975	0.135871299240162	4.92928457619275	5.46247298160224
4.81922419174633	0.162766218673599	4.49971929090721	5.13872909258545
5.14006803843108	0.186474402148392	4.77382258850414	5.50631348835802
5.02185800262888	0.140420855416547	4.74632581908115	5.29739018617662
4.96814955280175	0.149136076008554	4.67534978307335	5.26094932253015
5.09550597184453	0.163553911285905	4.7744285661372	5.41658337755186
4.82421643460371	0.145769625059459	4.53809745832027	5.11033541088716
5.10979196616341	0.158317922015616	4.79899359136714	5.42059034095968
4.8917950956585	0.152538575054497	4.59247656543779	5.19111362587921
5.03149136028596	0.133398931168039	4.76978368737189	5.29319903320003
4.91168728795113	0.175397191419072	4.56719163032401	5.25618294557825
5.0449532049847	0.16656785107337	4.71799505442454	5.37191135554486
5.04630458258428	0.169063811447391	4.71427214498998	5.37833702017859
4.94570417949061	0.133640692173251	4.68352076300948	5.20788759597174
4.90648273300054	0.150555508531543	4.61111207633545	5.20185338966562
4.8901710681125	0.169185325967334	4.55795098008253	5.22239115614248
5.09030833279927	0.13818720076894	4.81917806014402	5.36143860545451
5.0227161337215	0.165691204748719	4.69734129699427	5.34809097044873
4.97040995452013	0.137038433142978	4.70165520012881	5.23916470891145
4.86419261150196	0.140108489422592	4.58938377483844	5.13900144816549
5.05167371530162	0.147522418671004	4.76205551537545	5.34129191522779
5.03212538959218	0.171735307135441	4.69483817046491	5.36941260871946
5.06678442192921	0.158724405250782	4.75522368520112	5.37834515865729
4.94551725953073	0.150449880509291	4.65025375500319	5.24078076405827
4.97722990351217	0.154786319095815	4.67334859625115	5.28111121077319
4.98156803963804	0.156710393776825	4.67406200067021	5.28907407860587
4.97046278545319	0.169907439601042	4.63672359520077	5.30420197570561
4.98182349037891	0.139773812776279	4.70758938346879	5.25605759728904
4.93897057335364	0.135967419742513	4.67219459667248	5.20574655003479
5.01060474903066	0.167530838882213	4.68179490067149	5.33941459738983
4.96826761107189	0.136107694694551	4.70131328567484	5.23522193646894
5.04025249769692	0.162319132053153	4.72156561937677	5.35893937601707
4.7946014194525	0.151481182083109	4.49733253758645	5.09187030131854
4.97982791136568	0.141764138830649	4.70164121880786	5.25801460392351
4.79186547565945	0.251321334131765	4.29748524904304	5.28624570227585
5.07927658177271	0.163175548422883	4.75890933833775	5.39964382520767
4.91497489620992	0.143811754320275	4.63286488712999	5.19708490528984
4.98987016512424	0.131632460238135	4.73172689909603	5.24801343115244
4.88254544517044	0.155201663080179	4.57788511732547	5.18720577301541
5.02777176862861	0.151717272782279	4.73013766397226	5.32540587328497
4.91031729045843	0.142022793193947	4.63169213182411	5.18894244909274
4.92803920293316	0.150470293708771	4.63282573220551	5.22325267366081
4.90299960865119	0.148790641458825	4.61111198671362	5.19488723058877
5.03336470367292	0.166385484449716	4.70656831651666	5.36016109082918
4.93021948583554	0.134485831781506	4.66642889209181	5.19401007957926
4.94736109019194	0.154814360728486	4.64342201464719	5.25130016573668
4.95898973611999	0.156121645836948	4.65260492505712	5.26537454718286
5.26167411564593	0.160353484364597	4.94680105508336	5.57654717620851
5.25106019033131	0.148348846479626	4.95988015514529	5.54224022551733
4.9592675359714	0.152256397228058	4.66042424034595	5.25811083159685
5.04010140059532	0.177696979498259	4.69111856206019	5.38908423913044
5.14106006150638	0.135780933587855	4.87475878855568	5.40736133445708
4.93250563103615	0.129286314331035	4.67890520395925	5.18610605811306
4.85958985047895	0.140889752264604	4.58307425700475	5.13610544395316
5.30811792196431	0.147572252912388	5.01861080315369	5.59762504077492
5.13549851102293	0.162760655539341	4.81590842718962	5.45508859485624
5.01417842095721	0.152772776467048	4.71432106624111	5.31403577567332
5.08568491675172	0.154235647601585	4.78291530331235	5.38845453019109
4.79145854586818	0.163758760563365	4.47004412852485	5.11287296321151
4.84849585761218	0.156365123594952	4.54152136097235	5.15547035425202
5.03553135750002	0.160148410100455	4.72110636807028	5.34995634692976
5.18301469465178	0.145837751146495	4.89679832181294	5.46923106749061
5.15190972858272	0.146828012835501	4.86374962690991	5.44006983025553
4.87645207089903	0.14385984041867	4.59427140263432	5.15863273916374
4.96051693589752	0.146866164348404	4.67240783927643	5.2486260325186
4.89036344997839	0.14402405244661	4.60768154081723	5.17304535913954
5.22477220939953	0.188147802983099	4.85510022433943	5.59444419445962
5.26910196506944	0.145581526089367	4.9833991116691	5.55480481846979
5.07271738840817	0.159528030297353	4.75946344110834	5.38597133570799
4.59794022996963	0.16568104475109	4.27272864600943	4.92315181392982
5.00452441473042	0.248132245858903	4.51653256259282	5.49251626686802
5.08592715291408	0.140931852511434	4.80944602473927	5.36240828108888
4.91927552514731	0.139337611214672	4.64593392515665	5.19261712513798
4.95261390443514	0.194581921308099	4.57014063989141	5.33508716897886
5.11711353869911	0.133028490674417	4.85618503081998	5.37804204657824
5.06432010716384	0.147878742284803	4.77420903702126	5.35443117730643
5.12483179170042	0.154228633271781	4.82216232490376	5.42750125849709
5.2070534154187	0.161904659222273	4.88909859182386	5.52500823901355
4.95358701045078	0.155039422013011	4.64940661555526	5.2577674053463
5.03908787793134	0.147069770566646	4.75056765720781	5.32760809865488
4.84078722750531	0.147818561647249	4.55069704119463	5.13087741381598
5.13408396141986	0.143179319578382	4.85311182230493	5.41505610053479
4.99884431315213	0.178113765093104	4.64914107061831	5.34854755568595
5.25678220114341	0.163739910313012	4.93525455105505	5.57830985123177
4.97067882342933	0.140641829948323	4.69478986641521	5.24656778044346
4.91462521070392	0.144405836556336	4.631324972872	5.19792544853584
5.12258052512991	0.207894292358998	4.71382672742111	5.53133432283871
4.58709791366136	0.144896676792361	4.30261877898395	4.87157704833876
5.44130588576577	0.215482566281212	5.01798866613118	5.86462310540036
4.9717228708591	0.141438133915309	4.69419127632969	5.24925446538852
5.04405245681956	0.157257512331423	4.73530442003158	5.35280049360754
5.4342610858274	0.139442949911487	5.16071784330335	5.70780432835144
5.13881108236617	0.135257921019424	4.87354170433086	5.40408046040148
5.21303384891795	0.142195666276607	4.93409218636616	5.49197551146973
4.83677100642291	0.173406915421095	4.49609956636473	5.17744244648109
5.12691252408525	0.164771551198632	4.80335334159243	5.45047170657807
5.13444019623739	0.174145036492689	4.79231861228569	5.47656178018909
4.91418131235822	0.132088845281577	4.65504930189456	5.17331332282188
4.93285376065844	0.155192539693611	4.6281988388452	5.23750868247167
5.30747674950495	0.13385018359393	5.0448796540553	5.5700738449546
4.57501091456682	0.142572321689743	4.29530155225647	4.85472027687716
5.25659514942869	0.246885277019792	4.77099473238831	5.74219556646907
5.00335544540418	0.143005590491363	4.72283881582797	5.28387207498039
5.19732591713348	0.211356800203037	4.78196240159864	5.61268943266833
4.94274883468927	0.142737651593934	4.66268147519795	5.22281619418058
5.02516864949012	0.141500451981756	4.7476115440617	5.30272575491854
5.10707892394394	0.138992265324455	4.83441053512963	5.37974731275825
4.97624254320494	0.151402530387094	4.67896953627927	5.2735155501306
5.05071588206708	0.131264225745656	4.79328143093206	5.3081503332021
5.00895207136686	0.152043794732538	4.71041139546546	5.30749274726825
5.06093179692953	0.208831342774894	4.65032308296442	5.47154051089464
5.2445686845743	0.153619975806169	4.94313054236009	5.5460068267885
4.96977089922338	0.206970937479024	4.56280593863357	5.37673585981319
4.84788722333976	0.143851549044506	4.56562234761536	5.13015209906416
5.26999764621677	0.189619249101223	4.89745059214222	5.64254470029133
5.15147813228242	0.138489006467863	4.87981709537373	5.42313916919111
5.03137149393662	0.146640171753892	4.74363925974524	5.319103728128
4.98580074835995	0.157237424782506	4.67712776578573	5.29447373093418
5.05106059705342	0.192117802093774	4.67325981264221	5.42886138146463
5.01209138786252	0.131364287968691	4.75442699662002	5.26975577910503
5.01030959168497	0.14406774388638	4.72760449208706	5.29301469128289
4.93944834161664	0.154604702916424	4.63588533587189	5.24301134736138
5.12532942845453	0.140328876682111	4.84995430040492	5.40070455650414
5.21324603497185	0.154707741920348	4.9096192599316	5.5168728100121
4.89937659176253	0.157422731373658	4.59037345451849	5.20837972900657
4.82598450662968	0.167934848537386	4.49623285958551	5.15573615367384
4.96398332778454	0.14662439317601	4.67624098622161	5.25172566934747
4.89641309880006	0.198811203148808	4.50571796671825	5.28710823088187
5.16773088937745	0.149032011232806	4.87521383097542	5.46024794777948
5.11995208321286	0.149289633895248	4.82697900268367	5.41292516374205
5.06193420406989	0.137872934159039	4.79145750535532	5.33241090278446
5.05596691808462	0.158937910272602	4.74403928430818	5.36789455186107
5.11939312707189	0.155107115842602	4.81510181924196	5.42368443490182
4.87559963576867	0.159577387954481	4.56237335400272	5.18882591753461
5.21467864905632	0.15301111202878	4.91455823955714	5.51479905855551
4.92327746902602	0.140445830565809	4.64764672326044	5.19890821479159
4.70173842725518	0.13551902183353	4.43576946248128	4.96770739202908
5.02652188968992	0.145200641732366	4.74154056505687	5.31150321432297
4.79188913538809	0.143683115410042	4.50999849392429	5.07377977685189
5.19050500173776	0.161100184316373	4.87428621618607	5.50672378728945
4.95886827937894	0.15031245207911	4.66396951592108	5.2537670428368
5.00905388394968	0.148618362863978	4.71746409512511	5.30064367277425
5.10803900300632	0.154356921195089	4.80501020003553	5.41106780597711
4.90808093019575	0.149305956722509	4.61511062779053	5.20105123260096
5.108158731809	0.137147743323584	4.83901087137045	5.37730659224755
5.14527728613248	0.15989531249084	4.8314821619369	5.45907241032806
5.04921492655443	0.148596680630537	4.75767390723814	5.34075594587073
4.81621815646992	0.143787390697644	4.5340171348329	5.09841917810695
4.97273744719719	0.152532764285801	4.67332853577624	5.27214635861814
5.09474800098474	0.125802643465074	4.84795122405003	5.34154477791945
4.96842894914775	0.132878343045602	4.70764232668689	5.22921557160861
4.84197129098121	0.135445056349055	4.57626169487951	5.10768088708291
4.87418091743509	0.148958253482454	4.58192217866092	5.16643965620925
4.78224928875629	0.142461205764025	4.50276751305584	5.06173106445674
4.87243014327931	0.169047154643349	4.54058180726853	5.20427847929008
4.80778798071157	0.1585039234472	4.49659776433859	5.11897819708454
5.04160459918691	0.166970189003096	4.71387868777824	5.36933051059558
4.93355330344163	0.165502213748372	4.60842688165877	5.2586797252245
5.03909304920596	0.165797675594668	4.7133642672343	5.36482183117762
5.0571500684598	0.163960896169467	4.73536360703405	5.37893652988554
5.07926639935806	0.159874646570655	4.76530236056233	5.3932304381538
5.046612560405	0.158613492844819	4.73513913332355	5.35808598748645
5.04444962966849	0.150149466090568	4.74983470807269	5.33906455126428
4.85012910709283	0.155055487519248	4.54581626460418	5.15444194958147
4.62967399718893	0.165244286899889	4.30534145887758	4.95400653550028
4.75025905784597	0.133930890732219	4.48756048976028	5.01295762593165
4.89560672982893	0.141985155387866	4.61707203729523	5.17414142236264
4.93275914549319	0.152556123073061	4.63335113869863	5.23216715228775
4.94592441250105	0.144995264074863	4.66131196099113	5.23053686401096
5.03935480923458	0.142856072592478	4.75901874553926	5.3196908729299
4.79808913168838	0.158021301672968	4.48793796749632	5.10824029588044
5.02875806414963	0.167126972861214	4.70051643740029	5.35699969089897
5.06713658712679	0.150804112498703	4.77119948982147	5.36307368443212
4.77419657159445	0.172253852306557	4.43583131270289	5.11256183048601
4.82068903527479	0.288708163752282	4.25242173386997	5.38895633667962
5.13479781560774	0.174326023649352	4.79246724299932	5.47712838821615
4.78981548102253	0.169599448795936	4.45672190736782	5.12290905467723
5.02237100953342	0.184344510248156	4.66017188557984	5.38457013348701
5.14572289851409	0.155950633029686	4.83964069489826	5.45180510212991
4.93917206696993	0.145856680575621	4.6529701764098	5.22537395753005
4.92860917445275	0.145740221403749	4.6426356476064	5.21458270129911
5.08988963880713	0.154560009985798	4.78645479685841	5.39332448075585
5.04081649544266	0.148701760703243	4.74893496538454	5.33269802550078
5.0661743840053	0.148911006726883	4.77397398664309	5.35837478136752
5.10102721142692	0.176891416323784	4.75342887897598	5.44862554387785
4.93691675363458	0.152291328532813	4.63793790432249	5.23589560294668
5.04176186497171	0.175749513125687	4.69663946322277	5.38688426672065
4.9625175142826	0.1332678354513	4.70111922030889	5.22391580825631
5.16407669123135	0.188534208459763	4.79354291935688	5.53461046310583
5.04769561240324	0.143969865472572	4.76516583413667	5.33022539066982
4.87128352929658	0.133097603092343	4.61016062709718	5.13240643149599
5.06279216910955	0.141503776572837	4.78526129785	5.3403230403691
4.76816367081385	0.143322557468281	4.48698663885975	5.04934070276794
5.04076220344216	0.149995960936209	4.74636788045113	5.33515652643318
4.99935281120575	0.154742175327869	4.69563812888767	5.30306749352383
5.05272519370053	0.14036531333481	4.77737238010645	5.32807800729461
4.8087656824092	0.139529927048114	4.53499300582229	5.08253835899612
5.21445389018647	0.150550277249597	4.91904179437565	5.50986598599729
5.22935414117652	0.163021000698651	4.90932623081409	5.54938205153895
5.23363940425073	0.145466803431386	4.94815780506376	5.5191210034377
5.22076518503286	0.139988176084051	4.94620765889535	5.49532271117037
5.06333949364072	0.135808862715036	4.7968781623775	5.32980082490393
4.89483319032669	0.158811659814554	4.58298242259742	5.20668395805596
4.85416760013285	0.168148430343794	4.52398524678238	5.18434995348332
5.06289781175596	0.152006254118416	4.76465916102586	5.36113646248607
5.14463141990752	0.14498284024957	4.86019334674125	5.42906949307379
4.5592089471181	0.153749605765737	4.25753259845569	4.86088529578051
4.9366939826021	0.133758795125793	4.67430707284748	5.19908089235672
5.31690546471908	0.13965348650399	5.04290801807295	5.59090291136522
5.11635760919526	0.144546061118611	4.83266205773475	5.40005316065576
4.65803714227202	0.141824781392223	4.37975485433779	4.93631943020626
5.04962160067859	0.14876521599855	4.75769388454184	5.34154931681534
4.95791668860881	0.177709943229153	4.60891488786062	5.306918489357
5.00271198526299	0.158556348051323	4.69155049924014	5.31387347128584
5.13831368269829	0.150820695451214	4.84228568764529	5.43434167775129
4.99290157454679	0.148238543752766	4.70208017898872	5.28372297010486
4.92631893229623	0.150502058567002	4.6310380931011	5.22159977149135
5.06400154847073	0.157553012378585	4.75465188120993	5.37335121573153
4.78491094935796	0.147623232352487	4.49537266367303	5.07444923504289
4.90837792675418	0.158086482537677	4.59806406623104	5.21869178727732
4.85221856555576	0.150127160742431	4.55762283857869	5.14681429253284
4.76315262480086	0.150458239289778	4.46795289726434	5.05835235233739
4.94152345255168	0.147145227307467	4.65275829188712	5.23028861321625
4.99389771010128	0.153290765599285	4.69298189632752	5.29481352387504
5.20082224996302	0.149706304411419	4.90704226180373	5.49460223812231
5.1619672970892	0.164846059413264	4.83830622263294	5.48562837154547
5.09346326550403	0.163441426923635	4.77256814029745	5.4143583907106
5.14355423350768	0.156411443275487	4.8367253054685	5.45038316154687
5.1176541335492	0.151962894793523	4.81946457378106	5.41584369331734
5.12868828251819	0.149787284187576	4.83480322114933	5.42257334388705
4.84290055881803	0.167656101133761	4.51362059761432	5.17218052002175
5.0607180387186	0.208148134686133	4.65157012767847	5.46986594975872
4.9476540554291	0.18866839652036	4.57691851734729	5.31838959351092
5.14480277113476	0.167334035680609	4.81626201915538	5.47334352311413
5.11689051458908	0.143150068835778	4.83594491594189	5.39783611323626
4.91836429276251	0.138585010740707	4.64651479856629	5.19021378695873
4.85892184809252	0.154501309879075	4.55558199390841	5.16226170227663
4.89741898962448	0.165821438748702	4.57165203558944	5.22318594365952
4.83415408083594	0.154740718558666	4.53047472711427	5.13783343455761
5.04627390254789	0.181963247026131	4.68886118310982	5.40368662198596
5.06170967107107	0.145547965870616	4.77609690594385	5.34732243619829
5.09342876817467	0.149840602513442	4.79929691484017	5.38756062150918
5.07328118665011	0.15634676359959	4.76640224878398	5.38016012451623
5.19958704343632	0.157224942740435	4.89103814483352	5.50813594203911
5.2487259199429	0.150604400814459	4.95309685781713	5.54435498206867
4.70125185497485	0.144644724607212	4.41742919554398	4.98507451440572
5.15991457567325	0.183303419798284	4.79988657243581	5.51994257891068
5.00913110703524	0.148093624824036	4.71849025116026	5.29977196291023
5.05876246954674	0.158024063967403	4.74861101405678	5.36891392503669
5.09218995740596	0.133376921419171	4.8305476389069	5.35383227590503
5.16429174931344	0.139136113887124	4.89128579685521	5.43729770177167
4.95461077544295	0.149686297835798	4.66096985591982	5.24825169496608
4.9866240709049	0.140559417446947	4.71095033522269	5.26229780658711
4.82135239092129	0.183182837106357	4.46129161376554	5.18141316807704
5.03517181222647	0.14764535893371	4.74549943026721	5.32484419418574
5.01895943426303	0.139512397490417	4.74515858256693	5.29276028595913
5.08446191089344	0.247732314050234	4.59704962859579	5.57187419319109
5.23549139243612	0.132547341029402	4.97546958609452	5.49551319877772
4.97149173315067	0.135838655119771	4.70510523093684	5.2378782353645
4.90751751696958	0.139260524361172	4.63438681702271	5.18064821691646
4.9401306776679	0.127968959472111	4.68913709050809	5.19112426482772
5.16053890155515	0.142630504472366	4.88057831779754	5.44049948531276
4.99362501108251	0.141913995621744	4.71515661595188	5.27209340621314
5.14083128147394	0.142347927525065	4.86151502065706	5.42014754229083
5.13137426271605	0.195641608800529	4.74699204887865	5.51575647655345
5.05371478030972	0.158110325287431	4.74331912779167	5.36411043282777
5.23810201895823	0.153538880224408	4.93677650025213	5.53942753766433
5.00842051557458	0.168859314005882	4.67679097496885	5.34005005618031
5.08259577209349	0.137072911400196	4.8136501851831	5.35154135900387
4.82189913536489	0.151801275295979	4.52396046917531	5.11983780155446
4.90378626832102	0.16567504923254	4.57839279055992	5.22917974608212
4.98367824077196	0.148877606341527	4.69155444643626	5.27580203510766
4.8029262330972	0.157470901294332	4.49389205691954	5.11196040927487
5.11169741647259	0.185140275975873	4.74797288055051	5.47542195239467
4.85071401878577	0.147589765726902	4.56109293314149	5.14033510443004
4.99469147161376	0.177005951153688	4.64676397092909	5.34261897229843
5.11551039066279	0.12868523204041	4.86312538446792	5.36789539685765
4.95114033841432	0.140528313832969	4.67546693622112	5.22681374060751
4.78518590402308	0.140589189290217	4.50940041076232	5.06097139728385
4.9831734021843	0.157136309376145	4.67492474591932	5.29142205844929
4.91576342334217	0.142886465589583	4.63534099371783	5.19618585296652
5.04833654875018	0.182671875211965	4.68943992397668	5.40723317352368
4.88686950088711	0.166315335958405	4.56030814061889	5.21343086115533
5.115401123439	0.148622105637611	4.8238127984617	5.40698944841629
5.27913748860215	0.221235321617601	4.84426222215665	5.71401275504765
5.13305629934629	0.161355980057538	4.81627074545567	5.44984185323691
4.91341090361417	0.159761053472958	4.59986299155766	5.22695881567068
4.93492158517641	0.130100275513116	4.67976258451246	5.19008058584036
5.14586248752042	0.143480752445695	4.86436504338237	5.42735993165846
4.92715806567338	0.154631449543435	4.62358768604891	5.23072844529784
5.25556694395468	0.152500005444446	4.95628790575603	5.55484598215334
5.16756160381492	0.13928268467233	4.89418895742486	5.44093425020499
4.9514814052065	0.153300179203616	4.65058620756263	5.25237660285036
5.12236864573411	0.135851463808714	4.85586186787023	5.38887542359799
4.87520543601381	0.138492358081344	4.60346303730868	5.14694783471893
4.98298864836182	0.168069530747155	4.65294962513302	5.31302767159062
5.10661095566303	0.148211172135363	4.81584045407342	5.39738145725265
4.76359241996255	0.152485802793308	4.46433406003122	5.06285077989388
5.1404895336127	0.161183580895425	4.82418963817013	5.45678942905527
5.08462721267573	0.157268020620084	4.7758133180658	5.39344110728566
4.91668799758048	0.192254820541874	4.53893047259643	5.29444552256453
4.99674101284005	0.145582040340324	4.71104544034796	5.28243658533213
4.98844200917879	0.142432429388483	4.70900894651595	5.26787507184163
4.9260508449122	0.133916944625089	4.66326856283824	5.18883312698616
4.73694201258202	0.143360757620663	4.45567559169597	5.01820843346808
5.20552496704862	0.142812837610843	4.92540879328474	5.4856411408125
5.02389899602858	0.141932880784062	4.74538119598773	5.30241679606943
4.94783694455577	0.145906457159464	4.66156168322462	5.23411220588692
4.94989600547349	0.135210015285461	4.68455582195498	5.215236188992
5.10267714272572	0.1356486233755	4.83665097087294	5.3687033145785
4.91993769621444	0.144204579424218	4.63708682254786	5.20278856988101
4.99626457555712	0.139461712431402	4.72262454356856	5.26990460754569
5.12054403844479	0.293733647002529	4.54241645672465	5.69867162016493
4.90173984157308	0.162238072085826	4.58318613643719	5.22029354670896
5.32655738729473	0.158115619410232	5.0162899967471	5.63682477784236
5.11838563180172	0.159085531262954	4.80617187522046	5.43059938838298
5.09067006240587	0.340501944082567	4.42009770113588	5.76124242367587
4.98909009676465	0.139506629676729	4.71537271011548	5.26280748341383
5.12751055937907	0.152655015171453	4.82794225930051	5.42707885945763
5.20152812045496	0.158670515308162	4.88997766832676	5.51307857258316
5.05371065509338	0.145236379966427	4.76876436859914	5.33865694158762
5.12351023650529	0.152043059496236	4.82503147841102	5.42198899459956
4.87051552296061	0.14889815270802	4.57835662314715	5.16267442277407
4.8828421461751	0.175504423103146	4.53806583859226	5.22761845375794
4.75617559794764	0.146623629433246	4.46847892937425	5.04387226652103
4.80889269515451	0.136687708477555	4.54070647186194	5.07707891844707
5.11216872195439	0.216455606169775	4.68667994508128	5.5376574988275
5.01881650116968	0.157152672236467	4.7103269606598	5.32730604167956
5.15502767528117	0.169667390173014	4.8218170959163	5.48823825464603
5.19080331868237	0.154081425178694	4.88834783127607	5.49325880608868
4.97102579416869	0.140398412267602	4.69555611870511	5.24649546963227
5.01645320316436	0.141141221757789	4.73946995304748	5.29343645328124
5.1283309268957	0.125492225655358	4.88221272547637	5.37444912831504
4.98781024704146	0.135340055435988	4.72225552650805	5.25336496757487
5.19861601664961	0.166867900246329	4.87100589149502	5.52622614180419
5.058535350921	0.162024006814529	4.74051037226149	5.37656032958051
4.99138914954539	0.169851591562661	4.65795885011737	5.32481944897341
4.98836590178473	0.146170030871351	4.70158561298955	5.2751461905799
4.89462548460427	0.147118331987047	4.60587466183159	5.18337630737695
4.85918001916115	0.146524356978892	4.57162969769963	5.14673034062266
5.05527011449817	0.139062575161879	4.78246644743712	5.32807378155922
5.19124187289281	0.162168505886083	4.87283590293003	5.50964784285559
5.06233658534969	0.139029579946019	4.78960788434381	5.33506528635557
4.81952355892831	0.151935358916639	4.52143223386139	5.11761488399524
5.2267049024009	0.13579534460784	4.9603196438093	5.4930901609925
4.93826631040123	0.145377583943459	4.65291929127667	5.2236133295258
5.03031252196663	0.150032883954084	4.73587319040439	5.32475185352887
5.2056542726024	0.143695207868199	4.92376132031075	5.48754722489406
5.2172747389619	0.156243445094143	4.91070213767881	5.523847340245
4.8920473006628	0.150348770152811	4.59699046490675	5.18710413641885
5.07345906562083	0.135096455082692	4.80849899821459	5.33841913302706
4.74171062560241	0.138003347274247	4.47096052496541	5.01246072623941
4.86951660593583	0.17352341362858	4.52858564897319	5.21044756289847
4.8941114477533	0.13671089142009	4.62591695188382	5.16230594362277
5.08478253192997	0.147560322854927	4.79518044488912	5.37438461897082
5.05546840539476	0.160852455827126	4.7395908869372	5.37134592385231
5.09401337390619	0.161693525787602	4.77662914146988	5.4113976063425
5.05075398621941	0.16612140243323	4.72471636848541	5.37679160395341
5.38962249607726	0.160174683227341	5.07518795997581	5.70405703217871
5.25514816439035	0.224458336259865	4.81371646496502	5.69657986381568
5.07365619658726	0.152243310191587	4.77478614554849	5.37252624762603
5.16914484940737	0.156650739224028	4.86172129097034	5.47656840784439
5.01309146814535	0.146815151290695	4.72498334783683	5.30119958845387
