estFinal_ps2	sdFinal_ps2	X1	X2
4.95406256326356	0.127063207741802	4.70496679427323	5.20315833225389
5.17649871315969	0.129977875205355	4.92167379361173	5.43132363270766
4.8720552071662	0.124313137812814	4.62830798807165	5.11580242626074
5.1672612644512	0.121604932887431	4.92883191074708	5.40569061815532
5.09640883502875	0.121434738746433	4.85829325749045	5.33452441256704
5.10045913660306	0.125977890466749	4.85344953251236	5.34746874069377
4.97890198468498	0.123211935873243	4.73730652691019	5.22049744245978
5.00361486164492	0.124139400725689	4.76021367253051	5.24701605075934
5.02792054826311	0.119489200639852	4.7936466978647	5.26219439866153
5.01671367235178	0.130962426438433	4.75992428640853	5.27350305829502
4.9541900497014	0.127519139864877	4.70417927637967	5.20420082302313
5.11172000425814	0.128416612989909	4.85992962226878	5.36351038624749
4.91107978748437	0.127712883108696	4.6606993429719	5.16146023199684
5.05873672633207	0.128805531551587	4.80618644699628	5.31128700566786
4.88812998550038	0.127937313290848	4.63727574109548	5.13898422990528
5.00212280404186	0.129439320677508	4.74834907454974	5.25589653353399
4.97633586759988	0.128261399128609	4.72485162000313	5.22782011519663
4.90590734027163	0.127946470078065	4.65505505829659	5.15675962224668
5.12851714000544	0.123322130179985	4.8867344242751	5.37029985573578
5.11325826408245	0.130300314701721	4.85779973060606	5.36871679755884
4.84272982155014	0.129563084388536	4.58869797223979	5.09676167086048
4.82350885151178	0.1216990173065	4.58488340876292	5.06213429426065
5.16297642730297	0.127207515017752	4.91356634285141	5.41238651175454
4.93190754632263	0.121390306668556	4.69391626087739	5.16989883176787
5.03266958463613	0.127045344096089	4.78355513418917	5.2817840350831
4.90687876154226	0.123794592442045	4.66415638681895	5.14960113626557
5.04351268676118	0.130307755358223	4.78801537399282	5.29900999952953
4.82216787277576	0.12606652983987	4.57497291807191	5.06936282747961
5.06937397535549	0.129179746897737	4.81609888438225	5.32264906632873
4.89078413881325	0.126294983271691	4.6431408268166	5.13842745080991
4.91471515000174	0.125781904546675	4.66807704709211	5.16135325291137
4.79709947145838	0.126165902788086	4.54973327617489	5.04446566674187
4.96870242614228	0.132167403668653	4.70955629043757	5.22784856184699
5.0324815548088	0.125943535926489	4.78554004561277	5.27942306400482
5.08101979501971	0.1230107076452	4.8398145623854	5.32222502765403
5.13439937537128	0.125207862895448	4.88886138101759	5.37993736972497
5.03352334670326	0.128321008463661	4.78189589628237	5.28515079712415
4.89748029368085	0.1295344932719	4.64348959981594	5.15147098754577
4.99136833450139	0.126159964928699	4.74398634766948	5.2387503213333
4.81089932398727	0.134559322043422	4.5470799041068	5.07471874386774
4.87625757021652	0.127904983211109	4.6254953508439	5.12701978958914
4.92353500109488	0.125706390684787	4.67708010074991	5.16998990143985
4.76917775887209	0.13070344591452	4.51289539234131	5.02546012540287
5.07573740927967	0.119736752770994	4.84097337522534	5.310501443334
4.92554275340058	0.118366303722441	4.69344392784361	5.15764157895756
4.98524016478554	0.126375275746503	4.73745293584368	5.2330273937274
4.74672097661396	0.119157248483445	4.51307422294438	4.98036773028353
4.98792532513395	0.128834900970141	4.73535784931923	5.24049280094866
5.13715684398731	0.119100470380099	4.9035793266027	5.37073436137192
4.72548221364657	0.125875700186981	4.47870761382196	4.97225681347118
5.06976704657833	0.127044681726632	4.82062870530169	5.31890538785497
5.07585277713199	0.129313910247762	4.82228468892551	5.32942086533846
4.89954302780668	0.134453083597339	4.63593156811706	5.1631544874963
5.12930806396886	0.128616222316785	4.87714694431484	5.38146918362287
5.08785754515586	0.123747014854764	4.84522260291948	5.33049248739225
4.9493787474853	0.131902219199213	4.6907588548648	5.2079986401058
4.92390472069443	0.122752174836431	4.68323219210538	5.16457724928348
5.13244211859685	0.13081480884955	4.87594045484285	5.38894378235085
5.02099058189953	0.123771318871158	4.77831016258588	5.26367100121319
4.79149108525467	0.1304876792226	4.53560101772409	5.04738115278525
5.05020192863677	0.12688157752239	4.8014347627824	5.29896909449114
4.98191337255371	0.125636050976241	4.73559195851059	5.22823478659684
4.84344123324568	0.128797078604174	4.59090276260157	5.09597970388979
5.03231195091496	0.129412980889692	4.77856857748802	5.28605532434191
4.81351554794655	0.122064541874059	4.57416661987173	5.05286447602136
4.89745066905904	0.119582216419602	4.66295758565003	5.13194375246806
5.13278559546199	0.124558528814553	4.88856250072027	5.37700869020371
4.99765370688652	0.129917608085005	4.74292312385934	5.2523842899137
5.12664290117408	0.126370391364704	4.87889546450168	5.37439033784648
4.95940807691862	0.122954846388584	4.71829913209179	5.20051702174546
4.96943129483187	0.130615121145612	4.71334329377611	5.22551929588763
5.11566110781404	0.126479834583369	4.86765772278772	5.36366449284035
5.07563130166268	0.129262949858684	4.82216541501643	5.32909718830892
4.79224541639584	0.125802467942671	4.54561160974845	5.03887922304324
5.02661443353185	0.122561060792303	4.78631185349351	5.26691701357018
4.92517738729002	0.127313103125482	4.67555876739139	5.17479600718866
4.92889300462371	0.130751911773243	4.67249945010674	5.18528655914068
5.04783943473289	0.125493581196712	4.8017414629988	5.29393740646697
5.00707091315326	0.127310519654827	4.75743172142877	5.25671010487774
4.99496584611226	0.124331395071653	4.75119200080141	5.2387396914231
5.02292170966325	0.126437426063626	4.77500654325495	5.27083687607156
4.88650536557462	0.133380326136919	4.62497214049845	5.14803859065078
4.84858086103807	0.124248507841724	4.60497542908448	5.09218629299166
4.99131519588345	0.124531888614727	4.74714756730388	5.23548282446301
5.20568326087065	0.126537919166846	4.9575479450936	5.45381857664771
4.90797030373937	0.119166149198675	4.67433007881972	5.14161052865903
5.08091817857781	0.128024077033816	4.82989747753541	5.33193887962021
5.14703228581298	0.13323852859086	4.88577096992043	5.40829360170552
5.16108549695469	0.121746933309594	4.92236497095925	5.39980602295013
5.02536918000067	0.133209178123403	4.76414643996121	5.28659192004013
4.88172036791776	0.123383802013027	4.63978896929327	5.12365176654225
4.87448769927309	0.128390213838036	4.6227203077765	5.12625509076967
5.11695395721873	0.121673110611846	4.87839294507337	5.3555149693641
4.89988169581688	0.131527039256049	4.64198567220087	5.15777771943289
5.09077165884439	0.126231252381459	4.84323542900857	5.33830788868021
5.04559010731595	0.12881566166687	4.79300270200741	5.29817751262448
5.11408071397166	0.126245652441611	4.86658320757453	5.36157822036879
5.04603608321715	0.12628706287184	4.79844961499948	5.29362255143482
5.13777711501403	0.124643608916025	4.89339894647174	5.38215528355633
5.0435690178931	0.127529725034505	4.79352518391871	5.29361285186749
5.26093365764515	0.130855952949433	5.00435071148017	5.51751660381014
4.99310818813794	0.122650240249399	4.75259072670704	5.23362564956884
5.13878388192574	0.129348415570519	4.88517462836399	5.3923931354875
4.87221597512697	0.115305505797212	4.64610350889992	5.09832844135402
4.94015757871011	0.124724081492038	4.69561912172524	5.18469603569498
4.89800455329618	0.122604992760253	4.65760901206906	5.13840009452331
4.73632878024971	0.127437273821975	4.48641957228601	4.9862379882134
4.8481074385053	0.121590741259502	4.60971050328653	5.08650437372406
4.90496340461973	0.126299428741779	4.65733761487577	5.1525891943637
4.99360712600238	0.132306641177241	4.73422788036773	5.25298637163702
5.10378760565254	0.127395320197143	4.85399744703042	5.35357776427466
4.8205025323546	0.135742401530476	4.55437527723846	5.08662978747074
5.01901563326641	0.129846360036983	4.76442453998559	5.27360672654723
5.30180249402929	0.12626821249156	5.05423498473527	5.54937000332331
4.95893307385003	0.132563745652669	4.69904291328249	5.21882323441757
4.98687781072682	0.121257311925725	4.74911430162782	5.22464131982581
5.07555613719045	0.122804245692673	4.83479116857032	5.31632110581058
5.1297028134324	0.13170634823662	4.87148373835151	5.38792188851328
4.886726268098	0.124607481111097	4.64242403133879	5.13102850485722
5.04269236055483	0.127349113990392	4.79298714478122	5.29239757632844
4.83135133873513	0.132070196079024	4.5723973381154	5.09030533935486
4.86214034533942	0.125300683541383	4.6164576747081	5.10782301597073
4.79711615157336	0.123937394664654	4.55411828555364	5.04011401759307
4.8139989467607	0.125571438592997	4.56779214727631	5.0602057462451
4.96446682529078	0.125412697349676	4.71856333778275	5.2103703127988
5.17586378051406	0.119951522573153	4.94066708941015	5.41106047161797
4.85330975256463	0.127527214965464	4.60327389393364	5.10334561119561
4.88522734849823	0.128097814997766	4.63408477629684	5.13636992069962
5.03858084393536	0.125088326103495	4.79334565408008	5.28381603379064
4.86588562119409	0.133045840693985	4.60500688635146	5.12676435603672
5.06121962184688	0.131723683270807	4.802944288493	5.31949495520076
5.10078860132658	0.11999912017163	4.8654933176298	5.33608388502335
4.85258152293273	0.122089917689887	4.61320363783078	5.09195940803469
5.1502647471411	0.126489537445579	4.90227125570766	5.39825823857454
4.91642728248835	0.124001914195751	4.67328958812437	5.15956497685232
4.85093803666033	0.128556456060211	4.59886168360255	5.1030143897181
4.81991753759922	0.12293767189046	4.5788780569152	5.06095701828324
5.01784873320911	0.123342974342045	4.77598184899776	5.25971561742047
5.02659889823705	0.125585360549099	4.7803551235983	5.2728426728758
5.02765818139097	0.121898236020116	4.78865413550877	5.26666222727318
4.88944668654211	0.128786107755462	4.6369194015529	5.14197397153131
5.05616052555221	0.129588695713341	4.80204845485138	5.31027259625304
5.13295754928708	0.120783155455094	4.89614300007974	5.36977209849441
5.30124073279065	0.127302332565218	5.0516270370628	5.5508544285185
4.89131138409742	0.132048635504468	4.63243304254833	5.15018972564651
5.15216870110911	0.124526647372454	4.90800589146496	5.39633151075325
4.9077355404563	0.126624277924324	4.65947447925367	5.15599660165892
5.04616986453091	0.131867906656886	4.78763052480045	5.30470920426137
4.89634578336674	0.134628471947641	4.63237406110757	5.1603175056259
4.87225910650882	0.120628769659566	4.63572844418797	5.10878976882967
5.06626391014086	0.119007906056626	4.83289716153191	5.29963065874981
5.07584712856156	0.121753456140829	4.83711026196149	5.31458399516163
5.0282780835052	0.136134153252015	4.76135197401111	5.29520419299928
4.98808191793877	0.129492255302795	4.73418008445576	5.24198375142178
4.95663159393474	0.125430136525084	4.71066820086854	5.20259498700095
5.15365325202263	0.126131267340446	4.90636263373446	5.40094387031081
4.93028053925758	0.125451574900031	4.68431916728135	5.17624191123382
5.01061073728011	0.127914793289867	4.75980042337375	5.26142105118648
5.20602691229512	0.119687709738717	4.97136575068352	5.44068807390672
4.78842656089384	0.133990277465784	4.52572561384657	5.05112750794111
4.95178254072314	0.122035893819336	4.71248992612116	5.19107515532511
4.9731336773053	0.118076975913424	4.74163784588936	5.20462950872124
5.06383169080991	0.127521090168047	4.81382573046522	5.31383765115461
5.02407229366744	0.124288755513378	4.78035845667115	5.26778613066372
5.17965162267441	0.127223878338614	4.93022325485177	5.42907999049705
5.16371516709757	0.131407565414306	4.90603951124773	5.42139082294742
4.86103671555379	0.124781630580854	4.6163880005764	5.10568543053118
5.13762011992469	0.135438409972124	4.87203908054548	5.40320115930389
5.03435037800724	0.130518944818558	4.77840518605774	5.29029556995674
4.9203181526151	0.124870646113925	4.67549900233247	5.16513730289773
5.00268060029297	0.123736978262725	4.76008848037469	5.24527272021126
5.08823763228905	0.124933564387956	4.84329568411873	5.33317958045938
5.08452911397275	0.126856884225815	4.83581462417773	5.33324360376776
4.85459917532172	0.130932570813584	4.5978979650217	5.11130038562174
4.84529809305731	0.12833940331861	4.59367466537894	5.09692152073568
5.01024284686138	0.116646549325821	4.7815509970221	5.23893469670066
4.92521719550104	0.134898032359928	4.66070379547799	5.18973059552409
5.06412170314074	0.126044412994579	4.81699674209416	5.31124666418733
5.25553494904021	0.131500373924721	4.99768053909337	5.51338935898705
4.87068879466637	0.128899634126581	4.6179556195198	5.12342196981294
4.97606133435904	0.128603458584691	4.72389286473139	5.22822980398668
5.03898674377455	0.124034314978653	4.79576024047002	5.28221324707907
4.97504233388561	0.128028285807461	4.72400716125912	5.22607750651209
5.02872079115541	0.127634874371488	4.77843422603655	5.27900735627427
4.82644953294991	0.129270153148515	4.57300771482375	5.07989135107606
4.95615877957345	0.125490871341543	4.71011703766714	5.20220052147977
5.05727567454438	0.121409868182576	4.81923588166968	5.29531546741908
5.13332674973209	0.127172254285992	4.8839555517217	5.38269794774249
4.9170114903294	0.123840829971925	4.67418523234374	5.15983774831505
4.99380290580716	0.12378741034012	4.75108755282949	5.23651825878484
4.955733935616	0.122637515739559	4.71529876112687	5.19616911010512
5.16863086287792	0.129307144895097	4.91510000572937	5.42216172002646
4.76128784396833	0.125521212074134	4.51517139186147	5.0074042960752
4.92787109067826	0.131815523061998	4.66943016744411	5.18631201391242
5.11251299687403	0.12855555209457	4.86048859414267	5.36453739960539
5.19915308841811	0.12537513682978	4.95331615857457	5.44499001826165
4.81967149969984	0.126657157369419	4.57134522937141	5.06799777002828
5.19590688223236	0.122300927303214	4.95607685420867	5.43573691025605
5.02761947784392	0.124637835267101	4.78321468054946	5.27202427513839
5.12331166190013	0.123921324169262	4.88032211448308	5.36630120931719
4.98073788045145	0.124139701797762	4.73734897067405	5.22412679022886
5.01279481900955	0.124788254340033	4.76812299393826	5.25746664408085
4.68962845703123	0.122448071539479	4.44952678143461	4.92973013262786
4.89844311103811	0.124543735977503	4.65422983200671	5.1426563900695
4.98160433278753	0.132376097872519	4.72205208142339	5.24115658415168
4.86388403641038	0.125947333549371	4.61694686473235	5.1108212080884
5.00206715235672	0.124992725720323	4.75696893776052	5.24716536695292
4.87449178358766	0.127094278635027	4.62529980150477	5.12368376567055
5.0199353027497	0.124513483267518	4.77578407397259	5.26408653152681
4.81218690491467	0.131995767283683	4.55338990725108	5.07098390257827
4.91402492929502	0.128794440717606	4.66149624662091	5.16655361196913
5.01673111666185	0.124999100752651	4.77162128276987	5.26184095055383
4.83462767295247	0.122126550929508	4.59520104862636	5.07405429727859
5.17841916451785	0.122432700730408	4.93835184766632	5.41848648136938
4.91463490322694	0.128913805207692	4.66187667982724	5.16739312662665
5.01699047621833	0.130768468362882	4.76059010047901	5.27339085195764
4.8048562361727	0.126570254960127	4.55666107511665	5.05305139722875
4.91776166592072	0.132777156494638	4.65742121088048	5.17810212096095
5.09932653666641	0.125635753075728	4.85301120519648	5.34564186813635
5.04638903304087	0.133207592476386	4.78520657320002	5.30757149288172
5.00659660883583	0.129919276290199	4.75188864007241	5.26130457759926
4.8434761087185	0.135503862479947	4.57774348155123	5.10920873588577
5.10603685253536	0.125628652378873	4.85970525702295	5.35236844804776
5.09388544888473	0.128972088488914	4.84103624803075	5.34673464973871
4.9714307459391	0.117919434834388	4.74023697188867	5.20262451998952
5.09228555694362	0.129850151539732	4.83763536800628	5.34693574588096
5.04814616774371	0.121068045234585	4.81075374609672	5.28553858939069
4.97381656219674	0.119430684525745	4.73968203325528	5.20795109113819
5.01705652628125	0.127578960381186	4.76692451138033	5.26718854118216
4.96630854630518	0.125534930248332	4.72017701733754	5.21244007527281
4.82239316581391	0.124015517795927	4.57923473390689	5.06555159772094
5.02038323648209	0.129355224259611	4.76675932474117	5.27400714822301
5.21101086544107	0.126551182494357	4.96287433279105	5.45914739809109
4.96479653553514	0.13133658192269	4.7072957439618	5.22229732710848
5.03799756212136	0.127312416034369	4.78835313215192	5.2876419920908
5.17138134293081	0.127041223381952	4.92230702879873	5.4204556570629
4.85400330461292	0.119681103475793	4.61935452980184	5.088652079424
4.79975395761881	0.128650248201358	4.54748642034179	5.05202149489584
4.82626235642711	0.119921146550121	4.59113007730004	5.06139463555419
4.99287361036432	0.121433187065649	4.75478262585107	5.23096459487757
5.06379130181028	0.123799162051733	4.82103111155023	5.30655149207034
5.0548239040932	0.122099214530139	4.81543965456269	5.29420815362371
5.08146261174487	0.125168435550995	4.83606761116283	5.32685761232691
4.9676991405304	0.119500774896607	4.73335556791949	5.20204271314131
5.03518167867201	0.129370246790305	4.78152090752082	5.2888424498232
4.78784178961137	0.122012326269995	4.54859665182554	5.0270869273972
5.02437819166095	0.122445468890668	4.78429890782885	5.26445747549305
5.02131984971266	0.128906877213393	4.7685879973473	5.27405170207803
5.01732927174632	0.133057109933879	4.75643373418188	5.27822480931076
4.90555489748609	0.130038670825332	4.65058721555888	5.16052257941331
5.01430583940225	0.126731251562117	4.76580309340699	5.26280858539751
5.04328285150669	0.139291165515123	4.77017848553655	5.31638721747684
4.89139848898851	0.130288371005465	4.63593248485824	5.14686449311878
5.07496973146228	0.124130481454904	4.83156083745343	5.31837862547113
4.94367082202201	0.130552292152372	4.68773589219391	5.1996057518501
4.97269222411467	0.129097566607269	4.7195794957146	5.22580495251475
4.97011226795504	0.126112154480428	4.72283683128749	5.21738770462259
4.99272116294979	0.124326372676392	4.74896710642556	5.23647521947402
5.13120919956484	0.124472063685513	4.88713711654829	5.37528128258139
5.08391848042577	0.126831468254155	4.83521913893482	5.33261782191672
4.79359803222552	0.124774162251668	4.548922582229	5.03827348222203
4.95787878004201	0.127871533526309	4.707136085354	5.20862147473003
5.04415327965756	0.131663004159341	4.78601987126849	5.30228668804663
5.01836341659983	0.128587060178871	4.76626273641622	5.27046409678345
5.01093693999434	0.122601511248745	4.77055512427984	5.25131875570884
5.00466391258423	0.127765084658329	4.75415377246508	5.25517405270339
4.98883233198389	0.120705150643788	4.75217420344415	5.22549046052363
4.96838708246246	0.115560639161585	4.74181052694555	5.19496363797937
4.87081352168533	0.13123681978802	4.6135229089035	5.12810413446717
4.89600782389916	0.127582410918602	4.64585582078208	5.14615982701624
4.93154773707296	0.121150193477241	4.69399726499899	5.16909820914693
5.0745665451192	0.124742171963861	4.82999183892593	5.31914125131247
5.09985963934343	0.132073343731567	4.84091821441605	5.35880106427082
4.85083991621649	0.128897127386687	4.59810068708056	5.10357914535243
5.24372558760515	0.129055586169985	4.99068251444716	5.49676866076315
4.98679704408884	0.125708042764242	4.7402954476815	5.23329864049619
5.02456231135752	0.126644002290973	4.77622982523724	5.27289479747781
4.99296487907782	0.123358230789463	4.75110695377543	5.23482280438021
5.06735783364779	0.125728247666263	4.82085300330583	5.31386266398974
5.1567441615644	0.127808194658692	4.9061631467291	5.4073251763997
5.02562599551379	0.12220132456486	4.78601420522951	5.26523778579807
5.21258173910019	0.12006394816492	4.9771575733229	5.44800590487749
5.11424429220851	0.130472127912213	4.85841672061851	5.3700718637985
4.85069324970991	0.121219948872079	4.61300626649442	5.0883802329254
4.7815441351727	0.127987025632778	4.53060146774524	5.03248680260016
4.93468919954925	0.135249009934749	4.66950590933523	5.19987248976328
5.11216633317102	0.123218427731691	4.87058246364048	5.35375020270156
4.91173130786164	0.125227100721109	4.66620026247265	5.15726235325062
5.01118205209139	0.131528174102559	4.7532931574736	5.26907094670917
5.30403802971843	0.130032801633685	5.04910370988076	5.55897234955609
5.08378340605579	0.132081073204978	4.82481163764077	5.3427551744708
5.09371650015964	0.12537208230409	4.84791925768702	5.33951374263226
5.13851221574772	0.129666421321193	4.88425442119534	5.3927700103001
5.09678375125755	0.13148614072288	4.83901028312437	5.35455721939073
5.10773124157862	0.121791318252052	4.86894951202168	5.34651297113555
4.91880954153234	0.130184152055827	4.66355831896434	5.17406076410033
5.00437239750597	0.129524470417222	4.75040211674195	5.25834267827
4.85244492239274	0.132590113221666	4.59248057189293	5.11240927289255
4.92512124538944	0.127148244650126	4.67584482886375	5.17439766191512
4.98561615017038	0.123250913012768	4.74394237789093	5.22728992244983
5.17306602581356	0.125751246547578	4.92650721640068	5.41962483522645
4.91328986736866	0.124125119858491	4.66986284759848	5.15671688713884
4.80782452564503	0.130204097114783	4.55253381177127	5.0631152395188
5.16645821871821	0.126866246006473	4.917725387251	5.41519105018541
4.87347391775296	0.132419446959469	4.61386285204459	5.13308498346133
4.92354573121152	0.121480010603885	4.68535802474637	5.16173343767667
5.2192913147902	0.121927681801787	4.98023286947429	5.45834976010612
5.11579769464216	0.129398652888182	4.86204725195471	5.36954813732961
4.83335863629898	0.133658180138184	4.57130526068077	5.0954120119172
4.8774829445018	0.12336790233451	4.63560586358899	5.11936002541461
5.01883094940544	0.126895041288704	4.77004415300105	5.26761774580983
5.12844591315633	0.124616077375468	4.88412653974648	5.37276528656617
5.06442271944802	0.124044177038713	4.82122051760452	5.30762492129152
5.17051866378543	0.123420517735399	4.92852528267536	5.41251204489549
5.12122990109368	0.123960993030399	4.87816698230983	5.36429281987754
4.96051637967026	0.125494920889954	4.71445599507274	5.20657676426779
4.87624774846133	0.141762004550479	4.59830151062795	5.15419398629472
4.96228171682352	0.128858822820886	4.70960742521153	5.21495600843552
4.91707044845395	0.12105162533526	4.67970344325131	5.15443745365659
4.84733399228981	0.124813565200722	4.60263652334791	5.09203146123171
4.88398940574783	0.128989879534495	4.63108836820394	5.13689044329173
5.07173161129107	0.120763848078948	4.83495726389562	5.30850595868651
4.83670395320888	0.12917759280847	4.58338809947508	5.09001980694268
5.00569881356759	0.126725476766222	4.75724401410471	5.25415361303047
4.98896487065313	0.133116070763902	4.72797188548481	5.24995785582144
4.86808228945723	0.126060102652218	4.62090449155014	5.11526008736432
5.24814656452772	0.126556169592982	5.00001006551616	5.49628306353929
5.11545378756969	0.120910213441407	4.87839625540134	5.35251131973805
4.98571199430009	0.117732875173413	4.7548653762438	5.21655861235637
4.92667151166156	0.129272293544785	4.67320332572712	5.180139697596
5.17136133517296	0.124004531929086	4.92822237779672	5.41450029254919
5.06911485761923	0.120071185052101	4.83369646571552	5.30453324952294
5.10241185798562	0.125560399124369	4.85621534603545	5.34860836993579
4.75730467563861	0.120849786546904	4.52035566541304	4.99425368586417
4.62341152711225	0.130577698400554	4.3673784709306	4.8794445832939
5.06741249713705	0.130647877587118	4.81125330420135	5.32357169007274
5.00867073156549	0.123793884934874	4.76595342199203	5.25138804113896
5.23347744581364	0.121404688724909	4.99539222070588	5.4715626709214
5.02637392152469	0.130713549132063	4.7700411882018	5.28270665484759
4.84530700265906	0.124264030854253	4.6016506999843	5.08896330533383
4.95834007597612	0.125626234421601	4.71204626202451	5.20463388992774
4.81105764323116	0.126291358043625	4.56343380592414	5.05868148053817
5.10447374428634	0.124767919423682	4.85982784878421	5.34911963978847
4.93263750325612	0.126806833588326	4.68400969843347	5.18126530807878
4.69278068307056	0.128403709776995	4.44097406900292	4.9445872971382
5.01154901522581	0.128276799382901	4.76002120731648	5.26307682313515
4.94294320606518	0.122750666439261	4.70225304059582	5.18363337153454
4.98659881717735	0.124677271574835	4.74215752386516	5.23104011048953
5.03195021720249	0.12525650548787	4.78636793380273	5.27753250060224
5.05924125515835	0.132780273367603	4.79889156827815	5.31959094203854
4.98938650072283	0.133468276348983	4.7276915799412	5.25108142150446
5.07924911891833	0.127076755274382	4.83008386476089	5.32841437307577
4.86329344095292	0.121188297622448	4.62565887378429	5.10092800812156
4.84226545627136	0.123459316995963	4.60018552354688	5.08434538899584
5.01566430226884	0.124432073020581	4.77166811806487	5.2596604864728
4.84019324119179	0.125693935285848	4.59373799855739	5.08664848382619
5.08179440744036	0.13061415902354	4.82567840511651	5.33791040976421
5.09357600053392	0.123520408674844	4.8514021597593	5.33574984130854
5.04841098748267	0.131125368699367	4.79131544069991	5.30550653426543
5.07564553226647	0.123560404832105	4.83335725474033	5.31793380979261
4.96116526407719	0.119907820260959	4.72602439294029	5.19630613521409
4.9288919372202	0.120022068164744	4.69354311452479	5.16424075991562
4.99662851247261	0.127470182584329	4.74668711364846	5.24656991129677
4.95669566695298	0.126816927497433	4.70806013345514	5.20533120045081
5.2145062267389	0.12161700796716	4.97604087695933	5.45297157651846
5.02899275831876	0.125588139848121	4.78276154779409	5.27522396884344
4.85228523534898	0.13510562860154	4.58739673422963	5.11717373646833
5.06545166419052	0.125203012993287	4.81997653322152	5.31092679515952
5.22847780954304	0.121587004089704	4.99008545777599	5.46687016131009
5.02005376059529	0.132476853859627	4.76028763853341	5.27981988265717
5.01296561235341	0.121610003428716	4.77452146736585	5.25140975734098
4.89815145475819	0.139552878842622	4.62453859181394	5.17176431770244
5.36131219156852	0.128068325468344	5.11023422098302	5.61239016215402
4.97824237931233	0.12852402091343	4.7262448250796	5.23023993354506
4.87211922266325	0.121380873780963	4.63412811676646	5.11011032856005
5.13617657791665	0.13237587842237	4.87658980431803	5.39576335151527
4.98736058279925	0.134354844063046	4.72394480408886	5.25077636150963
5.08105496388003	0.125804241558958	4.83439961622555	5.32771031153451
4.80298127930346	0.131279550308958	4.54558556811347	5.06037699049346
4.84254929464823	0.129372610789511	4.588907490953	5.09619109834346
4.83447786196853	0.131940279628259	4.57578633557111	5.09316938836596
4.8128062154754	0.127915569173016	4.56196855801456	5.06364387293624
4.86288935060106	0.134968306107868	4.59827990192976	5.12749879927236
4.95454614998174	0.13334620890465	4.69309965453726	5.21599264542622
4.90445216652035	0.132137529916959	4.64530987029042	5.16359446275028
5.05381817795358	0.128718217602065	4.8014097216514	5.30622663425576
5.12511567816151	0.129192766627539	4.87179468722055	5.37843666910247
4.92953122458183	0.126234507058964	4.68203768486059	5.17702476430308
4.916958837759	0.124415633160173	4.67297896820967	5.16093870730834
5.00686083663645	0.12432061770555	4.76308801053837	5.25063366273453
5.00077908105659	0.119935222649113	4.76562627172442	5.23593189038876
4.97433109061262	0.133493965591505	4.71256239550885	5.23609978571638
5.05236986161698	0.125579957358433	4.80611590708018	5.29862381615377
4.71749531872896	0.124221944156707	4.47395660850178	4.96103402895613
4.87336264976391	0.132971110036899	4.61261979242899	5.13410550709883
5.06273214508693	0.12842248788073	4.81091793662956	5.31454635354431
5.13651133985717	0.124789931829314	4.89184105378249	5.38118162593185
5.09373018875997	0.12608996109239	4.8465141517454	5.34094622577454
5.10296734249932	0.118239628949701	4.87114198415202	5.33479270084661
5.04224553987608	0.131017546819862	4.78536157202162	5.29912950773053
5.13083576211335	0.123502312927979	4.88867413193374	5.37299739229295
4.79504683228348	0.121156664517642	4.55750306832124	5.03259059624571
5.05865068883876	0.120887844722423	4.82163025394441	5.2956711237331
4.82073568300986	0.121673829032326	4.58218273180552	5.0592886342142
4.82367209140336	0.134984397798158	4.55899774017062	5.08834644263611
4.89690031631426	0.123204963786508	4.65530497050133	5.13849566212719
4.9463835644413	0.129645651901959	4.69217985166471	5.20058727721788
4.99958660437547	0.128389647887536	4.74781659225539	5.25135661649555
4.70331181869179	0.123483914343162	4.46120731126865	4.94541632611493
5.07331030290153	0.128302487132728	4.82172674725202	5.32489385855104
4.78294968514452	0.129461920377254	4.52910056525173	5.03679880503732
5.06331612104017	0.126856708184855	4.81458211587646	5.31205012620388
5.13233025251131	0.124525187965362	4.88815238781392	5.37650811720871
4.93907750043588	0.124347276734185	4.69523465066016	5.18292035021159
4.92048973474873	0.11977124968093	4.68565035305915	5.15532911643832
5.16564644652962	0.127914581914778	4.91483976992615	5.41645312313309
4.92697278452879	0.131336551358139	4.66945131953278	5.1844942495248
5.15860857753324	0.130700031741182	4.90234526942684	5.41487188563963
4.88723639579709	0.131602147861059	4.62918857179842	5.14528421979576
5.21666604909651	0.123322111941981	4.97487911612572	5.4584529820673
5.0606159424835	0.128521286478577	4.80863067137159	5.31260121359541
4.9936035296631	0.128742581197572	4.74121410826028	5.24599295106591
4.97642773419093	0.124168193855582	4.73298378864178	5.21987167974009
4.87847062514817	0.125862328677299	4.6317023820804	5.12523886821595
4.62642105455033	0.132655392346742	4.36631700427921	4.88652510482144
4.96353008645772	0.12261891579865	4.72308788286389	5.20397229005155
4.77024321701316	0.121448606841082	4.53210227464772	5.00838415937861
4.9882929758501	0.123231682046224	4.74668923623703	5.22989671546317
5.12846830587796	0.12974590275587	4.87408670394744	5.38284990780847
5.04453337236837	0.127387481835306	4.79476162076323	5.29430512397351
5.05148025057242	0.125106177173431	4.80618751479546	5.29677298634939
5.04407343101576	0.134150419154542	4.78100833957232	5.3071385224592
4.76763999124498	0.122905216813094	4.52661016864794	5.00866981384202
5.07455336260832	0.134190211717922	4.81146796036087	5.33763876485578
5.08405564572189	0.125546882201575	4.83788073312016	5.33023055832361
4.96120059408239	0.130295772112765	4.70575826583004	5.21664292233475
5.03942017264161	0.12116506254454	4.8018616524677	5.27697869281552
5.06271128445175	0.130663614421313	4.80652640296468	5.31889616593882
5.02607430502694	0.126526704664221	4.77801382075976	5.27413478929412
5.07855729712278	0.129632579979961	4.82432476518964	5.33278982905592
5.06498347392309	0.127657953071347	4.81470414493871	5.31526280290748
4.98433043127666	0.130094767834483	4.7292651856215	5.23939567693183
5.0877365650651	0.126433256512048	4.83984935648106	5.33562377364915
5.10478477386912	0.131059922660238	4.84780382393915	5.3617657237991
4.91353797621108	0.121868563125635	4.67461180535135	5.15246414707081
4.94978744638142	0.127752685949684	4.69931855267872	5.20025634008412
5.18087772883946	0.128410904438787	4.92912175985655	5.43263369782237
4.95670127586701	0.119123003931734	4.72313563841928	5.19026691331475
4.96283550524807	0.129226754459713	4.70943415946196	5.21623685103418
5.1414078566304	0.12848059287234	4.88945528656791	5.3933604266929
4.98494403548771	0.123617368183521	4.74251542765784	5.22737264331758
4.93523403170435	0.125586747880849	4.68901124770543	5.18145681570328
4.92505979657071	0.128320364593637	4.67348755564234	5.17663203749908
4.8924851947285	0.124225734646753	4.6489089097107	5.13606147974631
4.9579165940067	0.123615282743858	4.71558044081061	5.2002527472028
5.0601253155596	0.126584207210884	4.81192450485719	5.30832612626201
5.05814860944604	0.120852287506602	4.82120010225603	5.29509711663606
4.98100251683144	0.125249668840497	4.73538442264918	5.2266206110137
4.78387242319371	0.124733086545316	4.5393157849679	5.02842906141952
4.95713743021454	0.12778482530215	4.70659027934878	5.20768458108029
4.84950693747686	0.129973154227499	4.59467585714475	5.10433801780897
4.84916269998063	0.125058212633308	4.6039672283264	5.09435817163486
4.96311644014201	0.127937217653846	4.71225760200803	5.21397527827599
5.04087409321329	0.130910606699567	4.78420623946415	5.29754194696243
5.2728722764453	0.127226289568985	5.02341545833421	5.5223290945564
5.03657312251296	0.132137861357655	4.77749165667341	5.29565458835251
5.12859407609425	0.132660038427118	4.86847051166549	5.388717640523
4.96197357904968	0.131386265293012	4.70434196709096	5.2196051910084
5.00281180114668	0.132770451989372	4.74245052572659	5.26317307656678
5.16413653935856	0.123857567082872	4.92125181863168	5.40702126008544
4.95260742143458	0.129068266897566	4.69956643740762	5.20564840546154
4.96652507275284	0.124969763903936	4.72152684813322	5.21152329737247
5.02320652365734	0.126548258342379	4.77506038030161	5.27135266701307
4.80301465804223	0.118616058175392	4.57046239067252	5.03556692541193
5.05548500579273	0.129734659189497	4.80110196735317	5.3098680442323
5.10448590098628	0.124634000562312	4.86007635571685	5.34889544625572
5.09049747926102	0.12370187508266	4.84794402438063	5.33305093414142
4.94819183578281	0.123609646446328	4.70584347553048	5.19054019603515
4.9182025760578	0.121931515224739	4.67912499378676	5.15728015832883
4.87527966570945	0.132205620965651	4.61605877979788	5.13450055162102
5.17924923839757	0.124227785208743	4.93569082640466	5.42280765039048
5.04374816266676	0.11931593295513	4.80982577408861	5.27767055124492
5.1702466824194	0.130170998909673	4.91501703424997	5.42547633058884
4.95146543518799	0.121881404647956	4.71247419684367	5.19045667353231
4.99381609248252	0.120800702267721	4.75697420204343	5.23065798292161
4.99186047006799	0.125656112888134	4.74547304708284	5.23824789305314
4.97910258618901	0.124655200975391	4.73469735894104	5.22350781343698
5.02135593657127	0.124136247736106	4.77792993088784	5.2647819422547
4.83626963563459	0.126029274856902	4.58918221482616	5.08335705644301
5.00103748466426	0.126409573866265	4.75317127399108	5.24890369533744
4.97977692208538	0.138668587986	4.70784929839906	5.25170454577171
5.01873051382197	0.121255195154993	4.78100122436402	5.25645980327992
4.96352574118589	0.119634674773112	4.72897733026433	5.19807415210745
4.81513003061192	0.122900866276258	4.57414205767756	5.05611800354628
4.95098993719017	0.127651050776037	4.70071996904662	5.20125990533371
5.10936721597496	0.126536313077746	4.8612663995777	5.35746803237223
4.98621717984773	0.131587977890419	4.72820482484946	5.244229534846
4.8597965181356	0.127425528126422	4.60993220544116	5.10966083083005
5.09580546244352	0.128483382971505	4.8438666588952	5.34774426599185
5.13898304299134	0.131499948839817	4.88114343091135	5.39682265507133
4.90237743773952	0.128332359054922	4.65072336998939	5.15403150548966
5.16171109266122	0.128011158759116	4.91073046861275	5.4126917167097
4.74859873033403	0.127175753607369	4.49923336033158	4.99796410033648
5.11550789093497	0.132121392550706	4.85647503501772	5.37454074685223
5.01842677109453	0.129162347615509	4.76517760944503	5.27167593274402
5.07335774972676	0.122432530127631	4.8333166158712	5.31339888358232
4.81544853493855	0.124605837998816	4.57113208023036	5.05976498964673
4.8544000669776	0.129371483005676	4.60073799006876	5.10806214388645
5.0480756197416	0.125823493937903	4.80138144679436	5.29476979268883
4.84719009183305	0.126208836676958	4.59976785278715	5.09461233087896
5.14788192028324	0.121513156761107	4.90964142008261	5.38612242048387
4.9169250838643	0.123270069860401	4.67520366575765	5.15864650197095
5.09832065002203	0.126322553432928	4.85062008239273	5.34602121765133
4.860790799962	0.124294025736809	4.61708421449815	5.10449738542586
4.92769810799892	0.124299991386119	4.68398698211932	5.17140923387851
4.80752261527971	0.128815956006861	4.55498239837897	5.06006283218045
5.05300468084186	0.127088114970001	4.80384788268561	5.3021614789981
5.19341544412745	0.126035268365283	4.94630539212113	5.44052549613378
4.84367309557276	0.129705126995052	4.58935932376227	5.09798686738326
4.8059800612626	0.126937011649365	4.55709015395724	5.05486996856795
4.8196519849022	0.127167628439677	4.57031533839942	5.06898863140497
4.97817117615553	0.123735104435607	4.73556884067106	5.22077351164
5.09232910339822	0.122738398617475	4.85165603642354	5.33300217037291
5.13247870349496	0.119516463970945	4.89813557181146	5.36682183517845
4.91050533608094	0.139179712784766	4.6375736728324	5.18343699932948
4.92721243938683	0.125358001617413	4.68145056768258	5.17297431109107
4.77206704720389	0.129637355328029	4.51791237476733	5.02622171964045
4.95599973626017	0.133194236569907	4.69485553080173	5.21714394171862
5.03485001174534	0.127476700572815	4.78487909199344	5.28482093149724
4.89863739814047	0.125463200354782	4.65264451989821	5.14463027638272
4.92140329172053	0.124466734231773	4.67735148132377	5.1654551021173
4.86571722127868	0.127048998256209	4.61660279927948	5.11483164327788
5.0844152990656	0.129095848205298	4.83123032296276	5.33760027516844
4.88649521959358	0.123856922719	4.64365854378083	5.12933189540634
4.90932101422317	0.129425094096853	4.65557013112001	5.16307189732634
4.8682443275335	0.120107045680832	4.63272972878404	5.10375892628297
4.89605970521241	0.122457500864016	4.65594116668228	5.13617824374254
4.88483577747691	0.128988526922852	4.63193420557526	5.13773734937856
5.01092073375121	0.131179257627297	4.75372473739558	5.26811673010685
5.01272618972547	0.12500292661458	4.76761971782393	5.25783266162701
4.79976217054406	0.129357060632759	4.54615016479835	5.05337417628978
5.24797220177709	0.128631595495338	4.99578188563746	5.50016251791672
4.99024533597548	0.132506811517896	4.73045813559328	5.25003253635768
5.17569399851971	0.12399269246548	4.93258405326293	5.4188039437765
4.99328748889267	0.119203433988548	4.75956820263431	5.22700677515103
4.79657962722198	0.125112109549049	4.5512869220557	5.04187233238827
5.09565176380997	0.120706987967888	4.85899910430954	5.33230442331041
5.01302146205117	0.128385283342385	4.76128780170258	5.26475512239975
5.03907139296629	0.126296985004052	4.79145390671283	5.28668887921974
4.99668222676136	0.120053253974442	4.76127963936783	5.23208481415488
5.14691120000571	0.12494010500843	4.90193336258665	5.39188903742477
5.04664073333156	0.126785985188694	4.79805552762169	5.29522593904142
5.07448471431965	0.121954270512865	4.83536493420183	5.31360449443747
5.15675684754106	0.123269683806051	4.91505705655901	5.39845663852312
4.82389373475049	0.131437848814631	4.56615415741216	5.08163331208883
5.30208254954717	0.125323852275171	5.05633861733503	5.54782648175931
5.18114068149344	0.125443148818605	4.93518879325748	5.42709256972939
5.22703606461767	0.127953440160562	4.97616027783692	5.47791185139842
4.83589337923872	0.128386009267284	4.58417526795657	5.08761149052087
4.90134063989443	0.13286452981149	4.64082081577115	5.16186046401771
5.03333495741274	0.124731050045071	4.7887455007661	5.27792441405938
4.89164335032431	0.125969525328629	4.64466246024069	5.13862424040794
5.08543745495739	0.121443046588926	4.84731647178147	5.32355843813332
4.99048820136248	0.118425256465815	4.7582886634936	5.22268773923136
5.31240051193895	0.13093503841561	5.05564561099792	5.56915541287997
4.95995358881975	0.13288517261056	4.6993917051025	5.22051547253701
5.15020838442059	0.127405847638722	4.90040268304228	5.40001408579889
4.85009706962983	0.127050349705937	4.60097159383656	5.09922254542309
5.09647228177641	0.130539434091607	4.84052092428367	5.35242363926915
4.83957077153194	0.128488280330966	4.58764173354641	5.09149980951748
5.09979171459923	0.12193507896931	4.86070458526383	5.33887884393462
4.95176526252315	0.129565834067546	4.69772742858003	5.20580309646626
4.97195913014697	0.125446668298948	4.72598599908379	5.21793226121015
5.07029867892771	0.125635256036195	4.82394515008703	5.3166522077684
4.67856763769195	0.124889228484218	4.43373266172095	4.92340261366294
4.93161564032393	0.127586152941176	4.68146468417711	5.18176659647074
4.88729069196804	0.127205353893344	4.63787052711158	5.13671085682449
4.98960366023292	0.132143861956812	4.73052838744564	5.24867893302021
4.9671758248503	0.135520841189787	4.70143388010761	5.23291776959299
4.77702809615947	0.124965922399933	4.53201619588269	5.02203999643624
4.7922147041503	0.119285161219287	4.55832361634464	5.02610579195596
5.03938719419973	0.129769322993427	4.78495860642259	5.29381578197688
4.87590174360723	0.126598278718509	4.62767681483178	5.12412667238269
5.19852723244448	0.122507596237672	4.95831096651303	5.43874349837593
4.90656519034585	0.127705110642816	4.65616344265915	5.15696693803255
5.07294154048156	0.134732581008054	4.80878743567307	5.33709564529005
5.01431017711616	0.128429176046664	4.76251087683577	5.26610947739655
4.85783325478914	0.124651483014213	4.61344804567894	5.10221846389934
5.26738536285041	0.131926787186871	5.00869475121543	5.52607597448539
4.85200395670708	0.124776180563361	4.60734902591235	5.09665888750181
4.92252226982045	0.120080009984885	4.68707835318061	5.15796618646028
4.96275082016197	0.118765635799423	4.72989849478311	5.19560314554082
5.07928302091478	0.121869648927534	4.84031744260032	5.31824859922923
5.30049164374732	0.125552280241628	5.05431138444552	5.54667190304911
5.06125168616177	0.120219526791937	4.82555183098692	5.29695154133663
4.96551436504286	0.125286558623384	4.71984980484086	5.21117892524487
4.94217994649823	0.128659314475835	4.68992263705338	5.19443725594308
4.84634217883492	0.129591966500047	4.59223215654677	5.10045220112308
4.89708736752136	0.126842881624707	4.64839451657786	5.14578021846486
5.23449658817893	0.131610756773397	4.97647208501482	5.49252109134304
4.92510882538313	0.135995097406218	4.65849007245247	5.19172757831379
4.86838369553293	0.128363866798586	4.61673221943246	5.12003517163341
4.92896508276115	0.125355511593574	4.68319393957863	5.17473622594368
5.05475829972798	0.128917535026491	4.80198999686263	5.30752660259333
5.17331000931837	0.122959503464589	4.93221520989775	5.414404808739
4.95523457506346	0.125619253208235	4.70893091370295	5.20153823642397
5.03036039271077	0.128887568179489	4.77765508853438	5.28306569688717
4.85224415447966	0.12683281127308	4.60354847188843	5.1009398370709
5.04381987179727	0.138076905328018	4.77307612534908	5.31456361824545
4.95779046046545	0.127284878484762	4.70820494178783	5.20737597914307
5.01982667703347	0.120042919008088	4.78444053246191	5.25521282160503
5.0264659982414	0.129157191629099	4.77322468111464	5.27970731536816
4.88160620455799	0.123619441415147	4.63920042262787	5.1240119864881
4.99921100303037	0.124187901678962	4.75569378395964	5.24272822210109
4.84042703609405	0.122590548108216	4.6000557019753	5.0807983702128
4.78034269528776	0.11972770447261	4.54559230220846	5.01509308836706
5.33172939934463	0.123230326903116	5.09011802094269	5.57334077774658
4.95979583036696	0.127134376866512	4.71054036621515	5.20905129451876
5.14308026007607	0.118750048467485	4.91022645351291	5.37593406663922
5.16178782219869	0.127524926077931	4.91172427272729	5.41185137167008
5.07298660067671	0.122046978296945	4.83366780033461	5.31230540101882
5.07572312947696	0.129070882443528	4.82266779747373	5.32877846148019
4.77437323451466	0.118566246928095	4.54190683562388	5.00683963340544
5.22301821390556	0.128318892441158	4.97142335175564	5.47461307605548
4.89268534412152	0.127528035086177	4.6426517636047	5.14271892463834
4.96009759565286	0.125679247502851	4.71361537726332	5.20657981404239
5.21401318733144	0.126331897617173	4.96630614934766	5.46172022531523
5.12626132920146	0.125587034418619	4.88000711700209	5.37251554140084
5.01549058810671	0.118637153114085	4.78288119763624	5.24809997857719
4.84606914867115	0.12991596912728	4.59132987111737	5.10080842622494
4.83833691117444	0.127425889840149	4.58848384928375	5.08818997306512
5.20772699980153	0.126949760087344	4.95883729254227	5.4566167070608
4.96555470339944	0.127562574814609	4.71546810195082	5.21564130484805
4.93747500977759	0.127369169883206	4.68776951092477	5.18718050863042
4.94151686934703	0.128601395259456	4.68937379175304	5.19365994694102
5.05264001514241	0.135699150087473	4.78655931736365	5.31872071292117
4.85821863598519	0.132321294205986	4.59879616362335	5.11764110834703
5.0432012869047	0.121913861677481	4.80416986660373	5.28223270720568
4.78570992402131	0.128116694176758	4.53452057799917	5.03689927004345
5.03508071178298	0.133709665338438	4.77292835911011	5.29723306445586
4.98947602764871	0.125020334813617	4.74433281195792	5.2346192433395
4.92094731452498	0.121376784273632	4.68293810754007	5.15895652150989
5.11089814614713	0.126549106948705	4.86278569910572	5.35901059318853
4.95829669305431	0.124011260624242	4.71513969669089	5.20145368941772
5.09095071226559	0.126947080101787	4.84202524487151	5.33987617965968
5.05516470814035	0.126351270941056	4.8074458607002	5.30288355558051
5.04941697140709	0.120368336767829	4.8134303074501	5.28540363536408
4.91980424269252	0.129188342756745	4.66648639997517	5.17312208540986
4.96885414632473	0.138942990525159	4.69638326108734	5.24132503156213
4.90738775019351	0.123883191924349	4.66445548188014	5.15032001850689
4.99855638832089	0.121672148843049	4.7599995872951	5.23711318934668
4.95317738246707	0.130575858282741	4.69716613165195	5.20918863328218
5.05819718568865	0.129878215912897	4.8035491724495	5.3128451989278
5.14325928580085	0.12892985187492	4.89049272176189	5.39602584983982
5.03872026442261	0.123529630208252	4.79652636675795	5.28091416208728
5.03014911412068	0.125670538001461	4.78378323300498	5.27651499523637
4.86069013252149	0.131275532189479	4.6032927381108	5.11808752693218
5.03736952496475	0.123949707760215	4.79433243285221	5.28040661707729
4.95801686054089	0.132142847796691	4.69891224362503	5.21712147745674
5.08292065241995	0.128311261277733	4.8313449327813	5.3344963720586
4.88775005984373	0.126169371363846	4.64034247936792	5.13515764031955
4.98485170233622	0.125555774635625	4.73862190886333	5.23108149580912
5.05255946563147	0.126512494027225	4.80453837958223	5.3005805516807
5.02565297679239	0.125127183673474	4.78032509124404	5.27098086234074
5.00782739230731	0.125235404265282	4.7622532650157	5.25340151959892
4.94655006235852	0.126690563076523	4.69810799583581	5.19499212888123
4.91992647940792	0.135357116305474	4.65455263997971	5.18530031883612
4.99961751096622	0.126605307991075	4.751387741915	5.24784728001745
5.0300157015669	0.122277678272209	4.79025562720665	5.26977577592716
4.74034537289401	0.12556268658723	4.49412789262264	4.98656285316537
4.90782834102775	0.127416320288126	4.65798854573437	5.15766813632113
5.01809825398391	0.128708298317582	4.76576169398601	5.27043481398181
5.08015256457854	0.1356321961949	4.81421231043148	5.34609281872559
4.98186738774402	0.120196970604235	4.74622262129353	5.21751215419452
4.92441128728258	0.126128449957542	4.67711356506797	5.17170900949719
4.73939084229475	0.121243090122221	4.50166601086319	4.97711567372631
5.04081632457213	0.125333511882591	4.79508505367316	5.2865475954711
4.88387082890571	0.122943588298187	4.64281347442297	5.12492818338845
4.97863660833026	0.134380878369501	4.7151411635861	5.24213205307443
5.01673804705772	0.125864026327848	4.76995909776989	5.26351699634554
5.16733761858748	0.123368672574025	4.92545940975606	5.4092158274189
4.94126429845923	0.122016079394634	4.70202522988571	5.18050336703275
5.13389293460609	0.124615703169453	4.88954585493638	5.3782400142758
5.02704389949493	0.137807871458511	4.75684038771986	5.29724741127
5.25575113836415	0.122082020777853	5.01637130733843	5.49513096938986
5.24439306122176	0.120947470143922	5.00727249859993	5.48151362384359
4.92305041864293	0.125781504537812	4.67643890020034	5.16966193708552
5.052013457139	0.131595133781914	4.79399316136978	5.31003375290822
5.06608372480123	0.126496802197038	4.81805313800898	5.31411431159349
5.01154970112487	0.122167366637352	4.7720465992123	5.25105280303743
4.69997298042103	0.121766024288586	4.46120344017977	4.93874252066229
5.22267396754109	0.128741786499476	4.97026855532043	5.47507937976174
5.23403691637245	0.126360588663784	4.98628665824517	5.48178717449973
4.87897381056018	0.126091670456943	4.63174452828145	5.12620309283891
5.14016797691742	0.126141043730692	4.89286492011207	5.38747103372277
4.81635308552236	0.128155568212213	4.56507617796205	5.06762999308267
4.87171123852159	0.1267029420922	4.62323952063235	5.12018295641083
4.96281641072573	0.124347780644056	4.71898444329972	5.20664837815173
5.20177092845817	0.123711950148063	4.95919973664221	5.44434212027413
5.14616839127203	0.122837182224121	4.90531692696803	5.38701985557603
4.82395122756678	0.126373429737529	4.57618800486837	5.07171445026519
4.77147873105161	0.12585319736634	4.52471404234067	5.01824341976256
5.02734111920259	0.121276167371088	4.78955572015102	5.26512651825416
5.202536838288	0.123415525595567	4.96052201058414	5.44455166599185
5.22552035525386	0.127541745438128	4.9753997391464	5.47564097136131
5.11833982962203	0.123108167523132	4.8769709521658	5.35970870707825
4.73753527091235	0.13109051198988	4.48050712116792	4.99456342065678
4.90716178892643	0.134666853938768	4.64311951222264	5.17120406563022
5.04854882572537	0.128085374778277	4.79741109418547	5.29968655726527
4.98674718690342	0.125544542810165	4.74058178951466	5.23291258429219
4.94662118871187	0.12198637064363	4.70743861659964	5.18580376082409
5.20664778960698	0.122180793264208	4.96705875608293	5.44623682313104
5.03514444847337	0.132199182004783	4.77595278493759	5.29433611200916
5.10850322597394	0.124489386878481	4.86443489615989	5.35257155578798
5.34934980520409	0.12732440210322	5.09970129535183	5.59899831505634
4.94073284872129	0.130858948831391	4.68418810594285	5.19727759149974
4.94274902384553	0.129587711008985	4.68867930354842	5.19681874414264
4.8658471237472	0.124834677950385	4.62109538271557	5.11059886477882
5.13154316419958	0.129725430522648	4.87717836503723	5.38590796336193
4.87198210837005	0.127922855372278	4.62118987104573	5.12277434569438
5.13399457636347	0.118954885343909	4.9007234261636	5.36726572656334
4.98178154432022	0.128343923720834	4.73015086842264	5.2334122202178
4.92795734665152	0.130745784324417	4.67158715379793	5.18432753950512
5.21377357761153	0.119304140607185	4.97984375692242	5.44770339830064
4.75034451655466	0.117663954856174	4.51962604799888	4.98106298511044
5.3644145315156	0.131481329011804	5.10664278988508	5.62218627314612
4.91545379842603	0.124772009078504	4.67080856052381	5.16009903632824
5.02506684313495	0.121807370233794	4.78622122623523	5.26391246003467
5.38329538835146	0.129348000101638	5.12965397382232	5.6369368028806
5.16838626680898	0.128936372310514	4.91558710477854	5.42118542883942
5.20301203863268	0.127665006128083	4.95266279723245	5.45336128003291
4.96279786723155	0.117239433897384	4.73293963254947	5.19265610191362
5.11108730163593	0.125050039141791	4.8659123787744	5.35626222449745
5.02259796850501	0.12495107265709	4.77753761590028	5.26765832110974
4.89606161481205	0.120402768758324	4.6599556467588	5.1321675828653
5.06380645526484	0.125041795702341	4.81863257598499	5.3089803345447
5.18848524967393	0.115869495836327	4.96126764859392	5.41570285075393
4.62847096070576	0.129984217294224	4.37363664571849	4.88330527569303
5.20579637677661	0.127816168322639	4.95519401309361	5.4563987404596
5.07601818574812	0.127410407693531	4.82620994072728	5.32582643076896
5.09837733412637	0.128724430847662	4.8459987744779	5.35075589377484
5.17560448618777	0.130181998748409	4.92034230114309	5.43086667123244
5.03097022219278	0.125793579871454	4.784341590284	5.27759885410156
5.18610825060329	0.122515222977239	4.94588603846311	5.42633046274346
4.89503923101737	0.12182224750099	4.65615966851278	5.13391879352197
5.12928278026384	0.122795047669581	4.88851708598793	5.37004847453974
5.20871177442458	0.12544450706898	4.96274923252914	5.45467431632001
5.0231875489266	0.12690599804675	4.77434618839214	5.27202890946106
5.25484880341827	0.133968198504492	4.992159077676	5.51753852916054
5.20535767085048	0.128579946633356	4.95325008761786	5.45746525408309
4.72635757268889	0.130386633563487	4.4706750448765	4.98204010050128
5.11053997989962	0.125773876006255	4.86395528373585	5.3571246760634
5.18579239625687	0.126540534942845	4.93768678101565	5.43389801149808
4.89455314710848	0.127545142136691	4.6444402035606	5.14466609065636
4.97405625521474	0.125250111006963	4.72847161842439	5.21964089200509
5.02140902408048	0.119290741484465	4.78752295248864	5.25529509567232
5.04681924646662	0.124836542981583	4.80204972780271	5.29158876513053
4.97537410001177	0.117213004230394	4.74555961995116	5.20518858007237
4.86601000873793	0.129150459529421	4.61275546593834	5.11926455153752
5.09781785830058	0.12605592853633	4.85064316141614	5.34499255518503
5.10695196151216	0.127641228494051	4.8566958605869	5.35720806243741
5.00632255703074	0.128969107406197	4.75346563677819	5.25917947728328
4.90788937080778	0.128800337234072	4.65536594556111	5.16041279605446
4.8895150561588	0.129237536690346	4.63612654282827	5.14290356948933
4.94502131755796	0.126858211387967	4.69631277653313	5.19372985858279
5.05179612781318	0.127994674483012	4.80080404185808	5.30278821376827
5.00960807895856	0.124640097065274	4.76522629034179	5.25398986757533
5.05515585148933	0.124420520842749	4.8112044342991	5.29910726867956
5.13687234106229	0.131205828756136	4.87962914864055	5.39411553348404
5.07941727501219	0.133844489743603	4.81701257825174	5.34182197177264
4.8397861928776	0.127857427200447	4.58909413401032	5.09047825174489
5.09104860004185	0.138259087338757	4.81992456995375	5.36217263012996
4.8312843153431	0.119397843611486	4.59718221176616	5.06538641892004
4.85424462710358	0.118949087219393	4.62101157034221	5.08747768386495
4.90832093045717	0.122411040387738	4.66827881969383	5.14836304122051
4.75838857984565	0.12505564216343	4.51318260109629	5.00359455859502
5.16012824251543	0.127872294587727	4.90940298089332	5.41085350413755
5.03886823389307	0.129034599492202	4.78585264651545	5.2918838212707
5.0042891293782	0.131913832810293	4.74566852605149	5.26290973270491
5.14852981530854	0.123160918455741	4.90702962282106	5.39003000779603
5.0630828299295	0.128703771575976	4.81073880314948	5.31542685670952
5.10041083389017	0.117538783291143	4.86996520354393	5.33085646423642
5.09234325464365	0.13196084750969	4.83361241651623	5.35107409277108
5.01211624524945	0.130080459732586	4.75709079829383	5.26714169220507
4.87435998271952	0.122976558120929	4.63324400676722	5.11547595867181
5.03274291243524	0.128725982722601	4.78032995495113	5.28515586991936
5.13130816841458	0.115862326653192	4.90413841842762	5.35847791840154
4.95173166656417	0.121476619595279	4.71350234409641	5.18996098903192
4.95557176247274	0.126341418948142	4.70783598957825	5.20330753536722
4.95663634003814	0.129003891012123	4.70371379018525	5.20955888989104
4.88651814503023	0.125341518147997	4.64075279995231	5.13228349010815
4.8444012328872	0.1321435213897	4.58533606185781	5.10346640391659
5.00110568772323	0.126486428113613	4.75309117532266	5.24912020012381
5.02420438410318	0.13166560991228	4.7660421936899	5.28236657451647
4.87140054411536	0.123075193919769	4.63009178594445	5.11270930228627
5.03832155023289	0.127099445066913	4.78910164265678	5.28754145780899
5.02373105783495	0.13164850608304	4.76563140357255	5.28183071209735
5.10945422923582	0.128105601335692	4.85826009395505	5.36064836451659
5.07960115687962	0.124484333221082	4.83552451118839	5.32367780257085
5.04070332563599	0.128588724490962	4.78858731274282	5.29281933852916
4.9480799925178	0.128721165013476	4.69568603321146	5.20047395182415
4.90020620762886	0.130322937213845	4.64471999080615	5.15569242445157
4.74704951646345	0.120874740690941	4.51003061343722	4.98406841948968
4.83871969275989	0.125849993953784	4.59195686482744	5.08548252069233
5.00897670535647	0.127244339259959	4.75947583633706	5.25847757437588
4.90148295684569	0.118438441651996	4.66924052671837	5.133725386973
4.95348678582429	0.126741977476991	4.70494791480428	5.20202565684431
4.87373884620251	0.127051026569821	4.62465846575624	5.12281922664878
5.00494172281042	0.127327252374764	4.75527392476527	5.25460952085558
5.02171514762182	0.129717038319121	4.7673803584714	5.27604993677224
4.86630531237875	0.128692170586988	4.61395957114353	5.11865105361398
4.83318441148088	0.127087327471678	4.58397791766686	5.0823909052949
5.05270777620194	0.135304044568095	4.7873891441882	5.31802640821568
4.82708709558624	0.125175351255974	4.58165607728947	5.07251811388302
5.0064066255552	0.129326537676322	4.75278099855455	5.26003225255585
5.12474514361806	0.128963375057066	4.87188682348537	5.37760346375075
4.94686194673146	0.118930601171859	4.71369203849628	5.18003185496663
5.03252882263075	0.121977014046438	4.79335690449082	5.27170074077068
5.18153707282506	0.127995690905217	4.93055757975072	5.43251656589939
5.09095105869276	0.122451256767726	4.85085768060701	5.3310444367785
5.00889634585712	0.125066501476187	4.7636758227264	5.25411686898783
5.06025124070615	0.124250157428972	4.81662297319168	5.30387950822062
4.96044590271468	0.129333836870697	4.70686090153844	5.21403090389092
4.99621770575768	0.127391284812579	4.74643546983621	5.24599994167914
4.85328861864069	0.121502669371546	4.61508134162167	5.0914958956597
5.20802008064632	0.126535969567704	4.95989569547425	5.45614446581839
5.09473335068407	0.129646216022879	4.84051477775495	5.34895192361319
4.88454877737378	0.120163991750642	4.64895451555186	5.1201430391957
4.98724382748796	0.127301835354921	4.73765533393263	5.23683232104328
4.76161480084154	0.122736002384041	4.5209876771223	5.00224192456078
5.05182153323654	0.126803122915466	4.80319660855605	5.30044645791704
5.00900979828256	0.125436455594435	4.76305588475436	5.25496371181076
5.08113684640027	0.12933799293753	4.82754198513552	5.33473170766502
4.79935746062163	0.124335282780683	4.55555699536285	5.04315792588041
5.12641467467289	0.128856477159198	4.873737536492	5.37909181285378
5.1094773409345	0.129034236298215	4.85647265138701	5.36248203048199
5.19560696687097	0.118405014675372	4.9634449952048	5.42776893853714
5.14742020381189	0.128240645476905	4.89600585428366	5.39883455334012
5.03583020592709	0.122018806322189	4.79656379747589	5.2750966143783
4.91400161660548	0.125364968363841	4.66818014840701	5.15982308480395
5.01050974640117	0.131374583304	4.75294503011934	5.268074462683
5.03888930501466	0.130006629572824	4.78396407029765	5.29381453973166
5.08641623429178	0.131456460295141	4.82867810671266	5.34415436187091
4.68336117459221	0.131661655877253	4.4252299241633	4.94149242502112
4.9800307283628	0.119985334207711	4.74479021440312	5.21527124232248
5.30847496834588	0.125062758695398	5.06325337559899	5.55369656109277
5.06760802480717	0.123277467720398	4.82591085760421	5.30930519201014
4.84045621259494	0.11932604681017	4.60649433059641	5.07441809459348
5.07348139858514	0.129664326027047	4.81922750693462	5.32773529023565
4.9547989664976	0.128851069260352	4.70216471837116	5.20743321462403
4.98540100711676	0.129535547272835	4.73141821242487	5.23938380180864
5.07755117842836	0.127533155342939	4.82752050207865	5.32758185477807
5.01676265837728	0.131532713345922	4.75888114569727	5.27464417105729
4.94707806905445	0.135430083396112	4.68154975452164	5.21260638358727
5.00667266717556	0.124400853650568	4.76276549359835	5.25057984075278
4.79215829413429	0.132643414111409	4.53208574568867	5.0522308425799
4.93671562044714	0.133137912507345	4.67565169181509	5.1977795490792
4.86929764453202	0.12595484984091	4.62232427848279	5.11627101058125
4.76585102866034	0.129904627208165	4.51113017322418	5.0205718840965
4.87991888426117	0.125809955873055	4.63324585978219	5.12659190874016
4.97144867920882	0.127005098851162	4.72243500575089	5.22046235266674
5.20420490495198	0.120729480478279	4.96749707642115	5.44091273348281
5.02985680661948	0.132891507768128	4.76929599449782	5.29041761874113
5.04933079907021	0.123899997042203	4.80642249800059	5.29223910013983
5.14600021416497	0.139442792844444	4.87261722834048	5.41938319998946
5.03335921049258	0.124978403311834	4.78833072422364	5.27838769676153
5.11054310011171	0.127614745320115	4.86030805936957	5.36077814085385
4.97601747604755	0.132215955967426	4.71679526038052	5.23523969171458
5.15483085077895	0.132998559533808	4.89407593553857	5.41558576601934
4.93869081839395	0.127466473675695	4.68877536360806	5.18860627317984
5.14748478992754	0.130071243459106	4.89245949965063	5.40251008020445
5.15721256914723	0.121966578526734	4.91807767330519	5.39634746498927
4.95982893769287	0.12843541959837	4.70801255634862	5.21164531903712
5.06160527037751	0.123389662797007	4.81967936256803	5.303531178187
4.96189591301186	0.126152837599099	4.71452468683804	5.20926713918567
4.96965199684251	0.131248311070057	4.71229677422796	5.22700721945707
4.97478735403247	0.121638335540154	4.73629750697395	5.213277201091
5.10046343884503	0.127315391923409	4.8508419424315	5.35008493525855
4.94113896618464	0.119729708625755	4.70636342742541	5.17591450494387
5.08896913223891	0.130385027740562	4.83332284506902	5.34461541940879
5.08984794457306	0.122424500937482	4.84981607837722	5.32987981076889
5.19790740815619	0.124058065673539	4.95466209775983	5.44115271855254
4.77174879610971	0.128269408120381	4.52025017266367	5.02324741955576
5.08029911498963	0.134652617083637	4.81625367449071	5.34434455548856
5.02574544266814	0.128383522327717	4.7740333965442	5.27745748879208
5.11023080780288	0.12744438766046	4.86034865976625	5.36011295583951
5.09090362649938	0.117766376421658	4.85998990371206	5.3218173492867
5.07295973374979	0.127068585870185	4.82383714064508	5.3220823268545
4.88608737092456	0.130690443270051	4.62985218230193	5.1423225595472
5.01876776560038	0.128050392729336	4.7677055807136	5.26982995048717
4.90805333843537	0.124803519429545	4.66333712538242	5.15276955148832
5.02110182569696	0.127268457322043	4.77158882015917	5.27061483123474
5.03093812313961	0.122046614635415	4.79160200524479	5.27027424103443
5.02243554229425	0.119599979820147	4.78793306470312	5.25693801988539
5.18347585092911	0.121910612903223	4.94445000398499	5.42250169787324
4.92707431406203	0.131391343704353	4.66948135314251	5.18466727498155
5.01183185296244	0.130047679532602	4.75685969325869	5.26680401266618
4.97286314169277	0.122430484863038	4.73280078502868	5.21292549835685
5.25173689836872	0.118773462048619	5.01884732646076	5.48462647027668
5.10162779084847	0.12404255161012	4.85842019794945	5.34483538374749
5.20213955460414	0.117353087450633	4.9720658414721	5.43221326773619
4.94948240090388	0.130906181012964	4.6927970787883	5.20616772301945
5.04940340904016	0.124435041727952	4.80543485665825	5.29337196142207
5.1297486876826	0.12692506245279	4.88086449040294	5.37863288496226
5.12915872129912	0.125077284408045	4.88395151281064	5.3743659297876
5.17642643855421	0.125337128183393	4.93068407020049	5.42216880690793
4.79064636319674	0.1278727181877	4.53992378677589	5.04136893961758
5.04568221776268	0.125870368889375	4.79888468861397	5.29247974691139
5.01115983005146	0.123220663001286	4.76958621598795	5.25273344411497
4.87492287205197	0.130359120417137	4.61931017472354	5.1305355693804
4.97741118902924	0.129875578977672	4.72277686325931	5.23204551479918
4.91770431504612	0.123925295302414	4.67474653636026	5.16066209373198
4.98557751657874	0.123991004648778	4.74245888332119	5.22869614983629
5.07360932115028	0.124280576539863	4.82991499919915	5.3173036431014
4.84072628043924	0.125891061490284	4.5938900710994	5.08756248977908
4.81953385540207	0.129213400751788	4.56618381560005	5.07288389520408
4.960190585778	0.137875380989654	4.68986103097441	5.23052014058159
4.9841079067793	0.126873700164892	4.73531782091107	5.23289799264753
5.03800725209395	0.124746908193727	4.79340115739798	5.28261334678991
4.80522802400011	0.128233987070209	4.55381299788355	5.05664305011668
5.13932892731465	0.129840256351264	4.88477478327186	5.39388307135745
5.03726049288072	0.126787477390931	4.78866769850781	5.28585328725363
5.0466426959164	0.135523880416379	4.78092202154342	5.31236337028939
4.92275806970783	0.126900439618164	4.67396721807528	5.17154892134038
4.9020795431673	0.117693930310478	4.67132458307912	5.13283450325547
5.11292938735028	0.127848289363618	4.86223688511094	5.36362188958962
4.95389387837582	0.129033197664902	4.70089951062114	5.2068882461305
5.22050571631854	0.130857346528233	4.96393668393455	5.47707474870253
5.20912458591176	0.121131508964239	4.97163070924365	5.44661846257987
5.05801679566829	0.127930869457584	4.80720087715786	5.30883271417872
5.00537297763842	0.119353927519269	4.77135509852462	5.23939085675222
4.82579179547842	0.126968565528858	4.57681624139519	5.07476734956165
4.98501999263095	0.1216585763028	4.74647260229472	5.22356738296719
5.11842533396745	0.125035718932345	4.87329440008833	5.36355626784656
4.88456933155995	0.129599441116065	4.63045061266513	5.13868805045477
5.04759350529877	0.129940908954433	4.79283578842698	5.30235122217055
5.09845627778746	0.129780621963774	4.84398412585744	5.35292842971748
4.99850327501106	0.126737833452402	4.75002017630014	5.24698637372199
4.89006736413434	0.124375136681207	4.64620579429344	5.13392893397523
5.05267740468264	0.121300604816141	4.81487182124658	5.2904829881187
4.93211335016598	0.116842282722805	4.70303048494387	5.16119621538809
4.92632083641209	0.129458980643081	4.67248685027919	5.180154822545
5.14143582278581	0.130419945299841	4.88574122657949	5.39713041899213
5.01033022594143	0.125704978488429	4.76384066306681	5.25681978881606
4.86889657384096	0.126494122760808	4.6209140660598	5.11687908162213
5.07227070873087	0.119644629271124	4.83768177099666	5.30685964646508
4.94111773955598	0.120664353813498	4.70454456636316	5.17769091274881
4.97398628326812	0.129399213074785	4.72030230477499	5.22767026176125
4.9030291641673	0.117738330646689	4.67219694249277	5.13386138584184
5.09405415882923	0.124735525517751	4.84946502060656	5.33864329705191
5.0753358671905	0.130741601379801	4.81900155233395	5.33167018204706
5.21471578495751	0.133195235749048	4.95356513530744	5.47586643460758
5.08547473205154	0.127697611072274	4.83509455164867	5.33585491245441
5.01635343168205	0.124913188967969	4.77143441265941	5.26127245070469
4.91191340974809	0.122251018532833	4.67220607821484	5.15162074128134
5.03124508917337	0.131292228967786	4.77383050823017	5.28865967011656
5.24930041521681	0.123407688763054	5.00735246109388	5.49124836933974
5.10995158888851	0.124616851365423	4.86563265244618	5.35427052533084
5.0423826681551	0.126037641507432	4.79523087160477	5.28953446470542
4.9511034832517	0.126632223050974	4.70281077778303	5.19939618872037
4.8421719654753	0.12881763168307	4.58959783782866	5.09474609312195
4.78006035039767	0.127771567084803	4.52952116337408	5.03059953742125
4.91176125112411	0.124530477498041	4.66758591537301	5.15593658687521
5.10686745086276	0.132875716632795	4.8463605471826	5.36737435454291
5.04422743377533	0.125819998786089	4.79752909234435	5.29092577520631
5.17286756751521	0.136194580388456	4.90581833791982	5.43991679711059
5.17161266657333	0.123711341962372	4.92903579831488	5.41418953483177
4.88731163832224	0.130085078633867	4.63225032691498	5.1423729497295
5.14592277404937	0.12597639579417	4.89894945964917	5.39289608844956
5.14133729502702	0.120374785140985	4.90530612341973	5.3773684666343
4.9506978613419	0.118470001441026	4.71840226527329	5.18299345741051
5.18821608444623	0.126419906215765	4.94034361194751	5.43608855694495
4.88073470974792	0.126764766327423	4.63217301618895	5.12929640330688
4.95857788691398	0.130930382344353	4.70190041182625	5.21525536200171
4.9946788342504	0.128028369615089	4.74366660860813	5.24569105989266
4.91561314825615	0.123409024750356	4.67364686632804	5.15757943018426
4.84831203127923	0.133183801548381	4.58712352659836	5.1095005359601
5.06709424098911	0.12219935909331	4.8275085100894	5.30667997188882
5.02541038235406	0.130365012216493	4.76977991110898	5.28104085359914
4.9667833107586	0.123591775282551	4.72445138980698	5.20911523171021
4.91937986865873	0.128705011671859	4.66700663727656	5.1717531000409
5.13294992809287	0.122609934515462	4.89254468938952	5.37335516679622
5.00499402159904	0.129168968427679	4.75173032894648	5.2582577142516
5.10164336564381	0.131422196924444	4.84395071735648	5.35933601393113
5.11121003805831	0.124420051748951	4.86728183446437	5.35513824165226
5.12736112197858	0.124711739044815	4.88286552681683	5.37185671714032
4.83628857119601	0.127990001260228	4.58529391379227	5.08728322859974
5.118248544516	0.124436951349574	4.87427006742297	5.36222702160903
4.75728849635027	0.124559015248021	4.51307648665059	5.00150050604995
4.9170669943226	0.132552132008158	4.65713380921307	5.17700017943213
4.89180549868052	0.122177851133415	4.65225942098937	5.13135157637167
5.04772549518149	0.125919892395763	4.80082395265604	5.29462703770694
5.1428147799901	0.126864969267898	4.8940252563575	5.3916043036227
4.99946246214164	0.127554258431511	4.7493614614478	5.24956346283548
4.97470774700602	0.125489143498076	4.72868269688267	5.22073279712937
5.22829871240922	0.123933286624581	4.98530887041423	5.47128855440422
5.09132694339209	0.124688143184615	4.84686516537658	5.33578872140759
4.9672848736352	0.120943003118516	4.73016670957386	5.20440303769653
5.1589781105761	0.134082065190107	4.89606056105766	5.42189566009454
5.0238980520827	0.119554976881882	4.78946040481303	5.25833569935236
