estFinal_msm11	sdFinal_msm11	X1	X2
5.01152544441023	0.0914469306180726	4.8322894603988	5.19076142842165
5.04641274143225	0.0965584052881156	4.85715826706754	5.23566721579695
4.97986621353604	0.0917319458089043	4.80007159975059	5.15966082732149
5.01575087209515	0.0999125483668012	4.81992227729622	5.21157946689408
5.05103128301306	0.102181153463668	4.85075622222427	5.25130634380185
4.98444475888668	0.101773412466285	4.78496887045276	5.1839206473206
5.0497829597397	0.0955116578171658	4.86258011041806	5.23698580906135
5.13711942451217	0.0992545118153401	4.94258058135411	5.33165826767024
4.90161877531382	0.0937049753385075	4.71795702365035	5.0852805269773
4.82175957718022	0.09922923535404	4.6272702758863	5.01624887847414
4.93771147125402	0.100500434459781	4.74073061971285	5.13469232279519
5.05817873196456	0.0970166623135216	4.86802607383006	5.24833139009906
4.99568508309786	0.0920192898506883	4.81532727499051	5.17604289120521
5.07341571993408	0.0987510048541553	4.87986375041993	5.26696768944822
4.96972311122614	0.100869138518976	4.77201959972895	5.16742662272334
5.07646825246451	0.0931572279614726	4.89388008566002	5.25905641926899
4.93501311143848	0.0971775024174343	4.74454520670031	5.12548101617665
4.95295805757485	0.105016592933465	4.74712553542526	5.15879057972444
4.93810287877686	0.0957326728812822	4.75046683992954	5.12573891762417
5.06030163426109	0.098887185376737	4.86648275092268	5.25412051759949
5.03968108900399	0.102045301052892	4.83967229894032	5.23968987906766
4.9720912572664	0.0970629475699607	4.78184788002928	5.16233463450353
4.95461240934212	0.095157180601261	4.76810433536365	5.14112048332059
5.02454081052778	0.097340311622118	4.83375379974842	5.21532782130713
4.85358134526728	0.0966162513627828	4.66421349259623	5.04294919793834
4.93578624872053	0.097328845215635	4.74502171209789	5.12655078534317
4.94736380066998	0.0939091566278678	4.76330185367936	5.13142574766061
4.98835021324235	0.0947276018773885	4.80268411356267	5.17401631292203
4.97622617278576	0.0986258336583352	4.78291953881542	5.16953280675609
5.05793282346538	0.0963667854328036	4.86905392401709	5.24681172291368
4.88664217010748	0.0965753353701093	4.69735451278207	5.0759298274329
4.91989963023007	0.100309644034474	4.7232927279225	5.11650653253764
5.07582670302702	0.0939001994581194	4.89178231208911	5.25987109396494
4.85953708010146	0.0938415353705765	4.67560767077513	5.04346648942779
5.11923385352024	0.0961787483187473	4.93072350681549	5.30774420022498
4.92224225862592	0.107303305696175	4.71192777946142	5.13255673779043
4.95025039490574	0.101141102606353	4.75201383379728	5.14848695601419
4.83607831551943	0.0993926100687779	4.64126879978462	5.03088783125423
5.13560652443307	0.0943190577859935	4.95074117117252	5.32047187769362
5.16428442286678	0.100366803623612	4.9675654877645	5.36100335796906
4.82463077399651	0.0945019801959631	4.63940689281243	5.0098546551806
4.9455757940775	0.0957406572808512	4.75792410580704	5.13322748234797
4.90321392160591	0.0952301224076296	4.71656288168696	5.08986496152486
4.97133047950555	0.103103118291336	4.76924836765453	5.17341259135657
5.08498526375502	0.092566672349007	4.90355458595096	5.26641594155907
5.24055291301842	0.0896004408503018	5.06493604895183	5.41616977708501
4.8414242167022	0.100602059152755	4.6442441807628	5.0386042526416
5.08548916780302	0.0957235562611352	4.8978709975312	5.27310733807485
5.1718947702491	0.0968912860703334	4.98198784955125	5.36180169094695
5.07327437989037	0.09435697205915	4.88833471465444	5.25821404512631
5.04654319583712	0.0981236345516845	4.85422087211581	5.23886551955842
4.95205729227082	0.0973337964653879	4.76128305119866	5.14283153334298
5.18015816281165	0.096422765303454	4.99116954281688	5.36914678280642
4.83219312579055	0.0956806187884343	4.64465911296521	5.01972713861588
5.00650804187099	0.0923628594039839	4.82547683743918	5.1875392463028
5.02692510779047	0.0974483690397162	4.83592630447262	5.21792391110831
4.77861250283085	0.0919601685852362	4.59837057240378	4.95885443325791
5.1121340937057	0.0925207145890792	4.9307934931111	5.29347469430029
5.02272793568116	0.0988366221609923	4.82900815624562	5.21644771511671
5.00935738899529	0.0901642693301154	4.83263542110826	5.18607935688231
4.97916833978712	0.0990368800426426	4.78505605490354	5.1732806246707
5.03907004606558	0.101696841071826	4.8397442375648	5.23839585456636
5.02246735650745	0.0941563862684653	4.83792083942126	5.20701387359364
5.05841886011624	0.0922858265735944	4.87753864003199	5.23929908020048
5.00262780899328	0.0960352743073454	4.81439867135088	5.19085694663567
5.01542567314633	0.0935063977954258	4.8321531334673	5.19869821282537
5.15152047555505	0.094995159925538	4.96532996210099	5.3377109890091
5.00710922338615	0.0958362564365348	4.81927016077054	5.19494828600176
4.92307343485674	0.0982960884167146	4.73041310155998	5.1157337681535
5.07052919167023	0.103433800373128	4.8677989429389	5.27325944040156
5.11028022184549	0.0934285429859263	4.92716027759307	5.29340016609791
4.9999931277909	0.0994523719744437	4.80506647872099	5.19491977686081
5.056851798239	0.102479349227566	4.85599227375298	5.25771132272503
5.1238229414199	0.104726077592855	4.91855982933791	5.3290860535019
5.01234632766872	0.100339816420564	4.81568028748441	5.20901236785302
4.96978768501289	0.0953375249045735	4.78292613619993	5.15664923382586
5.08549315309265	0.088787230359191	4.91147018158864	5.25951612459667
5.02724129449533	0.0985359168167711	4.83411089753446	5.22037169145621
5.08551352549534	0.0940209581828674	4.90123244745692	5.26979460353376
5.02030667666612	0.0979453876709346	4.82833371683109	5.21227963650115
4.91353400143798	0.0969767715404889	4.72345952921863	5.10360847365734
4.91804768198173	0.0963099541529486	4.72928017184195	5.10681519212151
5.06019424793861	0.092949492847759	4.878013241957	5.24237525392022
5.0403421802578	0.0996171995119692	4.84509246921434	5.23559189130126
5.13417222004889	0.0985497632099086	4.94101468415747	5.32732975594031
4.8999092269282	0.0932459491525411	4.71714716658922	5.08267128726718
5.01584757381759	0.100572888572213	4.81872471221605	5.21297043541913
5.10273004976541	0.0948340049004566	4.91685540016051	5.2886046993703
4.90708204725548	0.0921587320367202	4.72645093246351	5.08771316204746
5.19339117921007	0.101218880821654	4.99500217279963	5.39178018562051
4.98268792368712	0.101141099657854	4.78445136835773	5.18092447901652
5.16686679295473	0.0964215495948748	4.97788055574877	5.35585303016068
5.07812211735967	0.100326099293324	4.88148296274476	5.27476127197459
5.01872920886949	0.0937046897894008	4.83506801688226	5.20239040085671
4.98862934602324	0.0931695758002991	4.80601697745465	5.17124171459182
4.88632409069047	0.0959964016518624	4.69817114345282	5.07447703792812
4.90258218175832	0.103200695777292	4.70030881803483	5.10485554548181
5.09883946421626	0.100824968639022	4.90122252568377	5.29645640274874
4.98581090034592	0.0954542668814671	4.79872053725824	5.17290126343359
4.95686624560237	0.0965762003178732	4.76757689297934	5.1461555982254
4.99889270590625	0.0997457609619921	4.80339101442074	5.19439439739175
5.14150120835976	0.0998609303142866	4.94577378494376	5.33722863177576
5.02451880194058	0.0946948437093236	4.83891690827031	5.21012069561086
5.02606903967528	0.0956008301530972	4.83869141257521	5.21344666677535
5.00712502262841	0.0975562256654747	4.81591482032408	5.19833522493274
4.91368048629885	0.0975167407262876	4.72254767447532	5.10481329812237
5.11669591040882	0.0937840960575224	4.93287908213608	5.30051273868157
4.83100657429794	0.0912895680379122	4.65207902094363	5.00993412765225
5.03337942076987	0.0828361944688809	4.87102047961086	5.19573836192887
4.9024040274495	0.100435217472833	4.70555100120275	5.09925705369625
4.8710846207052	0.0982015420518896	4.6786095982835	5.06355964312691
4.90552448621966	0.0927606178797954	4.72371367517526	5.08733529726406
5.0702624387786	0.0935330504979548	4.88693765980261	5.25358721775459
4.91280055883541	0.0923374582821583	4.73181914060238	5.09378197706844
4.85791544126424	0.0942547412427866	4.67317614842837	5.0426547341001
5.10209883834848	0.0970047320493257	4.9119695635318	5.29222811316516
5.01145680868385	0.0938871683995253	4.82743795862078	5.19547565874692
4.96397480582192	0.097781883989278	4.77232231320293	5.1556272984409
5.01629358527051	0.0960234707990526	4.82808758250436	5.20449958803665
4.96033867106539	0.09943683623278	4.76544247204914	5.15523487008164
4.96513117228197	0.098309955145479	4.77244366019683	5.15781868436711
4.79386657664501	0.1030386059732	4.59191090893753	4.99582224435248
4.9875323077936	0.0949584799558079	4.80141368708022	5.17365092850698
4.86434913955506	0.100080746520182	4.6681908763755	5.06050740273461
5.14449567288012	0.098414269368978	4.95160370491692	5.33738764084332
5.07658460285944	0.0921324155377057	4.89600506840553	5.25716413731334
4.91744937963743	0.0891809001535128	4.74265481533654	5.09224394393831
4.91573963039421	0.0962046392388051	4.72717853748615	5.10430072330226
5.11084658489507	0.0991736177853511	4.91646629403578	5.30522687575436
5.02105533575109	0.0975575404474667	4.82984255647405	5.21226811502812
4.79243401003089	0.0948848905164692	4.60645962461861	4.97840839544317
4.99059851252446	0.0989960600167074	4.79656623489171	5.1846307901572
5.03420153075828	0.0896479461499716	4.85849155630434	5.20991150521223
4.99081483080807	0.0945498305594653	4.80549716291152	5.17613249870462
4.92656681630836	0.0908719560333715	4.74845778248296	5.10467585013377
4.89806662176101	0.094527618359929	4.71279248977555	5.08334075374647
5.03771252406074	0.0947993896681185	4.85190572031123	5.22351932781025
5.04636766820106	0.103970536045626	4.84258541755163	5.25014991885049
5.02526329293947	0.0986527927966594	4.83190381905802	5.21862276682092
5.04869174649565	0.0957546990214076	4.86101253641369	5.23637095657761
5.15889396617897	0.100165098563772	4.96257037299398	5.35521755936396
5.20045266420388	0.0923463141516901	5.01945388846656	5.38145143994119
5.06869836277312	0.0939711037234327	4.8845149994752	5.25288172607105
5.03098568715481	0.102165657575279	4.83074099830726	5.23123037600236
4.99775500373976	0.0940114857271984	4.81349249171445	5.18201751576506
4.93556601139593	0.0974120323156872	4.74463842805718	5.12649359473468
4.93873751359299	0.101347865642666	4.74009569693337	5.13737933025262
5.06746528981428	0.0914671289491931	4.88818971707387	5.2467408625547
4.96376846116947	0.0991566912725094	4.76942134627535	5.15811557606358
5.14110284860659	0.103024091752724	4.93917562877125	5.34303006844193
4.94241165021286	0.099438083420658	4.74751300670837	5.13731029371734
4.97002690824387	0.0995556045589272	4.77489792330837	5.16515589317936
4.97785160114438	0.0988771886153737	4.78405231145825	5.17165089083052
4.85273853329042	0.0936307090321081	4.66922234358749	5.03625472299335
4.98704086636272	0.0925977829909024	4.80554921170055	5.16853252102489
5.13294946465974	0.0969010425089153	4.94302342134227	5.32287550797722
5.04655385004008	0.0966743364321112	4.85707215063314	5.23603554944702
5.18434648749869	0.0944646016583943	4.99919586824824	5.36949710674915
5.13106336087392	0.101019004766749	4.93306611153109	5.32906061021675
5.29008172420501	0.0940874279795019	5.10567036536519	5.47449308304484
5.08700395825024	0.0990148365956906	4.89293487852268	5.28107303797779
4.9009262552199	0.0936507035664408	4.71737087622968	5.08448163421013
5.05256561704655	0.10060819120046	4.85537356229365	5.24975767179945
5.03030116544546	0.102142205337742	4.83010244298349	5.23049988790744
4.98935969707534	0.0978491144262068	4.79757543279998	5.18114396135071
5.12054039841824	0.104810160829619	4.91511248319218	5.32596831364429
4.98447622114147	0.0924056857526016	4.80336107706637	5.16559136521657
4.98314755273081	0.103192144851533	4.7808909488218	5.18540415663981
5.07330667029756	0.096131737621221	4.88488846455997	5.26172487603515
5.13429312187917	0.0982881865355827	4.94164827626943	5.32693796748891
5.05718180005062	0.0948477414107873	4.87128022688547	5.24308337321576
5.04567474502251	0.0953296058094374	4.85882871763601	5.23252077240901
5.02090735296687	0.100124630798906	4.82466307660101	5.21715162933272
4.95663976026078	0.0928515074564592	4.77465080564612	5.13862871487544
4.8971902497462	0.0936204115699477	4.7136942430691	5.0806862564233
5.19274911115808	0.104372317444098	4.98817936896764	5.39731885334851
4.8348301605951	0.0890724618949724	4.66024813528095	5.00941218590924
4.90242746798582	0.102770693542895	4.70099690864174	5.10385802732989
5.07690875709167	0.101769258658633	4.87744101012075	5.27637650406259
4.83830658450421	0.098472456511493	4.64530056974169	5.03131259926674
4.96270930763494	0.0960576510689358	4.77443631153983	5.15098230373006
4.9867359010517	0.0932524429985742	4.8039611127745	5.16951068932891
5.23909607693352	0.0964539953259412	5.05004624609468	5.42814590777237
5.04622008760093	0.0959142024098915	4.85822825087754	5.23421192432432
4.87893926623	0.097775080836079	4.68730010779128	5.07057842466871
5.07156398970898	0.0925417288940626	4.89018220107661	5.25294577834134
5.02897346617527	0.0925394275312805	4.84759618821396	5.21035074413658
4.71114460020463	0.103457632119716	4.50836764124998	4.91392155915927
5.01986879481302	0.0948162518530381	4.83402894118106	5.20570864844497
5.17984536074606	0.100112720125339	4.98362442930039	5.37606629219172
4.75516244224989	0.0972359385859247	4.56458000262148	4.94574488187831
4.86939635429718	0.0923651957810613	4.6883605705663	5.05043213802806
5.04868463730706	0.0966545842091031	4.85924165225722	5.2381276223569
5.10259372663322	0.095662128660325	4.91509595445898	5.29009149880746
4.83990931576779	0.0941370445991258	4.65540070835351	5.02441792318208
5.00491254584412	0.0970648418951003	4.81466545572972	5.19515963595851
4.85083877191264	0.0914660189445567	4.67156537478131	5.03011216904397
4.83408610708959	0.0972566541510378	4.64346306495355	5.02470914922562
4.87198974033846	0.096237876060227	4.68336350326041	5.0606159774165
4.98134252267891	0.100597009746633	4.7841723835755	5.17851266178231
4.86570191888403	0.108776645088751	4.65249969451008	5.07890414325799
4.82316512343678	0.0984460453037087	4.63021087464151	5.01611937223205
4.92598098305274	0.094163514522643	4.74142049458836	5.11054147151712
4.92516021831508	0.0995183747887704	4.73010420372909	5.12021623290107
5.0851240220993	0.0930406821070124	4.90276428516955	5.26748375902904
5.13682183590798	0.10038239801604	4.94007233579654	5.33357133601942
5.07786667212596	0.0954645303417482	4.89075619265613	5.26497715159578
5.22400479794118	0.108321971580456	5.01169373364349	5.43631586223888
5.00186584013505	0.0915620179298485	4.82240428499255	5.18132739527756
5.17006032171538	0.100777432759795	4.97253655350618	5.36758408992458
4.9022235410521	0.0966169005069724	4.71285441605844	5.09159266604577
4.99593503563496	0.0959297571150169	4.80791271168953	5.1839573595804
4.9560763534521	0.102182099279872	4.75579943886355	5.15635326804065
5.18238512822597	0.0951861628956325	4.99582024895053	5.36895000750141
4.97882648314101	0.0940409182754329	4.79450628332117	5.16314668296086
4.97612826641684	0.0925301927138219	4.79476908869775	5.15748744413593
5.04347636722312	0.0951268941661381	4.85702765465749	5.22992507978875
4.97754005611955	0.0903280579395508	4.80049706255803	5.15458304968107
4.9464087900039	0.0932722743749679	4.76359513222897	5.12922244777884
5.02000668659502	0.095846867523863	4.83214682624825	5.20786654694179
4.87216417697926	0.106772454906289	4.66289016536293	5.08143818859558
5.06710970179521	0.0979868411884399	4.87505549306587	5.25916391052455
4.96431965948778	0.0963004386770084	4.77557079968085	5.15306851929472
4.86130429329631	0.0977799862094583	4.66965552032577	5.05295306626684
5.06374544570399	0.104684764831624	4.85856330663401	5.26892758477397
4.96017995336009	0.101393085414412	4.76144950594784	5.15891040077234
4.9619500996792	0.0968394238328562	4.7721448289668	5.1517553703916
4.99538012512501	0.0889023267010919	4.82113156479087	5.16962868545915
5.12595417035656	0.0959456958457581	4.93790060649888	5.31400773421425
4.91656242011834	0.0958907653060704	4.72861652011844	5.10450832011824
4.96596929774566	0.0973551468421396	4.77515320993507	5.15678538555625
5.00478305499045	0.090553153751388	4.82729887363773	5.18226723634317
4.94581416007724	0.0967057678467719	4.75627085509757	5.13535746505692
5.10860755737026	0.104002894786771	4.90476188358819	5.31245323115233
5.0095178364388	0.0968238458807475	4.81974309851253	5.19929257436506
5.10794036818753	0.098790408566135	4.9143111673979	5.30156956897715
4.89560507924052	0.0919685628785676	4.71534669599853	5.07586346248251
5.07426780874784	0.0950240016143063	4.8880207655838	5.26051485191188
5.12010172655507	0.0975169327936186	4.92896853827957	5.31123491483056
4.94015413483457	0.0964263419988371	4.75115850451685	5.12914976515229
5.00702146198837	0.0960055660797101	4.81885055247214	5.19519237150461
4.9153571951251	0.0997189204386955	4.71990811106525	5.11080627918494
4.93010632546929	0.0993551342371449	4.73537026236448	5.12484238857409
5.07422451409606	0.0942590876759272	4.88947670225125	5.25897232594088
5.01725043046003	0.0945926000717916	4.83184893431932	5.20265192660074
5.0680198303397	0.0969184859482813	4.87805959788107	5.25798006279833
4.95830780331091	0.0919001301028622	4.7781835483093	5.13843205831252
5.10728665618156	0.0969607242940583	4.91724363656521	5.29732967579792
5.30605205297757	0.104781200511063	5.10068089997589	5.51142320597926
5.09333336391001	0.0964289513679963	4.90433261922873	5.28233410859128
5.03531437171868	0.0936280500171729	4.85180339368502	5.21882534975233
5.16272896667433	0.0988247121078874	4.96903253094287	5.35642540240579
5.0411046012058	0.0951821110189607	4.85454766360864	5.22766153880297
4.98464454006414	0.0987542705489849	4.79108616978812	5.17820291034015
4.89772125210712	0.100696582865858	4.70035594969004	5.0950865545242
5.13874916656446	0.0971749774789614	4.9482862107057	5.32921212242323
4.94906231946614	0.0945308105434127	4.76378193080105	5.13434270813122
4.84529703628877	0.0997909704410226	4.64970673422436	5.04088733835317
4.96299557602052	0.0985835946449632	4.76977173051639	5.15621942152465
4.95310911414508	0.0986195526427637	4.75981479096526	5.14640343732489
5.01549645601705	0.0951756126193998	4.82895225528303	5.20204065675108
5.10921278457187	0.0915124112740807	4.92984845847467	5.28857711066907
4.90536839958239	0.102258239460415	4.70494225023997	5.1057945489248
5.07993635497023	0.0971227906070674	4.88957568538038	5.27029702456009
4.95830587320898	0.0923077147330626	4.77738275233218	5.13922899408579
4.96287513174827	0.0928760618359738	4.78083805054976	5.14491221294678
5.04539815881877	0.0971308131613969	4.85502176502243	5.23577455261511
4.96993464129937	0.101538737918223	4.77091871497965	5.16895056761909
5.04117319442747	0.0943525412272088	4.85624221362214	5.2261041752328
5.08575693249479	0.0985866783560976	4.89252704291683	5.27898682207274
4.95686530284324	0.0979342122360883	4.7649142468605	5.14881635882597
4.91337332282951	0.0980289545589128	4.72123657189404	5.10551007376498
4.99965786132773	0.0928735358740419	4.8176257310146	5.18168999164085
5.01049632483971	0.0975501216997494	4.8192980863082	5.20169456337122
5.0041628707432	0.099125985916264	4.80987593834732	5.19844980313907
4.91438939786035	0.0946671782972299	4.72884172839778	5.09993706732292
4.98851528956294	0.0923759156484007	4.80745849489208	5.16957208423381
5.09046154031932	0.0935396583573848	4.90712380993885	5.2737992706998
5.11011892937689	0.103410167427625	4.90743500121875	5.31280285753504
5.16207343208661	0.0947143868444872	4.97643323387141	5.3477136303018
5.0139521155425	0.0961839430714567	4.82543158712244	5.20247264396255
5.01446716873139	0.0990541474863747	4.82032103965809	5.20861329780468
4.85557184553814	0.098956486575953	4.66161713184928	5.04952655922701
5.16923863081943	0.0988722766337879	4.9754489686172	5.36302829302165
4.96301033199726	0.0973596277609062	4.77218546158589	5.15383520240864
4.9088785003119	0.0946520686496084	4.72336044575867	5.09439655486513
4.91842186340873	0.101104332646511	4.72025737142157	5.11658635539589
4.908031507019	0.0984245026084676	4.7151194819064	5.10094353213159
4.9605568959856	0.100409733354376	4.76375381861102	5.15735997336017
5.05405523151233	0.0966384542148848	4.86464386125115	5.2434666017735
5.2421165887545	0.0944627687380379	5.05696956202795	5.42726361548106
4.95785513515875	0.101284763876339	4.75933699796113	5.15637327235638
4.99202444801409	0.0996143906375702	4.79678024236445	5.18726865366372
4.9538455649608	0.0940104493583737	4.76958508421839	5.13810604570322
5.07820606084361	0.0995303546962222	4.88312656563901	5.27328555604821
4.85307901785519	0.0961401148945999	4.66464439266177	5.04151364304861
4.96088468185694	0.100265944671458	4.76436343030089	5.157405933413
5.0088960339054	0.101874750879737	4.80922152218111	5.20857054562968
5.04704835915021	0.100010419336381	4.8510279372509	5.24306878104951
4.96646161034376	0.0990529990859942	4.77231773213521	5.16060548855231
4.97607352446684	0.100991677057806	4.77812983743354	5.17401721150014
4.8690188934899	0.0969874411293024	4.67892350887647	5.05911427810334
4.95344351121043	0.095324376065704	4.76660773412166	5.14027928829921
4.99304707626539	0.0953320433848862	4.80619627123101	5.17989788129977
5.04058117847422	0.101671636340913	4.84130477124603	5.23985758570241
4.78044355536983	0.0982793258851182	4.587816076635	4.97307103410466
5.12276855829953	0.0940376521961629	4.93845475999505	5.30708235660401
5.07153373533298	0.0963282441019353	4.88273037689318	5.26033709377277
5.13803084524351	0.0922922110024628	4.95713811167868	5.31892357880833
5.0768832531668	0.102343147132379	4.87629068478733	5.27747582154626
5.01922619011613	0.10446406024621	4.81447663203356	5.2239757481987
5.0258757079939	0.0985504994898154	4.83271672899387	5.21903468699394
4.96577206804294	0.0934423396446438	4.78262508233944	5.14891905374644
4.98827589170312	0.0973335179025518	4.79750219661412	5.17904958679212
4.96855229056061	0.0974441309545126	4.77756179388976	5.15954278723145
5.01859278596625	0.0975755652048248	4.82734467816479	5.20984089376771
5.04554040961229	0.102182382016245	4.84526294086045	5.24581787836413
4.8580211720748	0.100455883732218	4.66112763995966	5.05491470418995
5.06134119132484	0.0951286744288715	4.87488898944425	5.24779339320543
4.86709987690692	0.101001482552866	4.66913697110331	5.06506278271054
4.91798549460476	0.099430217797289	4.72310226772208	5.11286872148745
4.99803875149993	0.0908771314418734	4.81991957387385	5.176157929126
5.00630088041071	0.096174506918284	4.81779884685087	5.19480291397055
5.23425701602086	0.0984130370581486	5.04136746338689	5.42714656865483
5.05406143886817	0.0991804792573804	4.8596676995237	5.24845517821263
4.79309803692992	0.0996567797154961	4.59777074868755	4.98842532517229
4.99847671671042	0.0955043518443818	4.81128818709543	5.1856652463254
5.05109112258269	0.0998280171028005	4.8554282090612	5.24675403610418
5.11564271790007	0.0960697588113447	4.92734599062984	5.30393944517031
5.15424059459432	0.0940205931768536	4.96996023196769	5.33852095722095
5.03568857247294	0.0936594310772271	4.85211608756157	5.2192610573843
5.08771873412479	0.0977830022426433	4.89606404972921	5.27937341852038
5.1740148580566	0.0949104861804051	4.98799030514301	5.36003941097019
4.97030120133706	0.095090719856577	4.78392339041817	5.15667901225595
5.12619492171811	0.104638385198895	4.92110368672827	5.33128615670794
5.04087527711562	0.0978576080892015	4.84907436526078	5.23267618897045
5.01111512630777	0.0938836018819664	4.82710326661912	5.19512698599642
4.86209308179953	0.0984988634241043	4.66903530948828	5.05515085411077
5.00437505053723	0.0919662062801274	4.82412128622818	5.18462881484628
4.8836922003617	0.105282456959993	4.67733858472012	5.09004581600329
4.89590517487502	0.0951603917098899	4.70939080712363	5.0824195426264
5.07463333536998	0.0941337692100897	4.89013114771821	5.25913552302176
4.82935911917579	0.0982481912367417	4.63679266435178	5.0219255739998
4.94100625103265	0.093504152748173	4.75773811164623	5.12427439041907
5.0396495821826	0.096619528364252	4.85027530658867	5.22902385777653
4.88871689567572	0.0952605359682678	4.70200624517792	5.07542754617353
4.98310720324939	0.0966625146791818	4.7936486744782	5.17256573202059
5.01252287605602	0.0932585216200445	4.82973617368073	5.19530957843131
5.04041512165357	0.0979905643748564	4.84835361547885	5.23247662782829
5.07255381364135	0.0922948926835383	4.89165582398162	5.25345180330109
5.15625129697392	0.0961470271847815	4.96780312369175	5.34469947025609
5.00710060761295	0.0998163390418778	4.81146058309087	5.20274063213503
4.97500813291565	0.100533538652749	4.77796239715627	5.17205386867504
5.20103418999275	0.104250515262364	4.99670318007851	5.40536519990698
4.95090987501078	0.102918161748408	4.7491902779839	5.15262947203766
5.10865379242124	0.0938918133677724	4.92462583822041	5.29268174662208
5.04964630354522	0.103180118044905	4.84741327217721	5.25187933491324
4.96390346228806	0.0921485700208519	4.78329226504719	5.14451465952893
4.98333567815124	0.0958374552244788	4.79549426591126	5.17117709039121
5.16143894124291	0.0959902079874016	4.9732981335876	5.34957974889821
5.22213794808453	0.096232774951004	5.03352170918056	5.4107541869885
4.86495246583218	0.0940106315942186	4.68069162790751	5.04921330375684
4.98211658204433	0.0961970083556734	4.79357044566721	5.17066271842145
5.0942583775678	0.100733387611898	4.89682093784848	5.29169581728712
5.07766129710393	0.0967199715666023	4.88809015283339	5.26723244137447
4.98826609315736	0.0943217799470745	4.8033954044611	5.17313678185363
4.96327859558768	0.0983049059262157	4.7706009799723	5.15595621120306
5.04220026079135	0.0951123398215642	4.85578007474109	5.22862044684162
4.95060717066764	0.0930582266101861	4.76821304651167	5.1330012948236
4.83261766777358	0.0886382762534639	4.65888664631679	5.00634868923036
4.88347506927014	0.10150669411176	4.68452194881109	5.08242818972919
4.96448847362422	0.0950277685960379	4.77823404717598	5.15074290007245
5.11828414636199	0.100129363575661	4.92203059375369	5.31453769897028
4.93039853559736	0.0972372201219575	4.73981358415832	5.1209834870364
4.91102668887718	0.0952926154137054	4.72425316266631	5.09780021508804
4.92405374754065	0.0983875434756191	4.73121416232844	5.11689333275286
5.11519614340576	0.103227144376874	4.91287094042709	5.31752134638444
5.00849508638717	0.0934041042080321	4.82542304213943	5.19156713063491
5.06693306989758	0.0930477573153418	4.88455946555951	5.24930667423565
4.9035485005124	0.0986196432567182	4.71025399972924	5.09684300129557
4.88806909594757	0.102732885130753	4.68671264109129	5.08942555080384
4.90337548953424	0.0977278541797654	4.7118288953419	5.09492208372658
4.94045732076454	0.0899469860674689	4.7641612280723	5.11675341345678
4.96909369937391	0.0934998880151535	4.78583391886421	5.15235347988361
4.99907462232748	0.0992474159596031	4.80454968704666	5.1935995576083
5.01741164352621	0.0957793266267689	4.82968416333774	5.20513912371468
5.05445079819143	0.0983533367018206	4.86167825825586	5.247223338127
5.08598291198551	0.100543779995238	4.88891710319485	5.28304872077618
4.94971575374553	0.101789206703816	4.75020890860605	5.14922259888501
5.05901842600042	0.0963997163979979	4.87007498186035	5.2479618701405
5.15698743928864	0.094824771734508	4.971130886689	5.34284399188827
4.97876646679112	0.0927699008822432	4.79693746106193	5.16059547252032
5.06724602920011	0.0931448503786405	4.88468212245798	5.24980993594225
5.04028414669459	0.1022432030294	4.83988746875697	5.24068082463222
4.9851590248414	0.100316440735789	4.78853880099926	5.18177924868355
4.917416137093	0.0986302494256125	4.7241008482188	5.1107314259672
4.82983498920044	0.100191798637292	4.63345906387135	5.02621091452953
5.0207431404121	0.0946458698282233	4.83523723554879	5.20624904527542
4.94957411702127	0.100410104825102	4.75277031156407	5.14637792247847
4.91421303046069	0.0921735856055411	4.73355280267383	5.09487325824755
5.00944889693923	0.0957820934245268	4.82171599382716	5.19718180005131
4.87266125541803	0.102844126830467	4.67108676683031	5.07423574400574
4.91798357690488	0.103843952989725	4.71444942904502	5.12151772476474
5.02858088444921	0.0988682134216802	4.83479918614272	5.2223625827557
5.13207777142828	0.0953273196266682	4.94523622496001	5.31891931789655
5.04332250824362	0.100387785414436	4.84656244883133	5.24008256765592
5.07754145032082	0.100825132112239	4.87992419138083	5.27515870926081
4.81832328098514	0.0896837090129886	4.64254321131969	4.9941033506506
4.83777993587829	0.0922367799945123	4.65699584708905	5.01856402466754
4.88644479954427	0.0905269530343972	4.70901197159685	5.06387762749169
4.96238769196479	0.0989992822902047	4.76834909867599	5.15642628525359
4.81643043369767	0.0991217665465139	4.6221517712665	5.01070909612884
5.16025840400368	0.101383513167627	4.96154671819513	5.35897008981223
4.95040083085116	0.100808351714106	4.75281646149152	5.14798520021081
5.04423236101074	0.0935590460115409	4.86085663082812	5.22760809119336
5.03771465887681	0.0963977008002653	4.84877516530829	5.22665415244533
5.06506028234466	0.101134608807236	4.86683644908248	5.26328411560684
5.02341734675819	0.0966487230669396	4.83398584954698	5.21284884396939
5.10686588886591	0.0932055370923778	4.92418303616485	5.28954874156697
5.18904155173833	0.101739589626414	4.98963195607056	5.3884511474061
4.91382347443603	0.0995190008185448	4.71876623283168	5.10888071604038
4.97732013710892	0.0996543668647961	4.78199757805392	5.17264269616392
4.940818528462	0.0990572120572745	4.74666639282975	5.13497066409426
4.99049135790119	0.0997980098429319	4.79488725860905	5.18609545719334
5.09358322019941	0.0990697369080613	4.89940653585961	5.28775990453921
5.11019030854993	0.0941862857772089	4.9255851884266	5.29479542867326
4.99165181569206	0.101920941718706	4.7918867699234	5.19141686146072
5.06309127462214	0.0958176745229557	4.87528863255715	5.25089391668713
4.82851929687016	0.094625695788275	4.64305293312514	5.01398566061518
5.00525736531127	0.100104500675802	4.8090525439867	5.20146218663584
4.87881488797121	0.105205241776926	4.67261261408844	5.08501716185399
5.24355901500468	0.0942417742597493	5.05884513745557	5.42827289255379
4.97244372029933	0.0962921294090629	4.78371114665757	5.1611762939411
5.03188663742287	0.0950730853119706	4.84554339021141	5.21822988463434
4.95316106140694	0.0962229271132481	4.76456412426498	5.14175799854891
4.9325345948981	0.0950706609518031	4.74619609943257	5.11887309036364
5.05412033185556	0.096766046675237	4.86445888037209	5.24378178333902
4.85069509652834	0.101059511971987	4.65261845306325	5.04877173999344
5.11269010477468	0.0942364852298015	4.92798659372427	5.29739361582509
5.03538253631022	0.0920896574084881	4.85488680778958	5.21587826483085
5.02506438206101	0.0976423837645861	4.83368530988242	5.2164434542396
5.08625060900981	0.0956544726522998	4.8987678426113	5.27373337540832
4.94274513964642	0.0988323333520851	4.74903376627634	5.13645651301651
4.81837021051178	0.0983659323422188	4.62557298312103	5.01116743790253
5.07904892109279	0.0901539747253688	4.90234713063107	5.25575071155452
5.09995608017828	0.100702832438535	4.90257852859875	5.29733363175781
4.95934198493199	0.0929252520752158	4.77720849086456	5.14147547899941
5.12454905988014	0.0922611324447998	4.94371724028834	5.30538087947195
5.03412375209263	0.0963209134540639	4.84533476172266	5.2229127424626
4.86955834871893	0.0988436091076349	4.67582487486797	5.0632918225699
5.04208897634339	0.103645900213985	4.83894301192398	5.2452349407628
5.14889461650173	0.0962389849520083	4.9602662059958	5.33752302700767
5.04959239275778	0.0982528712657508	4.8570167650769	5.24216802043865
4.95858625163091	0.0940078123753561	4.77433093937521	5.14284156388661
5.14631888143077	0.100046863835702	4.95022702831279	5.34241073454875
5.1033905595575	0.0897852826749079	4.92741140551468	5.27936971360032
4.9632229658371	0.100801334330193	4.76565235054993	5.16079358112428
5.224320702224	0.0958150294962483	5.03652324441136	5.41211816003665
4.77039463190581	0.0967556952833465	4.58075346915045	4.96003579466116
4.90898247617236	0.098035242606802	4.71683340066303	5.1011315516817
4.89719776767648	0.0995378983027611	4.70210348700307	5.09229204834989
5.16272406408582	0.0972669993216164	4.97208074541545	5.35336738275618
4.90272455569214	0.0987039128716466	4.70926488646371	5.09618422492056
5.08198096596304	0.0912122364106761	4.90320498259812	5.26075694932797
4.97694325395516	0.0905177637890913	4.79952843692854	5.15435807098178
5.0272050250406	0.0883641808330792	4.85401123060777	5.20039881947344
4.93617149153149	0.0977184979027533	4.74464323564209	5.12769974742089
5.00147232015175	0.0888739215747104	4.82727943386532	5.17566520643818
5.04473339040412	0.0952026835933688	4.85813613056112	5.23133065024713
4.8448862786548	0.0933264701637564	4.66196639713384	5.02780616017576
4.87042702932219	0.104404030332499	4.66579512987049	5.07505892877389
5.05839736617649	0.0985855311975941	4.86516972502921	5.25162500732378
4.88000071672808	0.0929317491041754	4.6978544884839	5.06214694497227
4.97853311533274	0.100253676003169	4.78203591036653	5.17503032029895
4.91555579792982	0.104380833354108	4.71096936455577	5.12014223130387
5.04141435697376	0.0893350522930436	4.86631765447939	5.21651105946812
4.85931812218214	0.10451728549287	4.65446424261611	5.06417200174816
5.09396520772579	0.100643101887194	4.89670472802689	5.29122568742469
4.99876487366141	0.0912907319817433	4.8198350389772	5.17769470834563
4.96067982045843	0.0923491675999072	4.77967545196261	5.14168418895425
4.92269112845016	0.0982067671740533	4.73020586478902	5.11517639211131
5.04058763924995	0.104071234480793	4.8366080196676	5.24456725883231
5.0170755681868	0.100309984299714	4.82046799895936	5.21368313741424
5.08506621157694	0.0940174966463513	4.90079191815009	5.26934050500379
5.01058118184346	0.10396573113405	4.80680834882073	5.2143540148662
5.06816781526012	0.0929536592658157	4.88597864309912	5.25035698742111
5.17837018943882	0.0908941702451107	5.0002176157584	5.35652276311923
4.98962169040486	0.0966112239387015	4.800263691485	5.17897968932471
5.03923131158103	0.10571566186335	4.83202861432887	5.2464340088332
5.15091309385927	0.0984156736269989	4.95801837355035	5.34380781416819
4.93142237704581	0.093625415853864	4.74791656197224	5.11492819211939
4.92603015989894	0.09029838116954	4.74904533280665	5.10301498699124
5.02598593911391	0.102205338094455	4.82566347644878	5.22630840177904
5.01607117158224	0.0948298230839969	4.8302047183376	5.20193762482687
5.20082980565815	0.100250140890069	5.00433952951361	5.39732008180268
4.90061825866937	0.0910389445495533	4.72218192735225	5.0790545899865
5.05287442384272	0.0978328646301445	4.86112200916764	5.2446268385178
5.02578929056869	0.0955527200419023	4.83850595928657	5.21307262185082
4.94282942575751	0.0973778402414838	4.7519688588842	5.13368999263082
4.97597453538372	0.0946426749664636	4.79047489244945	5.16147417831799
5.03323198124478	0.0934076828130384	4.85015292293123	5.21631103955834
4.96623558500105	0.0996454594005931	4.77093048457588	5.16154068542621
4.94237363941063	0.0964682348866862	4.75329589903273	5.13145137978854
5.07157101177206	0.0945525558319206	4.88624800234149	5.25689402120262
4.96566035381933	0.0956310135260225	4.77822356730832	5.15309714033033
5.04114687728406	0.0972859327418242	4.85046644911008	5.23182730545803
4.992743897853	0.0983979290865614	4.79988395684334	5.18560383886266
5.13993795536643	0.0965944801497294	4.95061277427296	5.3292631364599
5.02523965519087	0.101193547032017	4.82690030300812	5.22357900737363
5.05196067055957	0.0901117777448142	4.87534158617973	5.22857975493941
4.9652639044455	0.101381136263897	4.76655687736826	5.16397093152274
5.04080948188381	0.100615168895992	4.84360375084766	5.23801521291995
5.06700529938053	0.0887224549169915	4.89310928774323	5.24090131101783
5.02891238829625	0.101571283010723	4.82983267359523	5.22799210299727
4.89994120545171	0.096070276279121	4.71164346394463	5.08823894695879
5.01336911979251	0.0930133485106933	4.83106295671155	5.19567528287347
5.12310984998008	0.0981679802554953	4.93070060867931	5.31551909128085
5.01612083352494	0.0958651106451088	4.82822521666052	5.20401645038935
4.92165748202184	0.0972503432149622	4.73104680932052	5.11226815472317
4.93562639549153	0.0928801898045714	4.75358122347457	5.11767156750849
5.08873673716741	0.0946505894300979	4.90322158188442	5.2742518924504
5.12889996558403	0.0987243038114222	4.93540033011364	5.32239960105442
5.03712926120011	0.102406455244433	4.83641260892103	5.2378459134792
4.98273700895524	0.0903604391640943	4.80563054819361	5.15984346971686
5.15434207939087	0.101580889889817	4.95524353520683	5.35344062357491
5.03707927129987	0.096706252589749	4.84753501622396	5.22662352637577
5.03250411457031	0.0982449722611667	4.83994396893843	5.2250642602022
4.87226198442063	0.103685305394251	4.6690387858479	5.07548518299336
5.02780365807778	0.0979704687482327	4.83578153933125	5.21982577682432
4.86973780267837	0.0999079192857595	4.67391828087828	5.06555732447846
5.1381345966584	0.10491795320924	4.93249540836829	5.34377378494851
5.15130845523142	0.0941880659362116	4.96669984599644	5.33591706446639
4.95457106412588	0.0989770025471784	4.76057613913342	5.14856598911835
4.93275518088601	0.0913032075142127	4.75380089415816	5.11170946761387
5.04064935286952	0.0917854140815676	4.86074994126965	5.2205487644694
5.1955359473791	0.0967782918804486	5.00585049529342	5.38522139946478
5.11155996993093	0.0984959562003186	4.9185078957783	5.30461204408355
5.03588414487313	0.0910689510896984	4.85738900073732	5.21437928900894
4.92902359231224	0.0977081217915067	4.73751567360089	5.12053151102359
4.92993094258605	0.0935039310783603	4.74666323767246	5.11319864749964
5.18878186307991	0.100911530482035	4.99099526333512	5.38656846282469
4.87376418037837	0.104522837913413	4.66889941806808	5.07862894268866
5.02072763835239	0.0951683004310028	4.83419776950762	5.20725750719715
4.79716172560287	0.0952291231312482	4.61051264426562	4.98381080694011
4.86896383936671	0.0939963795590715	4.68473093543093	5.05319674330249
5.01218212844533	0.104521714771263	4.80731956749365	5.217044689397
5.03506635456734	0.0965721515985277	4.84578493743422	5.22434777170045
4.92416293295008	0.0966192337840819	4.73478923473328	5.11353663116688
5.0019197727139	0.0992537145372351	4.80738249222092	5.19645705320688
5.03143583097513	0.096555079285788	4.84218787557498	5.22068378637527
4.94094686330771	0.101129087410611	4.74273385198292	5.13915987463251
4.97556241621933	0.101455343285404	4.77670994337994	5.17441488905872
5.14677467001793	0.0912717404033139	4.96788205882744	5.32566728120843
4.99781485109315	0.0948232480031805	4.81196128500692	5.18366841717938
4.8702823532917	0.0906795369545369	4.69255046086081	5.04801424572259
4.9296942585395	0.0951006580048213	4.74329696885005	5.11609154822895
4.96559115251107	0.08762653855512	4.79384313694304	5.13733916807911
4.87108212111369	0.0952440575560681	4.6844037683038	5.05776047392358
4.9786347181353	0.0974352315163382	4.78766166436327	5.16960777190732
4.94094028672193	0.103511241295196	4.73805825378335	5.14382231966052
4.86184303388318	0.097394305280259	4.67095019553387	5.05273587223249
5.1028281433545	0.093584698096671	4.91940213508502	5.28625415162397
4.8525222898241	0.0955612237756733	4.66522229122378	5.03982228842442
4.97036753661944	0.0983234062987514	4.77765366027389	5.16308141296499
4.91269730413206	0.0994654433975262	4.71774503507291	5.10764957319121
5.00129788149362	0.0922571713451116	4.8204738256572	5.18212193733004
5.1160483582649	0.0998809617627438	4.92028167320993	5.31181504331988
4.98986356345121	0.0982315078907435	4.79732980798535	5.18239731891706
4.98301972335915	0.097198379030969	4.79251090045845	5.17352854625985
4.94417008124954	0.0962465706183426	4.75552680283759	5.13281335966149
4.89404111150886	0.0957653668468645	4.706340992489	5.08174123052871
4.94208942715249	0.0928441227896991	4.76011494648468	5.1240639078203
5.03713749813901	0.0980110056460833	4.84503592707269	5.22923906920534
5.05265255405199	0.0948544301979653	4.86673787086398	5.23856723724
5.03827233959204	0.101347296809898	4.83963163784464	5.23691304133944
4.98492042567886	0.0991964288924981	4.79049542504956	5.17934542630815
4.97532324501275	0.0968622357469399	4.78547326294875	5.16517322707676
5.03940745400523	0.105452378609427	4.83272079193076	5.24609411607971
4.99140247338513	0.0978034328500628	4.79970774499901	5.18309720177126
4.82234375938911	0.101635587532944	4.62313800782454	5.02154951095368
5.01535900276258	0.103276920291546	4.81293623899115	5.21778176653401
5.0305547053567	0.0994785059416283	4.83557683371111	5.22553257700229
4.86379045623843	0.0977266318174879	4.67224625787615	5.0553346546007
5.13987876257982	0.0972770810192745	4.94921568378204	5.3305418413776
4.83232518042977	0.101999880889874	4.63240541388562	5.03224494697392
5.07645748325352	0.0958134225113447	4.88866317513128	5.26425179137575
4.91540230753634	0.0946397708821169	4.72990835660739	5.10089625846529
5.14223996963252	0.105057844643003	4.93632659413224	5.3481533451328
5.05042487029916	0.103663939652575	4.84724354858012	5.25360619201821
5.06026227946871	0.102041717656023	4.8602605128629	5.26026404607451
4.99665775200268	0.0962515299230122	4.80800475335358	5.18531075065178
5.02984184653583	0.0950815213831401	4.84348206462487	5.21620162844678
5.09671694999854	0.092230487951792	4.91594519361303	5.27748870638405
4.86708316811933	0.0954611899298377	4.67997923585685	5.05418710038181
4.81028680862023	0.097229721616697	4.61971655425151	5.00085706298896
5.01671844232203	0.0979793697178219	4.8246788776751	5.20875800696896
5.01386127734669	0.100926567558785	4.81604520493147	5.21167734976191
5.00776549375102	0.0934252943077341	4.82465191690786	5.19087907059418
5.13425094646238	0.0937190057006483	4.95056169528911	5.31794019763565
4.92023979793472	0.0973153769951849	4.72950165902416	5.11097793684529
5.0189837838888	0.0940526786711028	4.83464053369344	5.20332703408416
5.12314071588087	0.0955345036235208	4.93589308877877	5.31038834298298
5.14622747005508	0.0992755335745345	4.95164742424899	5.34080751586117
5.01571618206164	0.0995814896881192	4.82053646227292	5.21089590185035
4.95856970667288	0.102097570092577	4.75845846929143	5.15868094405433
4.79636922202506	0.0921407230426396	4.61577340486148	4.97696503918863
5.06910474063588	0.0951984150825732	4.88251584707403	5.25569363419772
5.04574351490536	0.0919934617120308	4.86543632994978	5.22605069986094
5.07725267547747	0.0979244365555269	4.88532077982864	5.2691845711263
5.29180025823077	0.0918025853417935	5.11186719096085	5.47173332550068
5.04391799264089	0.0924746459152229	4.86266768664706	5.22516829863473
5.17892787378181	0.0967549535684095	4.98928816478773	5.36856758277589
4.96641562627264	0.0981111600065562	4.77411775265979	5.15871349988549
4.96646584646371	0.0987200712229571	4.77297450686671	5.1599571860607
5.04787265016441	0.102845874382897	4.84629473637393	5.24945056395488
5.05365877146958	0.0958677953929618	4.86575789249938	5.24155965043979
4.91793633084284	0.0983422070911808	4.72518560494413	5.11068705674156
5.04116183756444	0.0914819514626362	4.86185721269768	5.22046646243121
4.84303201714772	0.0947812620483591	4.65726074353294	5.0288032907625
5.05250456496841	0.0989180984048175	4.85862509209497	5.24638403784185
4.90777992624408	0.0989352705526348	4.71386679596092	5.10169305652725
4.94922670838726	0.0977324741763199	4.75767105900167	5.14078235777285
5.06312554071606	0.0990611164656951	4.86896575244329	5.25728532898882
5.0198293148478	0.0968265910316419	4.83004919642578	5.20960943326982
4.81979032734333	0.102735324876447	4.61842909058549	5.02115156410117
5.03909101985743	0.102679314078206	4.83783956426415	5.24034247545072
4.96465837592119	0.0978695527174943	4.7728340525949	5.15648269924748
5.07352383672726	0.0962107415908701	4.88495078320916	5.26209689024537
5.04471711633067	0.103063421469424	4.8427128102506	5.24672142241074
4.92578772471769	0.0933936860744217	4.74273610001183	5.10883934942356
4.92149900576845	0.0978684487118651	4.7296768462932	5.11332116524371
4.94686349717514	0.100181469283752	4.75050781737898	5.14321917697129
5.02330216552518	0.0941719941253537	4.83872505703948	5.20787927401087
5.01077743552584	0.0990398025283738	4.81665942257022	5.20489544848145
4.8757930792723	0.100864933612865	4.67809780939109	5.07348834915352
5.05242883296806	0.0932583784089217	4.86964241128658	5.23521525464955
4.91221734538147	0.100270453981297	4.71568725557813	5.10874743518481
4.93255399883935	0.101489979143175	4.73363363971873	5.13147435795998
5.0534174908722	0.0881453910978966	4.88065252432032	5.22618245742408
5.01638984242455	0.0977412258567595	4.8248170397453	5.2079626451038
5.00061188789494	0.099106398391723	4.80636334704716	5.19486042874272
5.07218053820111	0.0988109233021044	4.87851112852898	5.26584994787323
4.96764662135025	0.104242659811606	4.7633310081195	5.171962234581
5.01888997802404	0.0998556966794706	4.82317281253228	5.21460714351581
5.12219727548621	0.0926258453131034	4.94065061867253	5.3037439322999
5.09176730963365	0.10305478357133	4.88977993383384	5.29375468543345
4.8668596706718	0.0946299095823356	4.68138504789042	5.05233429345318
4.99710539613093	0.0995213265089892	4.80204359617331	5.19216719608855
4.86724350007441	0.0930920846041715	4.68478301425024	5.04970398589859
5.0569839539532	0.0954194498759376	4.86996183219636	5.24400607571003
4.93314626769688	0.0964871471542414	4.74403145927456	5.12226107611919
4.9417901079463	0.090254142408934	4.76489198882479	5.11868822706781
5.06293966623459	0.0949500769177938	4.87683751547571	5.24904181699346
5.10737528817373	0.097559236648141	4.91615918434338	5.29859139200409
4.93315157582113	0.0982570888617104	4.74056768165218	5.12573546999008
4.80688408059479	0.0962758146950098	4.61818348379257	4.99558467739701
4.99265657653408	0.102765566071746	4.79123606703346	5.1940770860347
4.99304029739278	0.0982155885106447	4.80053774391192	5.18554285087364
5.08650283048203	0.10334432649326	4.88394795055524	5.28905771040882
5.02550376085229	0.0962577830567297	4.8368385060611	5.21416901564348
4.7143022432534	0.102932071335913	4.51255538343501	4.91604910307179
4.79469462413366	0.0987558114457928	4.60113323369991	4.98825601456742
5.05871156018266	0.104716250595514	4.85346770901546	5.26395541134987
5.00151608925736	0.0996019859389085	4.8062961968171	5.19673598169762
5.1064988239862	0.0961196709918298	4.91810426884222	5.29489337913019
5.20581526347933	0.105024681073918	4.99996688857445	5.41166363838421
4.7712073055638	0.0961111321498609	4.58282948655007	4.95958512457753
4.83299558591612	0.0976482520406814	4.64160501191638	5.02438615991585
5.06332051199757	0.102055177722012	4.86329236366242	5.26334866033271
5.01553862395455	0.101341382409268	4.81690951443238	5.21416773347672
4.97099604901741	0.0978444587180314	4.77922090993007	5.16277118810475
5.08697392223489	0.0966890055871336	4.8974634712841	5.27648437318567
5.07985531380775	0.0947257085559303	4.89419292503813	5.26551770257738
5.03291371586848	0.0980378591255413	4.84075951198241	5.22506791975454
5.0378660936261	0.09802748696827	4.84573221916829	5.22999996808391
5.20453864271841	0.0978908219975086	5.01267263160329	5.39640465383352
4.97272750826516	0.101936852729357	4.77293127691562	5.17252373961469
4.88903766415353	0.0962649183456314	4.70035842419609	5.07771690411097
4.98390192364772	0.0979037051713825	4.79201066151181	5.17579318578363
4.85307760343218	0.0888988685942516	4.67883582098744	5.02731938587691
4.91132173894914	0.0977118043855196	4.71980660235352	5.10283687554476
4.88897141256573	0.0977174839158723	4.69744514409062	5.08049768104084
4.85584830944291	0.0973341588804425	4.66507335803724	5.04662326084857
5.13100780745304	0.0990665411667738	4.93683738676616	5.32517822813992
4.97329584915912	0.0973034607793731	4.78258106603155	5.16401063228669
5.24407268473175	0.0924484667217031	5.06287368995721	5.42527167950629
4.87978084348818	0.0968892690665652	4.68987787611771	5.06968381085865
5.10044410664182	0.100981886013577	4.90251961005521	5.29836860322843
4.80831538059279	0.098129234600618	4.61598208077558	5.00064868041
5.08489600361764	0.094470993955353	4.89973285546515	5.27005915177013
5.01649051731608	0.0919970874616286	4.83617622589128	5.19680480874087
4.97484261465129	0.0930725407890965	4.79242043470466	5.15726479459791
4.91869169261933	0.0926042962406301	4.73718727198769	5.10019611325096
5.10980304663431	0.0954584107470447	4.92270456157011	5.29690153169852
5.04391298752576	0.101073628131514	4.845808676388	5.24201729866353
4.84355266092984	0.0993171833728339	4.64889098151909	5.0382143403406
5.01648169299712	0.0951490503178852	4.82998955437406	5.20297383162017
4.85267094121919	0.10148559025162	4.65375918432602	5.05158269811237
4.97720463368138	0.0962674305157054	4.78852046987059	5.16588879749216
4.93759739572006	0.0979398967096267	4.7456351981692	5.12955959327093
5.07415098666832	0.0889973031434734	4.89971627250711	5.24858570082953
5.02409270161577	0.0986202919090913	4.83079692947395	5.21738847375758
5.01513930144501	0.0899751590535748	4.8387879897	5.19149061319002
5.11340105667334	0.0940447249758629	4.92907339572065	5.29772871762603
4.97014301139526	0.101639908031114	4.77092879165428	5.16935723113625
5.04742468719802	0.102298512666082	4.8469196023725	5.24792977202354
4.98829831812489	0.0949656705551311	4.80216560383683	5.17443103241295
5.00723639783822	0.0928659258233816	4.82521918322439	5.18925361245204
4.9289341333636	0.097062439461618	4.73869175201883	5.11917651470837
5.02238537150916	0.0943646088817657	4.8374307381009	5.20734000491742
5.06056202142649	0.0990052455602276	4.86651174012844	5.25461230272454
4.97182630543616	0.10052918714123	4.77478909863935	5.16886351223297
4.91736056628746	0.0932674008802125	4.73455646056224	5.10016467201267
4.86562183570268	0.0980020158930571	4.67353788455229	5.05770578685307
5.13677558631575	0.0942237999950602	4.95209693832544	5.32145423430607
5.07706046854792	0.101227215863727	4.87865512545501	5.27546581164082
5.12602997016005	0.0976137240509885	4.93470707102011	5.31735286929999
5.01147088284118	0.0968783169742454	4.82158938157166	5.2013523841107
5.06848210383196	0.0974678505108205	4.87744511683075	5.25951909083317
4.89881180523571	0.09860049914026	4.7055548269208	5.09206878355062
5.06878689697274	0.104982430586981	4.86302133302226	5.27455246092322
5.07785995969321	0.0982126312268585	4.88536320248856	5.27035671689785
5.09110223213914	0.0950344986869342	4.90483461471275	5.27736984956553
4.97078386262712	0.0923364136330938	4.78980449190626	5.15176323334799
5.02320722571566	0.0974542587637952	4.83219687853862	5.2142175728927
4.91434790439351	0.0943105897456692	4.729499148492	5.09919666029502
4.99503383093188	0.0945449123537238	4.80972580271858	5.18034185914518
4.96822876423808	0.0955385526308564	4.7809732010816	5.15548432739456
5.12002483397165	0.101046446269763	4.92197379928292	5.31807586866039
5.00838254664451	0.0941906380971329	4.82376889597413	5.19299619731489
4.93638594543444	0.0921338239497439	4.75580365049294	5.11696824037593
4.90032923802788	0.0999801153133007	4.70436821201381	5.09629026404195
4.97737933038641	0.0919116380291083	4.79723251984936	5.15752614092347
5.22826317660803	0.0973547165838586	5.03744793210367	5.41907842111239
5.14062667308678	0.0950363696447857	4.954355388583	5.32689795759056
5.02509753298969	0.0970063572914897	4.83496507269837	5.21522999328101
4.92909866978747	0.095596295637306	4.74172993033835	5.11646740923659
4.93557544307277	0.0923840074486671	4.75450278847338	5.11664809767215
5.00442404696987	0.0995543896335737	4.80929744328806	5.19955065065167
5.11980288128522	0.0941597626507075	4.93524974648983	5.30435601608061
4.86530297130663	0.0945177024535025	4.68004827449776	5.05055766811549
4.9373060964659	0.093576661614663	4.75389583970116	5.12071635323063
4.93908239300564	0.0996608910723105	4.74374704650391	5.13441773950737
4.99035274376072	0.105511488171157	4.78355022694525	5.19715526057619
4.94008535087574	0.101428666421477	4.74128516468964	5.13888553706183
5.08376560094615	0.0980444076908563	4.89159856187207	5.27593264002023
5.16728806671021	0.0904187793130048	4.99006725925672	5.3445088741637
4.92092806017641	0.0994822003577399	4.72594294747524	5.11591317287759
4.95507281084087	0.0955038958625051	4.76788517495036	5.14226044673138
4.90933388644025	0.0972688716933942	4.71868689792119	5.0999808749593
4.85301581199889	0.0955635492297954	4.66571125550849	5.04032036848929
4.8933661492563	0.102100069533813	4.69325001297003	5.09348228554257
5.05182431249739	0.0931267704846142	4.86929584234755	5.23435278264724
4.9827108716071	0.0951146580688439	4.79628614179216	5.16913560142203
5.00697614366906	0.0950446167025566	4.82068869493205	5.19326359240607
5.15282620158018	0.0950397685716987	4.96654825517965	5.33910414798071
5.12586739499215	0.0993864387472581	4.93106997504753	5.32066481493678
5.04238938805541	0.0936717533312234	4.85879275152622	5.22598602458461
4.9103700795147	0.1004571877107	4.71347399160173	5.10726616742768
4.98662702037034	0.104820429099091	4.78117897933612	5.19207506140456
4.82119281176051	0.0966885125488593	4.63168332716475	5.01070229635627
5.07081642156172	0.0950398393574466	4.88453833642112	5.25709450670232
5.04533151281969	0.103621795504975	4.84223279362994	5.24843023200944
5.0488553715634	0.097845160070101	4.857078857826	5.24063188530079
4.87229384138869	0.0984049774087614	4.67942008566752	5.06516759710986
5.01792771598422	0.10264915917653	4.81673536399822	5.21912006797021
5.12371671633884	0.0929191107812997	4.9415952592075	5.30583817347019
5.02579769675714	0.103537136500617	4.82286490921593	5.22873048429835
5.02141459554144	0.105436356956925	4.81475933590587	5.22806985517701
4.89905641844996	0.0971696277274932	4.70860394810407	5.08950888879584
4.97949531337608	0.0973585017333109	4.78867264997879	5.17031797677337
4.95692519009041	0.102228749233783	4.7565568415922	5.15729353858863
5.04075927290636	0.101084786958435	4.84263309046783	5.23888545534489
5.03195736180465	0.0886506243290145	4.85820213811978	5.20571258548952
4.91423249558586	0.098308164768161	4.72154849264027	5.10691649853146
4.99278782171083	0.099350679255256	4.79806049037053	5.18751515305113
5.05871570240326	0.0955548972718532	4.87142810375042	5.24600330105609
4.93173842251077	0.0974193279892821	4.74079653965178	5.12268030536976
5.11206747880084	0.097369111867174	4.92122401954118	5.3029109380605
4.92207195949542	0.0999196577434269	4.72622943031831	5.11791448867254
5.03362276642571	0.0995308329901327	4.83854233376505	5.22870319908637
5.07386869967478	0.0959275173696988	4.88585076563017	5.26188663371939
4.9024188779447	0.0943002558296082	4.71759037651867	5.08724737937073
5.03856231305144	0.1088952133481	4.82512769488916	5.25199693121371
5.08566972197001	0.0985145044238935	4.89258129329918	5.27875815064084
4.90025002271727	0.0976427174893791	4.70887029643809	5.09162974899646
5.01866218696364	0.0942577582367323	4.83391698081965	5.20340739310764
5.05267553157671	0.0915504643892898	4.8732366213737	5.23211444177972
4.99731976848433	0.0945131728594301	4.81207394967984	5.18256558728881
4.81343879805711	0.0953157187870851	4.62661998923442	5.00025760687979
4.99276903372873	0.103107257003583	4.79067881000171	5.19485925745575
5.26850315978607	0.0944669658322626	5.08334790675483	5.4536584128173
5.05891723671459	0.103284894799137	4.85647884290828	5.2613556305209
4.86531599941278	0.0968106655113732	4.67556709501049	5.05506490381507
5.18354290685012	0.0944911734227697	4.99834020694149	5.36874560675875
4.88983871409289	0.101932448507148	4.69005111501888	5.0896263131669
5.05839430599933	0.0966724464495753	4.86891631095817	5.2478723010405
4.98968933396105	0.0984257981226821	4.79677476964059	5.18260389828151
5.00286426292882	0.101351634645897	4.80421505902286	5.20151346683477
5.04454877965763	0.103440811164673	4.84180478977487	5.24729276954039
5.04186695021943	0.0981007675101918	4.84958944589945	5.2341444545394
4.97214387353697	0.0918034351564797	4.79220914063027	5.15207860644367
4.88944256938023	0.09500272930272	4.7032372199469	5.07564791881356
5.08572646990789	0.10136233286766	4.88705629748728	5.28439664232851
4.93392881914818	0.0899173053427434	4.75769090067641	5.11016673761996
4.89655291243044	0.0943007778810235	4.71172338778363	5.08138243707724
5.12819988841885	0.103875022826284	4.92460484367934	5.33179493315837
5.1188503735243	0.097458396130997	4.92783191710755	5.30986882994106
4.864160039232	0.0987307015629155	4.67064786416868	5.05767221429531
4.98923923604467	0.0969865010013536	4.79914569408202	5.17933277800732
4.98208799300565	0.0996356931734625	4.78680203438566	5.17737395162563
5.07282672450268	0.0992845473565845	4.87822901168377	5.26742443732159
4.90513281142513	0.0952228445211862	4.71849603616361	5.09176958668666
5.00803891022995	0.0898910114153017	4.83185252785596	5.18422529260394
5.2077774634549	0.0988157564548664	5.01409858080337	5.40145634610644
5.04495746316691	0.0959417254038824	4.8569116813753	5.23300324495852
5.11849558686437	0.092105906345535	4.93796801042712	5.29902316330161
5.03900044034553	0.102557283259722	4.83798816515647	5.24001271553458
5.18204108742681	0.0942809035165384	4.99725051653439	5.36683165831922
4.994721084443	0.103646518229212	4.79157390871375	5.19786826017226
4.9631775058096	0.0997943496940373	4.76758058040929	5.15877443120991
4.84847198221978	0.104639865286095	4.64337784625903	5.05356611818053
4.94166919084217	0.0984447754548425	4.74871743095068	5.13462095073367
4.87535974775844	0.102547328749077	4.67436698341024	5.07635251210663
4.99035175738177	0.09972324902369	4.79489418929534	5.1858093254682
5.09980294101714	0.0953786960588011	4.91286069674189	5.28674518529239
4.93930929063226	0.0987494766942986	4.74576031631143	5.13285826495308
5.00004534217346	0.0970572212178185	4.80981318858654	5.19027749576039
5.10336177500495	0.0994721465262572	4.90839636781348	5.29832718219641
5.00091320798436	0.0930419877361568	4.81855091202149	5.18327550394723
5.12770599220263	0.0976141982328426	4.93638216366626	5.319029820739
4.85603892371432	0.0956343521382375	4.66859559352337	5.04348225390526
5.06017500640226	0.0989674921272258	4.8661987218329	5.25415129097163
5.04810472443956	0.0986048441112399	4.85483922998153	5.24137021889759
4.90318606566123	0.0995896409562218	4.70799036938703	5.09838176193542
5.03426200814178	0.0920553358868081	4.85383354980364	5.21469046647992
5.11295137214177	0.0983602327867769	4.92016531587968	5.30573742840385
4.98814598848684	0.0945305974180441	4.80286601754748	5.17342595942621
5.08470154470025	0.0940587720499506	4.90034635148234	5.26905673791815
4.90685400775942	0.103435969756335	4.704119507037	5.10958850848183
5.00077335757203	0.092509798691666	4.81945415213636	5.18209256300769
5.15678290757642	0.093516135163348	4.97349128265625	5.34007453249658
4.82639126939745	0.0992183359535895	4.63192333092842	5.02085920786649
5.16953180540379	0.0990765718651806	4.97534172454803	5.36372188625954
4.87298882746796	0.0958005496328976	4.68521975018748	5.06075790474844
4.90477403759809	0.100805553936654	4.70719515188225	5.10235292331393
4.97866619858589	0.0983286741901458	4.78594199717321	5.17139039999858
4.86793913873876	0.100362816950966	4.67122801751487	5.06465025996266
4.87671739599786	0.0979240318311579	4.68478629360879	5.06864849838693
5.11275504965556	0.0964644904404728	4.92368464839223	5.30182545091889
5.11737968752865	0.0955020869217229	4.93019559716207	5.30456377789523
5.07223001300217	0.104180633125417	4.86803597207635	5.27642405392798
4.89503400196457	0.0958592894696518	4.70714979460405	5.08291820932509
5.07280969791801	0.0974338874070994	4.8818392786001	5.26378011723593
5.05060528263421	0.09745005159369	4.85960318151058	5.24160738375785
4.8154780516602	0.0981810844574247	4.62304312612365	5.00791297719675
5.03195509280556	0.0891264127213743	4.85726732387166	5.20664286173945
5.11762950639933	0.0984029338248483	4.92475975610262	5.31049925669603
5.03100012195969	0.0984792858317731	4.83798072172942	5.22401952218997
4.97832341039791	0.0940404707662948	4.79400408769597	5.16264273309985
4.9755582746691	0.0939721770383355	4.79137280767397	5.15974374166424
4.83593709589973	0.0994998821123824	4.64091732695946	5.03095686484
5.09387141810691	0.0963223113611826	4.90507968783899	5.28266314837483
4.96666372860311	0.0998181393560051	4.77102017546534	5.16230728174088
5.07905456500644	0.0924740235504059	4.89780547884765	5.26030365116524
5.04653959839245	0.0888078506307705	4.87247621115614	5.22060298562876
5.15699916797016	0.0932449379549947	4.97423908957837	5.33975924636195
5.08296801412901	0.0940693622834076	4.89859206405353	5.26734396420449
4.9859709108871	0.0974091445685946	4.79504898753265	5.17689283424154
5.01246155430057	0.0946740282740417	4.82690045888344	5.19802264971769
4.99486745054825	0.0992880448559377	4.80026288263061	5.18947201846589
5.11534289073561	0.100843319645762	4.91768998422992	5.3129957972413
4.93182128316914	0.0987264339864037	4.73831747255579	5.12532509378249
5.19291333824229	0.101041697900359	4.99487161035759	5.390955066127
4.84476812662594	0.0967153208695806	4.65520609772156	5.03433015553032
5.1456416129108	0.101848278318623	4.9460189874063	5.3452642384153
5.0900873250821	0.0997975357516938	4.89448415500878	5.28569049515542
4.97822034969795	0.089676209396335	4.80245497928114	5.15398572011477
5.04234119696681	0.090231076143415	4.86548828772572	5.2191941062079
4.91135707879678	0.0994239058297119	4.71648622337055	5.10622793422302
5.04552344823087	0.0883190617164673	4.87241808726659	5.21862880919515
4.81142646825177	0.100255985970208	4.61492473575016	5.00792820075338
4.96293305119274	0.0930082989621499	4.78063678522692	5.14522931715855
5.06936945504421	0.0980272435251982	4.87723605773483	5.2615028523536
5.05215599842205	0.106419876450285	4.84357304057949	5.26073895626461
4.85326240606482	0.0994881581748975	4.65826561604202	5.04825919608762
4.89770707069684	0.0953464195855655	4.71082808830913	5.08458605308455
5.03518769412447	0.0943236742969137	4.85031329250252	5.22006209574642
4.98977238339614	0.100756866719927	4.79228892462508	5.18725584216719
5.01650146762186	0.0982121273453251	4.82400569802502	5.20899723721869
5.06243914212076	0.0968576555427929	4.87259813725689	5.25228014698464
5.05272381807659	0.0991651726560191	4.8583600796708	5.24708755648239
5.11888115740752	0.0978756727004214	4.92704483891469	5.31071747590034
4.9846500378631	0.105080881067349	4.7786915109711	5.19060856475511
4.97043322177934	0.095971628219004	4.7823288304701	5.15853761308859
4.9391817861987	0.0982646499699913	4.74658307225751	5.13178050013988
4.90576274346911	0.0978382308816615	4.71399981094105	5.09752567599716
4.78628499958311	0.0930229342792847	4.60396004839572	4.96860995077051
4.82836418430744	0.103092377301406	4.62630312479669	5.0304252438182
5.05009190744392	0.09374605031269	4.86634964883105	5.23383416605679
5.20915333146144	0.095209073890192	5.02254354663667	5.39576311628622
4.84498391199028	0.0987816145907606	4.65137194739239	5.03859587658817
4.95324173662805	0.102363776933741	4.75260873383792	5.15387473941818
5.05696598664339	0.0923936191950658	4.87587449302106	5.23805748026572
5.01090683076562	0.0941565411086067	4.82636001019275	5.19545365133849
4.69949002742416	0.0992168168619709	4.5050250663747	4.89395498847362
5.00984152788039	0.0909401230765009	4.83159888665045	5.18808416911034
5.01840936038639	0.101559801989988	4.81935214848601	5.21746657228677
5.00396416711335	0.099592685520402	4.80876250349336	5.19916583073333
4.84638992080785	0.0980215309963673	4.65426772005497	5.03851212156073
4.96848281881987	0.0987297603720696	4.77497248849062	5.16199314914913
4.89367545210356	0.0928884907671272	4.71161401019999	5.07573689400713
4.90560485143247	0.0975951281706486	4.714318400218	5.09689130264694
4.94262846911366	0.0977493020037423	4.75103983718632	5.13421710104099
5.19809676508765	0.0987775549172283	5.00449275744988	5.39170077272542
5.29793180677914	0.0977627733637611	5.10631677098616	5.48954684257211
4.98831594016993	0.0912117369983282	4.8095409356532	5.16709094468665
5.11167775761925	0.10222922923581	4.91130846831706	5.31204704692144
5.20595882193486	0.0989896933427055	5.01193902298316	5.39997862088656
5.05314463072147	0.0954399095384145	4.86608240802618	5.24020685341676
4.84829209903068	0.101373448605682	4.64960013976354	5.04698405829782
5.13862745092668	0.0978754699364166	4.9467915298513	5.33046337200205
4.99798136511865	0.09946960429123	4.80302094070784	5.19294178952947
4.94579848120377	0.0968373496163906	4.75599727595565	5.1355996864519
4.94932266001578	0.100474220087422	4.75239318864443	5.14625213138713
4.97925522025595	0.104667566602414	4.77410678971521	5.18440365079668
4.96271405791281	0.0976023496003333	4.77141345269616	5.15401466312946
5.15163004352214	0.106430970920405	4.94302534051814	5.36023474652613
4.97742972376575	0.100716264444905	4.78002584545374	5.17483360207777
5.1595600935058	0.0979636392135337	4.96755136064727	5.35156882636433
5.01427450973485	0.0977343524458848	4.82271517894092	5.20583384052879
4.9390434849317	0.0980166488104824	4.74693085326316	5.13115611660025
5.04202502154072	0.100313152349451	4.84541124293579	5.23863880014564
4.86446421143951	0.0897057608865595	4.68864092010186	5.04028750277717
5.07852691248757	0.099781697910149	4.88295478458368	5.27409904039146
4.99740532190799	0.0922195947251098	4.81665491624677	5.1781557275692
4.99674981341207	0.104754995762174	4.79143002171821	5.20206960510594
4.98313538504122	0.104410024642381	4.77849173674215	5.18777903334028
5.14337070438691	0.10241966495131	4.94262816108234	5.34411324769148
4.98496779107657	0.0943598415597578	4.80002250161944	5.16991308053369
5.1246635942141	0.0963794529944078	4.93575986634506	5.31356732208314
5.14160893285483	0.091671137744868	4.96193350287489	5.32128436283477
4.99076986541017	0.104341936010259	4.78625967083006	5.19528005999028
5.11828794934501	0.099371166632689	4.92352046274494	5.31305543594508
4.9742990381829	0.0969684735537264	4.7842408300176	5.1643572463482
4.91792571378687	0.0999290311685235	4.72206481269656	5.11378661487717
5.01957695692841	0.0921160325839725	4.83902953306383	5.200124380793
4.91590704426112	0.10506728742302	4.709975160912	5.12183892761024
5.17858145234724	0.102511744516323	4.97765843309524	5.37950447159923
5.13260198695549	0.0918768682909936	4.95252332510514	5.31268064880584
5.07305288034547	0.102401618755894	4.87234570758392	5.27376005310702
5.07312778996351	0.0988248751642234	4.87943103464163	5.26682454528539
4.74516723572088	0.101313809119415	4.54659216984683	4.94374230159494
4.84079807200739	0.0978295430883368	4.64905216755425	5.03254397646053
5.09769401728855	0.0965811702805228	4.90839492353873	5.28699311103838
5.11739388250648	0.104859215278353	4.9118698205609	5.32291794445205
5.02486727187055	0.0957559184488656	4.83718567171078	5.21254887203033
5.08520062708418	0.0975932784237431	4.89391780137364	5.27648345279472
4.88743977443665	0.0946976457783709	4.70183238871105	5.07304716016226
4.85578813365831	0.0979476167799054	4.66381080476969	5.04776546254692
5.11190425780855	0.0986526849015716	4.91854499540147	5.30526352021563
4.91571465490792	0.0977783935214098	4.72406900360596	5.10736030620988
4.85338297472648	0.0939791448084301	4.66918385090196	5.037582098551
4.95772256327098	0.0984436811223721	4.76477294827114	5.15067217827083
5.125274086372	0.0960412082391028	4.93703331822336	5.31351485452064
4.78802947046394	0.100640257707778	4.5907745653567	4.98528437557119
4.92974282221897	0.0993259025027247	4.73506405331363	5.12442159112431
4.93499977092548	0.0976058669387461	4.74369227172554	5.12630727012542
5.00807239670001	0.0980505162665597	4.81589338481755	5.20025140858246
5.05665768254311	0.100139961840595	4.86038335733554	5.25293200775067
4.97386671142094	0.0927981980807768	4.79198224318262	5.15575117965926
4.93668722981995	0.093537665615105	4.75335340521435	5.12002105442556
5.22254627338812	0.103783972216281	5.0191296878442	5.42596285893203
5.00002198837531	0.104279464077227	4.79563423878394	5.20440973796667
5.10747142039901	0.0886270512957722	4.9337623998593	5.28118044093872
4.9582458650776	0.103323508494031	4.7557317884293	5.1607599417259
4.90737163317757	0.0959312212460521	4.71934643953531	5.09539682681984
4.80507588390434	0.0987029547555229	4.61161809258352	4.99853367522517
5.14455725345678	0.0941724243402618	4.95997930174987	5.32913520516369
4.97625856534048	0.100525851365355	4.77922789666438	5.17328923401657
4.91396178418717	0.0972864407833089	4.72328036025188	5.10464320812245
5.0556439442827	0.0914996957096408	4.87630454069181	5.2349833478736
4.76194999129874	0.0935917587826415	4.57851014408477	4.94538983851272
5.09785040428818	0.099496630636911	4.90283700823984	5.29286380033653
4.96787667749604	0.0939441795222166	4.7837460856325	5.15200726935959
5.27058148254367	0.0971014234341792	5.08026269261268	5.46090027247466
5.05622617432948	0.100783242620323	4.85869101879365	5.25376132986532
5.19198735471442	0.0989510894271175	4.99804321943727	5.38593148999157
5.00046954671719	0.092846940721027	4.81848954290398	5.1824495505304
4.94227962315744	0.0977227143626354	4.75074310300668	5.13381614330821
4.95333614326893	0.0974017817591597	4.76242865102098	5.14424363551688
4.97703851315775	0.0885502819419123	4.8034799605516	5.1505970657639
5.16273022825838	0.0978681360599335	4.97090868158091	5.35455177493585
5.11569963404207	0.0965307391587618	4.92649938529089	5.30489988279324
5.24781100593528	0.0959334573863441	5.05978142945805	5.43584058241251
4.97395465528221	0.0999893874036466	4.77797545597107	5.16993385459336
5.07940152682595	0.0976427063701359	4.88802182234048	5.27078123131141
5.01389995005621	0.0901677576837724	4.83717114499601	5.1906287551164
4.99825419965	0.0967537849426618	4.80861678116239	5.18789161813762
4.94005261734618	0.0936125472562821	4.75657202472387	5.1235332099685
