estFinal_msm11	sdFinal_msm11	X1	X2
6.38905734027096	0.158603095561183	6.07819527297104	6.69991940757087
6.48346294141491	0.146051698845048	6.19720161167862	6.76972427115121
6.40226489281079	0.151433042861909	6.10545612880145	6.69907365682013
6.53086661485135	0.157721707965049	6.22173206723986	6.84000116246285
6.52950474878354	0.145652504973845	6.2440258390348	6.81498365853227
6.22968224727021	0.144621900690197	5.94622332191743	6.513141172623
6.54677656531445	0.150904347839204	6.25100404354961	6.84254908707929
6.45854173403488	0.150852064875545	6.16287168687882	6.75421178119095
6.33432763383131	0.144867109471339	6.05038809926748	6.61826716839513
6.336031015462	0.148688540360029	6.04460147635634	6.62746055456766
6.39345115954607	0.155153720927324	6.08934986652852	6.69755245256362
6.5946623858119	0.152647557252924	6.29547317359617	6.89385159802763
6.1972811541698	0.163627542970449	5.87657116994772	6.51799113839188
6.45408527493624	0.147666221242406	6.16465948130112	6.74351106857135
6.55250605999261	0.141460788585017	6.27524291436597	6.82976920561924
6.6811942402626	0.146168345422192	6.39470428323511	6.9676841972901
6.36905647470375	0.144569241144657	6.08570076206022	6.65241218734728
6.48526189245597	0.150119111858445	6.19102843321342	6.77949535169852
6.46524822538082	0.149287792031644	6.17264415299879	6.75785229776284
6.54989373880023	0.138250247383365	6.27892325392883	6.82086422367162
6.62112433449702	0.14556228665311	6.33582225265692	6.90642641633712
6.13841189236762	0.137846929439347	5.8682319106665	6.40859187406874
6.26057378085231	0.158153099253043	5.95059370631635	6.57055385538828
6.52456057992199	0.139984258517374	6.25019143322793	6.79892972661604
6.4707614406861	0.147107944717495	6.18242986903981	6.75909301233239
6.17934505131474	0.152906700009711	5.87964791929571	6.47904218333377
6.35942060637039	0.145351901965664	6.07453087851769	6.64431033422309
6.43706691540295	0.147675233940385	6.14762345687979	6.7265103739261
6.6892956774847	0.147823517144292	6.39956158388189	6.97902977108751
6.5126051766398	0.154874073457174	6.20905199266374	6.81615836061586
6.28009431274062	0.151164334313754	5.98381221748566	6.57637640799557
6.26561898207666	0.148637186127639	5.97429009726649	6.55694786688684
6.57153057777547	0.143249673934292	6.29076121686426	6.85229993868668
6.31088224376845	0.154267914317777	6.00851713170561	6.6132473558313
6.55915874762226	0.155039661785161	6.25528101052334	6.86303648472117
6.43510336896448	0.154783567620452	6.13172757642839	6.73847916150056
6.46379717825413	0.151164315317671	6.16751512023149	6.76007923627676
6.24802049584165	0.139368904212441	5.97485744358526	6.52118354809803
6.50226323520098	0.147848843038504	6.21247950284551	6.79204696755645
6.39907614509239	0.149461895902152	6.10613082912418	6.69202146106061
6.33430050452411	0.142482649911095	6.05503451069837	6.61356649834986
6.31207311461369	0.152713299674693	6.01275504725129	6.61139118197609
6.61617089969647	0.152391425975228	6.31748370478502	6.91485809460792
6.42708883677769	0.142290413511654	6.14819962629484	6.70597804726053
6.45072288025039	0.142675020957854	6.17107983917299	6.73036592132778
6.33173147966699	0.147755913539118	6.04212988913031	6.62133307020366
6.16980004442803	0.143406088058673	5.88872411183304	6.45087597702303
6.35777296002673	0.142954565140611	6.07758201235113	6.63796390770232
6.49914293298726	0.152554131356912	6.20013683552772	6.79814903044681
6.38428344194852	0.137070889827998	6.11562449788564	6.65294238601139
6.57550785162296	0.151693775329422	6.27818805197729	6.87282765126862
6.44608865575438	0.143744784255978	6.16434887861266	6.7278284328961
6.69839963828296	0.150908278362888	6.4026194126917	6.99417986387422
6.11144527559968	0.150983737439303	5.81551715021864	6.40737340098071
6.50300965195915	0.147442966009332	6.21402143858086	6.79199786533744
6.39445936433343	0.143866779122282	6.11248047725376	6.67643825141311
6.15078834396484	0.142247545580889	5.8719831546263	6.42959353330338
6.41606418146445	0.142814406420535	6.1361479448802	6.6959804180487
6.40384185495492	0.14928964148978	6.11123415763495	6.69644955227488
6.36345891729249	0.143035894814207	6.08310856345665	6.64380927112834
6.32782702281754	0.157044104642462	6.02002057771832	6.63563346791676
6.53895328844282	0.144791052231746	6.2551628260686	6.82274375081704
6.42620283741453	0.149326068892259	6.13352374238571	6.71888193244336
6.56990976199601	0.146448262885099	6.28287116674121	6.8569483572508
6.22581736176025	0.142925310224846	5.94568375371956	6.50595096980095
6.58564880969729	0.143975025117531	6.30345776046693	6.86783985892766
6.52773069932989	0.141933126515473	6.24954177135956	6.80591962730021
6.43507680955403	0.152912466453162	6.13536837530583	6.73478524380223
6.05559394239647	0.153011324565598	5.7556917462479	6.35549613854505
6.47657709171209	0.146457191239175	6.18952099688331	6.76363318654087
6.44067341513794	0.144112316831411	6.15821327414838	6.72313355612751
6.62396300615863	0.150596941698859	6.32879300042887	6.9191330118884
6.56009879488222	0.14700524625859	6.27196851221538	6.84822907754905
6.39749759948057	0.163262589310288	6.0775029244324	6.71749227452873
6.57206593946172	0.15561255847574	6.26706532484927	6.87706655407417
6.38458223587532	0.149667348465728	6.09123423288249	6.67793023886815
6.33462215311566	0.15499499061247	6.03083197151522	6.63841233471611
6.68958828680272	0.148299186117364	6.39892188201269	6.98025469159275
6.33186393568856	0.151815704418978	6.03430515502736	6.62942271634975
6.46805507989506	0.138546810383509	6.19650333154338	6.73960682824674
6.1626234722726	0.158677758658938	5.85161506530108	6.47363187924412
6.77467095985539	0.14616526275898	6.48818704484779	7.06115487486299
6.56810419166556	0.136595315867707	6.30037737256485	6.83583101076626
6.35913421084048	0.139013404179276	6.0866679386491	6.63160048303186
6.51791694806355	0.15003375494711	6.22385078836721	6.81198310775988
6.26459311869792	0.145983040200601	5.97846635990474	6.5507198774911
6.68012112273038	0.137934236139645	6.40977001989667	6.95047222556408
6.39985440487064	0.15067107064494	6.10453910640656	6.69516970333473
6.39328947772372	0.146383924873108	6.10637698497243	6.68020197047502
6.33166251821309	0.156014381423279	6.02587433062346	6.63745070580271
6.44890440925236	0.158001393183817	6.13922167861208	6.75858713989264
6.5377771904491	0.146732517141594	6.25018145685158	6.82537292404663
6.34830268772051	0.143270715246762	6.06749208583685	6.62911328960416
6.64175019158106	0.143827424803081	6.35984843896702	6.9236519441951
6.3462315336528	0.14982321017822	6.05257804170349	6.63988502560211
6.53002440267391	0.161229219060288	6.21401513331574	6.84603367203207
6.14823161615806	0.142664727872734	5.8686087495275	6.42785448278862
6.50497536038086	0.151255621793504	6.20851434166559	6.80143637909612
6.51685254181004	0.144009765211622	6.23459340199526	6.79911168162482
6.46963350323487	0.1419141310863	6.19148180630572	6.74778520016402
6.79839903502654	0.138620110667638	6.52670361811797	7.07009445193511
6.48277383204929	0.147449932552487	6.19377196424642	6.77177569985217
6.42738854261732	0.141714905689412	6.14962732746607	6.70514975776857
6.45918071659259	0.143734944802151	6.17746022478038	6.74090120840481
6.57267745053281	0.149039977105969	6.28055909540511	6.86479580566051
6.31368009387109	0.141536946915102	6.03626767791749	6.5910925098247
6.59804476543581	0.142012284490528	6.31970068783438	6.87638884303725
6.34439659437511	0.145261576987348	6.05968390347991	6.62910928527032
6.33913890725754	0.141311343924259	6.06216867316599	6.61610914134908
6.6406720712765	0.163470015422994	6.32027084104743	6.96107330150557
6.22994987097981	0.144273204080738	5.94717439098157	6.51272535097806
6.25504599955903	0.135949065490209	5.98858583119822	6.52150616791984
6.62811581379003	0.152736422526934	6.32875242563724	6.92747920194282
6.32058290937799	0.158896882231402	6.00914502020444	6.63202079855154
6.31985267421598	0.148142279838538	6.02949380573244	6.61021154269951
6.28269188258775	0.150288571818285	5.98812628182391	6.57725748335159
6.32737033443737	0.152962476676454	6.02756388015152	6.62717678872322
6.59772052935702	0.151037804083637	6.30168643335309	6.89375462536095
6.45337710100876	0.156388846360921	6.14685496214135	6.75989923987617
6.55466430834084	0.149578347532312	6.2614907471775	6.84783786950417
6.20835471667086	0.150377852800659	5.91361412518157	6.50309530816015
6.3250624329668	0.154948425141032	6.02136351969038	6.62876134624322
6.64686131281087	0.143956552678145	6.3647064695617	6.92901615606003
6.25939966980257	0.155935967542934	5.95376517341842	6.56503416618672
6.41492187300783	0.158289624570339	6.10467420884996	6.72516953716569
6.46834749318431	0.153782035483664	6.16693470363633	6.76976028273229
6.32965281568119	0.148498590130549	6.03859557902531	6.62071005233707
6.44394164474767	0.161669616514944	6.12706919637838	6.76081409311696
6.46828363173258	0.147433236298472	6.17931448858758	6.75725277487759
6.63459296426162	0.158405874233034	6.32411745076487	6.94506847775837
6.08806820488279	0.163643147583228	5.76732763561967	6.40880877414592
6.53696226974644	0.152156487343628	6.23873555455293	6.83518898493995
6.24993438240625	0.136125197158359	5.98312899597587	6.51673976883664
6.21598500904157	0.147166206638721	5.92753924402968	6.50443077405347
6.37306204443399	0.146051810224964	6.08680049639306	6.65932359247492
6.35714904818586	0.152454421942606	6.05833838117835	6.65595971519337
6.51976113361838	0.154669456730251	6.21660899842709	6.82291326880967
6.59213073805622	0.145493549029564	6.30696338195827	6.87729809415416
6.38288351047853	0.144935047728524	6.09881081693063	6.66695620402644
6.54327306669502	0.149159507410177	6.25092043217107	6.83562570121897
6.64453175167635	0.153579236255356	6.34351644861585	6.94554705473684
6.65530381975412	0.143416127582204	6.374208209693	6.93639942981524
6.34269568043979	0.147690702523234	6.05322190349425	6.63216945738533
6.65544870714759	0.160510062089218	6.34084898545273	6.97004842884246
6.57306503294319	0.15684995698743	6.26563911724782	6.88049094863855
6.19364872079435	0.144693141825589	5.9100501628162	6.47724727877251
6.4150239781153	0.157562151810792	6.10620216056615	6.72384579566446
6.44626849730532	0.154472679966091	6.14350204457178	6.74903495003885
6.60365157084937	0.15250516501038	6.30474144742903	6.90256169426971
6.91598554814385	0.144857549136197	6.63206475183691	7.1999063444508
6.29561768772614	0.148972086937644	6.00363239732836	6.58760297812393
6.64822449681513	0.158525209181812	6.33751508681878	6.95893390681148
6.41068963258661	0.138813064276407	6.13861602660486	6.68276323856837
6.26621198801077	0.150271461185143	5.97167992408789	6.56074405193366
6.25944938749386	0.145300490642282	5.97466042583498	6.54423834915273
6.59363229058674	0.15284790403582	6.29405039867654	6.89321418249695
6.41192690971765	0.153863632108716	6.11035419078457	6.71349962865073
6.60267398186836	0.156061966426495	6.29679252767243	6.90855543606429
6.55915128918913	0.145363612449484	6.27423860878814	6.84406396959012
6.77369533433951	0.144471340648576	6.49053150666831	7.05685916201072
6.39945050183264	0.148220602467367	6.1089381209966	6.68996288266868
6.4200002920941	0.144831881655381	6.13612980404955	6.70387078013865
6.40815476932252	0.151414986460633	6.11138139585967	6.70492814278536
6.58963025126923	0.139562305328087	6.31608813282618	6.86317236971228
6.386593100441	0.142738140600653	6.10682634486372	6.66635985601828
6.49010282282023	0.151894905411803	6.1923888082131	6.78781683742736
6.54434588077006	0.147848455314037	6.25456290835455	6.83412885318558
6.50531184480417	0.151131489696287	6.20909412499945	6.8015295646089
6.56480869712721	0.155143976190126	6.26072650379456	6.86889089045986
6.55396879381623	0.144132685673971	6.27146872989524	6.83646885773721
6.52729075818582	0.147652783926112	6.23789130169064	6.816690214681
6.47238235594153	0.145509317370143	6.18718409389605	6.75758061798701
6.37953144427342	0.157867058045447	6.07011201050434	6.6889508780425
6.33220193268391	0.157690652379007	6.02312825402106	6.64127561134677
6.06849569833658	0.153089613115799	5.76844005662961	6.36855134004354
6.43548982828776	0.16051686617211	6.12087677059042	6.75010288598509
6.56912514001969	0.142083370380033	6.29064173407482	6.84760854596455
6.30606665214549	0.153716351224801	6.00478260374488	6.6073507005461
6.41759686756703	0.14574798622955	6.13193081455711	6.70326292057695
6.03981238078894	0.137577561943645	5.77016035937939	6.30946440219848
6.33135558586713	0.155942841161993	6.02570761718962	6.63700355454463
6.48466245956579	0.151663138347721	6.18740270840425	6.78192221072732
6.74525940363167	0.147315923663687	6.45652019325085	7.0339986140125
6.39372934431279	0.151564882965871	6.09666217369968	6.6907965149259
6.52877021739785	0.147196848107909	6.24026439510635	6.81727603968935
6.388862947193	0.149735643967577	6.09538108501655	6.68234480936945
6.48271385552551	0.149434723233315	6.18982179798821	6.77560591306281
6.36844854890934	0.148706072047108	6.07698464769701	6.65991245012167
6.50773093226416	0.148244990558797	6.21717075076891	6.7982911137594
6.50885260378687	0.163054044544436	6.18926667647978	6.82843853109397
6.39892667014979	0.163088431206411	6.07927334498523	6.71857999531436
6.29180691323868	0.156822808078448	5.98443420940492	6.59917961707244
6.18156145312218	0.14135580668561	5.90450407201839	6.45861883422598
6.58523223535844	0.143180339499957	6.30459876993853	6.86586570077836
6.0757400216082	0.142508958383269	5.79642246317699	6.35505758003941
6.47983920557535	0.149641516878635	6.18654183249322	6.77313657865747
6.29234933032001	0.142738584887634	6.01258170394025	6.57211695669977
6.25204930481345	0.148298240455091	5.96138475352147	6.54271385610543
6.41482443031155	0.154076046576254	6.1128353790221	6.71681348160101
6.57952980139006	0.146306695219748	6.29276867875935	6.86629092402076
6.56776537497626	0.144954837798569	6.28365389289106	6.85187685706145
6.21118496705179	0.148254713855331	5.92060572789534	6.50176420620823
6.28755221136624	0.134655443690305	6.02362754173325	6.55147688099924
6.14051244061703	0.143735100875361	5.85879164290133	6.42223323833274
6.37003197402661	0.143971106243376	6.08784860578959	6.65221534226363
6.66215253934311	0.144364696417179	6.37919773436544	6.94510734432078
6.65560510650292	0.149453268137724	6.36267670095298	6.94853351205286
6.4728064705564	0.1555576200603	6.16791353523821	6.77769940587458
6.34281471617231	0.143350859085791	6.06184703236416	6.62378239998046
6.70003629705665	0.151725896605303	6.40265353971026	6.99741905440305
6.26829448362253	0.156366899846864	5.96181535992268	6.57477360732239
6.38959066706313	0.158370693367695	6.07918410806245	6.69999722606382
6.39965005466943	0.146903575248905	6.11171904718158	6.68758106215728
6.56464911164617	0.144359468526974	6.2817045533333	6.84759366995904
6.49282167579604	0.152721840580474	6.19348686825831	6.79215648333377
6.49796612806225	0.154196098356782	6.19574177528296	6.80019048084154
6.57275714899948	0.142251862944539	6.29394349762818	6.85157080037077
6.68096077235311	0.151367409169697	6.3842806503805	6.97764089432571
6.29541232777024	0.167238580643943	5.96762470970811	6.62319994583236
6.2486859743296	0.143419824311385	5.96758311867929	6.52978882997992
6.33970538640082	0.160377827451502	6.02536484459587	6.65404592820576
6.47104953692783	0.153088378293443	6.17099631547268	6.77110275838298
6.46338917021073	0.148459869209445	6.17240782656021	6.75437051386124
6.22436137988044	0.142803516143224	5.94446648823973	6.50425627152116
6.65132159370661	0.152985642117434	6.35146973515644	6.95117345225678
6.42651056115511	0.148649572807886	6.13515739845165	6.71786372385857
6.39884876631178	0.154163093686037	6.09668910268714	6.70100842993641
6.44610230163675	0.146640889162348	6.15868615887854	6.73351844439495
6.69136873685673	0.145310634663352	6.40655989291656	6.9761775807969
6.5102458541827	0.155851817736985	6.20477629141821	6.81571541694719
6.40371999063954	0.154529477555509	6.10084221463074	6.70659776664833
6.46448371367831	0.145445051561112	6.17941141261853	6.74955601473809
6.47985199494765	0.146474515663296	6.19276194424759	6.76694204564771
6.42873099973792	0.141905512949678	6.15059619435656	6.70686580511929
6.29361755194729	0.142418235968415	6.0144778094492	6.57275729444538
6.51583649230026	0.137028407985203	6.24726081264926	6.78441217195126
6.40963831375451	0.14631713132711	6.12285673635338	6.69641989115565
6.62825096788713	0.137970236901992	6.35782930355922	6.89867263221503
6.48830661894538	0.161821975062152	6.17113554782356	6.8054776900672
6.49544903673279	0.148327450252156	6.20472723423857	6.78617083922702
6.22977774712479	0.147428021796422	5.9408188244038	6.51873666984578
6.22603022970526	0.1376553148638	5.95622581257221	6.49583464683831
6.00153858660552	0.142924158848655	5.72140723526216	6.28166993794889
6.53786030721756	0.147842882153083	6.24808825819751	6.8276323562376
6.23518117724682	0.144556799824578	5.95184984959065	6.51851250490299
6.27490677108637	0.161895123293481	5.95759232943115	6.59222121274159
6.54926929989658	0.154808602530749	6.24584443893631	6.85269416085684
6.62728544901699	0.152431622046214	6.32851946980641	6.92605142822757
6.741050894139	0.154293923992819	6.43863480311308	7.04346698516493
6.71481457905258	0.144510240060472	6.43157450853405	6.9980546495711
6.49649603356213	0.150148301772233	6.20220536208856	6.79078670503571
6.53245276884341	0.148892191062586	6.24062407436074	6.82428146332608
6.52839432975444	0.144275483094695	6.24561438288884	6.81117427662004
6.64751047703433	0.14072777780334	6.37168403253978	6.92333692152887
6.50976847284603	0.141625363178491	6.23218276101619	6.78735418467587
6.35777376122645	0.143989901042954	6.07555355518226	6.63999396727064
6.19492328347061	0.1451768159335	5.91037672424095	6.47946984270027
6.00995902519133	0.147423345721233	5.72100926757771	6.29890878280494
6.60340224258104	0.144251985544751	6.32066835091333	6.88613613424875
6.6367020507406	0.155427400987729	6.33206434480465	6.94133975667655
6.54720549384935	0.147873636294172	6.25737316671277	6.83703782098592
6.59806723738734	0.149797319584728	6.30446449100127	6.89166998377341
6.54970390494002	0.150669148117903	6.25439237462893	6.84501543525111
6.52587593910645	0.14034091229286	6.25080775101244	6.80094412720045
6.27675781141003	0.134661259861782	6.01282174208094	6.54069388073912
6.45933380309751	0.153706160835165	6.15806972786058	6.76059787833443
6.42382272005308	0.141079638887088	6.14730662783438	6.70033881227177
6.51163521462487	0.154309909044316	6.20918779289801	6.81408263635173
6.42812613487697	0.137306828402192	6.15900475120867	6.69724751854526
6.30631028877396	0.148994294620322	6.01428147131813	6.59833910622979
6.52777803678887	0.134871180334852	6.26343052333256	6.79212555024518
6.13973612764965	0.146764474651574	5.85207775733257	6.42739449796674
6.53183019911492	0.146934761652225	6.24383806627656	6.81982233195328
6.30943054777538	0.147505630162181	6.02031951265751	6.59854158289326
6.42472376552411	0.149900589064433	6.13091861095782	6.7185289200904
6.23673935705392	0.144930419066979	5.95267573568264	6.5208029784252
6.1603619830963	0.139455227780963	5.88702973664561	6.43369422954699
6.33936740799446	0.158806173483618	6.02810730796657	6.65062750802235
6.56872597529643	0.151779474585993	6.27123820510789	6.86621374548498
6.66282146613847	0.142153502177728	6.38420060187013	6.94144233040682
6.45184733176209	0.153482546700743	6.15102154022863	6.75267312329555
6.44464672717799	0.142974714700612	6.16441628636479	6.72487716799119
6.40129943050398	0.145193436722799	6.11672029452729	6.68587856648066
6.50435949532278	0.139542039946985	6.23085709702669	6.77786189361887
6.35265070460048	0.139844819662314	6.07855485806235	6.62674655113862
6.30033363014159	0.146449119453109	6.01329335601349	6.58737390426968
6.37643190861649	0.148468344562354	6.08543395327428	6.66742986395871
6.14790386677989	0.150993583766351	5.85195644259785	6.44385129096194
6.4764586621287	0.148657380596927	6.18509019615873	6.76782712809868
6.39431636946773	0.151958766137389	6.09647718783845	6.69215555109702
6.43599338334229	0.149602203487544	6.1427730645067	6.72921370217787
6.58830467871217	0.147171962256806	6.29984763268883	6.87676172473551
6.46871326428589	0.149983878331691	6.17474486275578	6.76268166581601
6.23347729925593	0.161987187861291	5.9159824110478	6.55097218746406
6.67068737354788	0.154596681944968	6.36767787693575	6.97369687016002
6.55676609032594	0.145051520710326	6.27246510973371	6.84106707091818
6.5144441910815	0.146065881585249	6.22815506317441	6.80073331898859
6.5454666470372	0.163062406300024	6.22586433068915	6.86506896338524
6.38564612638545	0.159039731589486	6.07392825247006	6.69736400030084
6.488537698715	0.14859908927693	6.19728348373221	6.77979191369778
6.5487856841735	0.146480901632203	6.26168311697438	6.83588825137261
6.23141632199275	0.156770135861682	5.92414685570385	6.53868578828165
6.39481853356151	0.143692390351683	6.11318144847221	6.67645561865081
6.44572281593378	0.148695961054622	6.15427873226672	6.73716689960084
6.32749990694855	0.15888669883386	6.01608197723418	6.63891783666291
6.18945958614646	0.152432800916015	5.89069129635107	6.48822787594185
6.50771287612535	0.145597113826238	6.22234253302592	6.79308321922478
6.66668970457472	0.160557344964725	6.35199730844386	6.98138210070558
6.58465117882223	0.154339873350534	6.28214502705518	6.88715733058928
6.48212482648334	0.154989062426097	6.17834626412819	6.78590338883849
6.3861241455212	0.144952048029868	6.10201813138266	6.67023015965974
6.49520859646649	0.152613326106935	6.19608647729689	6.79433071563608
6.38420926080305	0.14980050059058	6.09060027964551	6.67781824196059
6.60206818333068	0.147907834120476	6.31216882845455	6.89196753820681
6.39157825402054	0.140147631895571	6.11688889550522	6.66626761253585
6.45780465634752	0.152252780534593	6.15938920649972	6.75622010619532
6.54392036415289	0.144928669284056	6.25986017235614	6.82798055594964
6.35907523188838	0.146120368761017	6.07267930911678	6.64547115465997
6.57595269179073	0.15118688922811	6.27962638890364	6.87227899467783
6.37127430474408	0.162798740327042	6.05218877370308	6.69035983578508
6.5096677838887	0.146699269853503	6.22213721497583	6.79719835280156
6.30493961910572	0.147949859045058	6.0149578953774	6.59492134283403
6.5127786038256	0.152590060822689	6.21370208461313	6.81185512303807
6.58122624341059	0.138629976486691	6.30951148949668	6.85294099732451
6.34629549568948	0.145697478993044	6.06072843686311	6.63186255451585
6.51610161380016	0.153654789150593	6.21493822706499	6.81726500053532
6.37236996076957	0.154574795624749	6.06940336134507	6.67533656019408
6.62399002988356	0.137649177552392	6.35419764188087	6.89378241788625
6.21562155369451	0.136587551407721	5.94790995293538	6.48333315445365
6.49285210664443	0.143295797163978	6.21199234420303	6.77371186908583
6.46415533363424	0.160200135195748	6.15016306865058	6.77814759861791
6.66706830941126	0.135098387356906	6.40227547019172	6.93186114863079
6.61832949339644	0.14548322755619	6.33318236738631	6.90347661940658
6.35861350430813	0.155072321572667	6.0546717540257	6.66255525459055
6.63005427433229	0.150295156074448	6.33547576842637	6.92463278023821
6.48262675939888	0.157456645898778	6.17401173343728	6.79124178536049
6.37429690820557	0.164299196595269	6.05227048287884	6.69632333353229
6.5288754777078	0.154495426207261	6.22606444234157	6.83168651307404
6.39818187437078	0.159030995402637	6.08648112338162	6.70988262535995
6.28132128734867	0.149999029139911	5.98732319023445	6.5753193844629
6.3282513397479	0.157718982087545	6.01912213485631	6.63738054463949
6.44715430564385	0.147288718363182	6.15846841765201	6.73584019363568
6.42575012281586	0.144624200547145	6.14228668974345	6.70921355588826
6.23070037043025	0.137542907610739	5.9611162715132	6.5002844693473
6.39130332698534	0.146947928231439	6.10328538765172	6.67932126631896
6.28764519460914	0.14815408577817	5.99726318648393	6.57802720273436
6.56986528795923	0.149190871075844	6.27745118065057	6.86227939526788
6.31982394210804	0.148569766666348	6.028627199442	6.61102068477409
6.47881312550903	0.141725481781481	6.20103118121733	6.75659506980074
6.31022810749201	0.142973793617708	6.0299994720013	6.59045674298271
6.60632371483351	0.149313739503899	6.31366878540587	6.89897864426115
6.40469403233462	0.160986130585766	6.08916121638652	6.72022684828272
6.51395996093072	0.154156184242793	6.21181383981485	6.81610608204659
6.72067864283486	0.142749181986032	6.44089024614224	7.00046703952748
6.53284209476151	0.156218545305921	6.2266537459619	6.83903044356112
6.55819227911141	0.146771476737332	6.27052018470624	6.84586437351658
6.51827789527096	0.166474593665663	6.19198769168626	6.84456809885566
6.38995846943216	0.137702045992141	6.12006245928757	6.65985447957676
6.4356886170274	0.161699204757608	6.11875817570249	6.75261905835231
6.67212128489841	0.147052166339319	6.38389903887334	6.96034353092347
6.61828495990849	0.14380304680641	6.33643098816793	6.90013893164905
6.36691436805482	0.145330813652514	6.08206597329589	6.65176276281375
6.5810231112876	0.153062094983781	6.28102140511939	6.88102481745582
6.45943687927191	0.148964905366709	6.16746566475316	6.75140809379066
6.52458182951983	0.143451795166782	6.24341631099294	6.80574734804672
6.47456238217674	0.153069945337702	6.17454528931485	6.77457947503864
6.29860213344677	0.169243829950574	5.96688422674364	6.63032004014989
6.67789723730089	0.14682502201138	6.39012019415858	6.96567428044319
6.20165316273776	0.141608836799953	5.92409984260985	6.47920648286566
5.97516589216572	0.144072059476253	5.69278465559226	6.25754712873917
6.60507068198401	0.15410978905189	6.3030154954423	6.90712586852571
6.41587931402052	0.142057488632996	6.13744663629984	6.69431199174119
6.60420609912716	0.157129474795134	6.29623232852869	6.91217986972562
6.36923376054752	0.147769141320821	6.07960624355871	6.65886127753632
6.1805025350318	0.149175365606169	5.88811881844371	6.4728862516199
6.29248551455615	0.162012322927603	5.97494136161805	6.61002966749426
6.64551520404286	0.139998441953943	6.37111825781313	6.91991215027259
6.28976203199864	0.139785889971091	6.0157816876553	6.56374237634198
6.30932679079373	0.148633975088014	6.01800419962122	6.60064938196623
6.41873882912507	0.152044916254626	6.120730793266	6.71674686498413
6.49000479138676	0.142960512457785	6.2098021869695	6.77020739580402
6.48056840719934	0.154036341787109	6.1786571772966	6.78247963710207
6.26074169757887	0.145590526418749	5.97538426579812	6.54609912935961
6.46371923007715	0.149508945850625	6.17068169620993	6.75675676394438
6.48545072740715	0.159526288045985	6.17277920283702	6.79812225197728
6.26778288916255	0.149246422604414	5.9752599008579	6.5603058774672
6.55954732961924	0.145844598244221	6.27369191706057	6.84540274217791
6.38905697520696	0.151990874714864	6.09115486076583	6.68695908964809
6.50925548313874	0.16333537552965	6.18911814710062	6.82939281917685
6.59501834194085	0.150420674569714	6.30019381978421	6.88984286409749
6.64745785585894	0.138980407604563	6.37505625695399	6.91985945476388
6.40058697776195	0.152921449985193	6.10086093579097	6.70031301973293
6.44863444674246	0.142777654540354	6.16879024384337	6.72847864964156
6.48640805688367	0.150753517391272	6.19093116279677	6.78188495097056
6.26657713513533	0.157796161148349	5.95729665928457	6.5758576109861
6.61311329346677	0.142086551240127	6.33462365303612	6.89160293389742
6.66008095122705	0.153022213569341	6.36015741263114	6.96000448982296
6.60801307497269	0.138512894865461	6.33652780103639	6.87949834890899
6.61812247506548	0.151552270497706	6.32108002488997	6.91516492524098
6.23883799426069	0.159648298542289	5.9259273291178	6.55174865940358
6.38135527420169	0.146728638638339	6.09376714247055	6.66894340593284
6.33230584470378	0.155081090936579	6.02834690646809	6.63626478293948
6.38953233949297	0.150792435524	6.09397916586593	6.68508551312001
6.52415462299436	0.151392152776625	6.22742600355218	6.82088324243655
6.51739846789373	0.141262800142004	6.2405233796154	6.79427355617206
6.61126859709674	0.141917307065678	6.33311067524802	6.88942651894547
6.54581472855281	0.147894470854046	6.25594156567888	6.83568789142674
6.09814083119562	0.144463228445404	5.81499290344263	6.38128875894862
6.41086283398349	0.14719958002931	6.12235165712605	6.69937401084094
6.47482191794967	0.170803399844011	6.14004725425541	6.80959658164394
6.25120804273868	0.1537071890223	5.94994195225497	6.55247413322239
6.17797872365412	0.149082074509412	5.88577785761567	6.47017958969257
6.38933388439297	0.15198642062161	6.09144049997461	6.68722726881133
6.43318722964169	0.167917813206612	6.10406831575673	6.76230614352665
6.32136548918655	0.144916608556878	6.03732893641507	6.60540204195803
6.59135372129901	0.146522534904361	6.30416955288647	6.87853788971156
6.64207369176499	0.143509702733982	6.36079467440639	6.92335270912359
6.61219760311266	0.151868840716998	6.31453467530735	6.90986053091798
6.4495184998955	0.152857039374593	6.14991870272129	6.7491182970697
6.59227364757893	0.15365784718545	6.29110426709545	6.89344302806242
6.4559810907555	0.157166169248431	6.14793539902857	6.76402678248242
6.45976722769141	0.141694482667104	6.18204604166388	6.73748841371893
6.31852070516014	0.148444146739534	6.02757017755065	6.60947123276963
6.37127929822385	0.151938111230318	6.07348060021243	6.66907799623527
6.53470186119583	0.149259251540987	6.2421537281755	6.82724999421617
6.54513174804134	0.146112556621611	6.25875113706298	6.83151235901969
6.37638803796758	0.16478981316575	6.05340000416271	6.69937607177245
6.6153375809787	0.145031160191398	6.33107650700356	6.89959865495384
6.34797067937638	0.137842242790798	6.07779988350641	6.61814147524634
6.38918683300933	0.145160906860923	6.10467145556192	6.67370221045674
6.57390665984542	0.160960070034143	6.2584249225785	6.88938839711234
6.64812833431089	0.160575017765482	6.33340129949054	6.96285536913123
6.43226020978237	0.143232759959704	6.15152400026135	6.71299641930339
6.5365910049078	0.148125816677185	6.24626440422052	6.82691760559508
6.32404594191532	0.142515504894723	6.04471555232166	6.60337633150898
6.32309516050671	0.147034548092229	6.03490744624594	6.61128287476748
6.33847193366912	0.144947117127486	6.05437558409924	6.62256828323899
6.17194217408156	0.146831861864055	5.88415172482801	6.4597326233351
6.52990230885454	0.140158886462574	6.25519089138789	6.80461372632118
6.29655076808746	0.153070409570675	5.99653276532894	6.59656877084598
6.54180674913673	0.156104071529733	6.23584276893845	6.847770729335
6.66018559536261	0.154291267308981	6.35777471143701	6.96259647928821
6.36160891548696	0.156346050025834	6.05517065743633	6.66804717353759
6.51753961826634	0.146581117379052	6.2302406282034	6.80483860832929
6.38106058364756	0.134873570824643	6.11670838483126	6.64541278246386
6.46808322247802	0.159981468614842	6.15451954399293	6.78164690096311
6.4060667415476	0.162866872895405	6.08684767067261	6.7252858124226
6.37644473803285	0.145276255829515	6.091703276607	6.66118619945869
6.30604656286062	0.154891983645494	6.00245827491545	6.60963485080579
6.09490192745169	0.146903844183834	5.80697039285137	6.382833462052
6.33629991352351	0.149684592541518	6.04291811214213	6.62968171490488
6.56291372837122	0.147143717371588	6.2745120423229	6.85131541441953
6.44465608684158	0.152176602516352	6.14638994590953	6.74292222777363
6.33105594879472	0.145794536374626	6.04529865750045	6.61681324008899
6.72220778989906	0.15475740981948	6.41888326665287	7.02553231314524
6.63745917286052	0.149193552865017	6.34503980924509	6.92987853647595
6.51629037643492	0.146917700605003	6.22833168324912	6.80424906962073
6.58916425925751	0.141470950305813	6.31188119665812	6.86644732185691
6.2413329709855	0.136993141114091	5.97282641440188	6.50983952756912
6.17450496893163	0.146654199419105	5.88706273807018	6.46194719979308
6.56259887931481	0.147610223145767	6.27328284194911	6.85191491668051
6.69836415303219	0.146568640326367	6.41108961799251	6.98563868807187
6.38862986378846	0.148116900379908	6.09832073904384	6.67893898853308
6.30855318955502	0.157410100694497	6.00002939219381	6.61707698691623
6.24305921002584	0.147928928218182	5.9531185107182	6.53299990933347
6.45897879394629	0.138641976740784	6.18724051953436	6.73071706835823
6.44557137035652	0.156046252202895	6.13972071603884	6.75142202467419
6.26602967558758	0.146325598952544	5.9792315016406	6.55282784953457
6.44367773136684	0.145089584466559	6.15930214581238	6.72805331692129
6.21817969743739	0.145504149531761	5.93299156435513	6.50336783051964
6.46544237182367	0.159867450971893	6.15210216791876	6.77878257572858
6.51554458694106	0.14527037169699	6.23081465841496	6.80027451546716
6.33725193052592	0.150695883832581	6.04188799821406	6.63261586283777
6.42539423703878	0.148047991051034	6.13522017457876	6.71556829949881
6.2051551317543	0.148080694595849	5.91491697034643	6.49539329316216
6.23371168951725	0.147006842534069	5.94557827815048	6.52184510088403
6.27311588186234	0.153654416952757	5.97195322463493	6.57427853908974
6.60171050131826	0.154690896145642	6.2985163448728	6.90490465776371
6.33300477942994	0.151409414831099	6.03624232636099	6.6297672324989
6.46067992374345	0.146818039171695	6.17291656696693	6.74844328051997
6.40600817603496	0.161081978312271	6.09028749854291	6.72172885352701
6.57758192457957	0.158707559614841	6.26651510773448	6.88864874142465
6.60909536123314	0.15182363235725	6.31152104181293	6.90666968065335
6.59125786804334	0.152564706181491	6.29223104392761	6.89028469215906
6.83697132342384	0.152649671475521	6.53777796733181	7.13616467951586
6.51342865219626	0.154704742492267	6.21020735691141	6.8166499474811
6.41683614859649	0.140609260614837	6.14124199779141	6.69243029940157
6.38381271320393	0.160066043139203	6.07008326865109	6.69754215775676
6.47012581962262	0.151170349137547	6.17383193531303	6.76641970393221
6.44892158389998	0.153053319000173	6.14893707865964	6.74890608914032
6.52797426972285	0.149915818105578	6.23413926623591	6.82180927320978
6.32284189646085	0.149538435645677	6.02974656259532	6.61593723032638
6.49561117444542	0.154697822003801	6.19240344331797	6.79881890557287
6.59075044718899	0.16209885191445	6.27303669743666	6.90846419694131
6.62721034688946	0.152714826078504	6.32788928777559	6.92653140600332
6.05735707711502	0.143513493578741	5.77607062970069	6.33864352452935
6.58607298400232	0.145508727787467	6.30087587753889	6.87127009046576
6.29415643385536	0.155013138388729	5.99033068261345	6.59798218509727
6.4384252389726	0.149052356502532	6.14628262022764	6.73056785771756
6.42299336222763	0.149007914091424	6.13093785060843	6.71504887384682
6.22554155852717	0.146663230089745	5.93808162755127	6.51300148950306
6.38521130843151	0.156797385210201	6.07788843341951	6.6925341834435
6.4572898447319	0.146839759338963	6.16948391642753	6.74509577303627
6.44170978727973	0.148725467049943	6.15020787186184	6.73321170269762
6.3145261804476	0.150933171606004	6.01869716409984	6.61035519679537
6.44261287596097	0.139082574551285	6.17001102984046	6.71521472208149
6.56792917016112	0.162953050803313	6.24854119058662	6.88731714973561
6.53850929600651	0.15331407945291	6.2380137002788	6.83900489173421
6.34424732282853	0.149424826592043	6.05137466270813	6.63711998294894
6.28261195829087	0.13419288441147	6.01959390484439	6.54563001173736
6.33705989705147	0.146791803934647	6.04934796133956	6.62477183276338
6.6158965299261	0.140794542568037	6.33993922649275	6.89185383335945
6.53064904150655	0.140092573732281	6.25606759699128	6.80523048602182
6.59778694413992	0.157230846026099	6.28961448592876	6.90595940235107
6.18139632847328	0.137792845358234	5.91132235157114	6.45147030537542
6.70209931996584	0.150528221881875	6.40706400507737	6.99713463485432
6.47332662220891	0.149961676897247	6.17940173549031	6.76725150892752
6.33769202636722	0.157725513767162	6.02855001938358	6.64683403335086
6.29558859591537	0.151253171287587	5.9991323801917	6.59204481163904
6.45471632521844	0.144513224747122	6.17147040471408	6.7379622457228
6.26904302663538	0.145665849673733	5.98353796127486	6.5545480919959
6.58379246082518	0.143071947727262	6.30337144327975	6.86421347837062
6.44951466013493	0.153001143743983	6.14963241839672	6.74939690187313
6.29576319044384	0.146813924256069	6.00800789890194	6.58351848198574
6.39032361562461	0.155425647871589	6.0856893457963	6.69495788545293
6.33890267471418	0.152318427778881	6.04035855626758	6.63744679316079
6.31236392258984	0.136705050205072	6.0444220241879	6.58030582099178
6.1854330434276	0.159007893546508	5.87377757207645	6.49708851477876
6.48409689474806	0.151678230889155	6.18680756220532	6.7813862272908
6.35837232231112	0.151545149746298	6.06134382880838	6.65540081581386
6.46023216346304	0.151623988766203	6.16304914548128	6.7574151814448
6.36158255516072	0.141384462025891	6.08446900958998	6.63869610073147
6.54740618436516	0.144177964206414	6.26481737452059	6.82999499420973
6.49128476196028	0.15108898839153	6.19515034471288	6.78741917920768
6.50015032931608	0.153317780501918	6.19964747953232	6.80065317909984
6.50910247562059	0.149630711253195	6.21582628156433	6.80237866967685
6.50981771558493	0.146199091864979	6.22326749552957	6.79636793564029
6.4187249671413	0.144763168952674	6.13498915599406	6.70246077828854
6.18665930487688	0.156668906045606	5.8795882490275	6.49373036072627
6.44338505068055	0.142119832446709	6.164830179085	6.7219399222761
6.58422299268404	0.158459040831497	6.27364327265431	6.89480271271377
6.35445896794824	0.142698432580285	6.07477004009089	6.6341478958056
6.55456904965805	0.13967481230846	6.28080641753347	6.82833168178263
6.16048046206593	0.146007266161799	5.87430622038881	6.44665470374306
6.45600343856996	0.148994268583433	6.16397467214643	6.74803220499349
6.55126985487538	0.143029279774412	6.27093246651753	6.83160724323323
6.48961155971675	0.154240106475634	6.18730095102451	6.791922168409
6.63247555487436	0.151935748729598	6.33468148736435	6.93026962238437
6.64828659154015	0.146919779104317	6.36032382449568	6.93624935858461
6.45223387608789	0.156717591800008	6.14506739615987	6.7594003560159
6.27817522058411	0.147308211232763	5.9894511265679	6.56689931460032
6.39601920086648	0.148240779769912	6.10546727251745	6.68657112921551
6.80693064933566	0.147115911631879	6.51858346253718	7.09527783613415
6.55343760548695	0.14796780284435	6.26342071191203	6.84345449906188
6.40144590221116	0.146259164019447	6.11477794073305	6.68811386368928
6.26020127707758	0.151122917959558	5.96400035787685	6.55640219627831
6.11757765794695	0.145152150225241	5.83307944350547	6.40207587238842
6.28237503963023	0.146204761622702	5.99581370684973	6.56893637241072
6.58162398055718	0.157059713052871	6.27378694297355	6.8894610181408
6.37030519316596	0.150694387955676	6.07494419277284	6.66566619355909
6.44949634273617	0.153682109369828	6.14827940837131	6.75071327710103
6.44649559403401	0.139787118042773	6.17251284267017	6.72047834539784
6.25673146230709	0.15379925510873	5.95528492229398	6.5581780023202
6.45548631693643	0.145127262138372	6.17103688314522	6.73993575072764
6.23828239957557	0.148420604093177	5.94737801555294	6.52918678359819
6.09610171630246	0.150348126690797	5.8014193879885	6.39078404461642
6.7336831979188	0.139745938010151	6.4597811594189	7.00758523641869
6.55841036015445	0.150155161856101	6.26410624291649	6.85271447739241
6.35388059506341	0.141236399024138	6.0770572529761	6.63070393715072
6.3020483126947	0.147802792061556	6.01235484025405	6.59174178513535
6.4614302750909	0.154181318618029	6.15923489059956	6.76362565958224
6.2375451802174	0.152476704196547	5.93869083999217	6.53639952044264
6.37784728944154	0.146268790473394	6.09116046011369	6.6645341187694
6.44753754103855	0.145864329220807	6.16164345576577	6.73343162631133
6.41249940498562	0.154268984325262	6.11013219570811	6.71486661426314
6.4533333148016	0.147663046143696	6.16391374435995	6.74275288524324
6.41549199117445	0.140450524485418	6.14020896318303	6.69077501916587
6.382872771411	0.151686175451319	6.08556786752642	6.68017767529558
6.58924175335379	0.149569333130429	6.29608586041815	6.88239764628943
6.33571376913144	0.145393902903564	6.05074171944046	6.62068581882243
6.51908876973233	0.155603068401038	6.2141067556663	6.82407078379837
6.51046217518445	0.156364282781815	6.2039881809321	6.81693616943681
6.33809936832864	0.150118217129244	6.04386766275532	6.63233107390195
6.57404734171124	0.152619069091443	6.27491396629201	6.87318071713047
6.45051691664694	0.161838145109228	6.13331415223285	6.76771968106102
6.49831737038645	0.145432013270342	6.21327062437658	6.78336411639632
6.23456407118991	0.14995763311884	5.94064711027699	6.52848103210284
6.61613726447694	0.155203985969708	6.31193745197632	6.92033707697757
6.70001555006267	0.150877425680139	6.4042957957296	6.99573530439574
6.66021886690976	0.148018756572882	6.37010210402692	6.95033562979261
6.39540179395672	0.154180748137709	6.09320752760681	6.69759606030663
6.5303605230792	0.136344936152522	6.26312444822025	6.79759659793814
6.2479077562702	0.147663637417171	5.95848702693255	6.53732848560786
6.28636069837299	0.147055941960349	5.99813105213071	6.57459034461528
6.12539736285347	0.139246756058061	5.85247372097967	6.39832100472727
6.59381149757261	0.146628200739562	6.30642022412307	6.88120277102215
6.427138064982	0.148168166735856	6.13672845817973	6.71754767178428
6.5531779296501	0.131429930581242	6.29557526571086	6.81078059358933
6.41984859295524	0.141021811842009	6.1434458417449	6.69625134416557
6.414800910601	0.143620908943246	6.13330392907224	6.69629789212976
6.52447664182712	0.152805853090382	6.22497716976997	6.82397611388427
6.4518782598221	0.149341083212962	6.15916973672469	6.7445867829195
6.58754710973291	0.144111095622052	6.30508936231368	6.87000485715213
6.54494629062581	0.151959036153149	6.24710657976563	6.84278600148598
6.54767826479952	0.14981434638641	6.25404214588215	6.84131438371688
6.20913933613633	0.14944853788222	5.91622020188718	6.50205847038548
6.46624920398025	0.136413648748974	6.19887845243226	6.73361995552824
6.34524206831387	0.152303466789568	6.04672727340631	6.64375686322142
6.49466464727453	0.150326928026705	6.20002386834219	6.78930542620687
6.70810169289521	0.149422207942427	6.41523416532805	7.00096922046237
6.61524043621533	0.139756038218279	6.3413186013075	6.88916227112315
6.58530101993908	0.145815357174979	6.29950291987612	6.87109912000204
6.5246523633992	0.143824905449682	6.24275554871782	6.80654917808057
6.577501524961	0.15114280128433	6.28126163444372	6.87374141547829
6.43108384683261	0.155548361842923	6.12620905762048	6.73595863604473
6.45787077628468	0.155943062281478	6.15222237421299	6.76351917835638
6.3966347133879	0.142164346173633	6.11799259488758	6.67527683188822
6.40004313548598	0.140942247410458	6.12379633056148	6.67628994041047
6.42923782958129	0.144287980518366	6.1464333877653	6.71204227139729
6.47717344244489	0.143069866904729	6.19675650331163	6.75759038157816
6.27609813691249	0.148251631057886	5.98552494003903	6.56667133378594
6.3049481750529	0.140923799469665	6.02873752809235	6.58115882201344
6.51838018159704	0.147287764237231	6.22969616369207	6.80706419950202
6.46318852791592	0.150405026613357	6.16839467575374	6.7579823800781
6.41639434534948	0.145388511608159	6.13143286259749	6.70135582810147
6.58381527874672	0.139655940622487	6.31008963512665	6.8575409223668
6.3523464805888	0.141084858218974	6.07582015847961	6.62887280269798
6.35385039740741	0.151895471546874	6.05613527317554	6.65156552163929
6.4504315728721	0.152472880666721	6.15158472676533	6.74927841897888
6.27150623791947	0.140127308115782	5.99685671401253	6.5461557618264
6.32318492046138	0.149368233777886	6.03042318225673	6.61594665866604
6.38003891079481	0.154271660889283	6.07766645545182	6.68241136613781
6.31896988562461	0.148821708447329	6.02727933706785	6.61066043418138
6.32013589333128	0.148416325589932	6.02923989517501	6.61103189148755
6.07838461274182	0.144184412246659	5.79578316473836	6.36098606074527
6.27779239374522	0.144874011216014	5.99383933176184	6.56174545572861
6.33622476821959	0.153411372180576	6.03553847874567	6.63691105769352
6.50565745538444	0.149058052193323	6.21350367308552	6.79781123768335
6.36985978867527	0.150824092556912	6.07424456726372	6.66547501008682
6.39856255257283	0.146634109320021	6.11115969830559	6.68596540684007
6.45718653914904	0.16601987934995	6.13178757562314	6.78258550267494
6.25194202808139	0.159375637899336	5.93956577779869	6.56431827836409
6.36709151102536	0.154182087081232	6.06489462034614	6.66928840170457
6.49923688946672	0.138339479424892	6.22809150979393	6.77038226913951
6.34968454675462	0.151498308407381	6.05274786227616	6.64662123123309
6.6454375554898	0.137367961948237	6.37619635007125	6.91467876090834
6.42517879855806	0.147790609391286	6.13550920415114	6.71484839296498
6.38340223651769	0.138468537380035	6.11200390325282	6.65480056978256
6.27259256834958	0.14947013562017	5.97963110253405	6.56555403416511
6.61847596144851	0.153143266427116	6.31831515925136	6.91863676364565
6.67140169369008	0.139560847254121	6.397862433072	6.94494095430816
6.22963954646954	0.15512219802632	5.92560003833795	6.53367905460112
6.41515757428711	0.154801101917785	6.11174741452825	6.71856773404597
6.44592222638553	0.15057867497569	6.15078802343317	6.74105642933788
6.27071520816011	0.154827638563644	5.96725303657537	6.57417737974486
6.34025860621127	0.138901327485424	6.06801200433984	6.6125052080827
6.52811368870109	0.164169162396095	6.20634213040475	6.84988524699744
6.53273386354005	0.150604519017577	6.2375490062656	6.8279187208145
6.45774030131462	0.144110550811402	6.17528362172427	6.74019698090497
6.64199895804346	0.152257028356074	6.34357518246556	6.94042273362137
6.03278001466866	0.157126018583554	5.72481301824489	6.34074701109243
6.37009360657734	0.156437638716764	6.06347583469248	6.67671137846219
6.53655534556273	0.146585743621682	6.24924728806424	6.82386340306123
6.43151747595941	0.151371202894495	6.1348299182862	6.72820503363262
6.42074780972792	0.149323737456254	6.12807328431366	6.71342233514217
6.82125602525887	0.145829939372856	6.53542934408807	7.10708270642967
6.32285177205569	0.147229563052292	6.0342818284732	6.61142171563818
6.20041830718601	0.142206500006805	5.92169356717268	6.47914304719935
6.59552884304347	0.149297378368818	6.30290598144059	6.88815170464635
6.43038509230533	0.146458954706031	6.14332554108151	6.71744464352915
6.28914716672879	0.14563624788439	6.00370012087538	6.57459421258219
6.36735059654112	0.156162756998904	6.06127159282327	6.67342960025897
6.41725700305195	0.152592792380515	6.11817512998614	6.71633887611776
6.7908600359752	0.147587745342552	6.5015880551038	7.0801320168466
6.27373644988244	0.155237429106554	5.9694710888336	6.57800181093129
6.54599081438081	0.139247849471644	6.27306502941639	6.81891659934523
6.74737250075869	0.162126910411798	6.42960375635157	7.06514124516582
6.30683292610846	0.156410795397654	6.00026776712906	6.61339808508786
6.31597074439163	0.154469015636409	6.01321147374427	6.61873001503899
6.12846928221638	0.143396584346311	5.84741197689761	6.40952658753515
6.32067932989555	0.153325543875129	6.0201612639003	6.6211973958908
6.48332198805144	0.15320075589091	6.18304850650525	6.78359546959762
6.32398188711947	0.160710723338403	6.0089888693762	6.63897490486274
6.57082914989457	0.165414928430076	6.24661589017162	6.89504240961752
6.37523941762652	0.149201779015797	6.08280393075556	6.66767490449749
6.64237579892293	0.137364859553818	6.37314067419745	6.91161092364842
6.30574123520129	0.152872336022889	6.00611145659642	6.60537101380615
6.61780267884074	0.144885982932905	6.33382615229224	6.90177920538923
6.10688645951991	0.150761600485644	5.81139372256805	6.40237919647178
6.24842513536526	0.139382005928205	5.97523640374598	6.52161386698454
6.21488639591879	0.146932434248023	5.92689882479267	6.50287396704492
6.27766494713223	0.154425511228759	5.97499094512387	6.5803389491406
6.52189544498688	0.151925920491064	6.22412064082439	6.81967024914936
6.36695172981273	0.155767189246629	6.06164803888933	6.67225542073612
6.4495103365324	0.144294193382583	6.16669371750254	6.73232695556227
6.53274599927689	0.144713259059256	6.24910801152075	6.81638398703303
6.54597529037931	0.14657206313519	6.25869404663433	6.83325653412428
6.39086539203492	0.142082309973401	6.11238406448706	6.66934671958279
6.16317468780157	0.14582807008573	5.87735167043354	6.4489977051696
6.318485184187	0.152681123272572	6.01923018257276	6.61774018580124
6.32873473821271	0.158676286067952	6.01772921751952	6.6397402589059
6.45937681430633	0.154087635204481	6.15736504930555	6.76138857930712
6.44956801388908	0.153626420547798	6.1484602296154	6.75067579816277
6.47747305854251	0.142981990839131	6.19722835649781	6.7577177605872
6.65483642905614	0.137682649780527	6.38497843548631	6.92469442262597
6.46137161727859	0.153704445921507	6.16011090327243	6.76263233128474
6.49076115682292	0.153579647381577	6.18974504795503	6.79177726569081
6.24903264304043	0.144959846412683	5.96491134407157	6.53315394200929
6.15122214361138	0.150913933725049	5.85543083351028	6.44701345371247
6.40688840745206	0.153068521026045	6.10687410624101	6.7069027086631
6.53944970715664	0.153366315017236	6.23885172972285	6.84004768459042
6.47748879468386	0.154462822084954	6.17474166339735	6.78023592597037
5.98446616243757	0.152053731191345	5.68644084930253	6.2824914755726
6.41954353677192	0.143602811179854	6.13808202685941	6.70100504668444
6.29776732535311	0.148498241258277	6.00671077248688	6.58882387821933
6.51953484486233	0.140229229045221	6.2446855559337	6.79438413379096
6.48752967282565	0.137059143212719	6.21889375212872	6.75616559352258
6.39600715416447	0.145173341811237	6.11146740421444	6.68054690411449
6.40259305356527	0.148581195195902	6.1113739109813	6.69381219614924
6.43403202377988	0.147209679612457	6.14550105173947	6.7225629958203
6.52179746109048	0.153280829512024	6.22136703524692	6.82222788693405
6.31698665732546	0.147947120276888	6.02701030158276	6.60696301306816
6.48236698019058	0.163023752742117	6.16284042481603	6.80189353556513
6.31186053519245	0.144451843618334	6.02873492170052	6.59498614868439
6.41899013179016	0.152094619594149	6.12088467738563	6.71709558619469
6.27413130708467	0.145523910128312	5.98890444323318	6.55935817093616
6.64054438121203	0.158087027102851	6.33069380809045	6.95039495433362
6.39117086129557	0.144240770161629	6.10845895177878	6.67388277081236
6.50579855405102	0.152515807566377	6.20686757122092	6.80472953688112
6.48752574769085	0.151493195784726	6.19059908395279	6.78445241142891
6.48872246180168	0.151365806423591	6.19204548121145	6.78539944239192
6.36712993222041	0.156276475525683	6.06082804019007	6.67343182425075
6.47757729447969	0.137495920338796	6.20808529061565	6.74706929834373
6.61011917385661	0.152855169583244	6.31052304147345	6.90971530623977
6.60127889866984	0.145173635361643	6.31673857336102	6.88581922397866
6.22105616038821	0.156142545561279	5.91501677108811	6.52709554968832
6.45105040005599	0.143699819488596	6.16939875385835	6.73270204625364
6.40853173018056	0.144431431483278	6.12544612447333	6.69161733588778
6.36401407386051	0.152727362916893	6.0646684425434	6.66335970517762
6.40105691029153	0.135431789269815	6.13561060332269	6.66650321726036
6.27423157177711	0.161918151006227	5.9568719958049	6.59159114774931
6.28249313544919	0.139134397330588	6.00978971668123	6.55519655421714
6.46095273549507	0.154235051820332	6.15865203392722	6.76325343706292
6.56217365601775	0.154582977573023	6.25919101997463	6.86515629206088
6.25494431629021	0.150696923395869	5.95957834643431	6.55031028614612
6.39494821941759	0.157006466051708	6.08721554595624	6.70268089287893
6.4938391306041	0.147162368107836	6.20540088911274	6.78227737209546
6.41533310583394	0.147880614219087	6.12548710196453	6.70517910970335
6.51873485160684	0.138253302779834	6.24775837815837	6.78971132505532
6.36089368490594	0.15339878302873	6.06023207016963	6.66155529964226
6.40965397811658	0.141536729875432	6.13224198756074	6.68706596867243
6.46727757183495	0.152808146826678	6.16777360405466	6.76678153961524
6.3031324350211	0.148334769144583	6.01239628749772	6.59386858254448
6.32373137984733	0.146553257154451	6.03648699582461	6.61097576387005
6.35506980230761	0.154474296642776	6.05230018088777	6.65783942372745
6.61309575668599	0.148045784223234	6.32292601960845	6.90326549376353
6.67564269455037	0.15285448653035	6.37604790095088	6.97523748814985
6.57876074896091	0.14933445429176	6.28606521854906	6.87145627937276
6.42005968619936	0.163995662309747	6.09862818807226	6.74149118432646
6.34457201603996	0.155785910985105	6.03923163050916	6.64991240157077
6.38735746585483	0.152629764315306	6.08820312779683	6.68651180391283
6.51511277506008	0.145757053917751	6.22942894938129	6.80079660073887
6.40503594632946	0.143562542571762	6.12365336288881	6.68641852977011
6.4772985348573	0.148067941878043	6.18708536877634	6.76751170093826
6.15105845968616	0.146850355314563	5.86323176326962	6.43888515610271
6.52649098750608	0.148839234432704	6.23476608801798	6.81821588699418
6.39019141210093	0.13287570842162	6.12975502359455	6.6506278006073
6.53570268244399	0.146939681352095	6.24770090699388	6.82370445789409
6.31501054105608	0.152156185091257	6.01678441827722	6.61323666383495
6.32091412659044	0.153876863924905	6.01931547329762	6.62251277988325
6.54555413185595	0.156239133606562	6.23932542998709	6.85178283372481
6.584197975536	0.145276260504388	6.2994565049474	6.8689394461246
6.52562770238329	0.146681563579666	6.23813183776714	6.81312356699944
6.47253755457562	0.14367641878197	6.19093177376296	6.75414333538828
6.39250703130122	0.160261932110821	6.07839364436402	6.70662041823843
6.13224471643507	0.142748223161368	5.85245819903879	6.41203123383135
6.21948604870207	0.156804427325114	5.91214937114484	6.52682272625929
6.26940582673968	0.149131477552255	5.97710813073726	6.5617035227421
6.50821660314504	0.154193068092974	6.20599818968281	6.81043501660727
6.45565045315052	0.136871792914624	6.18738173903786	6.72391916726318
6.40937082742182	0.149889724530536	6.11558696734197	6.70315468750167
6.48780714426812	0.139615490664607	6.21416078256549	6.76145350597074
6.47213752071998	0.141485400693841	6.19482613536005	6.74944890607991
6.61986476593056	0.152151552986289	6.32164772207743	6.91808180978368
6.59433455215874	0.143161750781725	6.31373752062656	6.87493158369092
6.14585273721899	0.146548938449492	5.85861681785798	6.43308865657999
6.67194111399687	0.13452621633019	6.40826972998969	6.93561249800404
6.59955380968973	0.157216718832571	6.29140904077789	6.90769857860157
6.408453403401	0.153293958827169	6.10799724409974	6.70890956270225
6.33163270537078	0.154627454553372	6.02856289444617	6.63470251629539
6.55912731150489	0.152426077952251	6.26037219871848	6.8578824242913
6.85209690874171	0.144916981627757	6.5680596247513	7.13613419273211
6.58636834103414	0.141221055743797	6.30957507177629	6.86316161029198
6.34363377070505	0.154743424135398	6.04033665939967	6.64693088201043
6.63569673416862	0.14293728618436	6.35553965324727	6.91585381508996
6.4673762317961	0.137043355191213	6.19877125562132	6.73598120797088
6.58274469087208	0.147790358728028	6.29307558776514	6.87241379397901
6.31711016560337	0.15752821864849	6.00835485705233	6.62586547415441
6.53057762278169	0.163646907106794	6.20982968485237	6.851325560711
6.17595140516322	0.143581308228993	5.8945320410344	6.45737076929205
6.45181225935663	0.145062238066974	6.16749027274536	6.7361342459679
6.41986391553909	0.132910800945012	6.15935874568687	6.68036908539131
6.36181073462463	0.149891465863914	6.06802346153136	6.6555980077179
6.37200681093933	0.141742871252919	6.09419078328361	6.64982283859505
6.31962363748909	0.142831022066226	6.03967483423929	6.5995724407389
6.15487656443591	0.150457295241808	5.85998026576196	6.44977286310985
6.58818408857646	0.150050147894413	6.29408579870341	6.88228237844951
6.53258015622474	0.134292574950537	6.26936670932169	6.79579360312779
6.34929615621896	0.14498806002917	6.06511955856179	6.63347275387613
6.39205053323087	0.158330634687919	6.08172248924254	6.70237857721919
6.34377579622705	0.157957415818307	6.03417926122317	6.65337233123093
6.31535546303281	0.152010895697841	6.01741410746504	6.61329681860058
6.23174078805163	0.14251390260684	5.95241353894222	6.51106803716104
6.41887876572159	0.142371438074758	6.13983074709506	6.69792678434811
6.6704394165023	0.149275528536125	6.37785938057149	6.9630194524331
6.49065612898253	0.145869339396533	6.20475222376533	6.77656003419974
6.68796307384316	0.145083682525626	6.40359905609293	6.97232709159338
6.1511517215167	0.140669696809774	5.87543911576954	6.42686432726385
6.45598178161734	0.137119276911796	6.18722799887022	6.72473556436446
6.35088308575417	0.151271629407263	6.05439069211594	6.64737547939241
6.16219074454184	0.148695840442116	5.8707468972753	6.45363459180839
6.52626652445093	0.155379037015846	6.22172361189987	6.83080943700199
6.32081268139726	0.140890165051957	6.04466795789542	6.59695740489909
6.320739923364	0.155535916126335	6.01588952775638	6.62559031897161
6.31660481603811	0.146888286635888	6.02870377423177	6.60450585784445
6.55662886870185	0.148908612758295	6.2647679876956	6.84848974970811
6.47341139186693	0.159858254815528	6.1600892124285	6.78673357130537
6.45161286911345	0.140987780316188	6.17527681969372	6.72794891853317
6.58421291516648	0.147296290311353	6.29551218615623	6.87291364417673
6.53295756129345	0.148671037048856	6.24156232867769	6.82435279390921
6.59346267854337	0.153592807342554	6.29242077615197	6.89450458093478
6.08143877666545	0.150842486097629	5.7857875039141	6.3770900494168
6.47873468891602	0.162438996026347	6.16035425670437	6.79711512112766
6.34219617729278	0.136385571652296	6.07488045685428	6.60951189773128
6.27473383220597	0.153148997638336	5.97456179683483	6.57490586757711
6.23857875324608	0.152087760631157	5.94048674240901	6.53667076408315
6.42034547418206	0.141440418998434	6.14312225294513	6.69756869541899
6.47220076086168	0.1453404755194	6.18733342884366	6.75706809287971
6.5389591142141	0.140253883966681	6.2640615016394	6.81385672678879
6.41027088893205	0.155549556544231	6.10539375810535	6.71514801975874
6.42959163655947	0.146486101111863	6.14247887838022	6.71670439473872
6.65917360752892	0.152351767409872	6.36056414340557	6.95778307165227
6.19771234730333	0.148648215225467	5.90636184546142	6.48906284914524
6.4399906556785	0.148779199409272	6.14838342483632	6.73159788652067
6.13394279373751	0.14986105309429	5.84021512967271	6.42767045780232
6.39362817951157	0.154332023458128	6.09113741353363	6.6961189454895
6.35695062422564	0.148901099566415	6.06510446907546	6.64879677937581
6.37303304042793	0.149376748508057	6.08025461335213	6.66581146750372
6.51663389973806	0.148460174671554	6.22565195738181	6.80761584209431
6.45387846343928	0.15344526536673	6.15312574332049	6.75463118355807
6.55208847502254	0.152040658752814	6.25408878386703	6.85008816617806
6.64725341368959	0.152710066858316	6.34794168264729	6.94656514473189
6.29695287767936	0.139612908575435	6.02331157687151	6.57059417848722
6.31906597134424	0.145970336077606	6.03296411263213	6.60516783005635
6.44113526954075	0.150751183702315	6.14566294948421	6.73660758959729
6.252915498956	0.152632802257336	5.95375520653162	6.55207579138037
6.48935799344566	0.149506747573759	6.1963247682011	6.78239121869023
6.55765331232171	0.156076798346788	6.25174278756201	6.86356383708141
6.74404649048253	0.145803559112065	6.45827151462288	7.02982146634217
6.33299056471071	0.150082621437586	6.03882862669304	6.62715250272838
6.35130800173151	0.150842448523776	6.05565680262491	6.64695920083811
6.38793833061214	0.150612615025748	6.09273760516168	6.68313905606261
6.49442542590201	0.144892736156334	6.2104356630356	6.77841518876843
6.27237215919661	0.146990429359271	5.98427091765243	6.56047340074078
6.27750685830532	0.144125489999686	5.99502089790594	6.55999281870471
6.19472902008122	0.138973313424303	5.92234132576959	6.46711671439285
6.75732439580166	0.156763734820017	6.45006747555442	7.06458131604889
6.28438850346559	0.137083908647531	6.01570404251643	6.55307296441475
6.36359440235065	0.15057704214086	6.06846339975457	6.65872540494674
6.53372437755827	0.148143653259831	6.243362817169	6.82408593794754
6.50944513983818	0.143652956886455	6.22788534434073	6.79100493533563
6.46084705364709	0.146698424708531	6.17331814121837	6.74837596607581
6.67892709693415	0.149602585109841	6.38570603011886	6.97214816374944
6.75488988016414	0.144298085431424	6.47206563271855	7.03771412760973
6.3178177129283	0.150815939384913	6.02221847173387	6.61341695412273
6.37511495862424	0.149645206967229	6.08181035296847	6.66841956428001
6.82578737465381	0.146292028429795	6.53905499893142	7.11251975037621
6.31753428130996	0.147578516826597	6.02828038832983	6.60678817429009
6.69550397875145	0.140861972522875	6.41941451260661	6.97159344489628
6.39092950433446	0.140393510320834	6.11575822410562	6.66610078456329
6.23343811711467	0.134466152506203	5.96988445820251	6.49699177602682
6.43902054089982	0.151525315673858	6.14203092217906	6.73601015962058
6.53425613166204	0.146276660604571	6.24755387687708	6.820958386447
6.51170949435759	0.163064049620982	6.19210395710046	6.83131503161471
6.40004199447488	0.147950441192401	6.11005912973778	6.69002485921199
6.29386813692054	0.14152058429071	6.01648779171075	6.57124848213033
6.22773669354661	0.13897342514908	5.95534878025442	6.50012460683881
6.50908910755883	0.137484489701933	6.23961950774304	6.77855870737462
6.46672023375966	0.150845506338094	6.17106304133699	6.76237742618232
6.35678847635351	0.145423135506919	6.07175913075995	6.64181782194708
6.56861138679594	0.151146291907819	6.27236465465661	6.86485811893526
6.4868469994134	0.146215004615398	6.20026559036722	6.77342840845958
6.47415363608854	0.148558206858305	6.18297955064627	6.76532772153082
6.41234520521738	0.146177217018602	6.12583785986092	6.69885255057384
6.36384638641373	0.151012084621008	6.06786270055656	6.65983007227091
6.3590072126695	0.155149462235128	6.05491426668865	6.66310015865035
6.20828687159084	0.150537902465777	5.91323258275792	6.50334116042377
6.28669950811281	0.156672368141766	5.97962166655494	6.59377734967067
6.32236531285473	0.15228620605235	6.02388434899212	6.62084627671734
6.2899220552559	0.153912939953053	5.98825269294792	6.59159141756388
6.4999102117009	0.134950857482544	6.23540653103511	6.76441389236669
6.42150890823291	0.150403818667586	6.12671742364444	6.71630039282138
6.2208320512731	0.149260564587919	5.92828134468078	6.51338275786542
6.43834423008321	0.15739251399297	6.12985490265699	6.74683355750943
6.41280408021998	0.152462208739079	6.11397815109139	6.71163000934858
6.17511031756495	0.153204744646463	5.87482901805788	6.47539161707201
6.51627063939596	0.154331461020174	6.21378097579642	6.81876030299551
6.49666622923163	0.148598135409958	6.20541388382811	6.78791857463515
6.48841276621084	0.151762335332312	6.19095858895951	6.78586694346217
6.28979897194976	0.153856682695981	5.98823987386564	6.59135807003388
6.33357035099341	0.147969451823639	6.04355022541908	6.62359047656774
6.22069506441212	0.146147847979797	5.93424528237172	6.50714484645252
6.38918246272294	0.151143647813758	6.09294091300797	6.6854240124379
6.39610954530088	0.141684703326322	6.11840752678129	6.67381156382047
6.38621060455404	0.151007539490021	6.0902358271536	6.68218538195448
6.56332861290557	0.1421770303988	6.28466163332392	6.84199559248722
6.63442290377516	0.150502043633417	6.33943889825366	6.92940690929666
6.44680241119476	0.139234864426081	6.17390207691964	6.71970274546988
6.78701605078791	0.148076142177602	6.49678681211981	7.07724528945601
6.52245506305217	0.163905896454296	6.20119950600175	6.84371062010259
6.1781920491591	0.156551943261299	5.87135024036696	6.48503385795125
6.63153860192353	0.145358857424142	6.34663524137221	6.91644196247485
6.27712907379208	0.140593979016767	6.00156487491922	6.55269327266494
6.39379341714133	0.149604153415098	6.10056927644774	6.68701755783492
6.29419329053784	0.149055126990074	6.00204524163729	6.58634133943838
6.29422917056227	0.137872540344125	6.02399899148779	6.56445934963675
6.19593629227186	0.137558648157974	5.92632134188223	6.46555124266149
6.62886344163517	0.143734712893135	6.34714340436462	6.91058347890572
6.19457895142518	0.149455306421857	5.90164655083834	6.48751135201202
6.65766284897121	0.136978039221029	6.389185892098	6.92613980584443
6.32932637319481	0.155553754815257	6.02444101375691	6.63421173263272
6.29114013979048	0.152153041300342	5.99292017884181	6.58936010073915
6.62138883340668	0.142569554468656	6.34195250664812	6.90082516016525
6.48336712841639	0.14821306517678	6.1928695206699	6.77386473616288
6.42152429528376	0.152510755588714	6.12260321432988	6.72044537623764
6.38101992175668	0.145392322134866	6.09605097037234	6.66598887314102
6.43988105843138	0.148972017473701	6.14789590418292	6.73186621267983
6.293923651736	0.145210277160742	6.00931150850094	6.57853579497105
6.83794416583436	0.153215887867592	6.53764102561388	7.13824730605484
6.41878860341276	0.154498778492188	6.11597099756807	6.72160620925745
6.73152824542359	0.147875465213483	6.44169233360516	7.02136415724202
6.55424795822796	0.159235226473244	6.2421469143404	6.86634900211552
6.46815022073141	0.157175001110326	6.16008721855517	6.77621322290765
6.5266311148493	0.15085656413961	6.23095224913566	6.82230998056293
6.60865214710239	0.153868525976171	6.3070698361891	6.91023445801569
6.34920816250875	0.15518174182063	6.04505194854032	6.65336437647719
6.29081089238519	0.150689940046942	5.99545860989318	6.5861631748772
6.46224857203407	0.159330295036639	6.14996119376226	6.77453595030589
6.68806501253486	0.153496833963004	6.38721121796737	6.98891880710235
6.57998893378195	0.141124602868853	6.303384712159	6.8565931554049
6.61931889639113	0.151300205309849	6.32277049398382	6.91586729879843
6.40442053286506	0.153206075217492	6.10413662543877	6.70470444029134
6.16881259107817	0.159241963834788	5.85669834196199	6.48092684019436
6.29131076294831	0.155116291546713	5.98728283151675	6.59533869437987
6.51299432128447	0.154545376857216	6.21008538264433	6.81590325992462
6.71226138900842	0.149204586493385	6.41982039948138	7.00470237853545
6.70593381145809	0.144892381937225	6.42194474286113	6.98992288005505
6.46250518244106	0.157582009386593	6.15364444404334	6.77136592083878
6.45153668529243	0.148957772647899	6.15957945090255	6.74349391968231
6.21045447279687	0.145823481668487	5.92464044872663	6.4962684968671
6.39725639616195	0.15263493782568	6.09809191802362	6.69642087430028
6.56704384303218	0.146042420925907	6.2808006980174	6.85328698804696
6.18107027414214	0.14716833330535	5.89262034086365	6.46952020742062
6.09406052936302	0.151290712945172	5.79753073199048	6.39059032673556
6.53881066113532	0.145210949949071	6.25419719923514	6.8234241230355
6.31765036853342	0.152662699519807	6.01843147747459	6.61686925959224
6.29766783530131	0.149133330668624	6.0053665071908	6.58996916341181
6.44092544080949	0.142997276211572	6.16065077943481	6.72120010218418
6.36643243284889	0.148304819598254	6.07575498643631	6.65710987926146
6.80082965582926	0.151409427213122	6.50406717849154	7.09759213316697
6.34642801389474	0.144311172941536	6.06357811492933	6.62927791286015
6.34283711611502	0.149349899043338	6.05011131399008	6.63556291823996
6.69661804103532	0.145055043296737	6.41231015617371	6.98092592589692
6.53616756568979	0.159295149567293	6.22394907253789	6.84838605884168
6.49366201842143	0.138841853137884	6.22153198627118	6.76579205057168
6.30655869671785	0.151634736218982	6.00935461372864	6.60376277970705
6.28604125730608	0.139791575439089	6.01204976944547	6.5600327451667
6.26162388880825	0.151704396394228	5.96428327187556	6.55896450574093
6.54899024303902	0.147856470674022	6.25919156051794	6.83878892556011
6.59787978559454	0.154600553092141	6.29486270153395	6.90089686965514
6.35869866359773	0.147239871501286	6.07010851545521	6.64728881174025
6.42585140165424	0.145065493121527	6.14152303513605	6.71017976817244
6.34321733461366	0.159252915862066	6.03108161952401	6.65535304970331
6.47721833148367	0.137701728301456	6.20732294401282	6.74711371895452
6.2656823667322	0.143640290027812	5.98414739827769	6.54721733518671
6.53126107040555	0.142911213322829	6.25115509229281	6.8113670485183
6.61905981521281	0.146792074871179	6.3313473484653	6.90677228196032
6.65063064160532	0.141645588232467	6.37300528866968	6.92825599454095
6.53671842640431	0.148769329539327	6.24513054050723	6.82830631230139
6.41159692295981	0.148682583240372	6.12017905980868	6.70301478611094
6.31450182807764	0.150916070886186	6.01870632914072	6.61029732701457
6.22249538744323	0.141728960218585	5.9447066254148	6.50028414947166
6.69996981061506	0.14868570004111	6.40854583853448	6.99139378269564
6.30231083336461	0.149139293280855	6.00999781853413	6.59462384819509
6.71514308150352	0.142184484148867	6.43646149257175	6.9938246704353
6.67102098717671	0.149198157978582	6.37859259753869	6.96344937681473
6.53973964558423	0.148419046968683	6.24883831352561	6.83064097764285
6.3835345671785	0.150147474927223	6.08924551632114	6.67782361803585
6.5265958966799	0.149493667861508	6.23358830767134	6.81960348568845
6.32942107111235	0.148013809422225	6.03931400464479	6.61952813757991
