estFinal_msm11	sdFinal_msm11	X1	X2
6.77359913158363	0.142213976081798	6.49485973846331	7.05233852470396
6.89281639533562	0.140032452251376	6.61835278892293	7.16728000174832
6.77443906351415	0.140138491304806	6.49976762055674	7.04911050647157
6.86891652188678	0.156623804456642	6.56193386515177	7.1758991786218
6.73296199781696	0.143419381978796	6.45186000913852	7.0140639864954
6.59768598541917	0.144264237015902	6.314928080868	6.88044388997034
6.9451963724302	0.142108315519353	6.66666407401227	7.22372867084813
6.82339670355478	0.151590484210847	6.52627935450152	7.12051405260804
6.65755637589838	0.136562161689373	6.38989453898721	6.92521821280956
6.63338881909654	0.151863693096844	6.33573598062673	6.93104165756635
6.69322822794732	0.141537880893066	6.41581398139691	6.97064247449773
7.01410520587687	0.15139159227192	6.71737768502391	7.31083272672983
6.59556970610448	0.14869197419709	6.30413343667818	6.88700597553078
6.69655251385235	0.141312880913656	6.41957926726159	6.97352576044312
6.82089601730685	0.138245094877953	6.54993563134607	7.09185640326764
7.09364221640806	0.146937194284993	6.80564531560947	7.38163911720665
6.68942539637204	0.13935220086751	6.41629508267172	6.96255571007236
6.77382256807955	0.149701612374929	6.48040740782469	7.06723772833441
6.73730051011129	0.143841562525754	6.45537104756081	7.01922997266176
6.8994832870613	0.142048356113107	6.62106850907961	7.17789806504299
6.93295674906641	0.13136737167339	6.67547670058657	7.19043679754626
6.57833124237388	0.139150081562108	6.30559708251215	6.85106540223561
6.70131343028918	0.13575351802305	6.435236534964	6.96739032561435
6.84708171612251	0.137430151281486	6.57771861961079	7.11644481263422
6.67266085949978	0.14638676929042	6.38574279169055	6.959578927309
6.465354838166	0.147943688481033	6.17538520874318	6.75532446758882
6.75400768576084	0.138554236722471	6.4824413817848	7.02557398973688
6.69428891145617	0.13872232760205	6.42239314935615	6.96618467355618
6.98408564572281	0.140213758373151	6.70926667931143	7.25890461213418
6.84227645218106	0.139383919567745	6.56908396982828	7.11546893453384
6.61531162743756	0.147532869376457	6.3261472034597	6.90447605141541
6.70450481999374	0.141332535598041	6.42749305022158	6.9815165897659
6.96023104752725	0.142862670989422	6.68022021238799	7.24024188266652
6.6444500719287	0.132829919890518	6.38410342894329	6.90479671491412
6.82858880697341	0.141467277520378	6.55131294303347	7.10586467091335
6.79819103158525	0.15048639615815	6.50323769511528	7.09314436805523
6.74605056775329	0.147361873611169	6.4572212954754	7.03487984003118
6.56854051005168	0.13422372502483	6.30546200900301	6.83161901110034
6.97736197553056	0.141479823282296	6.70006152189726	7.25466242916386
6.76197935041023	0.148925790875658	6.47008480029394	7.05387390052652
6.61531979453805	0.144529997959032	6.33204099853834	6.89859859053775
6.58114629709235	0.139612389353532	6.30750601395942	6.85478658022527
6.91615909488915	0.146735526778436	6.62855746240342	7.20376072737489
6.84813150452456	0.155061760477664	6.54421045398834	7.15205255506078
6.70520409947017	0.139780463409942	6.43123439118668	6.97917380775366
6.73934518708779	0.135157340580279	6.47443679955045	7.00425357462514
6.55877389171207	0.136061133782244	6.29209406949887	6.82545371392527
6.63798948431242	0.145450656520657	6.35290619753193	6.92307277109291
7.01441754732272	0.13993160748321	6.74015159665563	7.28868349798981
6.75440674472787	0.133332787843792	6.49307448055404	7.0157390089017
6.94171482575041	0.132630387448787	6.68175926635079	7.20167038515003
6.75305886137877	0.1471541768325	6.46463667478707	7.04148104797047
7.05826402279275	0.133533996079505	6.79653739047692	7.31999065510858
6.59385215751204	0.143839193914062	6.31192733744048	6.87577697758361
6.8115511304971	0.145628799831725	6.52611868282692	7.09698357816728
6.72495225347435	0.140284945656988	6.44999375998665	6.99991074696205
6.44214449288782	0.146714473102605	6.15458412560672	6.72970486016893
6.81974134211654	0.14360881242588	6.53826806976182	7.10121461447126
6.72176257372234	0.142692461899387	6.44208534839954	7.00143979904513
6.77419738163116	0.141340454866154	6.4971700900935	7.05122467316882
6.75421832847803	0.156805650669645	6.44687925316552	7.06155740379053
6.82222973447951	0.150436683927003	6.52737383398259	7.11708563497644
6.59201515823063	0.131652324266458	6.33397660266837	6.85005371379289
6.822983145721	0.140993220234652	6.54663643406108	7.09932985738092
6.58238503351683	0.138664279600153	6.31060304550053	6.85416702153313
6.87493475847722	0.141923040413528	6.59676559926671	7.15310391768774
6.85335667591513	0.133284894324263	6.59211828303957	7.11459506879068
6.83067588560925	0.143993555479955	6.54844851686854	7.11290325434996
6.49731480331908	0.148231537057159	6.20678099068705	6.78784861595111
6.9034033601982	0.139388273524846	6.6302023440895	7.1766043763069
6.79958007942904	0.137594877162273	6.52989412019098	7.06926603866709
6.87611648328686	0.138492131503182	6.60467190554062	7.1475610610331
6.96436718111009	0.132937965561384	6.70380876860977	7.2249255936104
6.67081360350481	0.16161453661954	6.35404911173052	6.98757809527911
6.93659759862588	0.150024955071928	6.64254868668491	7.23064651056686
6.70053404042428	0.1355703551986	6.43481614423502	6.96625193661353
6.60330231580533	0.151200744793658	6.30694885600977	6.8996557756009
7.01871323144166	0.140817631523771	6.74271067365507	7.29471578922825
6.65141610356046	0.145690683064961	6.36586236475313	6.93696984236778
6.88438184655732	0.131792694812138	6.62606816472552	7.14269552838911
6.45771846142701	0.147451358528039	6.16871379871205	6.74672312414197
7.05222043886426	0.147545068826717	6.7630321039639	7.34140877376463
6.86249842543649	0.136808359479527	6.59435404085662	7.13064281001636
6.68660798025135	0.142517527423866	6.40727362650057	6.96594233400213
6.84314126692373	0.155170902322345	6.53900629837194	7.14727623547553
6.51223849049024	0.140983718118888	6.23591040297722	6.78856657800326
6.82401262231783	0.1398487136366	6.54990914359009	7.09811610104556
6.80356698329016	0.148443469410374	6.51261778324582	7.09451618333449
6.67000940495494	0.145372262409599	6.38507977063212	6.95493903927775
6.66183442129205	0.148732555394452	6.37031861271893	6.95335022986518
6.75871651367844	0.144556029058133	6.4753866967245	7.04204633063238
6.91794015076166	0.145247128684131	6.63325577854076	7.20262452298256
6.58249589324931	0.143077534783185	6.30206392507427	6.86292786142436
6.94742482445419	0.138966083904246	6.67505130000187	7.21979834890652
6.61893857641786	0.149291631747079	6.32632697819358	6.91155017464213
6.79708157222237	0.160370061223769	6.48275625222378	7.11140689222096
6.46112489914817	0.153127663482684	6.16099467872211	6.76125511957423
6.9692808659308	0.158432952406449	6.65875227921416	7.27980945264744
6.72734460187797	0.143292931013669	6.44649045709118	7.00819874666477
6.81810227474537	0.137008779369541	6.54956506718108	7.08663948230967
6.99966518844959	0.140382022610142	6.72451642413371	7.27481395276547
7.02515309183545	0.138290626818825	6.75410346327055	7.29620272040034
6.80291578813627	0.138352570046299	6.53174475084552	7.07408682542701
6.85184934453399	0.132659631378646	6.59183646703184	7.11186222203614
6.86359697945317	0.150332550740614	6.56894518000157	7.15824877890477
6.64694300973964	0.145493944650476	6.36177487822471	6.93211114125458
6.85812837023916	0.136571571191095	6.59044809070462	7.12580864977371
6.58311587776079	0.149341647758391	6.29040624815435	6.87582550736724
6.60126116551389	0.134122940528387	6.33838020207825	6.86414212894953
6.92000500621598	0.158575620547477	6.60919678994293	7.23081322248904
6.5479051586524	0.141374805973493	6.27081053894435	6.82499977836044
6.57409597138846	0.136147760431029	6.30724636094364	6.84094558183327
6.91157196938147	0.139336229091916	6.63847296036131	7.18467097840162
6.64583525243893	0.144394061290698	6.36282289230916	6.9288476125687
6.6697402579012	0.14469317219864	6.38614164039187	6.95333887541053
6.66417804799979	0.137443183032651	6.3947894092558	6.93356668674379
6.65900025166753	0.153320143252135	6.35849277089335	6.95950773244171
6.84225335376599	0.143318760831464	6.56134858253632	7.12315812499566
6.76310253892405	0.152818598155984	6.46357808653832	7.06262699130978
6.80823050188321	0.143359150079993	6.52724656772642	7.08921443604
6.53733562349042	0.154588953518395	6.23434127459437	6.84032997238647
6.61747195490408	0.145851817926631	6.33160239176788	6.90334151804028
6.89971877898303	0.148922772946947	6.60783014400702	7.19160741395905
6.63746052259562	0.152831451906766	6.33791087685835	6.93701016833288
6.7694232653248	0.145640860110983	6.48396717950727	7.05487935114233
6.81723103658413	0.138699923095302	6.54537918731734	7.08908288585092
6.72793245228723	0.143112011298999	6.44743291014119	7.00843199443326
6.78611766914562	0.139582844539929	6.51253529384736	7.05970004444388
6.93376442257826	0.14601535022016	6.64757433614675	7.21995450900978
6.80301767244083	0.148363647973696	6.51222492241239	7.09381042246928
6.43474056107281	0.141669870907381	6.15706761409434	6.71241350805128
6.87606583629201	0.139996532792505	6.6016726320187	7.15045904056532
6.6295980273898	0.139201216564936	6.35676364292252	6.90243241185707
6.7394758873718	0.141667781862386	6.46180703492152	7.01714473982207
6.66653303818329	0.139206918245385	6.39368747842234	6.93937859794424
6.70218736658446	0.145557307697679	6.41689504349701	6.98747968967192
6.73126044210346	0.145298032749342	6.44647629791475	7.01604458629217
6.7488217560484	0.149011165442775	6.45675987178056	7.04088364031623
6.69713481895452	0.151460536475096	6.40027216746333	6.9939974704457
6.75873437476089	0.143200053706695	6.47806226949577	7.03940648002601
6.87553647581586	0.148496779591369	6.58448278781678	7.16659016381494
6.91309784989914	0.136059794880562	6.64642065193324	7.17977504786504
6.64964163855884	0.137858003777886	6.37943995115419	6.9198433259635
6.92923754631356	0.153376460358148	6.62861968401159	7.22985540861553
7.07002567694385	0.134018607825534	6.8073492056058	7.33270214828189
6.45386035633568	0.137359005931088	6.18463670471075	6.72308400796061
6.72933520888737	0.150688899518658	6.4339849658308	7.02468545194394
6.70340543831701	0.140024126824677	6.42895814974064	6.97785272689337
6.95876308582626	0.153551667655774	6.65780181722094	7.25972435443158
7.22651822648329	0.147585255154625	6.93725112638022	7.51578532658635
6.69288044492824	0.139339233896256	6.41977554649158	6.9659853433649
6.93315346358537	0.143953940467033	6.65100374026999	7.21530318690076
6.75108280755754	0.135991559932772	6.48453935008931	7.01762626502578
6.62731472128321	0.140986088109004	6.35098198858956	6.90364745397685
6.58089934899225	0.148980381537417	6.28889780117891	6.87290089680558
6.90444535540914	0.143087709435889	6.6239934449148	7.18489726590348
6.67724893529122	0.139162053039457	6.40449131133389	6.95000655924856
6.77763357033665	0.140937012322908	6.50139702618375	7.05387011448955
6.90930104238715	0.148234798635937	6.61876083706071	7.19984124771358
7.07330446685074	0.137415828612912	6.80396944276943	7.34263949093205
6.55964121951963	0.140887787922524	6.28350115519148	6.83578128384778
6.66064142619978	0.139297323184748	6.38761867275768	6.93366417964189
6.816599185248	0.140827311573452	6.54057765456403	7.09262071593197
6.96289255829162	0.149660514193052	6.66955795047324	7.25622716611
6.71248332382048	0.141670481310162	6.43480918045256	6.9901574671884
6.85650702460729	0.147879229767418	6.56666373426315	7.14635031495143
6.75681994656418	0.154785200118357	6.4534409543322	7.06019893879616
6.91011414497117	0.154151271461804	6.60797765290604	7.21225063703631
6.92760500778586	0.15127642757053	6.63110320974763	7.2241068058241
6.86506457707759	0.141713167155262	6.58730676945327	7.1428223847019
6.94191387309699	0.145360871027936	6.65700656588224	7.22682118031175
6.78456254650677	0.146502229631084	6.49741817642984	7.07170691658369
6.63244386822932	0.151682003046951	6.33514714225729	6.92974059420134
6.69744376844741	0.142419086707645	6.41830235850043	6.97658517839439
6.55943915865399	0.14663750760936	6.27202964373965	6.84684867356834
6.9082986676822	0.141908796819389	6.6301574259162	7.1864399094482
6.8470235062625	0.145756995053634	6.56133979595737	7.13270721656762
6.68696911648982	0.144159594800324	6.40441631068119	6.96952192229846
6.70109798590379	0.14382618941102	6.41919865465819	6.98299731714939
6.40957046357583	0.135979935244624	6.14304979049637	6.6760911366553
6.68030346109633	0.144338169438554	6.39740064899676	6.96320627319589
6.90814317972578	0.146682959486537	6.62064457913217	7.1956417803194
7.11409363419222	0.135246661209247	6.8490101782221	7.37917709016234
6.76765723625665	0.153637078281709	6.4665285628245	7.0687859096888
6.70123898293351	0.144659118525146	6.41770711062422	6.98477085524279
6.78504503527966	0.143201494426268	6.50437010620418	7.06571996435515
6.7518836040747	0.145300300983527	6.46709501414698	7.03667219400241
6.54205938234426	0.148312537064127	6.25136680969857	6.83275195498995
6.84953650491368	0.14919251217115	6.55711918105822	7.14195382876913
6.85630553055674	0.144596804708731	6.57289579332763	7.13971526778585
6.6729917443469	0.148379119007378	6.38216867109244	6.96381481760136
6.58932183317608	0.152059120583152	6.2912859568331	6.88735770951906
6.50013263403604	0.135365104616232	6.23481702898822	6.76544823908385
6.76718747073904	0.131937612721132	6.50858974980562	7.02578519167246
6.37709144774092	0.152090551780465	6.0789939662512	6.67518892923063
6.75472951079592	0.146594962666058	6.46740338397044	7.04205563762139
6.62226785051188	0.132517024578782	6.36253448233747	6.88200121868629
6.72878965455135	0.14069293819611	6.45303149568697	7.00454781341572
6.82828193427977	0.15104531486392	6.53223311714649	7.12433075141305
6.84243931003766	0.149806949880725	6.54881768827144	7.13606093180388
6.93861658400603	0.149287594778975	6.64601289823924	7.23122026977282
6.60816567940851	0.141529627664601	6.33076760918589	6.88556374963113
6.67913784781011	0.139781721251765	6.40516567415665	6.95311002146357
6.55782248313343	0.136521220227216	6.29024089148808	6.82540407477877
6.71831927028288	0.134330902944609	6.45503070051144	6.98160784005431
7.01114098276389	0.139562376483347	6.73759872485652	7.28468324067125
7.12009891874103	0.146153611073554	6.83363784103687	7.4065599964452
6.8662304539822	0.14487525000189	6.5822749639785	7.15018594398591
6.69164674076471	0.141247276290148	6.41480207923602	6.9684914022934
6.99542338484796	0.15257334972972	6.69637961937771	7.29446715031821
6.63397655682551	0.149303022928249	6.34134263188615	6.92661048176488
6.77531689366716	0.144817868348214	6.49147387170466	7.05915991562966
6.7486702666415	0.147476890754703	6.45961556076228	7.03772497252072
6.91949099195379	0.138338024549587	6.6483484638366	7.19063352007098
6.82259055465342	0.137112466889236	6.55385011955052	7.09133098975632
6.73675655833832	0.146115422751935	6.45037032974453	7.02314278693211
6.80758640375339	0.143832721950114	6.52567426873117	7.08949853877561
6.95897353145458	0.144457990540219	6.67583586999575	7.24211119291341
6.74405489535205	0.155343422616528	6.43958178702365	7.04852800368044
6.55453321641294	0.137109892194533	6.28579782771166	6.82326860511423
6.67716493224664	0.158776195504433	6.36596358905795	6.98836627543533
6.82861513701292	0.140658360729876	6.55292474998237	7.10430552404348
6.76690954543202	0.133629368850885	6.50499598248429	7.02882310837976
6.60795331536009	0.145631050779276	6.32251645583271	6.89339017488747
6.94386404300031	0.148065289954029	6.65365607469042	7.23407201131021
6.83946315169745	0.140858570975833	6.56338035258482	7.11554595081008
6.66302000713491	0.14556004601668	6.37772231694222	6.9483176973276
6.71532679085217	0.131542142239755	6.45750419206225	6.97314938964209
6.92669967895388	0.144723569616983	6.6430414825046	7.21035787540317
6.78027334386784	0.142950215408207	6.50009092166776	7.06045576606793
6.83872053845932	0.150601400377224	6.54354179371997	7.13389928319868
6.85994206069669	0.138876637959356	6.58774385029635	7.13214027109703
6.70147139160107	0.148906986055982	6.40961369893134	6.99332908427079
6.76673407747325	0.141299836796401	6.4897863973523	7.04368175759419
6.72421596191973	0.129777186758443	6.46985267587318	6.97857924796627
6.76681153829244	0.141011375815422	6.49042924169421	7.04319383489067
6.6338920041047	0.147199926153247	6.34538014884434	6.92240385936507
6.84301497800716	0.139209466881679	6.57016442291907	7.11586553309525
6.87246405309178	0.145967971184787	6.5863668295696	7.15856127661396
6.63855238939903	0.157283813706482	6.33027611453432	6.94682866426374
6.71602980010629	0.136596440113858	6.44830077748313	6.98375882272946
6.51553077559292	0.145550738333414	6.23025132845943	6.80081022272641
6.36202066591972	0.141325564762768	6.08502255898469	6.63901877285474
6.71971906115025	0.145691396467051	6.43416392407483	7.00527419822566
6.62331983546624	0.132592606072702	6.36343832756374	6.88320134336873
6.67920836042438	0.154316185961555	6.37674863593973	6.98166808490902
6.75462204947426	0.152001737983754	6.4566986430261	7.05254545592242
6.95779773369574	0.137344141344769	6.68860321665999	7.22699225073149
6.98649500146396	0.148476692839378	6.69548068349878	7.27750931942915
6.88826915598798	0.141813692445694	6.61031431879442	7.16622399318154
6.68751382157415	0.147898477293495	6.3976328060789	6.9773948370694
6.91755328835376	0.134622858237716	6.65369248620783	7.18141409049968
6.85561771760683	0.149144902933635	6.56329370785691	7.14794172735676
6.92702599350984	0.147192872639364	6.63852796313668	7.21552402388299
6.73647327896808	0.146470433505717	6.44939122929688	7.02355532863929
6.6584230452434	0.139661076752523	6.38468733480845	6.93215875567834
6.49057098018005	0.131991710916021	6.23186722678465	6.74927473357545
6.34647414008326	0.141714599471734	6.06871352511867	6.62423475504786
6.84806796437543	0.139196401491828	6.57524301745145	7.12089291129942
6.90813944551291	0.143524962635877	6.62683051874659	7.18944837227923
6.81918859875997	0.147000233585194	6.53106814093299	7.10730905658695
6.90051072240382	0.148094602426757	6.61024530164738	7.19077614316027
6.84542457732485	0.14789551053857	6.55554937666926	7.13529977798045
6.73459687657881	0.144272598068594	6.45182258436437	7.01737116879326
6.63345830449461	0.144640535539649	6.3499628548369	6.91695375415232
6.87694332879215	0.14160454633663	6.59939841797235	7.15448823961194
6.65472344756299	0.137141301967834	6.38592649570604	6.92352039941995
6.67987358563028	0.149544533680315	6.38676629961686	6.9729808716437
6.68871126970916	0.129479560569013	6.4349313309939	6.94249120842443
6.58375702958998	0.143068491902079	6.3033427854619	6.86417127371805
6.8044284510567	0.149300152626803	6.51180015190817	7.09705675020524
6.48521228881526	0.133844390950035	6.2228772825532	6.74754729507733
6.83872499003957	0.150706502074183	6.54334024597417	7.13410973410497
6.55106044002632	0.14524151899128	6.26638706280341	6.83573381724923
6.76743341126291	0.143248581368044	6.48666619178154	7.04820063074427
6.65185099947761	0.14494711194585	6.36775466006375	6.93594733889148
6.47271141179929	0.141448214363046	6.19547291164772	6.74994991195086
6.63745505932698	0.135906703870378	6.37107791974103	6.90383219891292
6.98472331246121	0.150466796412573	6.68980839149257	7.27963823342985
6.93145773347017	0.147654983838233	6.64205396514724	7.22086150179311
6.81034774295832	0.142485015599772	6.53107711238277	7.08961837353388
6.67078618911431	0.141092836921302	6.39424422874856	6.94732814948006
6.70905840118566	0.139191608381223	6.43624284875846	6.98187395361286
6.71406164842105	0.145518561575215	6.42884526773363	6.99927802910847
6.73739148833846	0.135446577891568	6.47191619567099	7.00286678100593
6.63446476250382	0.150318436014128	6.33984062791613	6.92908889709151
6.6406279814448	0.153536453716933	6.33969653215962	6.94155943072999
6.46170934186434	0.135221708317704	6.19667479356164	6.72674389016704
6.92792357466113	0.14951807082967	6.63486815583498	7.22097899348729
6.67388449386663	0.146081403339375	6.38756494332146	6.96020404441181
6.75066106615379	0.131700915497751	6.4925272717782	7.00879486052938
6.84000129259992	0.148344171832755	6.54924671580773	7.13075586939212
6.85262006589835	0.144969037134513	6.5684807531147	7.13675937868199
6.59351399205821	0.14455399395379	6.31018816390878	6.87683982020764
6.99566090962129	0.144257653466745	6.71291590882647	7.27840591041611
6.82003120224306	0.148511309472286	6.52894903567738	7.11111336880874
6.77242790817127	0.150071612350054	6.47828754796517	7.06656826837738
6.87632157592804	0.147195495693651	6.58781840436848	7.16482474748759
6.82534413426193	0.146574596863002	6.53805792441045	7.11263034411341
6.65681117037344	0.144426014655844	6.37373618164799	6.9398861590989
6.81526018900869	0.148289604530557	6.5246125641288	7.10590781388858
6.58880281211578	0.148467904170696	6.29780571994122	6.87979990429035
6.73722078779731	0.142921325047279	6.45709499070464	7.01734658488997
6.88800623365134	0.128948722438672	6.63526673767154	7.14074572963114
6.7463623454098	0.149575049514393	6.45319524836159	7.03952944245801
6.47476396659709	0.152532006750209	6.17580123336668	6.7737266998275
6.96032188408741	0.149542395323175	6.66721878925399	7.25342497892083
6.92487687520666	0.147369091438769	6.63603345598668	7.21372029442665
6.87243195110168	0.140857725136769	6.59635080983361	7.14851309236974
6.79164672594337	0.153750633509692	6.49029548426438	7.09299796762237
6.80240938507477	0.136263965464471	6.53533201276441	7.06948675738513
6.78409367271862	0.147487800684713	6.49501758337659	7.07316976206066
6.66927127774071	0.151186234860929	6.37294625741329	6.96559629806813
6.87829040197314	0.146233531362094	6.59167268050344	7.16490812344285
6.74229061394805	0.136604535074818	6.4745457252014	7.01003550269469
6.73560210176554	0.137902321364881	6.46531355189038	7.00589065164071
6.83298084671813	0.145422065482937	6.54795359837157	7.11800809506468
6.65395926819021	0.152612316215791	6.35483912840726	6.95307940797316
6.94100252377363	0.148646426061449	6.64965552869319	7.23234951885407
6.63866204958364	0.158830632744089	6.32735400940523	6.94997008976206
6.82703335404364	0.151131327408271	6.53081595232343	7.12325075576385
6.56750994816457	0.15305734391294	6.26751755409521	6.86750234223394
6.81549838632985	0.135326380035174	6.55025868146091	7.08073809119879
7.00897776927961	0.134609186327549	6.74514376407761	7.27281177448161
6.66463807366156	0.15766225448092	6.35562005487896	6.97365609244416
6.76829667352647	0.154796879300143	6.46489479009819	7.07169855695475
6.71373399674274	0.133817106883023	6.45145246725202	6.97601552623347
6.92532192413483	0.143591982099207	6.64388163922039	7.20676220904928
6.4970593508242	0.135989042719566	6.23052082709385	6.76359787455455
6.75826998715818	0.132776858985846	6.49802734354593	7.01851263077044
6.82455583751407	0.141903659393879	6.54642466510207	7.10268700992608
6.9223551267186	0.138583045317125	6.65073235789704	7.19397789554017
7.02501465355096	0.143484648295662	6.74378474289147	7.30624456421046
6.73317502007698	0.147859842578882	6.44336972862237	7.02298031153159
6.9772033145825	0.148072515616638	6.68698118397389	7.26742544519111
6.70302497114299	0.139751372406128	6.42911228122698	6.976937661059
6.65808533421241	0.153578154817977	6.35707215076917	6.95909851765564
6.91323717717146	0.138299784980444	6.64216959860979	7.18430475573313
6.79448729594349	0.137907596475931	6.52418840685067	7.06478618503632
6.68318292664241	0.142028274899007	6.40480750784035	6.96155834544446
6.61303451282958	0.146145771348176	6.32658880098715	6.899480224672
6.71662086470051	0.145939584763503	6.43057927856404	7.00266245083698
6.64870349139227	0.142251831703824	6.36988990125277	6.92751708153176
6.52674997644341	0.130244074761368	6.27147158991113	6.78202836297569
6.67630505737747	0.147934805489485	6.38635283861808	6.96625727613686
6.71870930225523	0.148592234229939	6.42746852316455	7.00995008134591
6.82201985052912	0.15361951729726	6.52092559662649	7.12311410443175
6.81967145967234	0.141763717097465	6.54181457416131	7.09752834518337
6.83609595476199	0.138976318502415	6.56370237049725	7.10848953902672
6.59952698912619	0.14886119593342	6.30775904509668	6.89129493315569
6.96362260167136	0.145823788667844	6.67780797588239	7.24943722746034
6.72474559941093	0.151165339042769	6.42846153488711	7.02102966393476
6.83007275113971	0.142935744442224	6.54991869203295	7.11022681024647
7.0255858498237	0.140589453660023	6.75003052065006	7.30114117899735
6.87225814311631	0.137337454200883	6.60307673288258	7.14143955335004
6.8668465525118	0.145934861905548	6.58081422317693	7.15287888184667
6.78570279988409	0.157178268329548	6.47763339395818	7.09377220581001
6.73676532457447	0.137518134534513	6.46722978088682	7.00630086826212
6.83310379402456	0.149407629196755	6.54026484079892	7.1259427472502
7.00704967776288	0.139029466252099	6.73455192390876	7.27954743161699
6.90572907891015	0.136791231716307	6.63761826474619	7.17383989307411
6.71743864192674	0.137161281303082	6.44860253057269	6.98627475328078
6.86879606025248	0.138834319749182	6.59668079354409	7.14091132696088
6.78805862098252	0.138770501734733	6.51606843758244	7.06004880438259
6.79197780801708	0.148772286854647	6.50038412578198	7.08357149025219
6.82112150892277	0.137142479453388	6.55232224919413	7.08992076865141
6.63524758652423	0.14877235299644	6.34365377465121	6.92684139839725
6.92567829429281	0.146027339127434	6.63946470960304	7.21189187898258
6.76463102673449	0.145216017639741	6.4800076321606	7.04925442130838
6.2902151485019	0.131118357242938	6.03322316830574	6.54720712869806
6.77066391923862	0.151310018691182	6.4740962826039	7.06723155587334
6.63602163235899	0.14394463056165	6.35389015645815	6.91815310825982
6.87960990376635	0.150125456755035	6.58536400852648	7.17385579900622
6.71651956732719	0.145631099627469	6.43108261205735	7.00195652259703
6.49970153728034	0.136099502273076	6.23294651282511	6.76645656173557
6.74433473458789	0.146798863191834	6.4566089627319	7.03206050644389
6.93859477081338	0.136611497231947	6.67083623623877	7.206353305388
6.74755473072185	0.135490652279864	6.48199305225331	7.01311640919038
6.73746289829778	0.145481503348798	6.45231915173414	7.02260664486143
6.73737186281995	0.152221657362314	6.43901741438981	7.03572631125008
6.82421454120896	0.140814348650903	6.54821841785319	7.10021066456473
6.74189029462671	0.14776793212556	6.45226514766062	7.03151544159281
6.55518319938865	0.137905660830254	6.28488810416135	6.82547829461595
6.68641086988701	0.139501679592821	6.41298757788508	6.95983416188894
6.90336763691427	0.159246202831636	6.59124507936426	7.21549019446427
6.75610928596984	0.148811575386928	6.46443859821146	7.04777997372822
6.91910577130422	0.137015527136214	6.65055533811724	7.1876562044912
6.7363892563176	0.14778856300616	6.44672367282553	7.02605483980968
6.74399672164152	0.15453714913942	6.44110390932826	7.04688953395478
6.9192835389985	0.141454845787823	6.64203204125437	7.19653503674264
6.8630125981541	0.131768739603823	6.60474586853061	7.1212793277776
6.80511854070107	0.143761463911681	6.52334607143418	7.08689100996797
6.75210572167729	0.129739255495123	6.49781678090685	7.00639466244774
6.81452575020912	0.140535213429589	6.53907673188713	7.08997476853112
6.5304922606237	0.14996175918352	6.236567212624	6.8244173086234
6.8383619731226	0.152350282319676	6.53975541977604	7.13696852646917
6.87174465461037	0.150067014783276	6.57761330563515	7.16587600358559
6.87052093696796	0.137868554365044	6.60029857041247	7.14074330352345
6.82284062310507	0.133739449555743	6.56071130197582	7.08496994423433
6.55963249947986	0.142640813029196	6.28005650594263	6.83920849301708
6.7135398743032	0.143825927731915	6.43164105594865	6.99543869265775
6.67845087855155	0.156308528100295	6.37208616347497	6.98481559362813
6.85299372386946	0.156416904658133	6.54641659073952	7.15957085699941
6.75412732351807	0.143521683415711	6.47282482402328	7.03542982301287
6.85902093776807	0.137137090606779	6.59023224017879	7.12780963535736
6.78059605940709	0.14415931070078	6.49804381043356	7.06314830838062
6.87664732064383	0.147323616256541	6.587893032781	7.16540160850665
6.46366195099583	0.123969120958191	6.22068247391777	6.70664142807388
6.59290890975886	0.136839428627315	6.32470362964932	6.86111418986839
6.84815730373107	0.154098060353444	6.54612510543832	7.15018950202382
6.71976107879287	0.143801707562306	6.43790973197075	7.00161242561499
6.3528305073054	0.144117371391284	6.07036045937848	6.63530055523232
6.75066019543767	0.148802590549228	6.45900711796119	7.04231327291416
6.74657227677529	0.149650276367706	6.45325773509459	7.03988681845599
6.615427295376	0.133976838159784	6.35283269258282	6.87802189816917
6.78780370115424	0.154279755723008	6.48541537993714	7.09019202237134
6.97804622791953	0.149440280198673	6.68514327873013	7.27094917710893
6.87840085504811	0.152134546640643	6.58021714363245	7.17658456646377
6.83586810334216	0.148048914335499	6.54569223124459	7.12604397543974
6.91797525111577	0.158745673002749	6.60683373203038	7.22911677020116
6.74367456295087	0.150365158775214	6.44895885175145	7.03839027415029
6.72933820804595	0.139865994641195	6.45520085854921	7.00347555754269
6.70244850700744	0.139642076863576	6.42875003635483	6.97614697766005
6.68471771846182	0.150690158787884	6.38936500723757	6.98007042968607
6.96177721296412	0.137846275490249	6.69159851300323	7.23195591292501
6.88458061900557	0.134767853049706	6.62043562702815	7.148725610983
6.75464578649313	0.14223634826208	6.47586254389945	7.03342902908681
6.93516904698485	0.136319046241027	6.66798371635244	7.20235437761726
6.65628789475646	0.135085884071613	6.39151956197609	6.92105622753682
6.64300373197233	0.139060460384146	6.37044522961941	6.91556223432526
6.91015707172804	0.147290224249152	6.6214682321997	7.19884591125638
6.97749187429167	0.142552600234614	6.69808877783183	7.25689497075152
6.68190241251298	0.152707738891452	6.38259524428573	6.98120958074023
6.76552921946174	0.145383875772963	6.48057682294674	7.05048161597675
6.62077139029029	0.133720325592182	6.35867955212961	6.88286322845097
6.68838552307808	0.140542319990771	6.41292257589617	6.96384847025999
6.65691560288608	0.14163162248189	6.37931762282158	6.93451358295059
6.55824689568347	0.142839220639255	6.27828202323053	6.83821176813641
6.87203618907133	0.135215761818781	6.60701329590652	7.13705908223614
6.66695783071247	0.132522464683313	6.40721379993317	6.92670186149176
6.76614752181102	0.141255669400593	6.48928640978586	7.04300863383618
6.98190213709476	0.136141575395951	6.71506464931869	7.24873962487082
6.70778356096645	0.139961934718172	6.43345816891883	6.98210895301407
6.94606017884425	0.141977444694924	6.6677843872422	7.2243359704463
6.67356185890645	0.14025511484828	6.39866183380382	6.94846188400908
6.84933031772814	0.155668826391858	6.5442194180001	7.15444121745619
6.73359119934186	0.141328649767389	6.45658704579778	7.01059535288594
6.6841074746313	0.14165769874102	6.4064583850989	6.9617565641637
6.59154683963113	0.155552896657748	6.28666316218195	6.89643051708032
6.43257610430143	0.13765342766743	6.16277538607327	6.70237682252959
6.75624855046217	0.14654421859715	6.46902188201176	7.04347521891259
6.88978381628767	0.136927862056008	6.62140520665789	7.15816242591744
6.83378635307012	0.143843116091833	6.55185384553013	7.11571886061011
6.65046659559223	0.138524753050431	6.37895807961338	6.92197511157107
6.98268088358787	0.142480312980567	6.70341947014596	7.26194229702978
6.960831429739	0.139041828508501	6.68830944586233	7.23335341361566
6.75593710957279	0.146048390300159	6.46968226458448	7.0421919545611
6.71090859283602	0.13354572182433	6.44915897806033	6.97265820761171
6.40245710290979	0.128631705018603	6.15033896107333	6.65457524474625
6.58023169967579	0.138943057192792	6.30790330757792	6.85256009177366
6.9186999902871	0.141139923696106	6.64206573984273	7.19533424073147
6.9705707546391	0.143396576147847	6.68951346538932	7.25162804388888
6.72468466388442	0.14919290501889	6.43226657004739	7.01710275772144
6.74515558981423	0.150916469183915	6.44935931021375	7.0409518694147
6.68949668433771	0.138325493782764	6.41837871652349	6.96061465215192
6.69120108668891	0.133404866414244	6.429727548517	6.95267462486083
6.70711914374202	0.13932260862143	6.43404683084402	6.98019145664002
6.56228555904283	0.143577998347995	6.28087268228076	6.8436984358049
6.68523872092395	0.143153530784039	6.40465780058724	6.96581964126067
6.60395836794939	0.143058367648068	6.32356396735917	6.8843527685396
6.79799742330755	0.156562279013929	6.49113535644024	7.10485949017485
6.80898539205466	0.140885614282906	6.53284958806016	7.08512119604916
6.84119881527931	0.1463794277372	6.5542951369144	7.12810249364422
6.81414724415491	0.147942285468218	6.5241803646372	7.10411412367262
6.61601658749556	0.15287638381047	6.31637887522704	6.91565429976408
6.69067329745725	0.147980576717486	6.40063136709098	6.98071522782352
6.65562937942228	0.146065667449745	6.36934067122077	6.94191808762378
6.89618343672295	0.147355252590651	6.60736714164527	7.18499973180062
6.55748424468046	0.138237281245805	6.28653917343869	6.82842931592224
6.73123571036547	0.130669401450999	6.47512368352151	6.98734773720943
6.85374416540512	0.15266699710222	6.55451685108477	7.15297147972547
6.9565417808093	0.152260318146723	6.65811155724173	7.25497200437688
6.96250153492929	0.143866422967222	6.68052334591354	7.24447972394505
7.08565851476674	0.137556541433578	6.81604769355693	7.35526933597656
7.12720454854927	0.149927027530009	6.83334757459045	7.42106152250809
6.93953551448563	0.134291470579594	6.67632423214963	7.20274679682164
6.87389021124272	0.132016734476186	6.61513741166939	7.13264301081604
6.69472545158138	0.15417859761262	6.39253540026064	6.99691550290211
6.70122306874369	0.143891530958301	6.41919566806542	6.98325046942196
6.76970816265612	0.145482288837508	6.48456287653461	7.05485344877764
6.80929967825968	0.143224974939665	6.52857872737793	7.09002062914142
6.70165629635411	0.137939410375579	6.43129505201797	6.97201754069024
6.88634798607707	0.148725565915033	6.59484587688361	7.17785009527054
7.04917745458244	0.146049954680106	6.76291954340943	7.33543536575545
6.8810508000947	0.140748179136125	6.60518436898789	7.1569172312015
6.45387552060423	0.140299402980126	6.17888869076318	6.72886235044528
6.97936575338929	0.141037286746207	6.70293267136673	7.25579883541186
6.67825451873707	0.137764724327947	6.40823565905429	6.94827337841984
6.74540401087415	0.144895139456538	6.46140953753933	7.02939848420896
6.72324653824183	0.135809548730825	6.45705982272942	6.98943325375425
6.65577493172136	0.139422458536974	6.38250691298889	6.92904295045383
6.79838139585461	0.143469597973193	6.51718098382715	7.07958180788207
6.80848078261004	0.149652366958021	6.51516214337232	7.10179942184776
6.70309325564821	0.143885872070774	6.4210769463895	6.98510956490693
6.62957587020002	0.144533364159381	6.34629047644764	6.91286126395241
6.78400080940412	0.143643606035334	6.50245934157486	7.06554227723337
6.8410587916302	0.143581100762528	6.55963983413565	7.12247774912476
6.81023478672543	0.139957030092158	6.5359190077448	7.08455056570606
6.67392145998366	0.152693283287357	6.37464262474044	6.97320029522688
6.60218072037711	0.131992896093391	6.34347464403406	6.86088679672015
6.76774434610832	0.146382689874874	6.48083427395357	7.05465441826307
6.91571071730161	0.150020195063915	6.62167113497634	7.20975029962689
6.82800684774757	0.130378122443757	6.57246572775781	7.08354796773733
6.87254017960918	0.147574588893721	6.58329398537749	7.16178637384088
6.59727568877765	0.13366907382261	6.33528430408534	6.85926707346997
7.0707928852478	0.14030900922248	6.79578722717174	7.34579854332386
6.81533466069482	0.14381026954642	6.53346653238384	7.0972027890058
6.73641769262915	0.138280177966616	6.46538854381458	7.00744684144372
6.69859836794613	0.140261805341208	6.42368522947736	6.97351150641489
6.79130832634698	0.152849817045576	6.49172268493765	7.09089396775631
6.51475077476466	0.140723008747949	6.23893367761869	6.79056787191064
6.89773072307742	0.141415723283654	6.62055590544145	7.17490554071338
6.82917041815438	0.14371089506677	6.54749706382351	7.11084377248525
6.57042279922047	0.144507704950756	6.28718769751698	6.85365790092395
6.67411279105773	0.143562403553868	6.39273048009214	6.95549510202331
6.63188678990939	0.150397793696308	6.33710711426462	6.92666646555415
6.56432305130136	0.13532107161074	6.29909375094431	6.82955235165841
6.55229595795537	0.152416384404844	6.25355984452187	6.85103207138886
6.776941299416	0.144355484730593	6.49400454934404	7.05987804948797
6.65623626400939	0.156088313869606	6.35030316882496	6.96216935919382
6.80091197128937	0.151820289988557	6.5033442029118	7.09847973966694
6.77896547407817	0.144100459897763	6.49652857267855	7.06140237547779
6.81705692571609	0.143854433074259	6.53510223689055	7.09901161454164
6.84147805330153	0.143898503427023	6.55943698658457	7.1235191200185
6.80842115601047	0.144675226377936	6.52485771230972	7.09198459971123
6.92857158420903	0.144875723965595	6.64461516523646	7.21252800318159
6.83395735852189	0.144891942361439	6.54996915149347	7.11794556555031
6.71328641580085	0.136310252209149	6.44611832147092	6.98045451013079
6.60831955367381	0.139743160277239	6.33442295953043	6.8822161478172
6.69833740226927	0.137689839329698	6.42846531718306	6.96820948735548
6.7997683025511	0.149176874360536	6.50738162880445	7.09215497629775
6.72026361729872	0.140683925995709	6.44452312234713	6.99600411225031
6.75895772048476	0.138261197719701	6.48796577295415	7.02994966801537
6.47343190052833	0.149156043264685	6.18108605572955	6.76577774532712
6.87029952785587	0.131389263175603	6.61277657203169	7.12782248368006
6.80566360219447	0.146059001671267	6.51938795891878	7.09193924547015
6.7711418024569	0.145499324897052	6.48596312565868	7.05632047925512
6.94100591374933	0.137753913224876	6.67100824382857	7.21100358367008
7.04001041574825	0.146005586811063	6.75383946559857	7.32618136589794
6.69028114336996	0.142620750729419	6.4107444719403	6.96981781479962
6.58392754749945	0.137336530213822	6.31474794828036	6.85310714671854
6.72010680022862	0.147273145419451	6.4314514352065	7.00876216525075
7.00795036653911	0.137684163971644	6.73808940515469	7.27781132792353
6.90325209440473	0.144663825357448	6.61971099670413	7.18679319210533
6.77052033625981	0.148792265696122	6.47888749549541	7.06215317702421
6.57258345945781	0.153206867720436	6.27229799872575	6.87286892018986
6.48660847303194	0.13930500437707	6.21357066445289	6.759646281611
6.59644348019653	0.14274187985161	6.31666939568738	6.87621756470569
6.80720091732	0.146864599210491	6.51934630286744	7.09505553177256
6.81604411615663	0.149199669191706	6.52361276454089	7.10847546777238
6.75436358800287	0.142405670482871	6.47524847385644	7.0334787021493
6.75935303028627	0.13399269179217	6.49672735437362	7.02197870619892
6.57433359913645	0.146958043693278	6.28629583349763	6.86237136477528
6.82147495042404	0.146349781198815	6.53462937927436	7.10832052157372
6.53503457343381	0.138278930724382	6.26400786921403	6.8060612776536
6.45567011045845	0.151168512068258	6.15937982680467	6.75196039411224
7.04387350758631	0.141675003785002	6.76619050016771	7.32155651500492
6.85641177084236	0.14530013406008	6.5716235080846	7.14120003360012
6.70814906272845	0.138011957434548	6.43764562615673	6.97865249930016
6.6210508705836	0.136917314572446	6.35269293402161	6.8894088071456
6.81076284235184	0.148723766719619	6.51926425958139	7.10226142512229
6.61489090734898	0.145298627533897	6.33010559738254	6.89967621731542
6.68998091977577	0.136702392397382	6.4220442306769	6.95791760887464
6.76445587432628	0.140990824500828	6.48811385830465	7.0407978903479
6.84327765189852	0.144792637326188	6.5594840827392	7.12707122105785
6.71248621544507	0.136182296616844	6.44556891407605	6.97940351681408
6.71405643766216	0.141829052517036	6.43607149472877	6.99204138059555
6.70232194500311	0.138701294238499	6.43046740829566	6.97417648171057
6.87614053017301	0.152678429669048	6.57689080802167	7.17539025232434
6.73806101113292	0.14592275144566	6.45205241829943	7.02406960396641
6.81945762427102	0.14021109485116	6.54464387836275	7.0942713701793
6.75973519103027	0.146432803924811	6.47272689533764	7.0467434867229
6.71138372840052	0.146722842282369	6.42380695752708	6.99896049927397
6.95989938316355	0.142119156432041	6.68134583655675	7.23845292977035
6.71585304260296	0.147283811724416	6.4271767716231	7.00452931358281
6.86006124141098	0.138687933729261	6.58823289130163	7.13188959152033
6.5471483666674	0.154561234460061	6.24420834712568	6.85008838620912
6.96719633384558	0.144783090864784	6.68342147575061	7.25097119194056
6.89689362219726	0.151851818378003	6.59926405817637	7.19452318621814
6.95057215094729	0.153546757315445	6.64962050660901	7.25152379528556
6.8009984641835	0.135980974961063	6.53447575325981	7.06752117510718
6.7885037613145	0.133566499814876	6.52671342167735	7.05029410095166
6.66873619372079	0.135109889853568	6.40392080960779	6.93355157783378
6.53586437176955	0.155070282643136	6.231926617789	6.83980212575009
6.42456131032106	0.134788594768459	6.16037566457488	6.68874695606724
6.84749910324047	0.144751524866506	6.56378611450212	7.13121209197882
6.6951478277729	0.151408173662291	6.39838780739481	6.99190784815099
6.67710164925979	0.134971660839116	6.41255719401512	6.94164610450446
6.71215151062379	0.141646585825437	6.43452420240593	6.98977881884164
6.69703376127336	0.136486417210652	6.42952038354048	6.96454713900624
6.87678414708815	0.141140248354778	6.60014926031279	7.15341903386352
6.70789795775319	0.147101179891587	6.41957964516567	6.9962162703407
6.84800773125198	0.140644288812533	6.57234492517942	7.12367053732455
6.86334818852622	0.140368742731503	6.58822545277248	7.13847092427997
6.94082315276529	0.144555636424858	6.65749410537257	7.22415220015801
6.53920130432625	0.141456351211818	6.26194685595109	6.81645575270141
6.7592894209851	0.131642162341606	6.50127078279555	7.01730805917465
6.61238005463643	0.148813213552721	6.3207061560731	6.90405395319976
6.90651711648285	0.153450952329142	6.60575324991773	7.20728098304797
6.98549220640302	0.133268336135266	6.7242862675779	7.24669814522815
6.78310975599021	0.141774074012391	6.50523257092592	7.06098694105449
6.93989814349874	0.139767226512863	6.66595437953353	7.21384190746395
6.81126328602466	0.139206470862609	6.53841860313394	7.08410796891537
6.8418968046325	0.142033968936907	6.56351022551616	7.12028338374884
6.71357797625506	0.146655447034842	6.42613330006677	7.00102265244335
6.91771014636056	0.135752732048907	6.65163479154471	7.18378550117642
6.73139281035365	0.135736838262613	6.46534860735893	6.99743701334837
6.62370979701244	0.13635473161711	6.3564545230429	6.89096507098197
6.75467419459568	0.139842783935641	6.48058233808183	7.02876605110954
6.86722744929187	0.150185782001667	6.5728633165686	7.16159158201513
6.65898150370809	0.150906860158183	6.36320405779805	6.95475894961813
6.66647334709973	0.144011414173261	6.38421097532014	6.94873571887932
6.87594472713666	0.134362075074264	6.6125950599911	7.13929439428222
6.82027734583058	0.141349196436424	6.54323292081519	7.09732177084597
6.78212522915742	0.148965679331519	6.49015249766764	7.0740979606472
6.8451796802789	0.132426451510685	6.58562383531795	7.10473552523984
6.64088548969247	0.144765119232062	6.35714585599763	6.92462512338732
6.74361961304949	0.145367457741564	6.45869939587602	7.02853983022295
6.89048637174164	0.145601147663854	6.60510812232048	7.17586462116279
6.56194084904975	0.133201074814617	6.30086674241311	6.8230149556864
6.69546997314324	0.140987878319531	6.41913373163696	6.97180621464952
6.96023436645688	0.141589213423939	6.68271950814596	7.2377492247678
6.7503308517801	0.136021731821927	6.48372825740913	7.01693344615108
6.69648348786516	0.150327692583839	6.40184121040084	6.99112576532948
6.49384728337521	0.149254937643799	6.20130760559336	6.78638696115705
6.62172649512239	0.135526758375065	6.35609404870727	6.88735894153752
6.6881036105126	0.151351501520659	6.39145466753211	6.98475255349309
6.82247823705962	0.147413472699778	6.53354783056806	7.11140864355119
6.78397405866903	0.132282706837535	6.52469995326747	7.0432481640706
6.81030140204117	0.13432945250848	6.54701567512454	7.07358712895779
6.63776147132021	0.157070546823065	6.329903199547	6.94561974309342
6.6409339542889	0.145820843982679	6.35512510008285	6.92674280849495
6.64434440154157	0.150694742725327	6.34898270579993	6.93970609728321
6.94226763689054	0.133141602366966	6.68131009625128	7.20322517752979
6.75702436751985	0.15029873195763	6.4624388528829	7.05160988215681
7.00630549783544	0.148059914705902	6.71610806501187	7.29650293065901
6.79928142378596	0.14177136622962	6.5214095459759	7.07715330159602
6.58226375182576	0.144209001437112	6.29961410900902	6.8649133946425
6.57402560998568	0.143726484049367	6.29232170124893	6.85572951872244
6.84818570682635	0.137392949355773	6.57889552608903	7.11747588756367
6.91310310328478	0.149363104964626	6.62035141755411	7.20585478901545
6.61587719983749	0.142217206960418	6.33713147419507	6.89462292547991
6.83810038004129	0.136850288235981	6.56987381509877	7.10632694498381
6.77340615033816	0.142421437242932	6.49426013334201	7.0525521673343
6.5680076546436	0.148421937199567	6.27710065773245	6.85891465155475
6.48683722820312	0.141720612078045	6.20906482853016	6.76460962787609
6.75241526064112	0.153198317578231	6.45214655818779	7.05268396309446
6.96538333367747	0.134771193282703	6.70123179484338	7.22953487251157
6.86242062598136	0.146143478207337	6.57597940869498	7.14886184326775
6.99076158146017	0.148053271983382	6.70057716837274	7.2809459945476
6.43992727048979	0.152869658843368	6.14030273915678	6.73955180182279
6.88265115418536	0.151988233442766	6.58475421663754	7.18054809173318
6.81604428275254	0.140766747786719	6.54014145709057	7.09194710841451
6.68596527714528	0.143793736419964	6.40412955376215	6.96780100052841
6.76259250120957	0.135017474172003	6.49795825183245	7.0272267505867
7.14144721774685	0.151882734291928	6.84375705853467	7.43913737695903
6.46896912162437	0.139310089988484	6.19592134524694	6.7420168980018
6.43196697630961	0.143645940679663	6.15042093257747	6.71351302004175
6.96058000903139	0.144714212318177	6.67694015288776	7.24421986517501
6.85378309317488	0.144076484653832	6.57139318325336	7.13617300309639
6.54805255442652	0.14334591315901	6.26709456463486	6.82901054421818
6.70364609730251	0.146429843689718	6.41664360367066	6.99064859093436
6.62379451777195	0.143326917743101	6.34287375899547	6.90471527654843
7.03151129102658	0.149715414657638	6.7380690782976	7.32495350375555
6.5941207170136	0.149857796206527	6.30039943644881	6.8878419975784
6.84239623341998	0.137863860831555	6.57218306619014	7.11260940064983
7.13952234049464	0.143959770801567	6.85736118972356	7.42168349126571
6.6372574206835	0.146660930640892	6.34980199662735	6.92471284473965
6.54452260520741	0.145823548811322	6.25870844953721	6.8303367608776
6.51667272451371	0.136638766125645	6.24886074290745	6.78448470611998
6.66938319634509	0.141688457537184	6.39167381957221	6.94709257311797
6.78431290218761	0.149812107075328	6.49068117231997	7.07794463205525
6.64355638477454	0.153043301225104	6.34359151437333	6.94352125517574
6.99766973942885	0.153965072400299	6.69589819752426	7.29944128133343
6.65291922402887	0.135238576234592	6.38785161460906	6.91798683344867
6.86893305924024	0.13402536618159	6.60624334152433	7.13162277695616
6.72455984629876	0.148399159353108	6.43369749396667	7.01542219863085
6.87088420590535	0.144519735709781	6.58762552391418	7.15414288789652
6.57462754214445	0.137453523205071	6.30521863666251	6.84403644762639
6.6119841296934	0.139845807407065	6.33788634717555	6.88608191221125
6.59103997238246	0.143498987484315	6.3097819569132	6.87229798785171
6.65042775310493	0.151492772501229	6.35350191900252	6.94735358720734
6.78272625766502	0.141395397985959	6.50559127761254	7.0598612377175
6.68966787732659	0.153870349965874	6.38808199139348	6.9912537632597
6.79510318664397	0.142683755099635	6.51544302664868	7.07476334663925
6.90931461665682	0.143104846471424	6.62882911757283	7.18980011574081
6.86144157483475	0.149754517857936	6.56792271983319	7.1549604298363
6.73479532397839	0.14674268148437	6.44717966826902	7.02241097968775
6.48374121160742	0.143981266822772	6.20153792863479	6.76594449458006
6.63686238141324	0.157194267274843	6.32876161755455	6.94496314527194
6.69544712708765	0.154307150358972	6.39300511238406	6.99788914179123
6.80077305023766	0.146939282048376	6.51277205742285	7.08877404305248
6.82311312125048	0.154709758711012	6.51988199417689	7.12634424832406
6.85744092950404	0.137029771510811	6.58886257734284	7.12601928166523
6.95854292241657	0.143209916531221	6.67785148601538	7.23923435881776
6.79932334503125	0.147960413439352	6.50932093469012	7.08932575537238
6.89306055022868	0.141037954904881	6.61662615861511	7.16949494184224
6.68436250470501	0.137905769911758	6.41406719567797	6.95465781373206
6.51120185044663	0.144809967044506	6.22737431503939	6.79502938585386
6.67459584489786	0.144872720938055	6.39064531185928	6.95854637793645
6.87000544041901	0.137522903486296	6.60046054958587	7.13955033125215
6.70682195771238	0.145075170867543	6.422474622812	6.99116929261277
6.25789390901371	0.140016607992662	5.98346135734809	6.53232646067932
6.79892179618007	0.134583110961214	6.53513889869609	7.06270469366405
6.63016447022044	0.131900005423005	6.37164045959135	6.88868848084953
6.84943537532709	0.148545382815215	6.55828642500927	7.14058432564491
6.7860459841075	0.134760495922251	6.52191541209989	7.05017655611511
6.66677714633345	0.142119474191154	6.38822297691879	6.94533131574812
6.72134441750207	0.140168303750434	6.44661454215122	6.99607429285292
6.67599933081775	0.136658320430209	6.40814902277454	6.94384963886096
6.78975623261264	0.14340851479656	6.50867554361138	7.07083692161389
6.67022015633784	0.153576057319861	6.36921108399091	6.97122922868477
6.96761887548714	0.148918159902845	6.67573928207757	7.25949846889672
6.54893022065926	0.144935388118483	6.26485685994703	6.83300358137148
6.80509045148045	0.142412694877435	6.52596156952067	7.08421933344022
6.5763491994014	0.12680903878594	6.32780348338096	6.82489491542185
7.03655961346267	0.145737147042674	6.75091480525903	7.32220442166631
6.84071660919864	0.14222344086032	6.56195866511241	7.11947455328487
6.81655856020209	0.145153984535147	6.5320567505132	7.10106036989097
6.76659933815358	0.141190965053294	6.48986504664913	7.04333362965804
6.85617889289905	0.141269868848697	6.57928994995561	7.1330678358425
6.81082475393064	0.14519198745527	6.52624845851832	7.09540104934297
6.79308570334605	0.142217819396798	6.51433877732833	7.07183262936378
6.8935372848784	0.13687387792874	6.62526448413807	7.16181008561873
6.80022862929841	0.133425563720913	6.53871452440542	7.0617427341914
6.65086546491851	0.144617554867656	6.36741505737791	6.93431587245912
6.79840450711788	0.142220197614687	6.5196529197931	7.07715609444267
6.68833516143809	0.144327686455915	6.4054528959845	6.97121742689169
6.64939678534809	0.136227071012049	6.38239172616447	6.91640184453171
6.72154168883798	0.14087560400332	6.44542550499147	6.99765787268448
6.72100931660112	0.151313496730443	6.42443486300945	7.01758377019279
6.61686815675431	0.139614728513753	6.34322328886736	6.89051302464127
6.81544317927827	0.151370390641634	6.51875721362067	7.11212914493588
6.89194183774833	0.15120208950863	6.59558574231141	7.18829793318525
6.75638197033176	0.142621515169022	6.47684380060047	7.03592014006304
6.82944806584266	0.147238433575148	6.54086073603536	7.11803539564995
6.82066933700662	0.149023915014221	6.52858246357874	7.11275621043449
6.71866367670373	0.151725440815105	6.42128181270613	7.01604554070134
6.71711205434515	0.137747316623977	6.44712731376215	6.98709679492814
6.59143845355574	0.143856100571006	6.30948049643657	6.87339641067491
6.71928319471388	0.138777005091858	6.44728026473384	6.99128612469392
6.7028641931884	0.154139922691759	6.40074994471255	7.00497844166424
6.59207560274532	0.139578157195556	6.31850241464203	6.86564879084862
6.66582125102301	0.143216745054493	6.3851164307162	6.94652607132981
6.62765329862231	0.144801852105704	6.34384166849513	6.91146492874949
6.88309532354262	0.134231200485181	6.62000217059167	7.14618847649358
7.00770508881927	0.151050655481555	6.71164580407542	7.30376437356312
6.77010843191904	0.151775692999827	6.47262807363938	7.06758879019871
6.82104220919518	0.144000436070851	6.53880135449631	7.10328306389405
6.78285267709034	0.150416238218261	6.48803685018254	7.07766850399813
6.79445332209142	0.14162631764463	6.51686573950795	7.0720409046749
6.74482061049606	0.14457563359317	6.46145236865345	7.02818885233868
6.80197163406761	0.142523455659379	6.52262566097522	7.08131760715999
6.70822906928205	0.146830814182386	6.42044067348457	6.99601746507952
6.4543300420026	0.141395018628097	6.17719580549153	6.73146427851367
6.88020781290687	0.146243320874546	6.59357090399276	7.16684472182098
6.73018591796827	0.133636360230401	6.46825865191668	6.99211318401986
6.75015440635012	0.147192707605332	6.46165669944367	7.03865211325657
6.66832359857175	0.146281227250863	6.38161239316006	6.95503480398344
6.62733500223838	0.147521990527401	6.33819190080467	6.91647810367208
6.94364550230926	0.150729001914059	6.64821665855771	7.23907434606082
6.88716178364466	0.148122494170028	6.59684169507141	7.17748187221792
6.92969912807411	0.146725192217082	6.64211775132863	7.21728050481959
6.8343518272908	0.133249053312901	6.57318368279752	7.09551997178409
6.70498282808885	0.145429996811918	6.41994003433749	6.99002562184021
6.47395825998146	0.150267411780483	6.17943413289171	6.7684823870712
6.51687951910891	0.141853653207317	6.23884635882257	6.79491267939525
6.63899609308361	0.148175340952106	6.34857242481748	6.92941976134974
6.85512878357517	0.152685202588564	6.55586578650158	7.15439178064875
6.61286218423396	0.138345225721383	6.34170554182005	6.88401882664787
6.72724044561904	0.146070925671634	6.44094143130264	7.01353945993544
6.73092656064886	0.138697501808475	6.45907945710425	7.00277366419347
6.73714924352395	0.133304036208312	6.47587333255566	6.99842515449224
6.92848029825535	0.15096451844643	6.63258984210034	7.22437075441035
6.90120008178256	0.144428196798839	6.61812081605684	7.18427934750829
6.49480992404163	0.141333841005913	6.21779559567004	6.77182425241322
6.8615282667042	0.140386633641328	6.5863704647672	7.1366860686412
6.9339950231103	0.146064413562023	6.64770877252874	7.22028127369187
6.61731063736471	0.14840439979394	6.32643801376858	6.90818326096083
6.72945602242934	0.149290296159129	6.43684704195745	7.02206500290123
6.85126352141029	0.158315924263425	6.54096430985398	7.1615627329666
7.05685642418598	0.140435784696671	6.78160228618051	7.33211056219146
6.77819091124232	0.147239383039543	6.48960172048482	7.06678010199983
6.73261912571307	0.144716620224709	6.44897455007264	7.0162637013535
6.80081890565327	0.139196937595939	6.52799290796523	7.07364490334131
6.68941606207607	0.139038885821257	6.41689984586641	6.96193227828573
6.88541011441687	0.139350876623065	6.61228239623566	7.15853783259807
6.6429553201004	0.146637194404573	6.35554641906744	6.93036422113336
6.92334751231346	0.150785043789411	6.62780882648622	7.21888619814071
6.5079869025981	0.143652404002202	6.22642819075379	6.78954561444242
6.81657412993983	0.135325027016855	6.55133707698679	7.08181118289286
6.63215268474018	0.14325706368888	6.35136883990997	6.91293652957038
6.64398969837461	0.14765187254907	6.35459202817843	6.93338736857079
6.66444942557764	0.143094200873575	6.38398479186543	6.94491405928985
6.5660793406099	0.136806797547298	6.2979380174172	6.83422066380261
6.46420781895478	0.149982840573539	6.17024145143065	6.75817418647892
6.88800842167513	0.147721894310649	6.59847350882626	7.177543334524
6.83831907259244	0.131917995263027	6.57975980187691	7.09687834330798
6.78113281470459	0.142772084233954	6.50129952960604	7.06096609980314
6.81626817970852	0.14875709445742	6.52470427457198	7.10783208484507
6.68433108689884	0.145189153457664	6.39976034612182	6.96890182767586
6.81320773394074	0.147648951561018	6.52381578888115	7.10259967900034
6.64351190402817	0.143846764625901	6.3615722453614	6.92545156269494
6.66717257201145	0.13412806941813	6.40428155595191	6.93006358807098
7.03666491172619	0.154716828050661	6.73341992874689	7.33990989470548
6.74033143114778	0.146944912714363	6.45231940222763	7.02834346006793
6.99937114565258	0.140691334551222	6.72361612993219	7.27512616137298
6.49971977577959	0.142680119338919	6.22006674187531	6.77937280968387
6.81410475065077	0.140341397811796	6.53903561093965	7.08917389036189
6.72416129160798	0.145050232735423	6.43986283544655	7.00845974776941
6.51723482225141	0.148508367990999	6.22615842098905	6.80831122351377
6.89978348527369	0.157290602524287	6.59149390432609	7.20807306622129
6.61626327911597	0.137159122403933	6.34743139920426	6.88509515902768
6.65378896791072	0.156641453152285	6.34677171973224	6.9608062160892
6.8086363110435	0.139479131762243	6.5352572127895	7.08201540929749
6.9264430785903	0.139560410430172	6.65290467414716	7.19998148303343
6.84354740593507	0.149884442153745	6.54977389931373	7.13732091255641
6.70124084622863	0.138609034369834	6.42956713886375	6.9729145535935
6.84784886443986	0.136554371283999	6.58020229672322	7.1154954321565
6.83911554302611	0.151451959108205	6.54226970317403	7.13596138287819
6.9047925319058	0.137167499956958	6.63594423199016	7.17364083182144
6.32909120667515	0.151641965345086	6.03187295459878	6.62630945875152
6.83772085126341	0.144345384253244	6.55480389812705	7.12063780439977
6.7362867542288	0.137595060031946	6.46660043656619	7.00597307189142
6.72168743629509	0.148431231123789	6.43076222329246	7.01261264929771
6.64249771771555	0.139791152039103	6.3685070597189	6.91648837571219
6.75683452435718	0.141152819780166	6.48017499758806	7.03349405112631
6.73516021524409	0.137624801712302	6.46541560388797	7.0049048266002
6.83883582249195	0.146758539224555	6.55118908561182	7.12648255937208
6.77874896982315	0.150510943277518	6.48374752099921	7.07375041864708
6.78437846408227	0.139181165986898	6.51158337874795	7.05717354941659
6.99774863243653	0.144502643451795	6.71452345127101	7.28097381360205
6.51948307872913	0.147152314855273	6.2310645416128	6.80790161584547
6.81396128489483	0.132701232383995	6.5538668694222	7.07405570036746
6.39426585831686	0.15389719764618	6.09262735093035	6.69590436570338
6.78632794879593	0.136753970890558	6.51829016585043	7.05436573174142
6.69379730777284	0.137081959892112	6.4251166663843	6.96247794916138
6.6897529241616	0.143690393300223	6.40811975329317	6.97138609503004
6.82777655148196	0.152210452285181	6.52944406500301	7.12610903796092
6.7668774620309	0.155718797745329	6.46166861845006	7.07208630561175
6.95470268998917	0.150728954241168	6.65927393967648	7.25013144030186
6.97248036900136	0.157427269024606	6.66392292171313	7.28103781628958
6.57502935649113	0.143444090638155	6.29387893884035	6.85617977414192
6.64835381310769	0.141524421136901	6.37096594767936	6.92574167853601
6.770165957983	0.144989570466444	6.48598639986877	7.05434551609723
6.60302901778708	0.13814807797575	6.33225878495461	6.87379925061955
6.73961950091932	0.130812459032169	6.48322708121627	6.99601192062237
7.08632238432479	0.153598778259415	6.78526877893633	7.38737598971324
6.94292681109089	0.142879996574507	6.66288201780486	7.22297160437693
6.70596025325689	0.143104947578028	6.42547455600395	6.98644595050982
6.65355477663629	0.143102217168702	6.37307443098564	6.93403512228694
6.7000000261598	0.151226802075261	6.40359549409229	6.99640455822731
6.80009589991608	0.144840870420221	6.51620779389244	7.08398400593971
6.64714928197142	0.14122030604379	6.37035748212559	6.92394108181725
6.57526757531248	0.148228471528838	6.28473977111596	6.865795379509
6.60963632302655	0.131040860643794	6.35279623616471	6.86647640988839
7.11301622429576	0.132785021104604	6.85275758293074	7.37327486566078
6.59140601872097	0.135806870109587	6.32522455330618	6.85758748413576
6.86424851967601	0.138530652683918	6.59272844041553	7.13576859893649
6.83455547977518	0.14671699232074	6.54699017482653	7.12212078472383
6.85297138906459	0.139338827077469	6.57986728799275	7.12607549013643
6.79189039680493	0.140319056390331	6.51686504627988	7.06691574732998
7.00366977302276	0.145741697355906	6.71801604620518	7.28932349984034
7.09175499212527	0.150210817699752	6.79734178943376	7.38616819481678
6.63187067472833	0.137707268115908	6.36196442922115	6.90177692023551
6.85216719947617	0.138323443735439	6.5810532497547	7.12328114919763
7.09583913137932	0.13779719211101	6.82575663484174	7.3659216279169
6.6406471718258	0.129430918900265	6.38696257078128	6.89433177287032
6.90016838257535	0.121477405794056	6.662072667219	7.1382640979317
6.59739899345203	0.155827474695335	6.29197714304917	6.90282084385488
6.65364548182099	0.13532177080504	6.38841481104311	6.91887615259887
6.76057471413756	0.144755168740214	6.47685458340674	7.04429484486838
6.812536019792	0.14433252892704	6.529644263095	7.095427776489
6.99474499167566	0.151614189770233	6.69758117972601	7.29190880362532
6.7156656559726	0.153420418739324	6.41496163524353	7.01636967670168
6.68812664593962	0.135389339583442	6.42276354035608	6.95348975152317
6.58070268458179	0.134708962514185	6.31667311805398	6.84473225110959
6.85933796676037	0.140253547692817	6.58444101328244	7.13423492023829
6.81597807589974	0.141731157153588	6.53818500787871	7.09377114392077
6.69819238380881	0.149528686574647	6.40511615812251	6.99126860949512
7.03624838764488	0.141197821939245	6.75950065664396	7.31299611864581
6.81857343926958	0.141240206528109	6.54174263447448	7.09540424406467
6.90396631006164	0.135032196539204	6.6393032048448	7.16862941527848
6.7217160390812	0.154784580715876	6.41833826087809	7.02509381728432
6.67169390256526	0.152260179126015	6.37326395147828	6.97012385365225
6.67934342647155	0.149260689336446	6.38679247537212	6.97189437757099
6.5887573715261	0.145217374490191	6.30413131752532	6.87338342552687
6.64633464005875	0.147484998206606	6.3572640435738	6.9354052365437
6.63485070535228	0.150008338259746	6.34083436236318	6.92886704834138
6.63470711406253	0.144834353666432	6.35083178087632	6.91858244724874
6.89931685703833	0.135036852064642	6.63464462699163	7.16398908708503
6.70843541724399	0.147559167650769	6.41921944864849	6.9976513858395
6.54021207417621	0.150664963774381	6.24490874517842	6.83551540317399
6.87136687724281	0.146333795253795	6.58455263854537	7.15818111594025
6.79926014387102	0.142295343958728	6.52036126971191	7.07815901803012
6.50065817785928	0.153763206545269	6.19928229303055	6.802034062688
6.87216978614416	0.140579524049063	6.596633919008	7.14770565328033
6.76122478213363	0.147658004750147	6.47181509282334	7.05063447144392
6.74963110743187	0.146318930468446	6.46284600371372	7.03641621115003
6.62400386193359	0.144015874830719	6.34173274726538	6.90627497660179
6.66448639307886	0.144684852269518	6.3809040826306	6.94806870352712
6.65120718533689	0.143657678041758	6.36963813637504	6.93277623429874
6.7327695973106	0.149011055904554	6.44070792773767	7.02483126688353
6.7952627957931	0.134828658713636	6.53099862471437	7.05952696687182
6.66148747320103	0.145821057420113	6.37567820065761	6.94729674574445
7.04700856087699	0.141780282815399	6.76911920655881	7.32489791519517
6.90893935253211	0.144433781766317	6.62584914027013	7.19202956479409
6.81970540363301	0.142012705649044	6.54136050056088	7.09805030670513
7.01592496585407	0.145725895650505	6.73030221037908	7.30154772132906
6.69928054077428	0.14597183295008	6.41317574819213	6.98538533335644
6.47940756128885	0.144474506930306	6.19623752770545	6.76257759487225
6.98279018988179	0.143771214525227	6.70099860941234	7.26458177035123
6.72391481406049	0.138990628007843	6.45149318316511	6.99633644495586
6.76107705959015	0.143020325204256	6.4807572221898	7.04139689699049
6.61313288418315	0.147660944677771	6.32371743261471	6.90254833575158
6.5567606337348	0.139711081095577	6.28292691478747	6.83059435268213
6.4708869726343	0.138189318772859	6.2000359078395	6.74173803742911
6.85532399007434	0.143874296887899	6.57333036817406	7.13731761197463
6.54517624145685	0.148147568907653	6.25480700639785	6.83554547651585
6.97633669565309	0.138321756204409	6.70522605349245	7.24744733781373
6.76697253940775	0.137196232246844	6.49806792420393	7.03587715461156
6.63206390529124	0.148723738287645	6.34056537824746	6.92356243233502
6.92334318791062	0.133418003908637	6.66184390024969	7.18484247557154
6.72528841631079	0.143403308021827	6.44421793258801	7.00635890003357
6.74090448508226	0.138146881433728	6.47013659747215	7.01167237269236
6.7074524533594	0.137434677869122	6.43808048473592	6.97682442198288
6.68724242910702	0.145100779417309	6.4028449014491	6.97163995676495
6.60584082240351	0.134599825119117	6.34202516517004	6.86965647963698
7.08300903019689	0.142664583797734	6.80338644595333	7.36263161444045
6.72044460957142	0.149186782391301	6.42803851608447	7.01285070305837
7.0181473070857	0.140075541642591	6.74359924546622	7.29269536870518
6.842961465202	0.140686671158557	6.56721558973123	7.11870734067277
6.79043765540503	0.152156059769631	6.49221177825655	7.0886635325535
6.80018799866545	0.141213890184807	6.52340877390323	7.07696722342767
6.9549544243438	0.152155245749482	6.65673014267482	7.25317870601279
6.60884168726146	0.153094809239166	6.30877586115269	6.90890751337023
6.66649074887049	0.139852629754693	6.39237959455129	6.94060190318969
6.77634397585187	0.150959183082945	6.4804639770093	7.07222397469444
7.0046284080464	0.144587004788084	6.72123787866176	7.28801893743104
6.85679868873297	0.139787769854808	6.58281465981755	7.1307827176484
7.04444425656218	0.159017462829116	6.73277002941711	7.35611848370724
6.71556587308679	0.14222147932294	6.43681177361383	6.99431997255975
6.67923537998402	0.150578259409253	6.38410199154189	6.97436876842616
6.65805370359937	0.155414613548605	6.3534410610441	6.96266634615464
6.72640981321082	0.14241201335245	6.44728226704002	7.00553735938162
6.94039684665702	0.147307935652101	6.6516732927789	7.22912040053514
7.04999117473144	0.14353674007081	6.76865916419265	7.33132318527022
6.87655260636485	0.149569812038838	6.58339577476873	7.16970943796097
6.8517886719172	0.128719637436123	6.5994981825424	7.104079161292
6.54886653346493	0.143773366273266	6.26707073556933	6.83066233136053
6.73712426779747	0.143800271923683	6.45527573482705	7.01897280076788
6.82077279859791	0.139976351465585	6.54641914972536	7.09512644747045
6.48471390053375	0.145946264434266	6.19865922224259	6.77076857882491
6.53729112635695	0.143211821630423	6.25659595596132	6.81798629675258
6.97095083462374	0.13927491241652	6.69797200628736	7.24392966296011
6.69121037819933	0.145026706371562	6.40695803371107	6.97546272268759
6.57185510452272	0.140207777829148	6.29704785997759	6.84666234906785
6.64676343213681	0.138659625240583	6.37499056666527	6.91853629760835
6.62132379600134	0.148533555660791	6.33019802690619	6.91244956509649
6.96755719399083	0.142908456015229	6.68745662020098	7.24765776778068
6.63524181528805	0.135827479475774	6.36901995551553	6.90146367506057
6.66048874823514	0.139473042613642	6.38712158471241	6.93385591175788
6.96692953142984	0.141288781344762	6.69000351999411	7.24385554286557
6.89607497747499	0.155661257047781	6.59097891366134	7.20117104128864
6.87827722516922	0.138722766337593	6.60638060314754	7.1501738471909
6.68133313572399	0.1404668984122	6.40601801483608	6.9566482566119
6.67309181820632	0.134503448190971	6.40946505975202	6.93671857666062
6.5779861373574	0.151227724351726	6.28157979762802	6.87439247708678
6.90648980864956	0.144446445893131	6.62337477469902	7.18960484260009
6.85859006730565	0.155301220006059	6.55419967609377	7.16298045851753
6.68887990838998	0.144290597667016	6.40607033696263	6.97168947981733
6.83324895161312	0.146282305874799	6.54653563209852	7.11996227112773
6.71149434595812	0.144163936621042	6.42893303018088	6.99405566173537
6.73773329858021	0.125195023154167	6.49235105319805	6.98311554396238
6.58079989617931	0.144641314761772	6.29730291924624	6.86429687311238
6.78249917169275	0.145546479815378	6.49722807125461	7.06777027213089
6.90367854050445	0.143642049401015	6.62214012367846	7.18521695733043
7.0064893029641	0.146054514872095	6.72022245381479	7.29275615211341
6.94026912659234	0.146787146144369	6.65256632014938	7.2279719330353
6.7015188096683	0.14683050514746	6.41373101957928	6.98930659975732
6.65994582557227	0.143656202981368	6.37837966772879	6.94151198341575
6.49680929342344	0.137728279194568	6.22686186620209	6.7667567206448
6.99214295101732	0.142089385529022	6.71364775538044	7.2706381466542
6.65203539140118	0.143420195385537	6.37093180844553	6.93313897435683
6.94709737031675	0.133921586823622	6.68461106014245	7.20958368049105
6.98126869135987	0.141387161893967	6.70414985404769	7.25838752867204
6.78246258374457	0.140445642893362	6.50718912367358	7.05773604381556
6.73271337870678	0.135776875892173	6.46659070195813	6.99883605545544
6.83541070706772	0.139922301313353	6.56116299649354	7.10965841764189
6.66324105905899	0.137555048832706	6.39363316334689	6.93284895477109
