estFinal_ipw	sdFinal_ipw	X1.1	X2.1
10.8972202395436	0.475658575060281	9.96492943242544	11.8295110466617
11.8851234039517	0.607141933951941	10.6951252134059	13.0751215944975
10.5239304295728	0.390834471300831	9.75789486582316	11.2899659933224
10.5259488781967	0.416268985032481	9.71006166753299	11.3418360888603
10.7643413932383	0.435776822606942	9.91021882092872	11.6184639655479
11.5445733019237	0.513009112700187	10.5390754410313	12.5500711628161
10.9412510270354	0.467596485145699	10.0247619161499	11.857740137921
10.7126201301052	0.408997473191876	9.91098508264913	11.5142551775613
10.7046434904372	0.446363926489511	9.82977019451775	11.5795167863566
10.8762858970219	0.512554761504436	9.87167856447321	11.8808932295706
11.412289957896	0.589765306621179	10.2563499569185	12.5682299588735
11.1387223824254	0.507762316908403	10.1435082412849	12.1339365235659
11.0267333955098	0.422991598352884	10.1976698627381	11.8557969282814
11.2371346879516	0.45027057834557	10.3546043543942	12.1196650215089
11.0952157920813	0.436088223650447	10.2404828737265	11.9499487104362
11.1346475823192	0.447720292449519	10.2571158091181	12.0121793555203
10.8443787318533	0.487441205910228	9.88899396826922	11.7997634954373
10.7800191480115	0.376615072570365	10.0418536057736	11.5181846902494
10.5796133978407	0.373194118878217	9.84815292483938	11.311073870842
11.2504092503963	0.437068725624341	10.3937545481726	12.10706395262
11.186251112132	0.545611790393517	10.1168520029607	12.2556502213033
11.0214123695293	0.430282087764748	10.1780594775104	11.8647652615482
11.3849475840228	0.419176970396635	10.5633607220454	12.2065344460002
10.4533673350445	0.473861127071585	9.52459952598418	11.3821351441048
11.0470028035425	0.412799728706114	10.2379153352785	11.8560902718065
11.5266765919631	0.51734310770615	10.5126841008591	12.5406690830672
11.0792398201419	0.454350180728297	10.1887134659144	11.9697661743694
10.5274993850124	0.426400310137051	9.69175477714381	11.3632439928811
11.1527653779781	0.513749190702852	10.1458169642005	12.1597137917557
11.2840654060898	0.454419161976832	10.3934038486152	12.1747269635644
11.2455832218039	0.433954416243203	10.3950325659672	12.0961338776406
11.3886530809099	0.631345338386964	10.1512162176715	12.6260899441484
11.5409656449928	0.495618499100167	10.5695533867565	12.5123779032292
11.2301213100264	0.44975047182625	10.348610385247	12.1116322348059
11.4355722352302	0.511856898969347	10.4323327132503	12.4388117572101
10.6995441844788	0.368413401055809	9.97745391840938	11.4216344505482
11.3735698266036	0.482586725601105	10.4276998444254	12.3194398087817
10.6331148657756	0.327657366321563	9.99090642778532	11.2753233037658
11.1480327808888	0.418597497111604	10.32758168655	11.9684838752275
10.701616417328	0.417878992007382	9.88257359299351	11.5206592416624
11.279003958705	0.545623318893705	10.2095822536733	12.3484256637366
11.2557607089859	0.540978556246868	10.195442738742	12.3160786792297
10.6545624990088	0.575403577311469	9.52677148747836	11.7823535105393
10.4294049775967	0.347368675526526	9.74856237356475	11.1102475816287
11.4919014471951	0.421635392323875	10.6654960782403	12.3183068161499
10.8325328447648	0.428579297515972	9.99251742163352	11.6725482678961
11.2175551844489	0.360609945927033	10.5107596904319	11.9243506784659
10.4397708533372	0.427968958080933	9.60095169549859	11.2785900111759
11.4222020822603	0.466394040638276	10.5080697626092	12.3363344019113
11.0292016542552	0.464264018324998	10.1192441783382	11.9391591301722
11.2482954897178	0.5186624602091	10.231717067708	12.2648739117277
10.1012647132033	0.368501587738057	9.37900160123672	10.8235278251699
11.7593019664377	0.549532551958348	10.6822181645994	12.8363857682761
11.271094836849	0.398796728677698	10.4894532486407	12.0527364250572
10.5741651343885	0.435023967127819	9.72151815881802	11.4268121099591
10.658495374835	0.417568447041617	9.84006121863345	11.4769295310366
10.8367907472961	0.397861257943104	10.0569826817276	11.6165988128646
10.9334290120195	0.414781152139741	10.1204579538256	11.7464000702134
10.8664684288497	0.434118550923969	10.0155960690387	11.7173407886606
11.5799810747757	0.528827212348147	10.5434797385734	12.6164824109781
11.2760011636279	0.458162479225099	10.3780027043467	12.1739996229091
11.4541675771544	0.423775481612603	10.6235676331937	12.2847675211151
11.3728855232679	0.458746310337558	10.4737427550063	12.2720282915295
10.9804795165805	0.522426260136888	9.95652404671218	12.0044349864488
10.9237817292404	0.428697026010347	10.0835355582601	11.7640279002207
11.1052128457193	0.448007946965108	10.2271172696677	11.9833084217709
10.1677446903817	0.389214736873359	9.40488380610994	10.9306055746535
10.7727215922199	0.43527390111897	9.91958474602671	11.6258584384131
11.0450286641828	0.419551064667169	10.2227085774352	11.8673487509305
10.6482778778214	0.435020711529648	9.79563728322326	11.5009184724195
11.7117241082928	0.484366558294463	10.7623656540356	12.6610825625499
11.4348888795906	0.50860409462203	10.4380248541314	12.4317529050498
10.0942068709325	0.43274499419945	9.24602668230161	10.9423870595635
10.9866308495592	0.387449717569515	10.227229403123	11.7460322959955
11.072096271088	0.390158995206695	10.3073846404829	11.8368079016931
11.3564253653657	0.460303240208079	10.4542310145579	12.2586197161735
11.3116569059625	0.427015546699714	10.474706434431	12.1486073774939
10.9728271751648	0.449617469739037	10.0915769344763	11.8540774158533
11.6561189023833	0.511392080569739	10.6537904244666	12.6584473802999
10.9250479603489	0.482491192092423	9.97936522384772	11.87073069685
10.8069997189873	0.443403971869369	9.93792793412332	11.6760715038512
10.4766069105628	0.393778433213188	9.70480118146496	11.2484126396607
10.2992699734743	0.420892218156595	9.47432122588734	11.1242187210612
10.9303604548576	0.38925105332467	10.1674283903412	11.6932925193739
10.7642269261022	0.473009371562584	9.83712855783958	11.6913252943649
10.7037315720328	0.417273037267221	9.885876418989	11.5215867250765
10.8780896196221	0.593341292306159	9.71514068670201	12.0410385525422
10.4969861916651	0.421547188804568	9.67075370160816	11.3232186817221
11.6806647051629	0.427678559797485	10.8424147279598	12.5189146823659
11.0386139663646	0.450252349514255	10.1561193613167	11.9211085714125
11.2754310269579	0.462695169916775	10.368548493921	12.1823135599947
11.5483309929948	0.526898072067861	10.5156107717418	12.5810512142478
10.9381852646686	0.424742575602157	10.1056898164883	11.7706807128488
11.1789968822968	0.399948236054725	10.3950983396296	11.9628954249641
10.9055880728825	0.470743387902865	9.9829310325929	11.8282451131721
12.282179835561	0.505517442567111	11.2913656481295	13.2729940229925
11.4813458339441	0.613995105266725	10.2779154276213	12.6847762402669
10.7924567809563	0.474839702890824	9.86177096329026	11.7231425986223
11.0105329869365	0.438478947421125	10.1511142499911	11.8699517238819
11.8515602781338	0.571974358155266	10.7304905361495	12.9726300201182
10.5240891715168	0.397158177317144	9.74565914397517	11.3025191990584
10.7712095423747	0.483786654392267	9.82298769976587	11.7194313849836
12.2001276530351	0.636644124165231	10.9523051696712	13.4479501363989
11.1766210001144	0.49142969878689	10.2134187904921	12.1398232097367
11.2187655321639	0.441974662026945	10.3524951945911	12.0850358697368
11.1997889822	0.532006391359545	10.1570564551353	12.2425215092647
10.5880446147192	0.462717169730948	9.68111896204651	11.4949702673918
11.5685573373623	0.427725658785659	10.7302150461424	12.4068996285822
10.46731666406	0.458158033402765	9.56932691859055	11.3653064095294
10.522918971227	0.409390199496542	9.72051418021373	11.3253237622402
10.5149547822172	0.438671920390947	9.65515781825097	11.3747517461835
11.0894656408945	0.510311093767572	10.0892558971101	12.089675384679
11.2643986505491	0.418227312390438	10.4446731182639	12.0841241828344
11.3759004089712	0.482945385682142	10.4293274530342	12.3224733649082
11.1908573484432	0.539171666113202	10.1340808828613	12.2476338140251
11.4417891287898	0.526614855765294	10.4096240114898	12.4739542460898
11.423269336596	0.417685046404317	10.6046066456435	12.2419320275485
10.4561243888219	0.424200357362998	9.62469168839043	11.2875570892534
10.7648481483128	0.42876658616321	9.92446563943289	11.6052306571927
10.893044348983	0.404101595964096	10.1010052208934	11.6850834770726
11.2487383023894	0.41670377318668	10.4319989069435	12.0654776978353
10.5014724207438	0.427269176597542	9.66402483461267	11.338920006875
11.5797691996437	0.537829731630574	10.5256229256478	12.6339154736396
10.7227328053944	0.391808396707395	9.9547883478479	11.4906772629409
10.2035613956851	0.385791352041206	9.44741034568429	10.9597124456858
10.99228607081	0.464636986710493	10.0815975768575	11.9029745647626
11.0175131594006	0.533897252530669	9.9710745444405	12.0639517743607
11.0536497338313	0.455297030423943	10.1612675542004	11.9460319134622
10.6245002623005	0.543733219516815	9.55878315204758	11.6902173725535
11.0129685257721	0.44493643587504	10.1408931114571	11.8850439400872
11.5071652525525	0.4050631448946	10.7132414885591	12.3010890165459
10.7046697187064	0.366893415744331	9.98555862384755	11.4237808135653
11.5013926391996	0.422806461883934	10.6726919739071	12.3300933044921
10.6790198641635	0.381127875267239	9.93200922863969	11.4260304996873
11.5528795602221	0.758907913698126	10.0654200493738	13.0403390710704
11.2740030594161	0.457527538873223	10.3772490832245	12.1707570356076
10.8610899583934	0.421488308608809	10.0349728735202	11.6872070432667
10.3668199331025	0.387051268816829	9.60819944622152	11.1254404199835
10.5494995429989	0.438192795490583	9.69064166383733	11.4083574221604
11.2220876726452	0.41379255334927	10.4110542680806	12.0331210772097
11.4992377752056	0.669544660707001	10.1869302402198	12.8115453101913
11.4404480901899	0.492777347963751	10.4746044881809	12.4062916921988
10.8179265749161	0.438788471217595	9.95790117132964	11.6779519785026
10.1745394806753	0.400424255306422	9.38970794027474	10.9593710210759
10.4188091249821	0.409797886695407	9.61560526705911	11.2220129829051
10.6397942463336	0.374599644435959	9.9055789432391	11.3740095494281
11.2239233577818	0.513448589279509	10.217564122794	12.2302825927697
11.2787924620053	0.396214166414074	10.5022126958337	12.0553722281768
11.5050127478099	0.49885006747726	10.5272666155545	12.4827588800653
10.9526242274284	0.50093699838515	9.97078771059351	11.9344607442633
11.0560702775528	0.382320755674963	10.3067215964299	11.8054189586757
10.8826330210772	0.464350656171616	9.97250573498081	11.7927603071735
10.6335044527348	0.5004330218444	9.65265572991973	11.6143531755498
10.4374885770881	0.380971977436434	9.6907835013127	11.1841936528635
10.1279208620186	0.360710221384151	9.42092882810571	10.8349128959316
10.6914767253168	0.47318410539619	9.76403587874023	11.6189175718933
11.0941290318208	0.432167922534675	10.2470799036528	11.9411781599887
9.79886024636997	0.381295438788056	9.05152118634538	10.5461993063946
10.7304578889706	0.390302584142111	9.96546482405205	11.4954509538891
11.2308236708899	0.390748685651138	10.4649562470137	11.9966910947662
10.4750405276795	0.373615186617578	9.74275476190904	11.2073262934499
11.4986956456462	0.418799606993535	10.6778484159388	12.3195428753535
11.1367315596301	0.423054558280106	10.3075446254011	11.9659184938591
9.9130767504724	0.365551233994599	9.19659633184299	10.6295571691018
10.5066762535808	0.393963064650208	9.7345086468664	11.2788438602952
11.2049650991869	0.481357975485383	10.2615034672355	12.1484267311382
10.8125557448363	0.476800973047343	9.87802583766354	11.7470856520091
11.0308487929876	0.444790288388233	10.1590598277467	11.9026377582286
10.9654986423462	0.455838604972622	10.0720549765998	11.8589423080925
11.7485942949313	0.51009396892111	10.7488101158459	12.7483784740167
10.4453625955904	0.379867091700865	9.70082309585668	11.1899020953241
10.6499985004746	0.430603174666546	9.80601627812821	11.4939807228211
11.0036262844616	0.421764512865947	10.1769678392444	11.8302847296789
10.8752973540173	0.455643947830548	9.98223521626944	11.7683594917652
10.4170226569181	0.428735214706194	9.57670163609392	11.2573436777422
11.5087722818855	0.570099263466217	10.3913777254917	12.6261668382793
10.2773086058607	0.483886224644812	9.32889160555689	11.2257256061646
10.8730504538709	0.412778129395011	10.0640053202567	11.6820955874852
11.6377873329305	0.500034155570889	10.6577203880115	12.6178542778494
10.5001829114423	0.456293994571022	9.60584668208306	11.3945191408015
12.0108777825612	0.585701571454792	10.8629027025098	13.1588528626126
10.4510466962497	0.369838179524062	9.72616386438255	11.1759295281169
11.1793271411548	0.450501712179472	10.296343785283	12.0623104970266
11.4432182580845	0.530373268135749	10.4036866525385	12.4827498636306
11.1913735615539	0.471736516220186	10.2667699897623	12.1159771333454
11.2987382423922	0.429999044955083	10.4559401142803	12.1415363705042
11.3999971702554	0.391695638148985	10.6322737194834	12.1677206210274
11.0062320597612	0.444430457844962	10.1351483623851	11.8773157571374
11.1046306016469	0.440123526575476	10.241988489559	11.9672727137349
12.1410805994603	0.457112427162642	11.2451402422215	13.037020956699
10.9277412360555	0.465951582441488	10.0144761344701	11.8410063376408
11.5720436449459	0.457082348906138	10.6761622410898	12.4679250488019
10.5751841846341	0.491983811396649	9.61089591429662	11.5394724549715
10.8186526252909	0.429845497503884	9.97615545018326	11.6611498003985
11.038829952383	0.472093362136723	10.113526962595	11.9641329421709
10.2157762518059	0.396330990611653	9.43896751020701	10.9925849934047
10.7613359322233	0.43430328220451	9.91010149910249	11.6125703653442
10.9615634425975	0.52647286683078	9.92967662360914	11.9934502615858
11.5809191006241	0.507541806969343	10.5861371589642	12.575701042284
10.6661014620533	0.431815469037108	9.81974314274061	11.5124597813661
11.5172663465527	0.513483488604099	10.5108387088887	12.5236939842167
10.685280337293	0.494485228713913	9.71608928901374	11.6544713855723
10.5296218325794	0.408611121010822	9.72874403539821	11.3304996297606
10.9125423276178	0.421646345406226	10.0861154906216	11.738969164614
11.7092449712005	0.408271548312098	10.9090327365088	12.5094572058923
10.9667599965658	0.436607333611825	10.1110096226866	11.8225103704449
10.8942541223625	0.642771807780579	9.63442137911261	12.1540868656125
11.4393611937328	0.470744929952825	10.5167011310252	12.3620212564403
10.4696196220428	0.489641104252995	9.50992305770693	11.4293161863787
10.6431220574853	0.451835765152341	9.75752395778672	11.5287201571839
11.2787317775368	0.435059190913469	10.4260157633464	12.1314477917272
11.2018120284166	0.421726004112022	10.375229060357	12.0283949964761
10.6228683587713	0.701327420242532	9.24826661509595	11.9974701024467
11.4228975388873	0.440044068351803	10.5604111649178	12.2853839128569
11.5441055758685	0.396073789534199	10.7678009483815	12.3204102033555
10.9968654454958	0.539113884169191	9.94020223252422	12.0535286584674
10.7845103649615	0.379000682262921	10.0416690277262	11.5273517021968
11.1551702973349	0.582766755510484	10.0129474565343	12.2973931381354
11.1453692615346	0.432382205054895	10.297900139627	11.9928383834422
10.8344656277306	0.426967647544619	9.99760903854315	11.6713222169181
10.3346104462862	0.427353363040283	9.4969978547272	11.1722230378451
10.7054971449197	0.43290547086161	9.85700242203091	11.5539918678084
10.8496720032143	0.499568602421312	9.87051754246853	11.8288264639601
10.7424932901085	0.413422560584481	9.93218507136296	11.5528015088541
11.3754841435519	0.449030692891721	10.4953839854841	12.2555843016196
11.0562276427867	0.407027599657185	10.2584535474586	11.8540017381148
11.1783235945144	0.599637328940743	10.0030344297906	12.3536127592383
10.3484113502518	0.409748356938869	9.54530457065158	11.1515181298519
11.6553720387878	0.520841982791111	10.6345217525173	12.6762223250584
11.5325320905215	0.427883833325637	10.6938797772032	12.3711844038397
10.9696472683143	0.436156575991794	10.1147803793704	11.8245141572582
11.0194379017647	0.454893552184426	10.1278465394832	11.9110292640462
11.4991757613007	0.433695919658814	10.6491317587694	12.349219763832
10.0497589416052	0.37521906087754	9.31432958228527	10.7851883009252
10.8280745379004	0.404696841729276	10.034868728111	11.6212803476898
10.5265333459136	0.419036106662628	9.70522257685484	11.3478441149723
10.843861498442	0.471588535215215	9.91954796942015	11.7681750274638
10.8868301947279	0.438294775535344	10.0277724346786	11.7458879547772
10.4822304187576	0.403401128444449	9.69156420700648	11.2728966305087
10.7928403612392	0.44740190748453	9.91593262256951	11.6697480999089
10.5095824920696	0.368831921030598	9.78667192684962	11.2324930572896
11.2194657412697	0.410493409874971	10.4148986579148	12.0240328246247
9.61282304647864	0.48024513961879	8.67154257282581	10.5541035201315
10.4399218487866	0.445893996734288	9.56596961518736	11.3138740823858
10.7861334930968	0.467497526837171	9.86983834049595	11.7024286456977
11.9898128979934	0.603197298677487	10.8075461925855	13.1720796034013
11.0912368417154	0.436987556208899	10.234741231546	11.9477324518848
10.9341426122948	0.434243841724189	10.0830246825154	11.7852605420743
11.8510863421479	0.559547377600508	10.7543734820509	12.9477992022449
11.2543798062617	0.49389298813006	10.2863495495268	12.2224100629966
11.5172777598424	0.480333811520159	10.5758234892629	12.4587320304219
10.7519500475327	0.37241741561175	10.0220119129337	11.4818881821317
10.6486391462275	0.427336652325614	9.81105930766931	11.4862189847857
12.1371596228924	0.445662921869741	11.2636602960277	13.0106589497571
11.0898960381878	0.413651848331495	10.2791384154581	11.9006536609175
10.6188046661544	0.391724867934402	9.85102392500299	11.3865854073058
10.9015104204618	0.555922566440537	9.8119021902383	11.9911186506852
10.459094724172	0.38903482008365	9.69658647680802	11.2216029715359
10.8663622995802	0.470235873351157	9.94469998781197	11.7880246113485
11.27208068437	0.447765292806383	10.3944607104694	12.1497006582705
10.4323281206319	0.383234167126588	9.6811891530638	11.1834670882
10.8080476191827	0.513874946331009	9.80085272437397	11.8152425139915
10.709707856255	0.425168812645495	9.87637698346979	11.5430387290401
10.4724700182524	0.477871499690129	9.53584187885979	11.4090981576451
10.4329039191488	0.426380440243888	9.5971982562708	11.2686095820268
11.1183691636534	0.52644889706801	10.0865293254001	12.1502090019067
11.142141490465	0.454997397795433	10.2503465907859	12.033936390144
10.8881015126716	0.435860335829612	10.0338152544455	11.7423877708976
10.4326016387742	0.390336351695371	9.66754238945126	11.1976608880971
10.8729161363399	0.375209696640483	10.1375051309246	11.6083271417553
10.8288608746106	0.494782222893557	9.8590877177392	11.7986340314819
11.3221103340674	0.522067128287524	10.2988587626239	12.345361905511
10.3285879741087	0.371728984741522	9.59999916401535	11.0571767842021
10.6709196053309	0.405224693469563	9.87667920613053	11.4651600045312
11.0629203110636	0.442485738109472	10.1956482643691	11.9301923577582
11.5435903507396	0.49163335979706	10.5799889655373	12.5071917359418
10.6211382157549	0.41812819805492	9.80160694756727	11.4406694839426
11.4355338495268	0.588603557187802	10.2818708774387	12.5891968216149
10.7478263223526	0.420810388347483	9.92303796119155	11.5726146835137
11.4062201666277	0.522978827072586	10.3811816655654	12.43125866769
10.703786203309	0.488697595970037	9.74593891520768	11.6616334914102
10.5608668865681	0.501262086428259	9.57839319716871	11.5433405759675
10.5284222786507	0.375047398454104	9.79332937768066	11.2635151796208
10.3556351660183	0.437038178896155	9.49904033538187	11.2122299966548
10.3935096242725	0.447290887477052	9.51681948481751	11.2701997637276
10.5089406246562	0.365027127356714	9.79348745503707	11.2243937942754
10.7714208727808	0.407258999725052	9.97319323331974	11.5696485122419
10.5417066383412	0.440338274835722	9.67864361966313	11.4047696570192
11.0149057286597	0.520638697719338	9.99445388112979	12.0353575761896
10.7570270350161	0.406744648491013	9.95980752397368	11.5542465460585
10.7840485083476	0.43438799340582	9.9326480412722	11.635448975423
10.526409657582	0.363435410641355	9.8140762527249	11.238743062439
10.722988726239	0.487656964884804	9.76718107506479	11.6787963774132
10.9622629255079	0.49597344898891	9.99015496548967	11.9343708855262
10.6388906580469	0.487309862718085	9.68376332711947	11.5940179889744
11.5894295151674	0.439715126052694	10.7275878681041	12.4512711622307
11.6640662305598	0.442736160704582	10.7963033555788	12.5318291055408
10.9269011606073	0.426918191772708	10.0901415047328	11.7636608164818
10.9001176913966	0.388764562752432	10.1381391484019	11.6620962343914
10.937372739681	0.431073160209779	10.0924693456698	11.7822761336922
10.7138678823536	0.421903422195998	9.88693717484941	11.5407985898577
11.170010988191	0.420438318251661	10.3459518844177	11.9940700919643
11.2288536622465	0.435814969478121	10.3746563220694	12.0830510024236
10.9962428386754	0.466240718127992	10.0824110311446	11.9100746462063
10.8102548369131	0.482319368523608	9.86490887460679	11.7556007992193
11.0704321086638	0.515760002951852	10.0595425028781	12.0813217144494
10.3199146997576	0.432906608897979	9.47141774631757	11.1684116531976
11.1856455414031	0.626363014811746	9.95797403237208	12.4133170504341
10.9721079583985	0.502374719502458	9.98745350817371	11.9567624086233
10.730634371809	0.41953791888754	9.90834005078946	11.5529286928286
11.7053168239706	0.472951440064817	10.7783320014436	12.6323016464977
10.6601319852799	0.39148243897018	9.89282640489831	11.4274375656614
11.2549194143623	0.524668329356755	10.2265694888231	12.2832693399015
10.2619158822611	0.420544127026395	9.43764939328935	11.0861823712328
11.4990004217506	0.576016557983013	10.3700079681039	12.6279928753973
10.7910132491867	0.425226807884789	9.95756870573253	11.6244577926409
9.8752876639937	0.372718414097076	9.14475957236343	10.605815755624
10.9086520846453	0.406932403574807	10.1110645736387	11.706239595652
10.9261647153744	0.478333158577277	9.98863172456298	11.8636977061859
11.0824550766616	0.454118562512695	10.1923826941368	11.9725274591865
11.0245414946986	0.437549994956671	10.1669435045835	11.8821394848136
10.5458520442273	0.408204090832932	9.74577202619474	11.3459320622598
10.7398411889658	0.407647400733768	9.94085228352762	11.538830094404
10.7091764661599	0.505966222662987	9.71748266974048	11.7008702625794
10.5834625792233	0.400127287082376	9.79921309654187	11.3677120619048
10.9994439120096	0.433298929158285	10.1501780108594	11.8487098131599
11.4318236076807	0.522346967114879	10.4080235521355	12.4556236632259
11.4421860921743	0.549875184688189	10.3644307301854	12.5199414541631
10.7387257287272	0.435415909143727	9.88531054680555	11.592140910649
10.6453844277305	0.347405392544322	9.96446985834366	11.3262989971174
11.2046529098743	0.491626918671171	10.2410641492788	12.1682416704698
10.4355075502527	0.392341934236989	9.66651735914816	11.2044977413572
11.1425587318215	0.46665994314632	10.2279052432547	12.0572122203882
10.6405497958216	0.429652637354434	9.79843062660693	11.4826689650363
10.5641546282733	0.34905366184229	9.88000945106242	11.2482998054842
11.362472357731	0.471762194938137	10.4378184556522	12.2871262598097
11.4741604591082	0.483884352062904	10.5257471290649	12.4225737891515
11.0228884650209	0.417735516268248	10.2041268531351	11.8416500769066
10.6316544378455	0.37627167868744	9.8941619476181	11.3691469280729
10.9541383702815	0.402519765573517	10.1651996297575	11.7430771108056
10.7576023206773	0.404147268213088	9.96547367497963	11.5497309663749
10.4418895677191	0.384876081160723	9.68753244864413	11.1962466867942
10.800102656944	0.542500035408222	9.73680258754389	11.8634027263441
11.4597170164508	0.435943797883485	10.6052671725991	12.3141668603024
10.7179224386387	0.524224543590886	9.69044233320057	11.7454025440768
11.1679435916573	0.472386916832317	10.242065234666	12.0938219486486
11.6474113309344	0.438984987252169	10.7870007559202	12.5078219059487
11.4592456349877	0.431067637399508	10.6143530656847	12.3041382042907
10.2898430379433	0.441240440363443	9.42501177483099	11.1546743010557
11.5994407539835	0.528799772810831	10.5629931992742	12.6358883086927
11.4263939580108	0.424517828142588	10.5943390148514	12.2584489011703
10.4046468917431	0.429218661729617	9.56337831475301	11.2459154687331
11.3735515438514	0.408551964561132	10.5727896933116	12.1743133943912
11.1515944637712	0.472425377193491	10.225640724472	12.0775482030704
9.95889866904344	0.456665100239947	9.06383507257315	10.8539622655137
10.9566199042158	0.406620444277493	10.1596438334319	11.7535959749997
11.0608567772939	0.390149093830902	10.2961645533853	11.8255490012025
11.166698827521	0.493546610130781	10.1993474716647	12.1340501833773
11.3796956332487	0.450315359095153	10.4970775294222	12.2623137370752
11.9504573643906	0.470285296189776	11.0286981838586	12.8722165449226
11.1260277913679	0.447127430863522	10.2496580268754	12.0023975558604
11.3217479507604	0.441421044903652	10.4565627027493	12.1869331987716
11.2360946741567	0.496812025931457	10.2623431033311	12.2098462449824
11.3552677577491	0.566045116892755	10.2458193286393	12.4647161868589
11.5560382241297	0.400469081296237	10.7711188247891	12.3409576234703
10.5972200420421	0.374162609863924	9.86386132670879	11.3305787573754
10.2204354560645	0.419699562774801	9.39782431302589	11.0430465991031
10.9804468843188	0.422042389202081	10.1532438014827	11.8076499671549
11.2670978272007	0.479552613222991	10.3271747052836	12.2070209491177
11.4276622189766	0.573489443156965	10.303622910389	12.5517015275643
11.0707132651752	0.371047071366944	10.343461005296	11.7979655250544
10.9389665672287	0.454628655188704	10.0478944030588	11.8300387313986
11.4433648503455	0.436344827438615	10.5881289885658	12.2986007121252
10.8892224148003	0.458320813666225	9.99091362001455	11.7875312095861
10.8231993441755	0.388226732950147	10.0622749475932	11.5841237407578
10.8322437827474	0.436402687665818	9.97689451492235	11.6875930505724
11.8897129697971	0.654200025819922	10.60748091919	13.1719450204041
10.7254280054818	0.494593116540063	9.75602549706324	11.6948305139003
10.3176743294986	0.451204463085162	9.43331358185166	11.2020350771455
10.9818912342657	0.370573320243552	10.2555675265883	11.708214941943
11.0876661894151	0.421771119138928	10.2609947959028	11.9143375829274
11.0382910875682	0.399663628551605	10.254950375607	11.8216317995293
11.2339305028236	0.41320363763723	10.4240513730546	12.0438096325926
10.7104988493197	0.42747259168376	9.87265256961948	11.5483451290198
10.366140147195	0.395384771597137	9.59118599486457	11.1410942995253
11.399450984019	0.545709546760431	10.3298602723686	12.4690416956694
11.4264385149686	0.411313693328227	10.6202636760452	12.2326133538919
10.648638488533	0.470130628458917	9.72718245675352	11.5700945203125
12.7030449333885	1.53541999498472	9.6936217432185	15.7124681235586
10.9903982205787	0.492830405690861	10.0244506254246	11.9563458157328
11.259507701601	0.397758041416546	10.4799019404246	12.0391134627774
11.3122810857168	0.492083614935414	10.3477972004434	12.2767649709902
10.6495092510249	0.370092014351784	9.92412890289539	11.3748895991544
11.4259978936322	0.463671502244799	10.5172017492324	12.334794038032
11.1634922183063	0.430214994860248	10.3202708283802	12.0067136082324
10.4440148502054	0.371493282629154	9.71588801625228	11.1721416841586
11.1969077307147	0.472510793981889	10.2707865745102	12.1230288869192
11.7933067749024	0.426980378973847	10.9564252321137	12.6301883176912
10.8727046226087	0.363697392471879	10.1598577333638	11.5855515118536
10.8515463059602	0.463476409184679	9.94313254395824	11.7599600679622
11.0806357348883	0.558599312423475	9.98578108253833	12.1754903872383
10.3017437060925	0.387886370684018	9.54148641955182	11.0620009926332
11.1436099906419	0.45442249566104	10.2529418991463	12.0342780821376
10.3370368368215	0.467247302664261	9.42123212359959	11.2528415500435
10.3450705561001	0.572426724684437	9.22311417571863	11.4670269364816
10.6764552132086	0.422627862003273	9.84810460368223	11.5048058227351
11.0541970872267	0.434424677036258	10.2027247202357	11.9056694542178
11.1477803314112	0.483001640358585	10.2010971163083	12.094463546514
10.8816780406329	0.446760662787891	10.0060271415686	11.7573289396971
11.1438503606749	0.515208526012485	10.1340416496905	12.1536590716594
10.5397836036389	0.404003134089462	9.74793746082353	11.3316297464542
11.0513855626514	0.40443238943766	10.2586980793536	11.8440730459492
10.743176600302	0.44742470926428	9.86622417014403	11.62012903046
11.4334025336261	0.422644786764814	10.6050187515671	12.2617863156852
10.3984747964812	0.408042261583867	9.59871196377684	11.1982376291856
10.4487111770511	0.41872067304406	9.62801865788479	11.2694036962175
10.2981245451473	0.369352353791512	9.57419393171599	11.0220551585787
10.1121624219823	0.406915011035305	9.31460900035307	10.9097158436115
10.3524027226759	0.412932109703022	9.54305578765798	11.1617496576938
10.8100363687267	0.510807378707206	9.8088539064606	11.8112188309929
10.7516839375862	0.464045011808149	9.84215571444222	11.6612121607302
11.0072626565322	0.422231767053941	10.1796883931065	11.834836919958
11.3813204582482	0.484254050601379	10.4321825190695	12.3304583974269
10.5279069700047	0.445784576834965	9.6541691994082	11.4016447406013
10.8960900020127	0.505009208929505	9.90627195251083	11.8859080515145
11.43242311251	0.485305491568058	10.4812243490366	12.3836218759834
11.8882683138133	0.585704515333578	10.7402874637595	13.0362491638672
11.4495228741283	0.448649930335079	10.5701690106715	12.328876737585
10.6336981178097	0.406162413019491	9.83761978829146	11.4297764473279
10.955994314078	0.360828598139987	10.2487702617236	11.6632183664324
11.4403753322934	0.426305026592316	10.6048174801725	12.2759331844144
10.5499726323167	0.399787280194085	9.76638956313633	11.3335557014971
10.3342847367614	0.555154133495518	9.24618263511023	11.4223868384127
11.2513091409923	0.463432389678736	10.3429816572219	12.1596366247626
11.1633544403457	0.456068663534136	10.2694598598188	12.0572490208726
11.2858718891113	0.497786790413953	10.3102097798999	12.2615339983226
11.168968431044	0.452408428405993	10.2822479113682	12.0556889507197
11.6413035213924	0.556166424228005	10.5512173299055	12.7313897128793
10.8650807314071	0.472559242398974	9.93886461630507	11.7912968465091
10.9823609137456	0.487760625456483	10.0263500878509	11.9383717396403
11.2499764294949	0.462465835020552	10.3435433928546	12.1564094661352
10.7998976990042	0.474706963897251	9.86947204976557	11.7303233482428
10.1095644446484	0.408125764912383	9.3096379454201	10.9094909438766
11.1503266462008	0.433386004627947	10.30089007713	11.9997632152716
10.7039576734738	0.449523407402839	9.82289179496426	11.5850235519834
10.9726842302054	0.829660225185657	9.34655018884151	12.5988182715693
11.4815315107719	0.455937779287573	10.5878934633682	12.3751695581755
10.7266727418714	0.458180291228841	9.82863937106286	11.6247061126799
11.1061225959656	0.427418682897592	10.2683819774863	11.9438632144449
10.6340866414214	0.454793578171352	9.74269122820557	11.5254820546373
10.5183427462046	0.405405029841695	9.72374888771487	11.3129366046943
10.5947336236873	0.481670821362876	9.65065881381606	11.5388084335585
10.9128436987284	0.438509996720575	10.053364105156	11.7723232923007
10.7977401738842	0.412631337228062	9.98898275291715	11.6064975948512
10.9408966722606	0.455845231739916	10.0474400180503	11.8343533264708
11.0002404078312	0.415788454782955	10.1852950364566	11.8151857792058
11.6501195410415	0.398426534526324	10.8692035333699	12.4310355487131
11.079641777835	0.388389657214715	10.3183980496942	11.8408855059758
11.2057655566736	0.482195920112297	10.2606615532535	12.1508695600937
10.9334123476176	0.547708963751608	9.85990277866448	12.0069219165708
11.0350549505207	0.440307906311417	10.1720514541503	11.8980584468911
11.3845112110145	0.508843820752545	10.3871773223395	12.3818450996895
10.7768486544307	0.369274408533873	10.0530708137043	11.5006264951571
10.696783969852	0.392622331092366	9.92724420091091	11.466323738793
10.5335123591	0.397177119075237	9.75504520571255	11.3119795124875
10.5117432752997	0.44937073656887	9.63097663162471	11.3925099189747
11.1809929895163	0.43094172635584	10.3363472058589	12.0256387731738
11.1808487013482	0.495710576164982	10.2092559720648	12.1524414306315
10.9576794356767	0.498695873704257	9.98023552321636	11.9351233481371
11.794752895761	0.53937713238485	10.7375737162867	12.8519320752353
10.4310861654707	0.425451544373738	9.59720113849818	11.2649711924432
10.8662664466391	0.421591078651838	10.0399479324815	11.6925849607967
10.9314306707143	0.391766308438326	10.1635687061752	11.6992926352534
10.9046397745054	0.389979049699212	10.1402808370949	11.6689987119158
11.0663913633978	0.507727351004751	10.0712457554285	12.0615369713672
10.3872689319209	0.431498284832598	9.54153229364906	11.2330055701928
10.7383438064137	0.428863410046122	9.89777152272326	11.5789160901041
11.0751682226809	0.471317678259708	10.1513855732919	11.99895087207
10.8274941715742	0.39459343648268	10.0540910360681	11.6008973070802
11.515044875462	0.450969274799464	10.6311450968551	12.398944654069
11.0924920701563	0.540135800538662	10.0338259011005	12.1511582392121
10.6169705806636	0.583437831587509	9.47343243075212	11.7605087305752
10.8888339084632	0.441793098565268	10.0229194352753	11.7547483816511
10.7521636318001	0.439660010274984	9.89043001166114	11.6138972519391
10.6180424438242	0.40194103441923	9.83023801636249	11.4058468712859
12.2398475886522	0.515001544145068	11.2304445621279	13.2492506151766
11.44195425431	0.560747290681941	10.3428895645734	12.5410189440466
11.2815763095615	0.402903394056657	10.4918856572104	12.0712669619125
10.7952931530737	0.444850740786494	9.92338570113214	11.6672006050152
11.0102532401322	0.533626175331532	9.96434593648243	12.056160543782
11.0090884721325	0.514499428276308	10.000669592711	12.0175073515541
11.4747967090229	0.425162527330558	10.641478155455	12.3081152625908
10.8694173062382	0.460964110067828	9.96592765050526	11.7729069619712
11.1898199631025	0.391650005212629	10.4221859528858	11.9574539733193
10.7361956015508	0.432637151355188	9.88822678489458	11.5841644182069
10.9631289899192	0.467650853612338	10.046533316839	11.8797246629993
11.1962834849724	0.470474335039359	10.2741537882953	12.1184131816495
10.0654006288983	0.391363892575479	9.29832739945036	10.8324738583462
10.497974282567	0.343763343088934	9.82419813011269	11.1717504350213
10.2490411672828	0.369218494808735	9.52537291745766	10.9727094171079
11.2548794404021	0.400369824285833	10.4701545848019	12.0396042960024
10.3207494753906	0.39146127827841	9.55348536996492	11.0880135808163
10.8155936834533	0.405998479713745	10.0198366632144	11.6113507036923
10.7441425129077	0.39992913759156	9.96028140322822	11.5280036225871
10.6770411734645	0.44428391800545	9.80624469417379	11.5478376527552
11.4036654446858	0.499818083496352	10.424022001033	12.3833088883387
11.4349996145618	0.452487941335928	10.5481232495433	12.3218759795802
10.1700519961048	0.415850645135367	9.35498473163945	10.9851192605701
10.3563800129102	0.421134913339995	9.53095558276377	11.1818044430566
10.4755232123125	0.369141412597018	9.75200604362233	11.1990403810026
10.9877385116867	0.479060889088777	10.0487791690727	11.9266978543007
11.2380344244638	0.528165031914715	10.202830961911	12.2732378870167
10.5648303750045	0.438325739258443	9.7057119260579	11.423948823951
11.1949299490712	0.442774098783679	10.3270927154552	12.0627671826872
10.6344654572784	0.380408838351574	9.88886413410933	11.3800667804475
11.3501943391133	0.527703206207973	10.3158960549456	12.3844926232809
11.0748874194886	0.391054828524449	10.3084199555807	11.8413548833965
10.8146853606944	0.401285012033763	10.0281667371083	11.6012039842806
10.9032449899731	0.478696848808435	9.96499916630852	11.8414908136376
10.9448934688041	0.395390559251257	10.1699279726716	11.7198589649366
11.3454695871551	0.442669955826392	10.4778364737353	12.2131027005748
11.4153653434644	0.373035663345428	10.6842154433074	12.1465152436215
10.3404230647296	0.425762818816055	9.50592793985014	11.1749181896091
10.8650281400645	0.393515326230218	10.0937381006532	11.6363181794757
10.424684380114	0.361366648530921	9.71640574899341	11.1329630112346
10.8941754989657	0.542458240312787	9.83095734795266	11.9573936499788
11.8257375170012	0.43285490286372	10.9773419073883	12.6741331266141
11.0144420095992	0.469431245029579	10.0943567693412	11.9345272498572
11.159945397185	0.467981916893843	10.2427008400731	12.077189954297
11.0667143060826	0.455963534628065	10.1730257782116	11.9604028339536
11.0290087338826	0.438942295637423	10.1686818344332	11.8893356333319
11.3556837250307	0.391643201079471	10.5880630509149	12.1233043991465
11.2063136804883	0.477433571678775	10.2705438799979	12.1420834809787
11.2917437448608	0.57420976960873	10.1662925964277	12.4171948932939
10.4680124717451	0.418728986106403	9.64730365897657	11.2887212845137
10.6104522721293	0.377525889941326	9.87050152784432	11.3504030164143
10.9128290476716	0.421301025511851	10.0870790376684	11.7385790576748
11.0660314115651	0.344999386665261	10.3898326137011	11.742230209429
11.3669435320516	0.481133439146301	10.4239219913249	12.3099650727784
11.5236306147735	0.50664442278231	10.5306075461201	12.5166536834268
11.3013115495933	0.473984815645267	10.3723013109286	12.2303217882581
11.1931828966132	0.386042940975605	10.436538732301	11.9498270609254
10.1862125791056	0.392481398578001	9.41694903789275	10.9554761203185
10.645327004504	0.402301065723813	9.85681691568537	11.4338370933227
10.6470903617538	0.396955418735538	9.86905774103217	11.4251229824755
11.1513971451561	0.438708573440323	10.2915283412131	12.0112659490992
10.7736124713501	0.435883205647173	9.91928138828169	11.6279435544186
10.8700667096334	0.536339308799796	9.81884166438578	11.921291754881
11.0822908917748	0.547601725368063	10.0089915100534	12.1555902734962
11.617464351904	0.439143232490818	10.756743616222	12.478185087586
11.1496482764642	0.557696790017457	10.05656256803	12.2427339848984
11.4607241641595	0.749284790392623	9.99212597498999	12.9293223533291
11.6228448307772	0.566127826609809	10.513234290622	12.7324553709324
11.0818177003444	0.440019690234232	10.2193791074853	11.9442562932035
9.95840553325886	0.327989125360319	9.31554684755264	10.6012642189651
10.3288283850876	0.440775068890065	9.46490925006308	11.1927475201121
11.3035575549303	0.489791588326383	10.3435660418106	12.26354906805
11.0699907151383	0.42478616325101	10.2374098351663	11.9025715951103
10.5023345629317	0.489202059173703	9.5434985269512	11.4611705989121
11.1044857577024	0.434181491123827	10.2534900350997	11.9554814803051
11.3883462703058	0.513818564742083	10.3812618834114	12.3954306572003
10.5399690725881	0.402926399436477	9.75023332969264	11.3297048154836
11.0316894658482	0.418511737873807	10.2114064596156	11.8519724720809
10.7449255282307	0.520128256725439	9.7254741450488	11.7643769114125
11.1879130996864	0.436466826572649	10.332438119604	12.0433880797688
10.9856854493964	0.378265650459352	10.244284774496	11.7270861242967
10.2444511154399	0.400262047818605	9.45993750171548	11.0289647291644
11.0379687149378	0.46335278227983	10.1297972616694	11.9461401682063
10.3810654518145	0.373118568621708	9.649753057316	11.1123778463131
10.7252157601853	0.398701414380878	9.94376098799883	11.5066705323719
10.6327508475516	0.398326792355208	9.85203033453542	11.4134713605678
10.9645707778895	0.458257019670538	10.0663870193353	11.8627545364438
10.5993913059461	0.42396289666204	9.76842402848847	11.4303585834037
10.5572023262088	0.482892153081873	9.61073370616831	11.5036709462492
11.9241960788659	0.61547926100415	10.7178567272978	13.130535430434
11.1753386292707	0.465787359755105	10.2623954041507	12.0882818543907
10.6091497872474	0.368771389112976	9.88635786458593	11.3319417099088
11.0678335211249	0.503352234886566	10.0812631407472	12.0544039015026
10.7242949731752	0.479315760694066	9.78483608221481	11.6637538641356
11.0389243561686	0.470650639472281	10.1164491028029	11.9613996095342
11.06289043513	0.429431657566446	10.2212043862998	11.9045764839603
10.1849091120781	0.526236150333798	9.15348625742387	11.2163319667324
11.1134237029166	0.481480743612583	10.169721445436	12.0571259603973
10.5301168416426	0.341269789128667	9.86122805495041	11.1990056283348
11.0405675936831	0.428732429713707	10.2002520314443	11.880883155922
10.5368338321585	0.439178872749818	9.67604324156886	11.3976244227481
10.8901546311108	0.516301802875139	9.87820309747556	11.9021061647461
10.3263381273283	0.406948982774394	9.5287181210905	11.1239581335661
11.4268714406344	0.477491978978517	10.4909871618365	12.3627557194323
11.0939935905502	0.47643383227935	10.1601832792826	12.0278039018177
10.7435974425411	0.425485908290494	9.90964506229172	11.5775498227905
11.3528568039827	0.495540096118636	10.3815982155902	12.3241153923752
11.1290704830889	0.497643836393088	10.1536885637584	12.1044524024193
11.501384072925	0.547382706146708	10.4285139688774	12.5742541769725
11.2239899592466	0.423080201766775	10.3947527637837	12.0532271547095
10.8280439574301	0.450945394921992	9.94419098338301	11.7118969314772
11.8605619970085	0.481609487066371	10.9166074023584	12.8045165916586
10.6287548223639	0.388807405425474	9.86669230773	11.3908173369979
11.8185838796028	0.451986383080402	10.9326905687652	12.7044771904404
11.0453285315713	0.408233488081102	10.2451908949323	11.8454661682102
11.3771949972116	0.411383218008409	10.5708838899151	12.1835061045081
10.9637705100285	0.447815955777828	10.086051236704	11.8414897833531
11.1494915952175	0.501348599475066	10.1668483402464	12.1321348501887
11.7506557205283	0.562713685029708	10.6477368978701	12.8535745431865
11.5548147540004	0.481167424432452	10.6117266021128	12.497902905888
10.764819492101	0.497226990755403	9.79025459022044	11.7393843939816
10.5987279652201	0.440239983323874	9.73585759790534	11.4615983325349
11.0707898016632	0.521738221857145	10.0481828868232	12.0933967165032
11.1529231298035	0.395747804640378	10.3772574327084	11.9285888268987
11.1080344277841	0.451987544462673	10.2221388406373	11.9939300149309
11.5199443447835	0.501353198741591	10.53729207525	12.502596614317
10.6031877310974	0.418447809328059	9.7830300248144	11.4233454373804
10.6997906572012	0.424891942753827	9.86700244940366	11.5325788649987
11.1972503164574	0.500657923036188	10.2159607873065	12.1785398456084
10.6291233381738	0.392203359717174	9.86040475312809	11.3978419232194
11.070815199135	0.464392409863231	10.160606075803	11.9810243224669
11.3144590087752	0.422955732613717	10.4854657728523	12.1434522446981
11.2723035232187	0.456209350675188	10.3781331958953	12.166473850542
10.4817749246645	0.39956397992384	9.69862952401376	11.2649203253152
11.474636884443	0.437558882749317	10.6170214742543	12.3322522946316
10.7674942021671	0.445324759725405	9.8946576731053	11.6403307312289
10.9310969251131	0.424049506747878	10.0999598918873	11.762233958339
10.4654697831483	0.428889364511262	9.62484662870618	11.3060929375903
11.8247309935676	0.47753590899933	10.8887606119289	12.7607013752063
10.938973616034	0.453193263396004	10.0507148197778	11.8272324122902
9.98748410394111	0.385895032973422	9.2311298393132	10.743838368569
11.5791925604944	0.444200365669484	10.7085598437822	12.4498252772066
11.5686109332541	0.477061663635331	10.6335700725288	12.5036517939793
11.2926051331656	0.476495550094381	10.3586738549806	12.2265364113506
11.0337528220529	0.455735927638883	10.1405104038807	11.9269952402251
10.6824195721275	0.379323604061562	9.93894530816688	11.4258938360882
11.1619588615429	0.558359562933645	10.067574118193	12.2563436048928
11.2223648784675	0.495427808091329	10.2513263746085	12.1934033823265
11.1938744107013	0.387353696631367	10.4346611653038	11.9530876560988
10.7424217370717	0.417839623821462	9.92345607438165	11.5613873997618
10.4150246414065	0.418728527458145	9.59431672758854	11.2357325552245
10.8005409984513	0.4190779670073	9.97914818311696	11.6219338137856
10.8300858546384	0.403048476803951	10.0401108401026	11.6200608691741
10.9973957253648	0.393210601052625	10.2267029473016	11.7680885034279
11.1476702075926	0.461174539266474	10.2437681106303	12.0515723045549
11.2705317831471	0.430688779712051	10.4263817749114	12.1146817913827
10.4831897079183	0.466391896742826	9.56906159030237	11.3973178255342
11.6028910702039	0.534229568252252	10.5558011164295	12.6499810239783
10.9966853230636	0.426503992619071	10.1607374975302	11.832633148597
11.3203457479508	0.496256051637918	10.3476838867405	12.2930076091611
11.4353858831524	0.430079142532428	10.5924307637888	12.278341002516
10.3142496953726	0.425961408830124	9.47936533406551	11.1491340566796
10.3725358101196	0.437720387195526	9.51460385121641	11.2304677690229
10.556741851665	0.443984657551459	9.6865319228641	11.4269517804658
10.7548855617903	0.407516216868191	9.95615377672867	11.553617346852
10.8287646646477	0.46544975953137	9.91648313596625	11.7410461933292
10.7225794239775	0.429365092332234	9.88102384300627	11.5641350049486
11.0111258603429	0.483081611104369	10.0642859025783	11.9579658181075
11.0740777596523	0.430261794908764	10.2307646416312	11.9173908776735
11.7562107337663	0.517535526019078	10.7418411027689	12.7705803647637
10.4337275070233	0.439883772676151	9.57155531257809	11.2958997014686
10.8532376717595	0.43090409873322	10.0086656382424	11.6978097052766
11.3449802806845	0.448680740370494	10.4655660295584	12.2243945318107
11.9558538480774	0.470892995434426	11.0329035770259	12.8788041191289
10.6881354367865	0.426098726552461	9.85298193274367	11.5232889408293
11.671153104424	0.429938984888236	10.8284726940431	12.513833514805
10.4455974121991	0.444617105200313	9.57414788600645	11.3170469383917
10.629582105546	0.386104754647528	9.87281678643682	11.3863474246551
11.0494541926708	0.498899436251771	10.0716112976174	12.0272970877243
11.7315790337175	0.504156461170992	10.7434323698223	12.7197256976126
10.4957500316905	0.466663369378648	9.58108982770834	11.4104102356726
9.75885782731829	0.366903930767587	9.03972612301382	10.4779895316228
11.0988238205814	0.617321444153544	9.88887379004043	12.3087738511223
11.1580110408997	0.438015380100618	10.2995008959025	12.0165211858969
10.7545957323312	0.363447857787943	10.0422379310669	11.4669535335956
10.3623432568639	0.465267294161113	9.45041936030811	11.2742671534197
10.5713798029731	0.491402533017647	9.60823083825854	11.5345287676877
10.9984982106216	0.46704423725002	10.0830915056116	11.9139049156316
11.2887180562628	0.412917879351867	10.4793990127331	12.0980370997924
11.0579925536292	0.523716119860646	10.0315089587023	12.0844761485561
11.7405700918509	0.445485363955932	10.8674187784973	12.6137214052046
11.2116576505788	0.420715072257188	10.3870561089547	12.0362591922029
10.1134403381447	0.379335025318838	9.3699436885198	10.8569369877696
10.6709527360628	0.37880922156352	9.92848666179831	11.4134188103273
11.2925895046012	0.470235781557436	10.3709273727487	12.2142516364538
11.067747670446	0.399869319009899	10.2840038051866	11.8514915357054
10.4888275006223	0.39950127440152	9.70580500279529	11.2718499984493
11.1498520489933	0.535993240538553	10.0993052975377	12.2003988004488
11.799417161132	0.631047148892177	10.5625647493033	13.0362695729607
11.414087735879	0.495267420432206	10.4433635918319	12.3848118799261
10.718184660364	0.404929259043095	9.92452331263952	11.5118460080885
11.4416898887308	0.538769088098632	10.3857024760575	12.4976773014041
11.3393756908838	0.485718612782084	10.3873672098309	12.2913841719367
10.557757353001	0.392636460589252	9.78818989024607	11.3273248157559
10.6951109048483	0.425180088906394	9.86175793059176	11.5284638791048
10.4667371126216	0.456953027609332	9.57110917850734	11.3623650467359
11.1427165242508	0.422616546658854	10.3143880927994	11.9710449557021
11.7875187111248	0.4761467731547	10.8542710357416	12.720766386508
10.6433345053298	0.364751383379813	9.92842179390538	11.3582472167543
10.7833550200076	0.459158510863157	9.88340433871581	11.6833057012994
11.0218607232577	0.462626551304218	10.1151126827015	11.928608763814
11.8032941485249	0.659674967599772	10.5103312120293	13.0962570850204
10.6530736929483	0.368289476118543	9.93122631975593	11.3749210661406
10.9372792820353	0.457901318545274	10.0397926976866	11.8347658663841
10.629163845097	0.393002500032855	9.85887894503262	11.3994487451614
11.2068279945595	0.402961800877635	10.4170228648393	11.9966331242796
10.9300926028946	0.416490270151828	10.113771673397	11.7464135323922
11.0913419514447	0.438127014187479	10.2326130036372	11.9500708992521
11.3548770470649	0.531544686099131	10.3130494623106	12.3967046318192
11.0423466944446	0.437865722681913	10.1841298779881	11.9005635109012
10.7959894083049	0.473322998665463	9.86827633092055	11.7237024856892
10.9284764397629	0.421327848792771	10.102673856129	11.7542790233967
10.6534500675677	0.430462914747637	9.80974275466232	11.4971573804731
10.72760624502	0.457856123012446	9.83020824391562	11.6250042461244
10.875629713417	0.487534166241405	9.92006274758384	11.8311966792501
11.2841011562134	0.518436423565912	10.2679657660242	12.3002365464026
10.6003008645172	0.429468254028305	9.75854308662175	11.4420586424127
10.4891026881574	0.609453367532003	9.29457408779471	11.6836312885202
10.8105171110508	0.447824272420807	9.93278153710598	11.6882526849955
11.2906342429771	0.3607704583933	10.5835241445262	11.9977443414279
11.1040305289354	0.489169718864121	10.1452578799617	12.0628031779091
11.1234377589583	0.406289321527781	10.3271106887638	11.9197648291527
11.1131505457861	0.400872100358101	10.3274412290843	11.898859862488
11.0006171853068	0.438184661723549	10.1417752483287	11.859459122285
10.9327018706382	0.406767028885238	10.1354384940232	11.7299652472533
11.2912461557043	0.424244790242808	10.4597263668284	12.1227659445802
11.4869251719805	0.492537571131996	10.5215515325617	12.4522988113992
11.4260336936529	0.426369882925733	10.5903487231185	12.2617186641873
10.0652705056038	0.401937754678916	9.27747250643313	10.8530685047745
11.3695439284699	0.58054553580948	10.2316746782833	12.5074131786564
10.7142694670525	0.419087396978684	9.89285816897424	11.5356807651307
10.0894267338562	0.399340598481764	9.30671916083197	10.8721343068805
11.1933863040033	0.521513353136034	10.1712201318567	12.2155524761499
11.6598243467209	0.492650923474503	10.6942285367108	12.6254201567309
11.0617353124758	0.438996494570547	10.2013021831175	11.9221684418341
10.5744722935977	0.436724515007032	9.71849224418388	11.4304523430114
11.5023132709329	0.552508977108271	10.4193956758007	12.5852308660652
11.8395467425065	0.503974964230409	10.8517558126149	12.8273376723981
11.4383813666307	0.499822264907829	10.4587297274114	12.4180330058501
11.2073590393916	0.550144718621558	10.1290753908934	12.2856426878899
11.2771827209787	0.429546598972035	10.4352713869935	12.1190940549639
11.2772628939136	0.483006583348876	10.3305699905498	12.2239557972774
10.3861230819324	0.400816191317792	9.60052334694951	11.1717228169153
10.9955006874467	0.37022912050428	10.2698516112583	11.7211497636351
11.2756817104119	0.489578781371159	10.3161072989244	12.2352561218994
10.6930776233873	0.511521533478781	9.69049541776886	11.6956598290057
10.4966186597629	0.40941020179719	9.69417466424041	11.2990626552854
11.7547605001223	0.479085451355568	10.8157530154654	12.6937679847792
10.851557752326	0.426357728490494	10.0158966044846	11.6872189001673
11.0817562748504	0.378460584939441	10.3399735283691	11.8235390213317
10.3999518575474	0.408560991231759	9.59917231473315	11.2007314003616
10.7292041912738	0.420873375592433	9.90429237511259	11.5541160074349
10.4860148811204	0.414172539672437	9.67423670336239	11.2977930588783
10.4754869232748	0.469986662220168	9.55431306532331	11.3966607812264
10.5625907024469	0.433962164399014	9.71202486022483	11.413156544669
11.6211244227752	0.405791711795048	10.8257726676569	12.4164761778935
10.6822454773782	0.430760902165479	9.8379541091339	11.5265368456226
11.941890071189	0.494358580527937	10.9729472533542	12.9108328890237
10.1969613702629	0.395286114957445	9.42220058494634	10.9717221555795
10.2928226316684	0.444820198036218	9.42097504351739	11.1646702198194
11.7247119381776	0.4514946584014	10.8397824077109	12.6096414686443
10.7673249102701	0.417125789674972	9.94975836250715	11.584891458033
10.6311028038055	0.466594448738862	9.71657768427729	11.5456279233336
10.489467115571	0.389218999573366	9.72659787640722	11.2523363547348
11.0270250164916	0.451555145318918	10.1419769316665	11.9120731013167
10.0888748011382	0.441621682952915	9.22329630255045	10.9544532997259
11.2268897116902	0.415449697463372	10.412608304662	12.0411711187184
11.1612672981761	0.374968891151091	10.42632827152	11.8962063248322
11.6655691664122	0.570829387667097	10.5467435665847	12.7843947662397
11.3751169010432	0.42356115716649	10.5449370329969	12.2052967690895
10.2894005032435	0.359473249839531	9.58483293355807	10.993968072929
11.3597410031746	0.439279115954591	10.4987539359036	12.2207280704456
10.7089799225737	0.510292676772009	9.70880627610059	11.7091535690469
11.2122643268683	0.421816357246772	10.3855042666647	12.039024387072
11.1930966386279	0.460676302132322	10.2901710864486	12.0960221908073
11.1423498432557	0.392276976782946	10.3734869687611	11.9112127177503
11.1315923625159	0.534249359075959	10.0844636187271	12.1787211063048
11.160983094499	0.515751625617251	10.1501099082892	12.1718562807088
12.3691292253078	0.454200643270019	11.4788959644986	13.2593624861171
10.8769075569833	0.501136974788095	9.89467908639867	11.859136027568
10.0513846226982	0.380981859715642	9.30466017765554	10.7981090677409
11.1368840591352	0.440515967911988	10.2734727620277	12.0002953562427
11.0293601300687	0.398072769757257	10.2491375013444	11.8095827587929
11.4337218676649	0.470593147908108	10.511359297765	12.3560844375648
11.15408453383	0.442463179669665	10.2868567016774	12.0213123659825
11.3297346142739	0.46345046833538	10.4213716963366	12.2380975322113
10.8327370266103	0.421506495534995	10.0065842953618	11.6588897578589
10.409638486656	0.400367344240343	9.62491849194494	11.1943584813671
11.5240794108132	0.472478170229284	10.5980221971638	12.4501366244626
11.5453401617707	0.432515530608871	10.6976097217773	12.3930706017641
11.6049845468099	0.543112336755465	10.5404843667692	12.6694847268506
11.0727451110048	0.491689246926571	10.1090341870287	12.0364560349809
10.8251977821136	0.39979297250698	10.0416035559999	11.6087920082272
10.9856245516269	0.416117238276401	10.1700347646051	11.8012143386486
10.9656238667289	0.452181251545323	10.0793486137	11.8518991197577
10.1026578774585	0.443570333551673	9.23326002369724	10.9720557312198
10.8282663591563	0.563360922181131	9.72407895168132	11.9324537666314
11.4881853903258	0.504146843290964	10.5000575774755	12.4763132031761
11.4206783900586	0.409213907509713	10.6186191313396	12.2227376487777
11.163032342678	0.540059563776372	10.1045155976763	12.2215490876797
11.3852556473373	0.408163882397653	10.5852544378379	12.1852568568367
10.3412862923003	0.366142583702478	9.62364682824342	11.0589257563571
10.5906220823132	0.37006351181646	9.86529759915293	11.3159465654735
10.3686097214358	0.398806222622223	9.5869495250962	11.1502699177753
11.166685552762	0.457353553096743	10.2702725886923	12.0630985168316
10.6453362043971	0.416107482610265	9.82976553848098	11.4609068703132
10.9775029015082	0.431586218422762	10.1315939133996	11.8234118896168
11.1908228875541	0.44571149977716	10.3172283479909	12.0644174271174
11.3892201067496	0.59063557983861	10.231574370266	12.5468658432333
11.2799724046814	0.41083349051978	10.4747387632626	12.0852060461002
9.85982471413578	0.362538352461868	9.14924954331052	10.570399884961
11.6535416913884	0.415656506899531	10.8388549378653	12.4682284449115
10.9941314419832	0.429601830294961	10.1521118546051	11.8361510293613
10.4462376177849	0.389006511539381	9.68378485516775	11.2086903804021
10.5465795631053	0.510926370922244	9.5451638760977	11.5479952501129
10.9690355416826	0.383680332880941	10.2170220892359	11.7210489941292
10.5713995607885	0.392084110219346	9.80291470475859	11.3398844168184
11.7215093578946	0.453309754683554	10.8330222387149	12.6099964770744
10.8117544395158	0.397266892451688	10.0331113303105	11.5903975487211
11.5612471765471	0.459866688368549	10.6599084673448	12.4625858857495
10.911507354175	0.48287158711076	9.96507904343789	11.8579356649121
11.1755213533254	0.433388499228297	10.3260798948379	12.0249628118129
11.5387506769446	0.444829483090403	10.6668848900874	12.4106164638018
11.1372318081868	0.450527896657572	10.254197130738	12.0202664856357
10.5988174110079	0.411380961651369	9.79251072617119	11.4051240958446
10.2853444815251	0.388551169356926	9.52378418958553	11.0469047734647
10.6427374691895	0.477067311466155	9.70768553871587	11.5777893996632
10.2344792837341	0.377772183146481	9.49404580476702	10.9749127627012
10.8127402843973	0.411749442420083	10.005711377254	11.6197691915407
9.680540572019	0.357247691517534	8.98033509664463	10.3807460473934
10.4905435936853	0.385812424719095	9.73435124123585	11.2467359461347
10.7683931167603	0.446847211754462	9.89257258172155	11.644213651799
10.4059230642546	0.47131094515572	9.48215361174935	11.3296925167598
10.7531404636805	0.387363999702901	9.99390702426284	11.5123739030982
11.0270016323783	0.5940022422837	9.86275723750223	12.1912460272543
12.0996777274748	0.454515439880517	11.208827465309	12.9905279896406
10.1492624876569	0.374540144300328	9.41516380482827	10.8833611704856
11.3778967766301	0.496012141515317	10.4057129792601	12.3500805740001
10.8846028544135	0.459547633065542	9.98388949360501	11.7853162152219
10.9363479416088	0.444287473589768	10.0655444933729	11.8071513898448
11.1058882265729	0.456493051970021	10.2111618447117	12.0006146084342
11.1192797755608	0.476506932129476	10.185326188587	12.0532333625345
10.8187891053571	0.457682697455157	9.921731018345	11.7158471923692
10.1538308862234	0.35177550531925	9.46435089579772	10.8433108766492
11.0692834250756	0.472997049439443	10.1422092081743	11.9963576419769
11.1176401614129	0.478544109245292	10.1796937072921	12.0555866155337
10.2453840440242	0.392757581347947	9.47557918458219	11.0151889034661
10.8770644353953	0.453045051053703	9.98909613533002	11.7650327354605
10.4549858050531	0.38726463980798	9.69594711102944	11.2140244990767
10.3041400318518	0.462912928807248	9.39683069138958	11.211449372314
10.1532844816473	0.414663738293581	9.34054355459188	10.9660254087027
10.1983185855916	0.376069463795816	9.46122243655183	10.9354147346314
10.9464047733755	0.427081597207426	10.1093248428489	11.783484703902
11.1795770518452	0.425246013578192	10.3460948652319	12.0130592384584
11.7456546344645	0.599550132590645	10.5705363745868	12.9207728943421
10.9678463521995	0.470010734582651	10.0466253124175	11.8890673919815
11.8200929145297	0.478691813476224	10.8818569601163	12.7583288689431
11.3142118937767	0.418738399288308	10.4934846311716	12.1349391563818
11.3274287748691	0.499849920692009	10.3477229303128	12.3071346194255
10.262827546009	0.401867590735623	9.47516706816718	11.0504880238508
9.92819615109531	0.38714479713312	9.1693923487144	10.6869999534762
10.5559017290392	0.482720678139877	9.60976919988503	11.5020342581933
10.8200979228332	0.388296136544078	10.0590374952068	11.5811583504596
11.046696377787	0.571738620931305	9.92608868076164	12.1673040748124
10.87720575714	0.503594942966757	9.89015966892515	11.8642518453548
11.3539613953399	0.411551976266084	10.5473195218584	12.1606032688214
11.7463886131068	0.583041268994464	10.6036277258776	12.8891495003359
10.2745009164948	0.374384418674745	9.54070745589229	11.0082943770973
11.5238581748045	0.423060991849096	10.6946586307803	12.3530577188288
11.3125316958465	0.418491270694387	10.4922888052855	12.1327745864075
10.0367430550059	0.519147873627249	9.0192132226965	11.0542728873153
11.2831850252389	0.439020722434976	10.4227044092663	12.1436656412114
10.3443969870476	0.425248066979315	9.51091077576815	11.1778831983271
11.3694779102966	0.513357926849415	10.3632963736717	12.3756594469214
10.1702295390838	0.406941150739489	9.37262488363442	10.9678341945332
11.7929243119796	0.433938959700729	10.9424039509662	12.6434446729931
11.6077689516586	0.493174819225316	10.641146305977	12.5743915973402
10.7333769465557	0.453002306681184	9.84549242546057	11.6212614676508
10.5576180832074	0.377703235816593	9.81731974100686	11.2979164254079
11.8078702735468	0.476112313024806	10.8746901400181	12.7410504070754
10.6392093743803	0.398318408561898	9.858505293599	11.4199134551616
10.7105087788795	0.390498393822129	9.94513192698813	11.4758856307709
11.3620549026234	0.443146984496506	10.4934868130102	12.2306229922365
11.469261502256	0.495997737316772	10.4971059371151	12.4414170673969
11.3757906166577	0.412688382056709	10.5669213878266	12.1846598454889
10.8786742530158	0.465760463448494	9.9657837446568	11.7915647613749
11.8025975280027	0.499596190841257	10.8233889939539	12.7818060620516
10.6632740692208	0.43520148718988	9.81027915432859	11.5162689841129
11.3327989580692	0.503018406028131	10.3468828822541	12.3187150338844
10.3391287383925	0.394175572332175	9.56654461662148	11.1117128601636
10.9691478758362	0.4217595148933	10.1424992266454	11.7957965250271
10.540541653582	0.401229478669574	9.75413187538966	11.3269514317744
11.0107607435842	0.381402296487997	10.2632122424677	11.7583092447007
10.6773597842846	0.381241219802523	9.93012699347162	11.4245925750975
10.7749721198258	0.472168385370075	9.84952208450045	11.7004221551511
10.6197448213204	0.407068546631152	9.82189046992333	11.4175991727174
10.5522521751069	0.423666605681753	9.72186562797071	11.3826387222432
10.9413847171794	0.438722173155776	10.0814892577941	11.8012801765647
11.2974376821741	0.728955987252817	9.86868394715856	12.7261914171896
10.6823669866725	0.408861426077595	9.88099859156043	11.4837353817846
11.4369895536864	0.461942319113411	10.5315826082242	12.3423964991487
10.6529027054102	0.424300125993014	9.82127445846388	11.4845309523565
11.4034084291737	0.463725624499528	10.4945062051546	12.3123106531928
10.5288138067326	0.353453851855246	9.83604425709627	11.2215833563688
10.4812200583071	0.458021589783035	9.58349774233234	11.3789423742818
10.4781431543235	0.374446311809937	9.74422838317599	11.2120579254709
11.6286732326639	0.506309773411577	10.6363060767773	12.6210403885506
10.8821099835572	0.414952987770582	10.0688021275269	11.6954178395876
11.0787084941853	0.447716938538581	10.2011832946497	11.956233693721
10.8545907621769	0.400307066377753	10.0699889120765	11.6391926122773
11.3968032333738	0.538812141375664	10.3407314362775	12.4528750304701
10.9360731875504	0.485692239309725	9.98411639850332	11.8880299765974
11.0376144691723	0.408267603632683	10.2374099660522	11.8378189722924
10.7127952876584	0.361060668925796	10.0051163765638	11.4204741987529
11.6851609400685	0.48505246228074	10.7344581139982	12.6358637661387
10.8147334228252	0.415285426930591	10.0007739860413	11.6286928596092
11.6292682231171	0.489578919151156	10.6696935415809	12.5888429046534
10.8405784371899	0.455373923496861	9.94804554713608	11.7331113272438
10.7842652146899	0.40726677479489	9.98602233609187	11.5825080932878
11.3538363334253	0.436255971976487	10.4987746283514	12.2088980384992
11.1384467465897	0.407254687304653	10.3402275594726	11.9366659337068
11.0908523006405	0.527720871107635	10.0565193932695	12.1251852080115
11.7645860152133	0.579338363331216	10.6290828230841	12.9000892073425
10.6370900295215	0.492028131782573	9.6727148912277	11.6014651678154
10.1903339621535	0.421727915705879	9.36374724736994	11.016920676937
11.0056445136133	0.39277482373416	10.2358058590943	11.7754831681323
11.1158822613226	0.391876283249766	10.3478047461531	11.8839597764922
10.5375567866353	0.425913724151266	9.70276588729884	11.3723476859718
10.0990948826546	0.460361540783155	9.19678626271957	11.0014035025895
11.4042061114122	0.466669246686498	10.4895343879067	12.3188778349177
11.0572632911206	0.45883414858505	10.1579483598939	11.9565782223473
10.5570186737707	0.461329074077616	9.65281368857862	11.4612236589629
10.5648427323651	0.412980340035335	9.75540126589588	11.3742841988344
11.1931656606019	0.463777785907801	10.2841612002226	12.1021701209812
11.1272607213895	0.441712194646841	10.2615048198817	11.9930166228973
10.8511216718262	0.424657483056596	10.0187930050353	11.6834503386172
11.2815922340836	0.462380389678196	10.3753266703143	12.1878577978529
11.1020398098419	0.429301848799007	10.2606081861959	11.943471433488
10.3346434222637	0.407854479939325	9.53524864158264	11.1340382029448
10.7054875097572	0.36897078302624	9.98230477502578	11.4286702444886
11.307729740051	0.389804822687237	10.5437122875841	12.071747192518
11.1351980230428	0.424218101822963	10.3037305434698	11.9666655026159
10.8471157681845	0.421986333239042	10.020022555036	11.674208981333
10.8978349208567	0.436215691875278	10.0428521647811	11.7528176769322
11.3965669562523	0.511300354543098	10.3944182613478	12.3987156511568
10.9036709429629	0.481683569164973	9.95957114739953	11.8477707385262
11.3725150170918	0.8528271704692	9.7009737629722	13.0440562712115
11.3989231732202	0.403581309871863	10.6079038058714	12.1899425405691
10.0262570202353	0.411406067124792	9.21990112867071	10.8326129117999
10.9910450964668	0.438136575694877	10.1322974081048	11.8497927848288
10.6071154300756	0.421911310432326	9.78016926162829	11.434061598523
11.4974219464607	0.496521798105904	10.5242392221731	12.4706046707483
11.2547989693651	0.547107084133637	10.1824690844631	12.327128854267
11.3083644888441	0.405038817846746	10.5144884058645	12.1022405718237
10.9708621670881	0.418157438500304	10.1512735876276	11.7904507465487
10.1424793359028	0.413116785984043	9.33277043537411	10.9521882364316
11.2419436812373	0.473334467987822	10.3142081239811	12.1696792384934
11.3230675488381	0.511860580199553	10.3198208116469	12.3263142860292
11.3494908258533	0.417747893132525	10.5307049553136	12.1682766963931
11.0367107068068	0.648238526485795	9.76616319489463	12.3072582187189
11.3078656668953	0.531278222082899	10.2665603516128	12.3491709821778
11.8675653407296	0.501980006165303	10.8836845286456	12.8514461528135
11.0730169648959	0.467125693629435	10.1574506053823	11.9885833244096
10.6519457649982	0.407269594966373	9.85369735886412	11.4501941711323
11.3354226898819	0.441818894354235	10.4694576569476	12.2013877228162
11.876236106385	0.4678319749913	10.959285435402	12.7931867773679
11.1603762496001	0.524831872764956	10.1317057789807	12.1890467202194
11.0581178915031	0.351390442870714	10.3693926234765	11.7468431595297
10.4982932365748	0.482636230136929	9.55232622550642	11.4442602476432
10.783013839428	0.430258260400433	9.93970764904319	11.6263200298129
10.3437709917135	0.430521196960084	9.49994944567177	11.1875925377553
10.8891038498175	0.4598542493657	9.98778952106073	11.7904181785743
11.9918148329418	0.423964275338234	11.1608448532788	12.8227848126047
10.9243865709505	0.381525789683719	10.1765960231704	11.6721771187306
11.318576166927	0.444411278801379	10.4475300604763	12.1896222733777
10.3803483449821	0.387133286942188	9.62156710257543	11.1391295873888
11.7306934842198	0.530569337733469	10.6907775822622	12.7706093861774
9.82643052744685	0.461031999897759	8.92280780764724	10.7300532472465
10.2104774354139	0.400806489990517	9.42489671503248	10.9960581557953
12.011577258316	0.491972966133089	11.0473102446951	12.9758442719369
10.7810403509537	0.398065806927078	10.0008313693766	11.5612493325307
11.1092260656491	0.473537831362734	10.1810919161781	12.03736021512
11.2827461593475	0.512492364393712	10.2782611251359	12.2872311935592
10.6093172640621	0.436858684314253	9.75307424280618	11.4655602853181
10.8692341624811	0.410128748089253	10.0653818162261	11.673086508736
11.4345295580184	0.508050350384321	10.4387508712651	12.4303082447717
11.0861410088463	0.434240006775059	10.2350305955672	11.9372514221254
10.8339082617794	0.430671612072731	9.98979190211687	11.678024621442
10.5964733841706	0.352627925212235	9.90532265075461	11.2876241175866
11.1029240899903	0.46438707195631	10.1927254289559	12.0131227510246
10.3070096717381	0.384120635030512	9.55413322707828	11.0598861163979
10.7025651854345	0.420357770753495	9.87866395475766	11.5264664161114
11.4061493613397	0.429410725621793	10.564504339121	12.2477943835585
10.6950719155323	0.439943310758973	9.83278302644474	11.5573608046199
10.5884881167745	0.37965513214695	9.84436405776649	11.3326121757825
11.0747398485636	0.441579146635272	10.2092447211584	11.9402349759687
10.7498699101897	0.47806794741249	9.81285673326118	11.6868830871181
11.2884113660086	0.445962925318328	10.4143240323846	12.1624986996325
11.3472670124311	0.407674769757837	10.5482244637057	12.1463095611565
11.2335659414974	0.475719699594849	10.3011553302915	12.1659765527034
12.1623940477813	0.593359658831537	10.9994091164715	13.3253789790911
11.8079228866998	0.494467348889048	10.8387668828773	12.7770788905223
11.2121353885424	0.449587751328634	10.3309433959383	12.0933273811465
11.1393235327927	0.425984863200894	10.3043932009189	11.9742538646664
11.194844130133	0.446731711333092	10.3192499759202	12.0704382843459
