estFinal_ipw	sdFinal_ipw	X1.1	X2.1
9.81320056705345	0.54028152859393	8.75424877100935	10.8721523630976
9.41708101841058	0.499047882125746	8.43894716944412	10.395214867377
9.62964454211349	0.52471739715849	8.60119844368285	10.6580906405441
8.60354019578492	0.488367526988506	7.64633984288745	9.56074054868239
9.10502159549819	0.477763752213801	8.16860464115914	10.0414385498372
8.29192809432348	0.427405036536267	7.4542142227124	9.12964196593456
9.14389337954395	0.48245981996442	8.19827213241368	10.0895146266742
8.58105088043135	0.550463977958243	7.50214148363319	9.65996027722951
8.6013990145993	0.438095637584568	7.74273156493354	9.46006646426505
9.77787701027311	0.450283866955095	8.89532063104112	10.6604333895051
9.3153710167131	0.485734925885115	8.36333056197827	10.2674114714479
8.6779668928691	0.373272230833428	7.94635332043558	9.40958046530261
10.1050867234519	0.548122378129381	9.03076686231835	11.1794065845855
9.82829436418041	0.460928871225833	8.92487377657778	10.731714951783
10.3999932551417	0.700117844530996	9.02776227986098	11.7722242304225
9.02136858428789	0.430550395784777	8.17748980854973	9.86524736002606
9.84186118689593	0.593665280596607	8.67827723692658	11.0054451368653
9.17016635085528	0.503328118721794	8.18364323816056	10.15668946355
9.53887069359578	0.522177600902473	8.51540259582693	10.5623387913646
9.32041234694229	0.476943520931617	8.38560304591632	10.2552216479683
9.36246157994724	0.476401983570736	8.42871369214859	10.2962094677459
8.62868963231043	0.457291208542278	7.73239886356757	9.5249804010533
10.0159000351784	0.509330740805415	9.01761178319982	11.014188287157
9.11330273185071	0.420246416684335	8.28961975514941	9.93698570855201
9.00273910809974	0.473336495584222	8.07499957675466	9.93047863944481
9.21110288324582	0.446823350821752	8.33532911563519	10.0868766508565
9.31976820971433	0.480590617996355	8.37781059844147	10.2617258209872
9.13700985068387	0.469662034923364	8.21647226223407	10.0575474391337
9.1903165774144	0.519957164827385	8.17120053435272	10.2094326204761
9.07265005150149	0.471712357484685	8.14809383083151	9.99720627217148
9.45673324092447	0.519565734832893	8.438384400652	10.4750820811969
8.58840418022617	0.434695527495043	7.73640094633588	9.44040741411645
8.65169303561375	0.433659431267988	7.80172055032849	9.501665520899
8.38408084904508	0.544616425267649	7.31663265552049	9.45152904256968
9.57542375504132	0.48875327427674	8.61746733745891	10.5333801726237
9.38796204467496	0.572384820620435	8.2660877962589	10.509836293091
9.21225898087811	0.600163979894863	8.03593758028418	10.388580381472
8.74701278876314	0.430350143326149	7.90352650784388	9.59049906968239
8.76898947749283	0.442807964874993	7.90108586633784	9.63689308864782
9.11821768005653	0.410438753094701	8.31375772399091	9.92267763612214
9.69741520923713	0.492396706532832	8.73231766443278	10.6625127540415
8.68364616159946	0.562998078079245	7.58016992856414	9.78712239463478
9.4462817417045	0.489537662759736	8.48678792269542	10.4057755607136
8.81446004085717	0.46140820114053	7.91009996662173	9.71882011509261
8.76612403485245	0.486099497376132	7.81336901999523	9.71887904970967
8.89239693173373	0.438814080503376	8.03232133394711	9.75247252952034
9.79111681593428	0.466199837818424	8.87736513381017	10.7048684980584
8.78876743519928	0.406689723451145	7.99165557723503	9.58587929316352
9.77171347601086	0.621531925200382	8.55351090261811	10.9899160494036
8.73613365748063	0.401004447476379	7.95016494042693	9.52210237453433
8.45131188179029	0.444702630018708	7.57969472695362	9.32292903662696
10.0123330409585	0.484903542804622	9.0619220970614	10.9627439848555
8.81525025105459	0.487823923372024	7.85911536124543	9.77138514086376
9.66925436214423	0.52277680854396	8.64461181739807	10.6938969068904
8.58415267544286	0.398619641883726	7.80285817735076	9.36544717353496
9.47375244221684	0.841367501391093	7.8246721394903	11.1228327449434
8.5625333963931	0.430643711546197	7.71847172176256	9.40659507102365
8.64532981216943	0.391671827781279	7.87765302971812	9.41300659462074
9.21920654527281	0.608737160664688	8.02608171037002	10.4123313801756
8.76727375731815	0.463614695169287	7.85858895478635	9.67595855984996
8.69809570126961	0.429118106715318	7.85702421210759	9.53916719043164
9.18205328696286	0.464924064913521	8.27080211973235	10.0933044541934
9.35540781867724	0.498229608468505	8.37887778607897	10.3319378512755
8.76209111072588	0.410081675967628	7.95833102582933	9.56585119562243
8.73762322031562	0.444312113672613	7.8667714775173	9.60847496311394
9.06410058752868	0.429661889867837	8.22196328338772	9.90623789166964
9.22384181802867	0.420277166536992	8.40009857161617	10.0475850644412
8.95533360078177	0.444010474127519	8.08507307149183	9.8255941300717
8.12411195978661	0.418544299213679	7.3037651333278	8.94445878624542
8.31058236195968	0.583428756825763	7.16706199858118	9.45410272533817
9.10774905776866	0.405203614758138	8.31354997284271	9.90194814269461
9.7265650763876	0.47816140726231	8.78936871815348	10.6637614346217
9.33115759713576	0.470263569305891	8.40944100129622	10.2528741929753
9.06439157516288	0.484682218225911	8.11441442744009	10.0143687228857
8.55411629632245	0.47170721216575	7.62957016047758	9.47866243216732
9.29016869443926	0.440601119298682	8.42659050061384	10.1537468882647
9.02392420941627	0.470124020198147	8.1024811298279	9.94536728900463
9.38245125442768	0.477837300950231	8.44589014456522	10.3190123642901
9.35255840260525	0.465593039277981	8.43999604562041	10.2651207595901
9.03816113923647	0.553379216378797	7.95353787513403	10.1227844033389
9.1150252505382	0.557577907389179	8.02217255205541	10.207877949021
8.66323655452108	0.444721502212046	7.79158241018547	9.53489069885669
9.21440734266642	0.399317884963326	8.4317442881383	9.99707039719454
8.80609709918505	0.511072409816984	7.80439517594376	9.80779902242633
9.46879677013181	0.533820318768303	8.42250894534594	10.5150845949177
8.63795027200382	0.450427422622257	7.7551125236642	9.52078802034345
8.94487952880572	0.400356976470924	8.1601798549227	9.72957920268873
8.65234284028094	0.431770535945942	7.80607258982689	9.49861309073498
9.10395845238117	0.458612979946636	8.20507701168576	10.0028398930766
8.57277429091699	0.433399342107516	7.72331158038626	9.42223700144772
8.67658854761288	0.42896628321617	7.83581463250919	9.51736246271657
8.5855861587924	0.414466333334228	7.77323214545731	9.39794017212749
8.77822218532852	0.463239677157148	7.87027241810051	9.68617195255653
9.25510072756227	0.478239587096168	8.31775113685378	10.1924503182708
8.50511434984174	0.423934605906449	7.6742025222651	9.33602617741838
9.54959195673189	0.548821018327292	8.4739027608104	10.6252811526534
8.90859607331853	0.413457216152668	8.0982199296593	9.71897221697776
8.71625914130401	0.436780592210216	7.86016918057199	9.57234910203604
8.96537646324683	0.419153728711421	8.14383515497245	9.78691777152122
10.0023993016554	0.574124862461733	8.8771145712304	11.1276840320804
8.53132896283974	0.404829259362025	7.73786361449017	9.3247943111893
8.56722849328346	0.416249544670001	7.75137938573026	9.38307760083666
9.3291455523632	0.538220249339065	8.27423386365863	10.3840572410678
8.60665693804993	0.489040951500246	7.64813667310944	9.56517720299041
9.27810510406981	0.466630795602248	8.3635087446894	10.1927014634502
8.56163888224469	0.38781989735268	7.80151188343343	9.32176588105594
10.0972131033701	0.487886016855869	9.14095651033261	11.0534696964076
8.79688454810955	0.452703171667853	7.90958633164056	9.68418276457855
8.720975507925	0.41707204674879	7.90351429629738	9.53843671955263
9.17102711737383	0.405722172110641	8.37581166003697	9.96624257471069
8.57783067633963	0.493511827166313	7.61054749509365	9.5451138575856
8.72043902096354	0.385729857913608	7.96440849945287	9.47646954247421
8.46714434178229	0.405922607230099	7.67153603161129	9.26275265195328
9.08658750023629	0.459139509353947	8.18667406190256	9.98650093857003
9.52494361305492	0.647854900310664	8.25514800844602	10.7947392176638
9.62112504932152	0.505395554095095	8.63054976329514	10.6117003353479
9.80221617148941	0.490679393237153	8.84048456074459	10.7639477822342
9.22377716979991	0.539923059014675	8.16552797413114	10.2820263654687
9.1129218261962	0.426208778252216	8.27755262082186	9.94829103157055
10.1316162235982	0.962236157979776	8.24563335395788	12.0175990932386
9.72730155210906	0.616667072205917	8.51863409058546	10.9359690136327
9.15731065877027	0.579076337850129	8.02232103658402	10.2923002809565
8.85558317409488	0.438638104939118	7.99585248841421	9.71531385977555
8.45427275129306	0.512554620839512	7.44966569444761	9.4588798081385
9.11321136879816	0.48111536193226	8.17022525941093	10.0561974781854
8.07097750914054	0.513958216444924	7.06361940490849	9.07833561337259
8.63160184197199	0.447973223110688	7.75357432467504	9.50962935926894
8.91689296409772	0.405640278388303	8.12183801845664	9.71194790973879
8.86378458060288	0.388944810355706	8.1014527523057	9.62611640890007
9.49444994770634	0.513307096631293	8.48836803830901	10.5005318571037
8.07991389524492	0.326812754796334	7.43936089584411	8.72046689464574
9.02117040807	0.415217781223857	8.20734355687124	9.83499725926875
9.70125312918981	0.554393812592089	8.61464125650931	10.7878650018703
8.77247705160615	0.477711728549874	7.8361620636484	9.70879203956391
9.04596498653351	0.48795344205179	8.089576240112	10.002353732955
9.51755311192654	0.455642530208728	8.62449375271743	10.4106124711356
9.05726645618234	0.428589891746499	8.21723026835921	9.89730264400548
8.62904709119979	0.42230500156299	7.80132928813633	9.45676489426326
8.86951566684579	0.536679805365238	7.81762324832993	9.92140808536166
10.2800455958165	0.536054200536305	9.22937936276534	11.3307118288677
9.58996613309572	0.444728896883849	8.71829749520337	10.4616347709881
8.90116067578744	0.455253262331509	8.00886428161768	9.7934570699572
8.14308487539918	0.432598600489806	7.29519161843916	8.9909781323592
8.81955295105263	0.51521110928237	7.80973917685918	9.82936672524607
8.78533043807819	0.399911914205301	8.0015030862358	9.56915778992058
9.82386619686642	0.460910804793188	8.92048101947177	10.7272513742611
9.15363085082043	0.404444811853951	8.36091901958669	9.94634268205418
9.03905456527327	0.463117601442428	8.13134406644611	9.94676506410043
9.01320513709623	0.50950908610423	8.01456732833194	10.0118429458605
8.81710766415141	0.449789013855347	7.93552119699494	9.69869413130789
8.5501116360607	0.400159374401924	7.76579926223293	9.33442400988848
8.53760172565604	0.404954484166037	7.7438909366906	9.33131251462147
8.93999871554034	0.449052419086498	8.05985597413081	9.82014145694988
9.04250775495955	0.533121287404407	7.99759003164691	10.0874254782722
8.32113873464474	0.375139086188057	7.58586612571615	9.05641134357334
9.43943733517637	0.452042586304909	8.55343386601875	10.325440804334
9.61570908754142	0.72594838737497	8.19285024828648	11.0385679267964
9.08743082345906	0.497108964908304	8.11309725223878	10.0617643946793
8.92615538277316	0.463720170012437	8.01726384954878	9.83504691599754
8.74367939927923	0.400259986220788	7.95916982628648	9.52818897227197
8.93396058830229	0.489662883727117	7.97422133619714	9.89369984040744
8.85370172259059	0.530801674802927	7.81333043997685	9.89407300520433
8.52735388021559	0.454232127286566	7.63705891073392	9.41764884969726
9.4072779337721	0.441018736592025	8.54288121005174	10.2716746574925
9.20530647580249	0.462217091885383	8.29936097570714	10.1112519758978
8.66609836775482	0.417277738638304	7.84823400002374	9.48396273548589
8.60346144784264	0.466522676035609	7.68907700281285	9.51784589287243
9.26016668562187	0.489875922617054	8.30000987729244	10.2203234939513
9.15108423661053	0.423312644674488	8.32139145304853	9.98077702017252
9.7498197445586	0.445077366063972	8.87746810707321	10.622171382044
8.99008444918823	0.38469989983187	8.23607264551777	9.7440962528587
9.41367916993128	0.482628788799515	8.46772674388423	10.3596315959783
8.90688786965501	0.478143442596954	7.96972672216498	9.84404901714504
9.55567439511036	0.44396256641016	8.68550776494644	10.4258410252743
9.01179154170049	0.425858103020235	8.17710965978083	9.84647342362015
9.37054512143089	0.584153824628916	8.22560362515822	10.5154866177036
8.673495133661	0.426818512558163	7.836930849047	9.510059418275
8.34230453407175	0.410346645990378	7.53802510793061	9.14658396021289
9.34570548307885	0.461594321694276	8.44098061255807	10.2504303535996
8.89862061771399	0.451548752599074	8.0135850626198	9.78365617280818
9.08719431684271	0.463980857529246	8.17779183608538	9.99659679760003
9.34687603660536	0.909898266965496	7.56347543335299	11.1302766398577
8.67826789397715	0.461671130298284	7.77339247859252	9.58314330936179
9.02624595598211	0.411857847404376	8.21900457506953	9.83348733689469
9.36490850050738	0.471525488215575	8.44071854360485	10.2890984574099
8.6956820617604	0.444883088112489	7.82371120905992	9.56765291446087
8.62584569152869	0.43445418483628	7.77431548924958	9.4773758938078
8.52831874755404	0.411326955781844	7.72211791422162	9.33451958088645
9.24880293889239	0.465897981697634	8.33564289476503	10.1619629830198
9.42106276371074	0.484457807718216	8.47152546058304	10.3706000668384
8.71811162351776	0.452682606753346	7.8308537142812	9.60536953275431
9.07487806746118	0.4904704531464	8.11355597929423	10.0362001556281
9.60361309328216	0.430953337033532	8.75894455269643	10.4482816338679
8.165877293539	0.368068064715975	7.44446388669569	8.88729070038231
9.01900328374154	0.467455886075139	8.10278974703427	9.93521682044882
8.45441700539212	0.426703560651726	7.61807802651474	9.29075598426951
9.15451445395995	0.540282242291471	8.09556125906866	10.2134676488512
9.60498862872201	0.500260974597779	8.62447711851036	10.5855001389337
9.30648774148015	0.459617933090242	8.40563659262328	10.207338890337
9.20562595571267	0.469894765095477	8.28463221612554	10.1266196952998
9.26382821708702	0.548665530018426	8.1884437782509	10.3392126559231
8.7445528398381	0.467279302570289	7.82868540680033	9.66042027287587
8.74618025332892	0.395580235218886	7.97084299229991	9.52151751435794
8.53884306135878	0.553076770717382	7.45481259075271	9.62287353196485
9.67400380929645	0.472598740267636	8.74771027837189	10.600297340221
7.86754260130885	0.393059659561647	7.09714566856802	8.63793953404968
8.37006428412018	0.388423534669831	7.60875415616731	9.13137441207304
8.59411411645295	0.438211773956514	7.73521903949818	9.45300919340772
8.5148314740973	0.411014122012749	7.70924379495231	9.32041915324229
8.69836906184377	0.449146931063573	7.81804107695916	9.57869704672837
8.40819974759729	0.443940640839456	7.53807609155196	9.27832340364263
9.23323678668747	0.431588557460899	8.3873232140641	10.0791503593108
9.31624307537184	0.449337887026215	8.43554081680046	10.1969453339432
9.80491972997505	0.553354177265168	8.72034554253532	10.8894939174148
9.28961821255137	0.481874140392688	8.3451448973817	10.234091527721
9.36893041959641	0.540645027482974	8.30926616572978	10.428594673463
10.2057241475778	0.474269559622232	9.27615581071826	11.1352924844374
8.49822096223324	0.457613153721865	7.60129918093839	9.3951427435281
8.91183372537569	0.434625533695327	8.05996767933285	9.76369977141853
10.0054491585108	0.484115939011289	9.05658191804869	10.9543163989729
10.153502497602	0.588734627941968	8.99958262683579	11.3074223683683
9.16005947884918	0.498149462268315	8.18368653280329	10.1364324248951
9.52931639366123	0.451701210118574	8.64398202182882	10.4146507654936
8.94789507581703	0.460234049479266	8.04583633883767	9.84995381279639
9.2056179583903	0.488761058849173	8.24764628304592	10.1635896337347
10.0532615710116	0.933734806529276	8.2231413502142	11.883381791809
8.94660841383021	0.411161366011994	8.1407321364467	9.75248469121372
8.95632238855535	0.46711750600461	8.04077207678631	9.87187270032438
8.7948927213612	0.432829918464629	7.94654608117053	9.64323936155187
9.79657564251197	0.565357774172222	8.68847440513441	10.9046768798895
8.31314095456649	0.373350979682333	7.58137303438911	9.04490887474386
8.37812115561987	0.383913026478414	7.62565162372218	9.13059068751756
9.46453687245073	0.454180105351385	8.57434386596202	10.3547298789394
8.78792502648525	0.408923980433919	7.98643402483477	9.58941602813573
9.5341986043618	0.51195279454501	8.53077112705359	10.53762608167
8.91814375575871	0.508649753703344	7.92119023850016	9.91509727301727
9.77928558194132	0.626529757422428	8.55128725739336	11.0072839064893
9.0529372113862	0.460396546181755	8.15055998086996	9.95531444190244
9.21221071515498	0.463650803206532	8.30345514087018	10.1209662894398
9.13647018378319	0.595052430150687	7.97016742068785	10.3027729468785
8.67102582377614	0.390638419698738	7.90537452116661	9.43667712638567
9.15259753122746	0.405428954961158	8.3579567795036	9.94723828295133
7.84707260229976	0.376386200832233	7.10935564866858	8.58478955593094
9.12652967006897	0.480255644841602	8.18522860617943	10.0678307339585
9.13050987708552	0.43784809584179	8.27232760923561	9.98869214493543
9.25311388607962	0.44063487872794	8.38946952377286	10.1167582483864
8.92230584568522	0.361079457524535	8.21459010893713	9.63002158243331
9.5868453238975	0.517693805555606	8.57216546500851	10.6015251827865
8.53025628193095	0.430703816583616	7.68607680142707	9.37443576243484
9.13619275308939	0.419714986673272	8.31355137920978	9.958834126969
9.01459485382581	0.44691937555709	8.13863287773391	9.8905568299177
8.65612373364126	0.426234239618923	7.82070462398817	9.49154284329435
8.79667182844026	0.522467152880804	7.77263620879388	9.82070744808663
9.04975537836542	0.476577836193073	8.115662819427	9.98384793730384
9.21192394366347	0.473440296707522	8.28398096211673	10.1398669252102
9.58001696328139	0.476487644835783	8.64610117940325	10.5139327471595
8.92234508422954	0.40595059944282	8.12668190932162	9.71800825913747
8.14611534064413	0.679227715430862	6.81482901839964	9.47740166288862
8.94690617703894	0.536698790268493	7.89497654811269	9.99883580596518
8.93480102108387	0.417651010911396	8.11620503969753	9.7533970024702
8.91703388621868	0.485558658225886	7.96533891609595	9.86872885634142
10.3825519453852	0.624231324366261	9.15905854962729	11.606045341143
8.80646342900171	0.433468120354218	7.95686591310745	9.65606094489598
8.71025251367807	0.430344333710911	7.86677761960468	9.55372740775145
8.54740024859851	0.486641454737503	7.59358299731301	9.50121749988402
9.58774484088688	0.852725370573513	7.91640311456279	11.259086567211
9.34332649721665	0.453405243829315	8.45465221931119	10.2320007751221
8.69844486096243	0.437158983654671	7.84161325299928	9.55527646892559
8.38590942519755	0.513445690897344	7.37955587103876	9.39226297935635
9.19046169534531	0.470899282943445	8.26749910077615	10.1134242899145
9.08362482466853	0.429080073924724	8.24262787977607	9.92462176956099
8.95432417459258	0.48754494788232	7.99873607674324	9.90991227244193
8.92212004618285	0.432633296381955	8.07415878527422	9.77008130709149
9.0175349580777	0.438691197698426	8.15770021058879	9.87736970556662
9.12042990507627	0.45773246074064	8.22327428202461	10.0175855281279
9.10496354006471	0.449190756115332	8.22454965807866	9.98537742205076
8.87565741737518	0.568122332580955	7.76213764551651	9.98917718923385
8.44535053431562	0.432608020163824	7.59743881479452	9.29326225383671
8.74505019378071	0.431987326701505	7.89835503344576	9.59174535411566
9.00629930054089	0.530173036191446	7.96716014960565	10.0454384514761
9.28778480409424	0.456143278717264	8.3937439778084	10.1818256303801
8.72181604580898	0.411379877744431	7.9155114854299	9.52812060618807
9.43671356793415	0.447342180596829	8.55992289396437	10.3135042419039
9.51359398467353	0.544901477035552	8.44558708968385	10.5816008796632
9.0204980768909	0.468121718936667	8.10297950777503	9.93801664600676
8.85707573417618	0.39186482920646	8.08902066893151	9.62513079942084
8.41500794613627	0.37806349502227	7.67400349589263	9.15601239637992
9.84987803312787	0.587521336631841	8.69833621332946	11.0014198529263
8.5854378763437	0.455562498730901	7.69253537883113	9.47834037385626
8.8850817957717	0.565056303116711	7.77757144166295	9.99259214988045
8.5423697401954	0.391417504888058	7.77519143061481	9.309548049776
8.97517653834571	0.410564686123742	8.17046975354317	9.77988332314824
9.74824002594736	0.512389947875091	8.74395572811218	10.7525243237825
9.04799026609376	0.564428319718593	7.94171075944532	10.1542697727422
8.44044068677571	0.378515460782227	7.69855038364255	9.18233098990888
8.83018368402958	0.469471084779515	7.91002035786174	9.75034701019743
9.02835227563147	0.655739853122957	7.74310216351048	10.3136023877525
8.67875562237696	0.57894786452435	7.54401780790923	9.81349343684469
8.79734689787341	0.490674593727388	7.83562469416773	9.75906910157909
8.98163356308448	0.479651723942204	8.04151618415776	9.92175094201119
7.78319850529567	0.459830818396731	6.88193010123808	8.68446690935327
8.9707321385094	0.404095300896837	8.1787053487516	9.7627589282672
9.04071821394725	0.406117711980403	8.24472749846566	9.83670892942884
9.07589967989182	0.495932960522181	8.10387107726835	10.0479282825153
9.37937313526175	0.507699828878308	8.38428147066027	10.3744647998632
9.39052176309363	0.480953275710611	8.44785334270084	10.3331901834864
8.64294362638732	0.429193625701431	7.80172412001252	9.48416313276213
8.60364711841629	0.494844833181217	7.63375124538111	9.57354299145148
9.22080090487647	0.43754536986583	8.36321197993944	10.0783898298135
9.3211770655388	0.440889171802651	8.45703428880561	10.185319842272
8.6183663505712	0.441946035756047	7.75215212048935	9.48458058065305
8.85976163260098	0.403611958714284	8.06868219352098	9.65084107168098
7.86852754767479	0.382699214925585	7.11843708642064	8.61861800892894
8.38045314993591	0.410771818304891	7.57534038605833	9.1855659138135
8.84009576473531	0.431365601811681	7.99461918518442	9.68557234428621
9.30590396756282	0.418547132172048	8.4855515885056	10.12625634662
9.76271168631371	0.648426791336304	8.49179517529455	11.0336281973329
8.79767976645021	0.41665166991127	7.98104249342412	9.6143170394763
8.25327962501441	0.4114630916871	7.44681196530769	9.05974728472112
9.25710295088257	0.518932240403414	8.23999575969188	10.2742101420733
9.94262847647828	0.560453456990946	8.84413970077603	11.0411172521805
9.36431091933228	0.423777292400767	8.53370742622678	10.1949144124378
9.13546930810375	0.471815347324866	8.21071122734702	10.0602273888605
8.88524110270611	0.453170113919926	7.99702767942305	9.77345452598916
7.99464572455924	0.4207220715612	7.17003046429929	8.81926098481919
8.93789485543617	0.395110561533788	8.16347815482994	9.71231155604239
8.17183653014397	0.450431866192506	7.28899007240666	9.05468298788128
8.82530300891363	0.443450165596478	7.95614068434453	9.69446533348273
8.53994250014765	0.46640333496927	7.62579196360788	9.45409303668742
9.32902106039319	0.450114333924275	8.44679696590161	10.2112451548848
8.94812192506293	0.447092017703229	8.0718215703646	9.82442227976126
8.28095205884569	0.41858169783587	7.46053193108739	9.101372186604
9.66818906754945	0.475325229754825	8.73655161723	10.5998265178689
9.03376967906035	0.425702784072324	8.1993922222786	9.86814713584211
9.1708602629045	0.5437487740378	8.10511266579041	10.2366078600186
9.93404112672306	0.60847850798561	8.74142325107126	11.1266590023749
8.61143818094213	0.392609074014608	7.8419243958735	9.38095196601076
9.19681865690315	0.487640164972861	8.24104393355634	10.15259338025
8.91556160496434	0.43461744469918	8.06371141335394	9.76741179657473
9.13287437217958	0.370809483602055	8.40608778431955	9.8596609600396
9.44775408803219	0.563467038310604	8.34335869294341	10.552149483121
7.78640006364193	0.466666893954304	6.87173295149149	8.70106717579236
9.46191070261811	0.504541892937572	8.47300859246047	10.4508128127757
9.34740352700183	0.546768494375467	8.27573727802592	10.4190697759777
8.95310204291051	0.431522640404877	8.10731766771695	9.79888641810406
9.31350872005389	0.407915977896661	8.51399340337644	10.1130240367314
8.75237172685225	0.449896277222884	7.87057502349539	9.6341684302091
9.25684251183898	0.474339496617494	8.32713709846869	10.1865479252093
8.54221264690584	0.442630844428452	7.67465619182608	9.40976910198561
9.3331627331512	0.462847889997212	8.42598086875666	10.2403445975457
8.99754381169901	0.456063252562059	8.10365983667738	9.89142778672065
9.65381079515785	0.512733274786751	8.64885357657582	10.6587680137399
8.78321982988627	0.414478608138142	7.97084175793551	9.59559790183702
8.69655730980477	0.457616932837358	7.79962812144354	9.59348649816599
8.7106025385387	0.511222048937759	7.70860732262069	9.71259775445671
9.03213311327377	0.486429921047323	8.07873046802101	9.98553575852652
8.18461447288103	0.398740057313187	7.40308396054718	8.96614498521487
8.82458114137397	0.469832454498535	7.90370953055684	9.7454527521911
9.22450964995157	0.586192213970088	8.0755729105702	10.3734463893329
8.98688072288403	0.450099169204482	8.10468635124325	9.86907509452482
8.67844898026992	0.470141783384191	7.7569710848369	9.59992687570293
8.6167133582952	0.401097211518351	7.83056282371923	9.40286389287117
8.72389596270881	0.413055904183252	7.91430639050964	9.53348553490799
8.89616562057553	0.5019550175576	7.91233378616263	9.87999745498842
9.11149893595921	0.466763893067123	8.19664170554765	10.0263561663708
9.48589346320033	0.504651285559061	8.49677694350457	10.4750099828961
9.45773480899561	0.483442849118808	8.51018682472274	10.4052827932685
9.27272544864464	0.526567274024754	8.24065359155612	10.3047973057332
8.431622437845	0.376859995866753	7.69297684594617	9.17026802974384
9.11746893988664	0.529842364285607	8.07897790588685	10.1559599738864
9.53647810050117	0.43789969605178	8.67819469623968	10.3947615047627
9.46558948522967	0.487396979619083	8.51029140517627	10.4208875652831
8.81254433065167	0.449513317105124	7.93149822912563	9.69359043217771
9.09968726102117	0.522757084331447	8.07508337573153	10.1242911463108
9.26507144045183	0.501476739712755	8.28217703061483	10.2479658502888
8.65315821438738	0.505574459081011	7.66223227458859	9.64408415418616
9.12923625020498	0.400927111900458	8.34341911088008	9.91505338952988
9.12887609638529	0.465412161619629	8.21666825961082	10.0410839331598
10.0111707995155	0.600420411531077	8.83434679291455	11.1879948061164
8.89581130247962	0.436202425535986	8.04085454842909	9.75076805653015
8.82936046712188	0.44964277414358	7.94806062980047	9.7106603044433
9.54794492358709	0.574188339920423	8.42253577734306	10.6733540698311
9.72010705559389	0.518300029695881	8.70423899738997	10.7359751137978
9.24297601314418	0.456010665858405	8.3491951080617	10.1367569182266
9.86054053832596	0.462205533445927	8.95461769277195	10.76646338388
8.2548428528648	0.359975799254267	7.54929028632643	8.96039541940316
9.08937519903051	0.414871979117803	8.27622611995961	9.9025242781014
9.85359156743345	0.568909167096374	8.73852959992456	10.9686535349423
9.66503748287847	0.532169720117396	8.62198483144837	10.7080901343086
9.5309282494526	0.544320446281772	8.46406017474033	10.5977963241649
8.17449891437397	0.377398758870403	7.43479734698798	8.91420048175996
8.12950011623819	0.411468968915898	7.32302093716303	8.93597929531335
9.08985702172263	0.536498143629773	8.03832066020828	10.141393383237
9.45585855384295	0.437611619516831	8.59813977958996	10.3135773280959
9.4248736551131	0.474497828660391	8.49485791093873	10.3548893992875
8.77419629980878	0.402499545787346	7.98529719006558	9.56309540955197
8.37796265679931	0.420845624953489	7.55310523189047	9.20282008170815
8.61294971872933	0.429366381881506	7.77139161024158	9.45450782721708
9.20244977285942	0.483164987471761	8.25544639741477	10.1494531483041
9.16672028815285	0.44062889259898	8.30308765865885	10.0303529176469
8.58797265748871	0.473627758501132	7.65966225082649	9.51628306415093
8.53778676428262	0.423199991476119	7.70831478098943	9.36725874757581
8.92995964396699	0.39032816763757	8.16491643539735	9.69500285253662
8.91144262705198	0.533126291530911	7.86651509565139	9.95637015845256
8.48454775464132	0.442232697526302	7.61777166748977	9.35132384179287
9.53818758099154	0.489687118188368	8.57840082934234	10.4979743326407
9.0003625313074	0.42974554847438	8.15806125629761	9.84266380631718
8.54087674131508	0.386813541960221	7.78272219907304	9.29903128355711
8.87045348133684	0.399215887022702	8.08799034277235	9.65291661990133
9.57949140913799	0.501561539081974	8.59643079253732	10.5625520257387
8.79925955739307	0.430551421389596	7.95537877146946	9.64314034331668
8.66323189663003	0.475937464357528	7.73039446648927	9.59606932677078
8.33164576658882	0.386726839611142	7.57366116095099	9.08963037222666
9.01323236142847	0.410689899867457	8.20828015768826	9.81818456516869
9.81602481984443	0.584904456400264	8.66961208529991	10.9624375543889
8.42186020611117	0.397758085223606	7.64225435907291	9.20146605314944
9.19248670055072	0.561145697661513	8.09264113313415	10.2923322679673
8.59852667257795	0.407144455600113	7.80052353960173	9.39652980555417
8.71453961605088	0.440516389162794	7.85112749329181	9.57795173880996
9.23759210287344	0.414667810357321	8.42484319457309	10.0503410111738
9.15355910713675	0.472217778920111	8.22801226045333	10.0791059538202
9.5817532015503	0.499218795345403	8.60328436267331	10.5602220404273
8.57819827150022	0.421476272425706	7.75210477754584	9.40429176545461
9.0722738639531	0.422346858322088	8.24447402164181	9.90007370626439
8.39317988287688	0.503673149545742	7.40598050976723	9.38037925598654
8.46608354612148	0.470575770417651	7.54375503610288	9.38841205614007
9.38540160175828	0.511681096679878	8.38250665226572	10.3882965512508
8.79990748107782	0.436849615936526	7.94368223384223	9.65613272831341
9.33660366033173	0.420979490497131	8.51148385895736	10.1617234617061
9.62734691046451	0.657817263435512	8.3380250741309	10.9166687467981
9.25501667978201	0.498036165013445	8.27886579635566	10.2311675632084
8.50961202004725	0.409466591489057	7.7070575007287	9.3121665393658
7.60825812861414	0.347323684640838	6.9275037067181	8.28901255051018
8.93760736865743	0.445267595062444	8.06488288233504	9.81033185497982
8.68387113340848	0.428631574903855	7.84375324659692	9.52398902022003
9.07678932392636	0.535486731033583	8.02723533110054	10.1263433167522
9.09380024440641	0.429992198158258	8.25101553601623	9.9365849527966
8.50677914372402	0.453033044769355	7.61883437597609	9.39472391147196
8.97762284690749	0.426513114951196	8.14165714160315	9.81358855221183
8.44837577907741	0.471545073634789	7.52414743475322	9.37260412340159
8.99632425324142	0.436499225639005	8.14078577098897	9.85186273549387
9.94521391910554	0.575168438594119	8.81788377946106	11.07254405875
9.00343098842867	0.417421553195726	8.18528474416505	9.8215772326923
9.34460474639924	0.493366393741144	8.3776066146666	10.3116028781319
8.89141467791978	0.459550568917206	7.99069556284205	9.7921337929975
8.84491002779533	0.426654892279927	8.00866643892668	9.68115361666399
8.98726490208179	0.469045530604843	8.06793566209629	9.90659414206728
8.87009967719623	0.486489039043373	7.91658116067122	9.82361819372124
8.71074344977899	0.417560717250375	7.89232444396826	9.52916245558973
8.60116668169663	0.500750847652283	7.61969502029815	9.5826383430951
9.06852797314871	0.481941743878997	8.12392215514587	10.0131337911515
8.98079166576704	0.478356788266132	8.04321236076543	9.91837097076866
9.08409838760324	0.480003426795955	8.14329167108317	10.0249051041233
9.22798982325737	0.436759461898202	8.3719412779369	10.0840383685778
9.50385147467657	0.501410526832711	8.52108684208446	10.4866161072687
9.37091953961322	0.564344203138192	8.26480490146236	10.4770341777641
8.72341474931197	0.464263269484924	7.81345874112152	9.63337075750242
8.97639405013627	0.43313251159272	8.12745432741454	9.825333772858
9.33043912712356	0.426632357000175	8.49423970740322	10.1666385468439
10.0796272946153	0.520011615793397	9.06040452766028	11.0988500615704
8.83555723957703	0.459705679835528	7.9345341070994	9.73658037205466
9.07732242513529	0.478732975448192	8.13900579325684	10.0156390570137
9.3100612973093	0.44250507322343	8.44275135379138	10.1773712408272
9.17212285513924	0.493045107119834	8.20575444518437	10.1384912650941
9.58501922919842	0.452540118550104	8.69804059684022	10.4719978615566
8.86300930603618	0.433091683203911	8.01414960695651	9.71186900511584
8.31315117962915	0.429159383765975	7.47199878744784	9.15430357181046
9.33292494798466	0.494819744637191	8.36307824849576	10.3027716474736
9.32574402568338	0.550252831862764	8.24724847523236	10.4042395761344
8.67612149241905	0.459416032581923	7.77566606855848	9.57657691627962
9.08894391461058	0.414691815781786	8.27614795567828	9.90173987354288
9.54810815285378	0.520522661679321	8.52788373596232	10.5683325697453
9.70773575181858	0.535797106395306	8.65757342328378	10.7578980803534
9.27601961050235	0.432069706882673	8.42916298501231	10.1228762359924
9.09261206009098	0.45602253970369	8.19880788227175	9.98641623791021
8.94553451784485	0.429764633580925	8.10319583602624	9.78787319966346
9.12713008527006	0.504364429412547	8.13857580362147	10.1156843669187
9.1420535155748	0.485661189422409	8.19015758430688	10.0939494468427
8.76197362257481	0.39168534528199	7.99427034582211	9.52967689932751
9.26523595596371	0.561541081382104	8.16461543645478	10.3658564754726
9.07258008878818	0.44028690284824	8.20961775920563	9.93554241837073
9.19900152961213	0.425776864662337	8.36447887487395	10.0335241843503
8.80403816014933	0.44234566464894	7.93704065743741	9.67103566286125
9.0918810802236	0.472515414541318	8.16575086772261	10.0180112927246
9.25271147612709	0.477001155312839	8.31778921171392	10.1876337405403
8.21072830596549	0.371443794069287	7.48269846958968	8.93875814234129
9.13247815936968	0.478420451923047	8.1947740736005	10.0701822451388
8.9299252034628	0.432013920575088	8.08317791913563	9.77667248778998
8.7496377328726	0.396737345886998	7.97203253493409	9.52724293081112
8.59490392795865	0.486329860120801	7.64169740212188	9.54811045379542
8.64136033375333	0.461359916745757	7.73709489693165	9.54562577057501
8.19031710604635	0.43260717044207	7.34240705197989	9.03822716011281
8.91632457574987	0.434150605187318	8.06538938958273	9.76725976191701
9.80915480606088	0.494821651230641	8.83930436964883	10.7790052424729
9.12200189831978	0.432564601928152	8.2741752785406	9.96982851809896
8.74165378105107	0.48426001954151	7.79250414274971	9.69080341935243
9.22310824468168	0.478093905138922	8.28604419060939	10.160172298754
8.71203676161051	0.456167140878913	7.81794916548784	9.60612435773318
8.73902828961557	0.421402547431024	7.91307929665076	9.56497728258038
9.25047609639314	0.458850887179311	8.35112835752169	10.1498238352646
9.22361472299552	0.499249582403295	8.24508554148506	10.202143904506
9.25700966061603	0.457367456278796	8.36056944630958	10.1534498749225
8.74778680543535	0.457224980397901	7.85162584385546	9.64394776701524
8.62992479914994	0.508940090820659	7.63240222114145	9.62744737715843
8.98725301330246	0.444844067727577	8.11535864055641	9.85914738604851
9.10702918691819	0.488018521300941	8.15051288516835	10.063545488668
9.03086655261561	0.568870670071406	7.91588003927566	10.1458530659556
9.25966362262167	0.549698906232842	8.1822537664053	10.337073478838
8.25650043173613	0.401334230425562	7.46988534010202	9.04311552337023
8.96048448805762	0.458607439434336	8.06161390676632	9.85935506934892
8.49770591054322	0.403135635843153	7.70756006429065	9.2878517567958
8.67240203888308	0.456636982536171	7.77739355311218	9.56741052465397
9.10490746981557	0.405044327124752	8.31102058865106	9.89879435098009
8.34549444429628	0.432592721043108	7.49761271105179	9.19337617754077
9.40357421255125	0.448984562259557	8.52356447052252	10.28358395458
9.33361923565327	0.474064972821999	8.40445188892215	10.2627865823844
9.37867699810989	0.427907923154391	8.53997746872729	10.2173765274925
8.7722507477888	0.485740533544648	7.82019930204129	9.72430219353631
8.25441698095025	0.422748146565989	7.42583061368091	9.08300334821959
10.0599700192027	0.563203873668992	8.95609042681149	11.1638496115939
8.40391983436515	0.33463186327375	7.7480413823486	9.0597982863817
8.81902180463467	0.394924974429977	8.04496885475192	9.59307475451743
8.60023166576645	0.587858714876362	7.44802858460878	9.75243474692412
8.49679242021987	0.408188429513052	7.69674309837429	9.29684174206545
9.4442045135692	0.496061228224662	8.47192450624886	10.4164845208895
8.38201251564355	0.438068468514606	7.52339831735492	9.24062671393218
8.93795551190039	0.448922948452082	8.0580665329343	9.81784449086647
9.11905003671125	0.480652833295976	8.17697048345114	10.0611295899714
8.72145610871319	0.469186204081129	7.80185114871418	9.6410610687122
9.18803069606804	0.443281330223026	8.31919928883091	10.0568621033052
8.85840016253014	0.416906118594067	8.04126417008577	9.67553615497451
8.83542101331046	0.656743841468372	7.54820308403245	10.1226389425885
9.30502875237395	0.621839801542755	8.08622274135015	10.5238347633977
9.61303386255687	0.583163326233367	8.47003374313947	10.7560339819743
9.42945443211151	0.447258252314337	8.55282825757541	10.3060806066476
8.97514842391253	0.454071280895858	8.08516871335665	9.86512813446841
10.2760255617578	1.27444325862418	7.77811677485445	12.7739343486612
9.64023204914011	0.520159050036932	8.62072031106772	10.6597437872125
8.95842456178716	0.413802804678	8.14737106461828	9.76947805895604
8.54948430437363	0.493554175510831	7.5821181203724	9.51685048837486
9.03282195821367	0.565027530049058	7.92536799931752	10.1402759171098
8.39411887308654	0.49233299413933	7.42914620457345	9.35909154159962
8.08057529431399	0.366467431833798	7.36229912791974	8.79885146070823
9.40117879787088	0.516242995029066	8.38934252761391	10.4130150681279
9.74387675664071	0.527699645269712	8.70958545191208	10.7781680613693
8.60079580320846	0.44493525050804	7.72872271221271	9.47286889420422
9.46196865787598	0.526377338237941	8.43026907492962	10.4936682408223
8.53521654437642	0.373067511409488	7.80400422201382	9.26642886673902
9.18037787753904	0.466837744329042	8.26537589865412	10.095379856424
9.22423723137631	0.469944428285861	8.30314615193602	10.1453283108166
8.65197086056932	0.496125360512059	7.67956515396568	9.62437656717295
9.13702539732916	0.50138728406443	8.15430632056288	10.1197444740954
8.76354159575301	0.40888805217641	7.96212101348725	9.56496217801878
8.70076793463658	0.510395106900691	7.70039352511122	9.70114234416193
9.07980609026883	0.51353639711547	8.07327475192251	10.0863374286152
8.80883660057295	0.464438098058044	7.89853792837919	9.71913527276672
8.28107724001038	0.38946523254177	7.51772538422851	9.04442909579225
8.24557653792452	0.359718125576113	7.54052901179534	8.9506240640537
9.05097967970904	0.485062818252974	8.10025655593321	10.0017028034849
8.99713196929379	0.437383709581999	8.13985989851307	9.85440404007451
9.88230482551345	0.495732579451686	8.91066896978815	10.8539406812388
8.67625756472119	0.412668793525153	7.86742672941189	9.48508840003049
9.28816300147007	0.463851375781564	8.37901430493821	10.1973116980019
8.2029476555169	0.405038818075499	7.40907157208892	8.99682373894487
8.88320004316664	0.449958002691339	8.00128235789161	9.76511772844166
8.64498486640995	0.407840894413025	7.84561671336042	9.44435301945948
9.00091411714684	0.443006219139021	8.13262192763436	9.86920630665932
9.30290915207646	0.483033480476724	8.35616353034208	10.2496547738108
8.87025302212211	0.448483433661843	7.9912254921449	9.74928055209932
8.40541898022573	0.448942393733417	7.52549188850823	9.28534607194323
8.98032883995548	0.48504500598685	8.02964062822126	9.93101705168971
9.3420093983508	0.482772336829582	8.39577561816482	10.2882431785368
8.33904324277419	0.487295046878546	7.38394495089224	9.29414153465614
9.81909859463821	0.517178770739764	8.80542820398827	10.8327689852881
8.97704474771044	0.456862966230243	8.08159333389917	9.87249616152172
8.80293034338005	0.627420681450214	7.57318580773763	10.0326748790225
9.05458765319979	0.496200929217344	8.0820338319338	10.0271414744658
9.14354257628894	0.493611228271495	8.17606456887681	10.1110205837011
8.66317286377248	0.46808707250083	7.74572220167085	9.5806235258741
9.44206939177148	0.380266257565502	8.69674752694309	10.1873912565999
8.86613614895561	0.45671389779216	7.97097690928298	9.76129538862824
9.12882767746988	0.472268172664176	8.2031820590481	10.0544732958917
8.8232246967369	0.432689295975958	7.97515367662403	9.67129571684978
8.88309879057642	0.418943809841887	8.06196892328632	9.70422865786652
9.55310203109285	0.483701499861571	8.60504709136417	10.5011569708215
9.13109183300048	0.412852985481687	8.32189998145637	9.94028368454458
9.07390959623241	0.537304338107824	8.02079309354107	10.1270260989237
8.2831353928394	0.381234358139725	7.53591605088554	9.03035473479326
9.26130924684203	0.51672035155143	8.24853735780123	10.2740811358828
9.64260281191122	0.488533800139038	8.6850765636387	10.6001290601837
8.84570781928361	0.552164313195737	7.76346576541997	9.92794987314726
9.32456328148146	0.493885139063102	8.35654840891778	10.2925781540451
9.15638417141417	0.463102820598691	8.24870264304073	10.0640656997876
8.48389664734265	0.394765239022979	7.71015677885761	9.25763651582769
8.37735244243709	0.504627214910445	7.38828310121262	9.36642178366156
9.41791863548746	0.604072808807699	8.23393593022437	10.6019013407506
9.85276396467506	0.511321790025886	8.85057325622432	10.8549546731258
9.95328258069747	0.522964319055708	8.92827251534828	10.9782926460467
9.85315956133257	0.601131440713612	8.67494193753389	11.0313771851313
9.29577763014473	0.542878531271707	8.23173570885219	10.3598195514373
8.82771819479752	0.417422707804951	8.00956968749981	9.64586670209522
8.1809889511524	0.410038115338003	7.37731424508992	8.98466365721489
8.10511960887305	0.37961723714891	7.36106982406119	8.84916939368491
8.46092116168731	0.386953563649024	7.70249217693523	9.2193501464394
9.44854452212616	0.805174032135657	7.87040341914027	11.026685625112
9.4307817761283	0.540724600114664	8.37096155990356	10.490601992353
8.33345863219524	0.459737787365122	7.43237256895959	9.23454469543088
9.06572347771417	0.486956871325435	8.11128800991631	10.020158945512
8.50309749782621	0.389545593976088	7.73958813363308	9.26660686201934
9.13071861263694	0.472801099595484	8.20402845742979	10.0574087678441
9.09749377920719	0.434918333349508	8.24505384584215	9.94993371257223
8.96558826621151	0.466170528168947	8.05189403100037	9.87928250142265
8.71042029216938	0.398156950939294	7.93003266832836	9.49080791601039
9.03352415127698	0.487157057967636	8.07869631766041	9.98835198489354
8.35842003235043	0.4091782951075	7.55643057393973	9.16040949076113
8.68561305118445	0.437803123417824	7.82751892928551	9.54370717308338
8.97831980517523	0.419569222508724	8.15596412905813	9.80067548129233
9.09042372083356	0.422617160604092	8.26209408604954	9.91875335561758
9.80327877002905	0.471643849644914	8.87885682472502	10.7277007153331
8.49220644815764	0.5074435603735	7.49761706982558	9.4867958264897
8.68202535999874	0.400884817632121	7.89629111743978	9.4677596025577
9.18556754434535	0.466723568112543	8.27078935084477	10.1003457378459
8.64639851616659	0.45336246715142	7.75780808054981	9.53498895178337
9.90365024025723	0.637440512169263	8.65426683640548	11.153033644109
8.88635031054376	0.52520067317984	7.85695699111127	9.91574362997624
8.70475348153632	0.395228727273192	7.93010517608086	9.47940178699177
9.21386824569884	0.455066712996708	8.3219374882253	10.1057990031724
9.59373933665653	0.449957918900383	8.71182181561177	10.4756568577013
9.23815643592982	0.6084295977617	8.04563442431689	10.4306784475428
9.01135808749679	0.573319770768666	7.88765133679021	10.1350648382034
9.1746414113177	0.401691563643146	8.38732594657713	9.96195687605827
9.88860112709776	0.538836340361087	8.83248189999003	10.9447203542055
8.88732323742337	0.405200083156754	8.09313107443614	9.68151540041061
9.31990213972126	0.713993911334431	7.92047407350577	10.7193302059367
8.78944797736276	0.430468681493911	7.94572936163469	9.63316659309082
8.70361041476967	0.43740997972097	7.84628685451657	9.56093397502277
9.03456340801699	0.47562234018822	8.10234362124808	9.9667831947859
8.71431224385705	0.39721292931108	7.93577490240733	9.49284958530676
8.9331332620599	0.515573851186001	7.92260851373534	9.94365801038446
9.72370948238439	0.701009321278231	8.34973121267906	11.0976877520897
8.63714924846752	0.43948954566764	7.77574973895895	9.4985487579761
8.46200861790695	0.422034735399034	7.63482053652484	9.28919669928906
8.51996634092016	0.419330409112274	7.6980787390601	9.34185394278021
8.13975378194146	0.418277292145064	7.31993028933714	8.95957727454579
8.69234668688512	0.448391520880175	7.81349930595997	9.57119406781026
9.54084421743287	0.403315149146231	8.75034652510625	10.3313419097595
10.4020210642341	0.545493465848569	9.33285387117087	11.4711882572973
9.14621777931465	0.484321167034493	8.19694829192705	10.0954872667023
8.96444016018159	0.472184403206189	8.03895872989746	9.88992159046572
9.26990444232507	0.572719999105952	8.1473732440774	10.3924356405727
9.06753119768125	0.509578329062348	8.06875767271905	10.0663047226435
9.22405660979128	0.461916619035436	8.31870003648183	10.1294131831007
8.35445998314429	0.425375474081005	7.52072405394552	9.18819591234306
8.75195356074168	0.441921726972962	7.88578697587467	9.61812014560869
9.05562948620135	0.575842382302809	7.92697841688784	10.1842805555149
9.42970411937496	0.517063823496495	8.41625902532182	10.4431492134281
9.13920615840552	0.443811253777077	8.26933610100245	10.0090762158086
8.85873627290478	0.492586260361532	7.89326720259618	9.82420534321339
9.23132343511001	0.524786045472737	8.20274278598345	10.2599040842366
8.09081169178711	0.392074375060531	7.32234591666847	8.85927746690575
8.98981794184715	0.586255173965359	7.84075780087504	10.1388780828193
8.81207870981542	0.418932600388522	7.99097081305392	9.63318660657692
9.56269494421224	0.600549192449432	8.38561852701135	10.7397713614131
8.79136727334087	0.390188992474181	8.02659684809148	9.55613769859027
9.54664262550557	0.510233123088893	8.54658570425134	10.5466995467598
8.76900216668105	0.36419687376633	8.05517629409905	9.48282803926306
9.44766661615376	0.587638814097696	8.29589454052228	10.5994386917852
9.23003090962378	0.551211922260636	8.14965554199294	10.3104062772546
10.8656389990476	0.591156486644449	9.7069722852245	12.0243057128707
9.78199885848175	0.469896892582857	8.86100094901935	10.7029967679442
9.33264890061507	0.501022142867261	8.35064550059524	10.3146523006349
9.29348792444816	0.454900720355811	8.40188251255077	10.1850933363455
9.45331065370589	0.585181697413097	8.30635452677622	10.6002667806356
8.95918837873145	0.468245673378289	8.04142685891	9.87694989855289
8.61759909730203	0.429711327167426	7.77536489605387	9.45983329855018
8.72230062285717	0.418088908409857	7.90284636237385	9.54175488334049
8.91745005110551	0.423546769283208	8.08729838331042	9.74760171890059
8.36933332820939	0.363439824472444	7.6569912722434	9.08167538417538
8.89952204117345	0.492604852228569	7.93401653080545	9.86502755154144
9.81791464740306	0.445829591435483	8.94408864818951	10.6917406466166
8.72059990010089	0.458510680205118	7.82191896689886	9.61928083330293
8.44632890099225	0.399106230316225	7.66408068957245	9.22857711241205
8.26396057959814	0.41494742236511	7.45066363176253	9.07725752743375
8.94189668210617	0.396178292986377	8.16538722785287	9.71840613635947
8.10829229876184	0.408378943885307	7.30786956874664	8.90871502877704
9.47137485155629	0.547826817544097	8.39763428916986	10.5451154139427
9.8963752545405	0.52073067268222	8.87574313608335	10.9170073729977
8.85040126342856	0.40302125376854	8.06047960604223	9.6403229208149
8.64694835523291	0.579440830206594	7.51124432802798	9.78265238243783
9.30150411714566	0.466396215349672	8.3873675350603	10.215640699231
9.9408607917456	0.597657904740811	8.76945129845361	11.1122702850376
9.05643385030719	0.411756616429326	8.24939088210571	9.86347681850867
8.8073968370649	0.47938043174381	7.86781119084703	9.74698248328277
9.03147246660023	0.529531768661811	7.99359020002308	10.0693547331774
9.07193074275706	0.465332274243929	8.15987948523896	9.98398200027516
8.9541185353412	0.429038265992053	8.11320353399678	9.79503353668562
9.29228061378503	0.615666209803799	8.08557484256959	10.4989863850005
8.43497272606048	0.369449950307127	7.71085082345851	9.15909462866245
8.27942214432231	0.40878629668959	7.47820100281071	9.0806432858339
9.20555476089951	0.471646150027121	8.28112830684635	10.1299812149527
9.45297875282835	0.477744005276494	8.51660050248642	10.3893570031703
9.55567924731943	0.509640797594024	8.55678328403514	10.5545752106037
9.57912783609848	0.475935160751505	8.64629492102553	10.5119607511714
8.65311373293983	0.421986634363144	7.82601992958806	9.48020753629159
8.85923058924661	0.460658937983034	7.95633907079986	9.76212210769335
9.14378946160099	0.448317172087292	8.2650878043099	10.0224911188921
9.00147899376665	0.407580274286198	8.20262165616571	9.8003363313676
8.89452995405626	0.430539037350964	8.05067344084837	9.73838646726415
9.21267614241366	0.452438234672646	8.32589720245528	10.099455082372
9.37885466172685	0.509061895070889	8.38109334738791	10.3766159760658
9.08729720992656	0.4928009105789	8.12140742519191	10.0531869946612
9.06042579951728	0.467965452552706	8.14321351251397	9.97763808652058
8.28563002083	0.446171938426927	7.41113302151322	9.16012702014678
8.60855134600662	0.463842106510928	7.6994208172452	9.51768187476804
10.2213522544902	0.518260504198735	9.20556166626067	11.2371428427197
9.01650379245243	0.392297348487522	8.24760098941689	9.78540659548797
8.97605924860873	0.553777910952329	7.89065454314217	10.0614639540753
8.40539967833102	0.418522566544967	7.58509544790288	9.22570390875915
8.90036622529305	0.437719783250757	8.04243545012156	9.75829700046453
9.23165539430846	0.395389720143847	8.45669154282652	10.0066192457904
8.88288012355005	0.447954327966405	8.0048896407359	9.76087060636421
10.1161145519148	0.50274757281798	9.13072930919155	11.101499794638
9.05677395868069	0.429627653958831	8.21470375692138	9.89884416044
8.82190930456252	0.566330750845746	7.71190103290486	9.93191757622018
8.6570909408695	0.467027836063525	7.74171638218499	9.57246549955401
9.3662704180136	0.523586529585399	8.34004082002622	10.392500016001
8.59544044578347	0.44014285616473	7.7327604477006	9.45812044386634
8.65600436678742	0.480063212762776	7.71508046977238	9.59692826380246
9.23146784892011	0.407454837909526	8.43285636661744	10.0300793312228
8.59958198826981	0.434001419511065	7.74893920602812	9.4502247705115
8.87199257217722	0.422183422591004	8.04451306389885	9.69947208045559
8.69210368471634	0.455117923501319	7.80007255465376	9.58413481477892
8.42926714342364	0.422686729570921	7.60080115346464	9.25773313338265
9.54532228065633	0.466799831934531	8.63039461006465	10.460249951248
9.98225611996652	0.562540786380416	8.8796761786609	11.0848360612721
8.89533066236699	0.439128124533752	8.03463953828084	9.75602178645314
9.35142486774748	0.506119701484967	8.35943025283694	10.343419482658
8.62847161020234	0.397115020251528	7.85012617050935	9.40681704989534
8.97580384259861	0.397445323247051	8.19681100903439	9.75479667616283
8.59873552567517	0.51416038645494	7.59098116822349	9.60648988312685
8.91351386638966	0.422955335925107	8.08452140797644	9.74250632480287
8.53378644933722	0.432710655656321	7.68567356425083	9.38189933442361
9.90284818277969	0.486603840292326	8.94910465580673	10.8565917097526
9.08281066491646	0.456845052252766	8.18739436250103	9.97822696733188
8.67384511629161	0.41990170301027	7.85083777839148	9.49685245419174
8.68869082767338	0.504502305057557	7.69986630976057	9.67751534558619
8.99663277777761	0.449206819709333	8.11618741114731	9.8770781444079
9.10842389557794	0.54405091153948	8.04208410896055	10.1747636821953
9.193357328886	0.484965027549939	8.24282587488812	10.1438887828839
8.28174802593777	0.409718569862799	7.47869962900668	9.08479642286885
9.18050360423333	0.515585879802563	8.16995527982031	10.1910519286464
8.89965423267373	0.448356166583197	8.02087614617066	9.7784323191768
9.14492535512954	0.520639916858529	8.12447111808683	10.1653795921723
9.56868739416976	0.471745309607436	8.64406658733919	10.4933082010003
9.61214676984297	0.500724881377705	8.63072600234266	10.5935675373433
8.31075807865636	0.418668553543128	7.49016771371183	9.13134844360089
9.20078102988893	0.416109436250628	8.3852065348377	10.0163555249402
9.09492368296371	0.537032639617862	8.0423397093127	10.1475076566147
8.83969740065234	0.450649110417993	7.95642514423307	9.72296965707161
8.78298921025946	0.482428084306506	7.83743016501871	9.72854825550021
9.2380204645095	0.468935310233012	8.3189072564528	10.1571336725662
9.48585653033892	0.488300732665562	8.52878709431442	10.4429259663634
8.97172588841354	0.456113878106832	8.07774268732415	9.86570908950294
9.15526111999375	0.429812800221783	8.31282803155906	9.99769420842845
8.74794441696518	0.407011054374883	7.9502027503904	9.54568608353995
9.35207155526247	0.545278232105217	8.28332622033625	10.4208168901887
9.54950730227857	0.513471736146257	8.54310269943191	10.5559119051252
9.82859879414164	0.51149898527138	8.82606078300974	10.8311368052735
9.69150511467323	0.483112650870896	8.74460431896628	10.6384059103802
8.76191947837275	0.475356583122061	7.83022057545351	9.69361838129199
9.21280749535996	0.430370513654593	8.36928128859696	10.056333702123
8.98644643411774	0.474467592730538	8.05648995236588	9.91640291586959
9.40413213967983	1.1140987703186	7.22049854985538	11.5877657295043
8.79735610435282	0.491576394313346	7.83386637149866	9.76084583720698
9.32818271852178	0.455260651263638	8.43587184204505	10.2204935949985
9.11367541104107	0.46715246439753	8.19805658082191	10.0292942412602
8.66317175660265	0.525784040928277	7.63263503638323	9.69370847682207
8.91634004803173	0.534090444086203	7.86952277762277	9.96315731844069
9.25472971100796	0.442316739869729	8.38778890086329	10.1216705211526
8.36638901506552	0.426973998364578	7.52951997827095	9.20325805186009
8.63898161583086	0.433474990018243	7.7893706353951	9.48859259626661
9.1449191806554	0.482327675398056	8.19955693687521	10.0902814244356
8.9688076786737	0.465456037589135	8.056513844999	9.88110151234841
10.2551983211597	0.56648178668473	9.14489401925762	11.3655026230618
9.41481463930308	0.523251809001329	8.38924109366048	10.4403881849457
8.85879937869479	0.390865519129131	8.09270296120169	9.62489579618788
10.1715914959996	0.617894646058084	8.96051798972579	11.3826650022735
9.16387029943079	0.518936185402477	8.14675537604194	10.1809852228196
8.79136505615442	0.516599670197042	7.77882970256822	9.80390040974063
8.79972632191347	0.467277499110665	7.88386242365657	9.71559022017037
8.13048012124163	0.427176545174166	7.29321409270026	8.96774614978299
9.15721468939452	0.463293587912029	8.24915925708694	10.0652701217021
9.90806044173139	0.519286049459289	8.89025978479119	10.9258610986716
9.45555509441466	0.546317697722388	8.38477240687878	10.5263377819505
8.2175750657059	0.391765857418803	7.44971398516505	8.98543614624675
8.39867692117782	0.39771804191524	7.61914955902395	9.17820428333169
9.05756768222503	0.56033304789878	7.95931490834342	10.1558204561066
8.42470791230334	0.351495399722006	7.73577692884821	9.11363889575847
8.76948563116205	0.439340435514319	7.90837837755398	9.63059288477011
9.07161045717591	0.450711667664912	8.18821558855269	9.95500532579914
8.48789637318178	0.412360816118284	7.67966917358995	9.29612357277362
8.80232751376513	0.4500916000791	7.92014797761009	9.68450704992017
8.64821077756645	0.468848338579829	7.72926803394998	9.56715352118291
9.60006941535459	0.574261586295205	8.47451670621598	10.7256221244932
9.34275928342438	0.423748410524798	8.51221239879577	10.173306168053
7.86709299736554	0.438528582359164	7.00757697594158	8.7266090187895
8.91354104137004	0.485481079744321	7.96199812507117	9.86508395766891
8.32774774860042	0.39197807229881	7.55947072689476	9.09602477030609
8.74023052384976	0.420709502147666	7.91563989964033	9.56482114805918
9.42017479263449	0.458915520566673	8.52070037232382	10.3196492129452
9.4855612689505	0.456663615995688	8.59050058159895	10.3806219563021
8.3100770232585	0.485873589411228	7.35776478801249	9.26238925850451
8.29906667669464	0.487885259902196	7.34281156728634	9.25532178610294
9.40400257421567	0.474948675055394	8.4731031711071	10.3349019773242
9.22404103595672	0.484927338015738	8.27358345344587	10.1744986184676
8.43483369327454	0.335471779376894	7.77730900569583	9.09235838085325
9.22900210513453	0.441649978488054	8.36336814729794	10.0946360629711
9.39352944810087	0.471001743158195	8.47036603151081	10.3166928646909
9.79686084910288	0.580727605495872	8.65863474233097	10.9350869558748
7.99875986703122	0.339608426500187	7.33312735109085	8.66439238297159
9.6882976450942	0.460454107177314	8.78580759502666	10.5907876951617
9.17693650285531	0.470531955643722	8.25469386979362	10.099179135917
8.40052732020534	0.411306719183174	7.59436615060632	9.20668848980436
8.52116213840541	0.351179038141193	7.83285122364867	9.20947305316215
9.22289290931158	0.482287355176364	8.27760969316591	10.1681761254573
8.32394711650237	0.360188235685432	7.61797817455892	9.02991605844582
9.59619535195967	0.439599644379257	8.73458004897632	10.457810654943
9.00015103549724	0.522011592715694	7.97700831377448	10.02329375722
9.47372134754963	0.475705274152448	8.54133901021083	10.4061036848884
8.74935737733416	0.445365901151133	7.87644021107794	9.62227454359038
8.4119494867423	0.513129366342924	7.40621592871017	9.41768304477443
9.10245293913013	0.492707197645814	8.13674683174434	10.0681590465159
9.06917772178667	0.470755623046453	8.14649670061562	9.99185874295772
8.25141573303272	0.348982992498794	7.56740906773508	8.93542239833035
8.48017835003375	0.494884942108779	7.51020386350054	9.45015283656696
8.71914300434158	0.433907142819728	7.86868500441491	9.56960100426824
9.10569177871437	0.607270358595473	7.91544187586724	10.2959416815615
8.09188798192227	0.405876599642037	7.29636984662388	8.88740611722067
8.37221370321891	0.454697603854832	7.48100639966344	9.26342100677438
8.88903083155995	0.588954368998026	7.73468026832381	10.0433813947961
9.00016501281961	0.459535324373556	8.09947577704744	9.90085424859178
9.32660276330992	0.548687650908391	8.25117496752947	10.4020305590904
8.99439709740665	0.424385598868935	8.16260132362354	9.82619287118977
8.55135871836422	0.414710287265613	7.73852655532362	9.36419088140482
8.73389731983914	0.45739515186709	7.83740282217965	9.63039181749864
8.94794137804451	0.511614642540124	7.94517667866587	9.95070607742315
7.87582927846005	0.41855739521371	7.05545678384117	8.69620177307892
9.1200523018436	0.477410603306032	8.18432751936378	10.0557770843234
8.35787232801737	0.387977548983274	7.59743633201015	9.11830832402458
9.00388357562322	0.472477681079703	8.077827320707	9.92993983053944
8.05575578135362	0.385821401254792	7.29954583489423	8.81196572781301
8.91017791365976	0.408792358761649	8.10894489048693	9.7114109368326
9.01177918420429	0.507417436991608	8.01724100770074	10.0063173607078
8.99257909789581	0.545782441635605	7.92284551229003	10.0623126835016
9.0675596819405	0.403805084687511	8.27610171595298	9.85901764792802
9.66378041412855	0.523829923238945	8.63707376458022	10.6904870636769
9.08334231398688	0.492461995271527	8.11811680325468	10.0485678247191
8.90535416172281	0.51856352912913	7.88896964462972	9.92173867881591
9.27846041112752	0.487107615981732	8.32372948380332	10.2331913384517
8.94531117071688	0.367338115779812	8.22532846378845	9.66529387764531
8.63618464478848	0.489219690006939	7.67731405237488	9.59505523720208
8.4968099784881	0.359344689816435	7.79249438644788	9.20112557052831
9.16084662934159	0.474196144557028	8.23142218600982	10.0902710726734
9.03507977737211	0.534110409033432	7.98822337566658	10.0819361790776
9.18668055785731	0.459662082528488	8.28574287610147	10.0876182396131
8.85798120178137	0.48311476408546	7.91107626417387	9.80488613938887
8.64077119520313	0.427116058076385	7.80362372137341	9.47791866903284
8.81933484948029	0.419107016129063	7.99788509786733	9.64078460109325
9.36293597463313	0.536371684720422	8.31164747258111	10.4142244766852
8.70474207119438	0.429321234847216	7.86327245089383	9.54621169149492
9.01921433784496	0.488404478605569	8.06194155977804	9.97648711591187
8.37538346945494	0.40887496899359	7.5739885302275	9.17677840868237
8.53137763415162	0.358684396059165	7.82835621787566	9.23439905042758
8.60623253342577	0.399854145431324	7.82251840838038	9.38994665847117
8.76425462564305	0.444834423942535	7.89237915471569	9.63613009657042
8.4906585561139	0.424040678924808	7.65953882542127	9.32177828680652
8.74045341019971	0.453206609007498	7.85216845654502	9.62873836385441
10.4230556810519	0.579590685194267	9.28705793807116	11.5590534240327
9.48145331642083	0.503430484101067	8.49472956758274	10.4681770652589
9.49794116861423	0.504321679006312	8.50947067776186	10.4864116594666
7.84745526035265	0.361481505224599	7.13895151011243	8.55595901059286
9.37895363371102	0.576881284281628	8.24826631651903	10.509640950903
9.00630205155151	0.462677475979598	8.0994541986315	9.91314990447152
8.38155713905247	0.410982007886906	7.57603240359414	9.18708187451081
8.79909963766917	0.437030853035569	7.94251916571945	9.65568010961888
8.75928439455478	0.452977740011309	7.87144802413261	9.64712076497695
8.72414908801319	0.468286839222569	7.80630688313695	9.64199129288942
8.93384757482216	0.527147528619183	7.90063841872856	9.96705673091576
10.0061079671089	0.718954816129844	8.59695652749441	11.4152594067234
9.0203763529159	0.49534729523177	8.04949565426163	9.99125705157017
8.95107562785208	0.481687071342523	8.00696896802074	9.89518228768343
8.60964669490225	0.410843594900222	7.80439324889781	9.41490014090668
9.08850391914585	0.423489156597503	8.25846517221474	9.91854266607696
8.93669889351427	0.482757435362047	7.99049432020465	9.88290346682388
8.01457097063704	0.418319513083523	7.19466472499334	8.83447721628075
9.35011597674731	0.456472491080737	8.45542989422906	10.2448020592656
8.28843187827938	0.394149249573218	7.51589934911588	9.06096440744289
8.88765070422457	0.583620033021348	7.74375543950273	10.0315459689464
10.1019098923265	0.562227148013535	8.99994468221997	11.203875102433
9.27744083590666	0.453689389614899	8.38820963226146	10.1666720395519
9.17990215862151	0.51278496087613	8.17484363530429	10.1849606819387
9.33324165935804	0.529426853931249	8.29556502565279	10.3709182930633
9.26842082576028	0.530306296255366	8.22902048509976	10.3078211664208
8.93146397298578	0.438787465470875	8.07144054066286	9.7914874053087
9.33695155863947	0.527458678896823	8.3031325480017	10.3707705692772
9.16200202458437	0.508385968397606	8.16556552652507	10.1584385226437
8.98499588064247	0.460787561808831	8.08185225949716	9.88813950178778
9.63200512388428	0.489106046915361	8.67335727193017	10.5906529758384
8.291014676136	0.3470668351911	7.61076367916145	8.97126567311056
9.42414585144665	0.565084123994997	8.31658096841646	10.5317107344768
8.92140824454709	0.460024547897344	8.0197601306683	9.82305635842588
9.02603408406579	0.485065799995492	8.07530511607462	9.97676305205695
9.79809286629128	0.609211147522399	8.60403901714738	10.9921467154352
8.9494152753534	0.415564238568835	8.13490936775848	9.76392118294831
8.73354001103228	0.434000189009574	7.88289964057351	9.58418038149104
9.69427540149044	0.451809606449589	8.80872857284925	10.5798222301316
8.71284449840473	0.432886948253425	7.86438607982802	9.56130291698145
9.59182925984766	0.520559750761472	8.57153214835517	10.6121263713401
8.71377011792171	0.466199567477408	7.80001896566599	9.62752127017743
9.94043597244628	0.541516244356605	8.87906413350734	11.0018078113852
9.35007050043077	0.503069987607086	8.36405332472088	10.3360876761407
8.4070018561137	0.376469730742207	7.66912118385897	9.14488252836842
9.14360554913576	0.408893947030501	8.34217341295598	9.94503768531554
8.20900057606481	0.37642996859705	7.47119783761459	8.94680331451503
9.67391541495657	0.515561467651244	8.66341493836013	10.684415891553
9.52171589180117	0.414125319755291	8.7100302650808	10.3334015185215
9.13457163343711	0.423206371244227	8.30508714579842	9.96405612107579
8.72181850297881	0.431353357016027	7.8763659232274	9.56727108273023
8.68964679479052	0.466518527890918	7.77527048012432	9.60402310945672
9.05088784987574	0.44130042308842	8.18593902062244	9.91583667912904
9.3967219085298	0.59624121414974	8.22808912879631	10.5653546882633
8.72601024660748	0.426461737237875	7.89014524162125	9.56187525159372
9.90073398629397	0.775135974037583	8.38146747718031	11.4200004954076
8.98525950829487	0.478137715502562	8.04810958590985	9.92240943067989
9.19144294326559	0.498093347239507	8.21517998267615	10.167705903855
9.76067715874517	0.548860887734301	8.68490981878594	10.8364444987044
10.1804062774286	0.633482550064128	8.93878047930289	11.4220320755543
8.48105246827882	0.378012631542001	7.7401477104565	9.22195722610115
8.35779917430322	0.387508560145626	7.59828239641779	9.11731595218865
9.23675400807345	0.367393329025232	8.51666308318399	9.9568449329629
9.32907284884012	0.482955423875858	8.38248021804344	10.2756654796368
9.54307543234459	0.48278251411184	8.59682170468538	10.4893291600038
8.60951828942401	0.427392150864158	7.77182967373026	9.44720690511776
8.64598404814607	0.416918511818103	7.82882376498259	9.46314433130956
8.45911089207866	0.388197570334872	7.69824365422231	9.219978129935
8.88555471646553	0.35927232210278	8.18138096514408	9.58972846778697
9.12768413080251	0.519175371133616	8.11010040338062	10.1452678582244
9.47122600691514	0.435546440735972	8.61755498307264	10.3248970307576
8.82709427220549	0.488916570299521	7.86881779441843	9.78537074999255
9.74117201934822	0.581154395598414	8.60210940397533	10.8802346347211
9.06225069077643	0.424492872961311	8.23024465977226	9.89425672178059
8.81039742521624	0.372185070165492	8.08091468769187	9.5398801627406
9.36071338848851	0.455487159576573	8.46795855571843	10.2534682212586
9.48601072228941	0.595935477711699	8.31797718597448	10.6540442586043
9.02379276578918	0.463593101295304	8.11515028725038	9.93243524432797
8.68711994929811	0.415591109500648	7.87256137467684	9.50167852391938
8.60585505406192	0.408554872121373	7.80508750470403	9.40662260341981
9.34237438742612	0.491544586964964	8.37894699697479	10.3058017778774
8.83029860165983	0.495813783869685	7.85850358527524	9.80209361804441
9.89868027713844	0.456281808426733	9.00436793262205	10.7929926216548
9.3286125741044	0.44325882452687	8.45982527803174	10.1973998701771
8.52789803470786	0.413697496881644	7.71705094081983	9.33874512859588
8.31522937357637	0.43660615157544	7.4594813164885	9.17097743066423
9.46973990466532	0.53924468290534	8.41282032617086	10.5266594831598
9.4084023357735	0.55308815991868	8.32434954233288	10.4924551292141
8.34492988047296	0.45247560947939	7.45807768589336	9.23178207505257
9.41800574942811	0.52114666952618	8.3965582771568	10.4394532216994
9.09082423975536	0.460205720741701	8.18882102710163	9.9928274524091
8.94594041448886	0.465743831393336	8.03308250495792	9.8587983240198
9.75379264981362	0.643564568013468	8.49240609650722	11.01517920312
8.77866004324883	0.444945188665375	7.90656747346469	9.65075261303297
9.36273267003529	0.514767952390506	8.3537874833499	10.3716778567207
8.6859737687325	0.497380364381996	7.71110825454378	9.66083928292121
9.02203387839789	0.46549729342788	8.10965918327924	9.93440857351654
8.59619792700053	0.466839435042885	7.68119263431647	9.51120321968458
9.01470678280783	0.390453002076564	8.24941889873777	9.7799946668779
9.33939558642894	0.361866241354981	8.63013775337318	10.0486534194847
8.71521223679775	0.41269985758026	7.90632051594044	9.52410395765506
9.75565657954968	0.493671188725251	8.78806104964819	10.7232521094512
9.6777955320053	0.454238327580711	8.78748840994711	10.5681026540635
9.4698656376492	0.484103067131785	8.5210236260709	10.4187076492275
8.89847195414692	0.416211052570512	8.08269829110872	9.71424561718512
8.77752937319337	0.400688243127723	7.99218041666303	9.56287832972371
8.54020196884009	0.353272012761601	7.84778882382735	9.23261511385282
8.89380752361124	0.459765294527327	7.99266754633768	9.7949475008848
9.05084775760864	0.484433705473852	8.10135769487989	10.0003378203374
8.65097481859556	0.458931602264083	7.75146887815795	9.55048075903316
8.89749239931204	0.434536901655394	8.04580007206747	9.74918472655662
8.9702448306327	0.501535094879199	7.98723604466947	9.95325361659594
9.18704429441349	0.612740311274708	7.98607328431506	10.3880153045119
8.86443172607821	0.46132927695108	7.96022634325409	9.76863710890232
8.28286932113942	0.355677099243989	7.58574220662121	8.97999643565764
9.11626298731989	0.436888629267292	8.25996127395599	9.97256470068378
9.29097252303355	0.501305923987281	8.30841291201847	10.2735321340486
9.00208030794263	0.529131497909798	7.96498257203943	10.0391780438458
9.40219499988318	0.511129949516559	8.40038029883072	10.4040097009356
9.19931147162768	0.567544684946318	8.0869238891329	10.3116990541225
9.16603211543943	0.611880962390814	7.96674542915343	10.3653188017254
8.06428957731192	0.413454172476459	7.25391939925807	8.87465975536578
8.33267823410573	0.398083313593801	7.55243493946188	9.11292152874958
