estFinal_msm11	sdFinal_msm11	X1	X2
9.57545458021498	0.391527016885059	8.80806162712027	10.3428475333097
9.49887230837785	0.341918419685433	8.8287122057944	10.1690324109613
9.24318144479389	0.398188089695867	8.46273278898999	10.0236301005978
8.46675035507724	0.352164752748047	7.77650743969106	9.15699327046341
8.92987071102596	0.346234356785036	8.25125137172729	9.60849005032463
8.71658064616095	0.341992827650769	8.04627470396544	9.38688658835646
9.24386245359337	0.356170812646934	8.54576766080538	9.94195724638136
8.69817339574861	0.33391480767784	8.04370037270005	9.35264641879718
9.13544875656494	0.359646940288916	8.43054075359866	9.84035675953121
9.53592598698696	0.359166505843812	8.83195963553309	10.2398923384408
9.11668626189574	0.335322044199098	8.45945505526551	9.77391746852597
8.72748412419546	0.32769363570941	8.08520459820502	9.36976365018591
9.38476322422838	0.365720942824643	8.66795017629208	10.1015762721647
9.54673094239166	0.375161314292619	8.81141476637812	10.2820471184052
9.23863235717704	0.318467043602043	8.61443695171703	9.86282776263704
9.05873346986423	0.351911758756339	8.3689864227018	9.74848051702666
9.61417715880227	0.387243709235966	8.85517948869977	10.3731748289048
9.16256342336033	0.383984560427814	8.40995368492182	9.91517316179885
8.6995267071399	0.308485467218596	8.09489519139145	9.30415822288835
9.35216785639421	0.324029098768549	8.71707082280785	9.98726488998056
9.27530204524645	0.338958030866709	8.6109443047477	9.9396597857452
9.1964233602427	0.389854445784799	8.43230864650449	9.9605380739809
9.78857795239977	0.380871146683674	9.04207050489977	10.5350853998998
9.28618042445063	0.342447624614609	8.61498308020599	9.95737776869526
9.02056791413543	0.335782546127946	8.36243412372465	9.6787017045462
8.89480313187239	0.356529038887318	8.19600621565325	9.59360004809153
9.30303546010745	0.365553394657026	8.58655080657968	10.0195201136352
8.93445159961615	0.307542763949169	8.33166778227578	9.53723541695652
9.51545422047322	0.362783798376326	8.80439797565563	10.2265104652908
9.69483222198076	0.399833308870382	8.91115893659481	10.4785055073667
9.14579117395139	0.347085916102517	8.46550277839045	9.82607956951232
8.96867595390711	0.353304455764624	8.27619922060845	9.66115268720577
8.66424908552933	0.303888302881822	8.06862801188095	9.2598701591777
8.92779666274312	0.366885583373609	8.20870091933085	9.6468924061554
9.54012046383243	0.373735823526664	8.80759824972017	10.2726426779447
9.25482115327324	0.399964768781193	8.47089020646211	10.0387521000844
9.32004789869071	0.367729113980499	8.59929883528893	10.0407969620925
8.66235494310599	0.33452387828672	8.00668814166402	9.31802174454796
8.70286848519611	0.309077746258185	8.09707610253007	9.30866086786215
9.02824725526578	0.318445954597656	8.40409318425437	9.65240132627718
9.11636011036811	0.339021297581392	8.45187836710858	9.78084185362764
9.06603663842911	0.301809369211241	8.47449027477507	9.65758300208314
8.69197538384829	0.332623502834001	8.04003331829365	9.34391744940293
9.16251500187449	0.373874552264334	8.4297208794364	9.89530912431259
8.77534903758426	0.357596983834221	8.07445894926919	9.47623912589934
8.74818204225469	0.332908747416716	8.09568089731793	9.40068318719145
9.74273364702793	0.371400159019549	9.01478933534961	10.4706779587062
8.85480867078645	0.30583534621887	8.25537139219747	9.45424594937544
9.35063350355862	0.413404645513212	8.54036039835272	10.1609066087645
9.07881349348753	0.321655788804987	8.44836814742976	9.70925883954531
8.99116535380633	0.344452967714783	8.31603753708536	9.66629317052731
9.68319880324718	0.338867598708867	9.0190183097778	10.3473792967166
9.03488858439331	0.359849980186749	8.32958262322728	9.74019454555934
9.28349449308265	0.353812898117223	8.59002121277289	9.97696777339241
9.04032819530469	0.347002457854799	8.36020337790928	9.7204530127001
8.9026723020558	0.320072991176805	8.27532923934927	9.53001536476234
9.22277581560073	0.347961060362243	8.54077213729074	9.90477949391073
8.73393616752661	0.318781155370047	8.10912510300132	9.35874723205191
8.91928239240488	0.373100527624673	8.18800535826052	9.65055942654924
9.09345215760849	0.328854439889919	8.44889745542425	9.73800685979273
8.85809651121287	0.373987905901272	8.12508021564638	9.59111280677936
9.01064073233046	0.318045043713448	8.3872724466521	9.63400901800882
9.54020135607286	0.4166659736837	8.72353604765281	10.3568666644929
8.54395790720353	0.295453565125348	7.96486891955785	9.12304689484922
9.28765554121951	0.338760102335325	8.62368574064228	9.95162534179675
8.88174462204224	0.353502647485404	8.18887943297085	9.57460981111363
8.94301292342692	0.336810756536461	8.28286384061546	9.60316200623839
8.63892243022358	0.331744529887519	7.98870315164405	9.28914170880312
8.76023820940849	0.344082801277495	8.0858359189046	9.43464049991238
7.9916401643201	0.313556761921259	7.37706891095443	8.60621141768577
9.19992311541798	0.345202173421609	8.52332685551163	9.87651937532433
9.21345698084131	0.350695592782328	8.52609361898795	9.90082034269467
8.89521505926565	0.305760077825562	8.29592530672755	9.49450481180375
9.06680396464958	0.316782392611295	8.44591047513144	9.68769745416772
8.67136913252167	0.318964509459559	8.04619869398094	9.29653957106241
8.99800328610473	0.312544707730635	8.38541565895268	9.61059091325677
8.70561255362241	0.32233989759399	8.07382635433819	9.33739875290663
9.20157222393194	0.314382373288784	8.58538277228593	9.81776167557796
9.25275721224025	0.367293319072381	8.53286230685838	9.97265211762211
8.88919056555216	0.355959682960784	8.19150958694902	9.5868715441553
8.91411445694562	0.328875638662327	8.26951820516746	9.55871070872378
8.73222738207246	0.339046399516438	8.06769643902024	9.39675832512467
9.24536830981128	0.344459063484634	8.5702285453814	9.92050807424116
9.37280945249464	0.385346150604615	8.6175309973096	10.1280879076797
8.98658511913531	0.356847761873521	8.28716350586321	9.68600673240742
8.74613919263937	0.282273086811599	8.19288394248864	9.29939444279011
9.15309329292563	0.308389009094159	8.54865083510107	9.75753575075018
8.86807863561229	0.342637559675872	8.19650901864758	9.539648252577
9.55052131156783	0.34115239915045	8.88186260923294	10.2191800139027
8.46211856593675	0.304103433492636	7.86607583629119	9.05816129558232
8.77115741825789	0.303416795173868	8.17646049971711	9.36585433679867
8.85770792039031	0.328797477902583	8.21326486370125	9.50215097707938
9.09898373264094	0.353235487746377	8.40664217665804	9.79132528862384
8.96047741875842	0.364528173734367	8.24600219823906	9.67495263927778
8.73414379256232	0.315025341656467	8.11669412291565	9.351593462209
9.30553865525272	0.332818821460369	8.6532137651904	9.95786354531504
9.25486624476217	0.336709416973751	8.59491578749362	9.91481670203072
9.21559811392955	0.3885593719006	8.45402174500438	9.97717448285473
9.2469637487193	0.339123756037012	8.58228118688675	9.91164631055184
9.72972344162111	0.378929106451528	8.98702239297612	10.4724244902661
8.46340726841127	0.309535638941316	7.85671741608629	9.07009712073625
8.32514278777988	0.28735343541589	7.76193005436473	8.88835552119502
8.99940265522133	0.331436172033518	8.34978775803563	9.64901755240703
9.0566115721573	0.385677815777748	8.30068305323292	9.81254009108169
9.0649095643114	0.328367347337333	8.42130956353023	9.70850956509257
8.6363876923445	0.323452431200534	8.00242092719145	9.27035445749754
9.44683172829283	0.37356195102675	8.7146503042804	10.1790131523053
8.86909318952573	0.327327738341385	8.22753082237662	9.51065555667485
8.87421936820137	0.332938158488324	8.22166057756426	9.52677815883849
8.99097103516814	0.302305793908704	8.39845167910708	9.5834903912292
8.76229827260182	0.379463033068924	8.01855072778673	9.50604581741691
9.22826872381594	0.371639424236364	8.49985545231266	9.95668199531921
8.95608071541722	0.320714760582542	8.32747978467544	9.58468164615901
9.1075402640528	0.354608707342917	8.41250719766069	9.80257333044492
9.10476192486494	0.399174428149368	8.32238004569218	9.8871438040377
9.52034210524753	0.321525230275045	8.89015265390845	10.1505315565866
9.41547531464365	0.379189957541528	8.67226299786225	10.158687631425
8.83019548537412	0.326624183734166	8.19001208525516	9.47037888549309
9.34573279445825	0.350370741292125	8.65900614152569	10.0324594473908
9.74616855251509	0.43064826063263	8.90209796167514	10.590239143355
9.08156043710641	0.372706233629725	8.35105621919215	9.81206465502068
9.22786915673907	0.353600235595579	8.53481269497173	9.9209256185064
8.86136083080817	0.318766939384012	8.23657762961551	9.48614403200083
8.60748028213431	0.364575125971393	7.89291303523038	9.32204752903824
8.96259230591926	0.349080892358156	8.27839375689727	9.64679085494124
8.30068685180212	0.337164330276727	7.63984476445974	8.96152893914451
8.79700106306408	0.359899274123503	8.09159848578201	9.50240364034614
9.05668767395144	0.329622430975223	8.41062770924	9.70274763866287
9.22000232270155	0.334270377777016	8.5648323822586	9.8751722631445
9.20163408395339	0.354972909981428	8.5058871803898	9.89738098751699
8.64652439794718	0.300833744139461	8.05689025943384	9.23615853646052
9.07666692089524	0.309339227703279	8.47036203459682	9.68297180719367
9.27163818924882	0.384290871093572	8.51842808190542	10.0248482965922
8.82853535724683	0.382185866905088	8.07945105811286	9.5776196563808
9.4022199959258	0.377238014454742	8.66283348759451	10.1416065042571
8.94893906497293	0.288774762715966	8.38294053004963	9.51493759989622
9.33878490307914	0.330646499812574	8.69071776344649	9.98685204271178
8.48378648647394	0.342167776092871	7.81313764533191	9.15443532761596
8.64478946249794	0.371616494008629	7.91642113424103	9.37315779075485
10.0029143623997	0.379961754953878	9.25818932269009	10.7476394021093
9.17536307234231	0.341916934805801	8.50520588012294	9.84552026456168
9.14380349160475	0.357316627059701	8.44346290256773	9.84414408064176
8.07364829991676	0.30697237816839	7.47198243870671	8.6753141611268
8.4740056300681	0.331173968499517	7.82490465180904	9.12310660832715
8.91435890839082	0.317217794421543	8.29261203132459	9.53610578545704
9.43636225592206	0.352832947353229	8.74480967910973	10.1279148327344
9.42247227905195	0.386694445246406	8.66455116636899	10.1803933917349
8.71139222955775	0.381982084983605	7.96270734298989	9.46007711612562
8.50939523228209	0.292421372224518	7.93624934272204	9.08254112184215
8.80000732816527	0.340689080595611	8.13225673019787	9.46775792613267
8.53226441453699	0.282282161688552	7.97899137762743	9.08553745144655
9.12157590919568	0.32234131810353	8.48978692571276	9.75336489267859
8.59701398913407	0.303112917149279	8.00291267152148	9.19111530674666
9.15607707449007	0.322288781495328	8.52439106275923	9.78776308622091
8.48466408399766	0.302711247681392	7.89135003854213	9.07797812945318
9.40838836895426	0.349134874480346	8.72408401497278	10.0926927229357
9.05800227516662	0.378672209647618	8.31580474425729	9.80019980607596
9.04208125562582	0.316272334725106	8.42218747956461	9.66197503168703
9.27075882153268	0.348280755031758	8.58812854167044	9.95338910139493
9.45072533085208	0.335062264346244	8.79400329273344	10.1074473689707
8.89149961880582	0.339515431022845	8.22604937400104	9.5569498636106
8.93273365076267	0.370630903669919	8.20629707956962	9.65917022195571
8.74172320207179	0.373788837205441	8.00909708114912	9.47434932299445
9.03980993304266	0.318506142626503	8.41553789349472	9.6640819725906
9.15091215622662	0.377305696335659	8.41139299140873	9.89043132104451
9.06414141132984	0.366935600974024	8.34494763342076	9.78333518923893
8.35807987224086	0.342932466849425	7.68593223721599	9.03022750726574
9.08492794164228	0.35179866314636	8.39540256187541	9.77445332140914
9.15219202007892	0.338303778458917	8.48911661429944	9.81526742585839
9.32349000695169	0.339600282806209	8.65787345265152	9.98910656125186
8.82646836144054	0.287765419520226	8.2624481391809	9.39048858370019
8.83435786874433	0.30067828373804	8.24502843261778	9.42368730487089
8.58089601557935	0.355618677549982	7.88388340758138	9.27790862357731
9.24397772890123	0.322864913482817	8.61116249847491	9.87679295932755
9.66294023731393	0.391007605059938	8.89656533139646	10.4293151432314
9.21458418793729	0.352442394303772	8.5237970951019	9.90537128077268
8.55871205756242	0.335674987008678	7.90078908302541	9.21663503209943
8.78977586245743	0.347863846656402	8.10796272301089	9.47158900190398
9.35128529561133	0.399718439589594	8.56783715401573	10.1347334372069
8.94010435219812	0.32846301510826	8.29631684258594	9.58389186181031
8.65271747558913	0.296852905998798	8.07088577983149	9.23454917134677
9.35809463388272	0.353365856270057	8.66549755559341	10.050691712172
8.8161366615935	0.351389440252102	8.12741335869938	9.50485996448762
9.00550266421084	0.30523440294311	8.40724323444235	9.60376209397934
8.92156346707561	0.344073245173503	8.24717990653555	9.59594702761568
9.02216699312386	0.326173587017115	8.38286676257032	9.66146722367741
8.8701899101939	0.293308458991861	8.29530533056985	9.44507448981795
8.97688731815115	0.353505060298963	8.28401739996518	9.66975723633711
9.2148277409996	0.347878210295677	8.53298644882008	9.89666903317913
9.11902717280845	0.356355299461897	8.42057078586313	9.81748355975376
8.90765046031791	0.340486859372949	8.24029621594693	9.57500470468889
8.83121493140704	0.353094265183613	8.13915017164716	9.52327969116693
9.3705101068758	0.34671145440764	8.69095565623683	10.0500645575148
8.31272734061738	0.319046964111835	7.68739529095818	8.93805939027658
9.27294589206293	0.358034786929281	8.57119770968153	9.97469407444432
8.83117209170473	0.36537924961879	8.11502876245191	9.54731542095756
9.09733874909948	0.355170576155648	8.40120441983441	9.79347307836455
9.25843262780329	0.34335108943903	8.58546449250279	9.93140076310378
8.94173690016369	0.297426848387446	8.35878027732429	9.52469352300309
9.22848087504804	0.388455643595725	8.46710781360042	9.98985393649566
9.39063752763347	0.386265483503314	8.63355717996698	10.1477178753
9.04580991862223	0.381401888221322	8.29826221770844	9.79335761953603
8.99933641818725	0.296994359255596	8.41722747404629	9.58144536232822
8.22082300183354	0.339035550743273	7.55631332237673	8.88533268129036
9.45273347970202	0.324455917768985	8.8167998808748	10.0886670785292
8.1909154089362	0.301404932686955	7.60016174086976	8.78166907700263
8.69451580243505	0.30857013807708	8.08971833180397	9.29931327306612
8.15812483702671	0.290430607055534	7.58888084719786	8.72736882685555
8.55269320325186	0.321625278859506	7.92230765668723	9.18307874981649
9.00931381068134	0.355595530140788	8.31234657160539	9.70628104975728
8.51472726931831	0.347395915217354	7.8338312754923	9.19562326314433
9.3711583041654	0.323252762250295	8.73758289015483	10.004733718176
8.81233082830219	0.31779176579956	8.18945896733506	9.43520268926933
9.28258920542325	0.332202482365462	8.63147233998694	9.93370607085955
9.40727043332387	0.371348738944086	8.67942690499346	10.1351139616543
9.22237210795404	0.392180667895847	8.45369799887817	9.9910462170299
9.86850551237366	0.351097025973345	9.1803553414659	10.5566556832814
8.50580813388838	0.327118171424465	7.86465651789643	9.14695974988033
8.4825350389825	0.318855975763151	7.85757732648673	9.10749275147828
9.57268647468995	0.383812365684567	8.8204142379482	10.3249587114317
9.63156713206158	0.390152288771405	8.86686864606963	10.3962656180535
9.13529614501607	0.358051046297828	8.43351609427232	9.83707619575981
9.25094841779432	0.335687277090169	8.59300135469759	9.90889548089105
8.88800495962409	0.318529270162533	8.26368759010552	9.51232232914265
8.97138418792603	0.336283264202638	8.31226899008886	9.6304993857632
9.21040870099692	0.391080312165971	8.44389128915162	9.97692611284222
8.93064321875231	0.314017249735951	8.31516940926984	9.54611702823477
8.83694142598085	0.340946328203089	8.1686866227028	9.5051962292589
9.10821994440067	0.360198901956837	8.40223009656527	9.81420979223607
9.19401696151547	0.396749737858925	8.41638747531198	9.97164644771897
8.54726361414103	0.308360851711506	7.94287634478648	9.15165088349558
8.71762594143094	0.329472605402297	8.07185963484243	9.36339224801944
9.38046693042676	0.346271000353237	8.70177576973441	10.0591580911191
8.81303161995931	0.3027857097525	8.21957162884441	9.40649161107421
9.65777827107526	0.375225951247673	8.92233540662982	10.3932211355207
8.63430715169583	0.351270563674559	7.94581684689369	9.32279745649796
9.67639844106046	0.401715471377524	8.88903611716051	10.4637607649604
9.38014009723274	0.339755824101897	8.71421868199302	10.0460615124725
9.19276747607366	0.337515821617428	8.5312364657035	9.85429848644382
9.22517281383209	0.388516186245134	8.46368108879163	9.98666453887256
9.18092271711478	0.347142574017321	8.50052327204083	9.86132216218872
9.17401976148553	0.314983696013102	8.55665171729985	9.79138780567121
8.37470875567052	0.317136828701337	7.7531205714159	8.99629693992514
8.96320189316851	0.340468193808269	8.29588423330431	9.63051955303272
9.32473721815081	0.36278358493163	8.61368139168482	10.0357930446168
9.16922690399532	0.347062204623875	8.48898498293253	9.84946882505812
8.93341181793942	0.31282184933336	8.32028099324603	9.5465426426328
9.16466674730566	0.358733405667928	8.46154927219652	9.86778422241479
9.56862744409026	0.368176749084121	8.84700101588538	10.2902538722951
9.21298000823521	0.322119568326582	8.58162565431511	9.84433436215531
9.16241413437524	0.355198608991667	8.46622486075157	9.8586034079989
9.60205222086648	0.39475367089165	8.82833502591885	10.3757694158141
8.65236243924066	0.345740805279969	7.97471046089192	9.3300144175894
9.11874086084199	0.366627387760436	8.40015118083154	9.83733054085245
9.14977345150459	0.363206918941647	8.43788789037896	9.86165901263022
9.13700119125109	0.339096851254989	8.47237136279132	9.80163101971087
8.79789656994325	0.324738198830882	8.16140970023472	9.43438343965178
8.07050080159988	0.329108568392544	7.4254480075505	8.71555359564927
8.78945016216275	0.358552613266866	8.08668704015969	9.4922132841658
9.29117935672602	0.358502542098842	8.58851437421229	9.99384433923975
8.82215949902474	0.3159083117657	8.20297920796397	9.44133979008552
9.74624342390109	0.364052213644924	9.03270108515704	10.4597857626451
8.78095858845505	0.321595454167707	8.15063149828634	9.41128567862375
9.07915395896391	0.369218928696731	8.35548485871832	9.8028230592095
8.48176691714637	0.355398468989562	7.78518591792683	9.17834791636591
9.08539078520261	0.368721355701387	8.36269692802789	9.80808464237733
8.90611783823007	0.370225317562968	8.18047621580665	9.63175946065349
8.61745334560768	0.326269944407115	7.97796425456974	9.25694243664563
8.35841567118561	0.325386372486215	7.72065838111262	8.99617296125859
8.80115013596977	0.344885190714733	8.1251751621689	9.47712510977065
9.4966927096763	0.341955340015274	8.82646024324636	10.1669251761062
9.47871716421471	0.40877720845784	8.67751383563734	10.2799204927921
8.85784017896874	0.321711929985631	8.2272847961969	9.48839556174058
9.12404793235297	0.35182065504655	8.43447944846173	9.8136164162442
9.19232341558542	0.339691664003544	8.52652775413848	9.85811907703237
9.50741567515084	0.382484330482947	8.75774638740426	10.2570849628974
8.7049631603536	0.34234094437931	8.03397490937015	9.37595141133705
8.35640019443862	0.331920980416715	7.70583507282186	9.00696531605538
9.28357036761205	0.303148470379375	8.68939936566847	9.87774136955562
9.21046362691564	0.333301797532351	8.55719210375223	9.86373515007905
9.10509920764494	0.304603005754886	8.50807731636536	9.70212109892451
8.68095957003949	0.32926977748857	8.03559080616189	9.32632833391709
9.61303055143748	0.398266332614654	8.83242853951276	10.3936325633622
9.72364878599338	0.382464939921127	8.97401750374797	10.4732800682388
8.99165415322033	0.359790259357234	8.28646524488015	9.69684306156051
8.80159838915143	0.289469857908378	8.23423746765101	9.36895931065185
8.89745593330898	0.320381490812414	8.26950821131665	9.52540365530131
9.56997254838421	0.372351023137811	8.8401645430341	10.2997805537343
8.56233681248056	0.326178140904668	7.92302765630741	9.20164596865371
9.19628515292937	0.440591217477559	8.33272636667336	10.0598439391854
8.61167605295961	0.336217501597293	7.95268974982892	9.27066235609031
9.03677016800012	0.315384312222715	8.4186169160436	9.65492341995664
8.93781494415031	0.344014811127085	8.26354591434122	9.6120839739594
9.10837863689449	0.333582338816121	8.45455725281489	9.76220002097409
8.78192359415512	0.315632261875502	8.16328436087914	9.4005628274311
8.90615845460198	0.344114156889286	8.23169470709898	9.58062220210498
9.14159372501586	0.389901767576095	8.37738626056671	9.905801189465
8.93214708916832	0.32772552913874	8.28980505205639	9.57448912628025
9.01375480079409	0.358335615771935	8.3114169938811	9.71609260770708
8.81456543035426	0.362990749167472	8.10310356198601	9.5260272987225
8.79052737161176	0.327019556481467	8.14956904090809	9.43148570231544
8.72311058734672	0.259452589063409	8.21458351278244	9.231637661911
8.67273166941602	0.30406668437386	8.07676096804325	9.26870237078879
9.26616091422902	0.415735996983649	8.45131836014107	10.081003468317
9.5275230295327	0.385154036653344	8.77262111769214	10.2824249413733
9.27978886240648	0.320119798837244	8.65235405668548	9.90722366812748
9.00469979981528	0.387787437313248	8.24463642268132	9.76476317694925
8.45628981531075	0.348153044513202	7.77390984806487	9.13866978255662
8.98430920001912	0.364108684268411	8.27065617885304	9.69796222118521
9.03580814904722	0.334733859752374	8.37972978393257	9.69188651416188
8.86912080529489	0.317720310527197	8.24638899666158	9.4918526139282
8.91075673498499	0.345116762918671	8.23432787966439	9.58718559030558
8.21222992150447	0.304291996581368	7.61581760820498	8.80864223480395
8.23513208666802	0.280111633193392	7.68611328560897	8.78415088772706
8.85187431268007	0.321400893163366	8.22192856207987	9.48182006328026
9.49448622093281	0.352836710282213	8.80292626877967	10.1860461730859
8.89697073914317	0.409556441753247	8.09424011330681	9.69970136497954
8.94624983581438	0.322344044137392	8.31445550930509	9.57804416232366
8.54648032319419	0.301025037400877	7.95647124988847	9.13648939649991
9.23668849634605	0.337362564221471	8.57545787047196	9.89791912222013
9.55979137859644	0.368660812557118	8.83721618598449	10.2823665712084
9.02247133299539	0.328034444135984	8.37952382248886	9.66541884350192
8.99073504370921	0.333678910357513	8.33672437940849	9.64474570800994
9.14375792644194	0.326168362509773	8.50446793592278	9.78304791696109
8.3932924314424	0.282387911442093	7.8398121250159	8.9467727378689
8.57886192511966	0.283838723332934	8.0225380273871	9.13518582285221
8.40541001697437	0.308276110192637	7.8011888409968	9.00963119295194
8.69987145191675	0.316072696867987	8.0803689660555	9.31937393777801
8.45724958550819	0.342159139815995	7.78661767146884	9.12788149954754
9.33018606421392	0.361673117822157	8.62130675328249	10.0390653751453
8.96849047760715	0.330662874266263	8.32039124404528	9.61658971116903
8.66820867493071	0.330936020554802	8.0195740746433	9.31684327521812
9.35293670691651	0.369772683567234	8.62818224712473	10.0776911667083
8.99012560099983	0.304177303621854	8.39393808590099	9.58631311609866
8.91621102360024	0.392484169621966	8.14694205114118	9.68547999605929
9.38672738805898	0.365344961370627	8.67065126377255	10.1028035123454
8.96825054651234	0.298274680406322	8.38363217291595	9.55286892010873
9.24379385074615	0.340961602423473	8.57550910999615	9.91207859149616
8.89128589797086	0.345922990982219	8.21327683564571	9.56929496029601
9.07171703661605	0.311176259424138	8.46181156814474	9.68162250508736
9.30372410365819	0.388590428843101	8.54208686312571	10.0653613441907
8.11024817936532	0.322427866114201	7.47828956178148	8.74220679694915
9.09727923353254	0.339222067881988	8.43240398048384	9.76215448658123
9.11234716029748	0.372245029598051	8.3827469022853	9.84194741830966
8.73903491978735	0.317833676135259	8.11608091456225	9.36198892501246
9.00104956829555	0.315010816675015	8.38362836761253	9.61847076897858
8.69741657810235	0.323779094744754	8.06280955240263	9.33202360380207
9.22399463835152	0.328682028364481	8.57977786275714	9.8682114139459
8.57631590239062	0.36406653813522	7.86274548764559	9.28988631713565
9.20925794317776	0.344897792323769	8.53325827022318	9.88525761613235
8.71292850606188	0.310174392426932	8.1049866969051	9.32087031521867
9.52683638094878	0.40204871300826	8.73882090345259	10.314851858445
8.64400513077325	0.303875065192051	8.04841000299683	9.23960025854966
8.65576966585493	0.311157658410166	8.045900655371	9.26563867633885
8.78664842050696	0.345289101869242	8.10988178084324	9.46341506017067
9.34281968212949	0.389097963904885	8.58018767287592	10.1054516913831
8.36698051123291	0.301366825770571	7.77630153272259	8.95765948974323
8.7933587360438	0.3430862210428	8.12090974279992	9.46580772928769
9.21529274956387	0.335426925126934	8.55785597631508	9.87272952281266
8.88683520912132	0.371583475827226	8.15853159649996	9.61513882174269
9.2727542826175	0.382710727194863	8.52264125731557	10.0228673079194
8.74177859594804	0.302163487106592	8.14953816121912	9.33401903067696
8.81261257712727	0.32610240580667	8.17345186174619	9.45177329250834
8.99575335134148	0.375315227907972	8.26013550464185	9.7313711980411
9.10576907802775	0.369952653072166	8.38066187800631	9.8308762780492
9.09832223568514	0.317801631937269	8.47543103708809	9.72121343428219
9.28289748978467	0.370581444782888	8.55655785801021	10.0092371215591
9.2278690081574	0.370996000596863	8.50071684698755	9.95502116932725
8.68798198670804	0.354534779117286	7.99309381963816	9.38287015377792
9.49673753583924	0.392712516875652	8.72702100276296	10.2664540689155
9.41692955918283	0.391495283385623	8.64959880374701	10.1842603146186
8.92551677481787	0.341833581248719	8.25552295557038	9.59551059406536
9.30287391196443	0.328097275627594	8.65980325173435	9.94594457219452
9.28224244328168	0.346656605900944	8.60279549571583	9.96168939084753
9.21196821173887	0.388887271676201	8.44974915925352	9.97418726422422
8.77452566196292	0.32357995475037	8.14030895065219	9.40874237327365
8.93306647875409	0.310766465483431	8.32396420640656	9.54216875110162
9.18937368268933	0.343857221522476	8.51541352850527	9.86333383687338
9.06878287617218	0.345266641104211	8.39206025960793	9.74550549273643
9.2001599932942	0.361060095540545	8.49248220603473	9.90783778055367
8.71926182017791	0.341273382967019	8.05036598956255	9.38815765079327
9.34091835090774	0.377794909099349	8.60044032907301	10.0813963727425
9.49553403261843	0.361341761793213	8.78730417950373	10.2037638857331
8.97795477918448	0.355521526888818	8.28113258648239	9.67477697188656
9.2043272274923	0.30735139598416	8.60191849136335	9.80673596362125
8.50637061280153	0.306978358550582	7.90469303004239	9.10804819556067
9.09348729031704	0.302416102415471	8.50075172958272	9.68622285105136
8.97281063064159	0.329767701313678	8.32646593606678	9.6191553252164
9.16898288159123	0.322200509060575	8.5374698838325	9.80049587934996
9.5482696016057	0.374845262622766	8.81357288686507	10.2829663163463
8.5232552966217	0.304907613648243	7.92563637387115	9.12087421937226
8.25037319915763	0.334246350205008	7.59525035275581	8.90549604555944
8.82356592298924	0.36644776618396	8.10532830126867	9.5418035447098
9.59250619187078	0.398136140900864	8.81215935570509	10.3728530280365
9.1103938787849	0.334265105507347	8.4552342719905	9.7655534855793
8.8444018996601	0.292962666087331	8.27019507412893	9.41860872519127
8.46180585389612	0.312045356300415	7.8501969555473	9.07341475224493
8.78903851784979	0.321605903084619	8.15869094780393	9.41938608789564
9.26023996622018	0.370700064029476	8.5336678407224	9.98681209171795
9.11126211188402	0.399519466456531	8.32820395762922	9.89432026613882
8.8039487154254	0.315853940163771	8.1848749927044	9.42302243814639
8.6185537285765	0.327212512939282	7.97721720321551	9.25989025393749
8.92515375778102	0.320964212997802	8.29606390030533	9.55424361525671
9.01257176874533	0.373958554107053	8.27961300269551	9.74553053479516
8.83622861630892	0.300183571213728	8.24786881673001	9.42458841588783
9.34178051292496	0.306986897213621	8.74008619438626	9.94347483146366
8.76881428607605	0.301123458557495	8.17861230730336	9.35901626484874
8.44075368656056	0.29355279637015	7.86539020567506	9.01611716744605
9.00160543682726	0.335053843054976	8.3448999044395	9.65831096921501
9.30740891724676	0.37879630584341	8.56496815779368	10.0498496766998
8.77607235122265	0.316183697354054	8.1563523044087	9.3957923980366
8.7030805825087	0.328488898480046	8.05924234148781	9.3469188235296
8.85190901320001	0.329000835616546	8.20706737539158	9.49675065100844
9.66010228403823	0.388665047367715	8.89831879119751	10.421885776879
9.74125541886372	0.371231424352318	9.01364182713318	10.4688690105943
9.26788902986662	0.342457289881842	8.59667274169821	9.93910531803503
8.93705674963671	0.362193266898023	8.22715794651659	9.64695555275684
8.50755619260615	0.312368636877819	7.89531366432563	9.11979872088668
8.74899084889647	0.316358223058095	8.1289287317026	9.36905296609034
9.16726156030197	0.372834773934906	8.43650540338955	9.89801771721438
8.86240564584986	0.324035009573181	8.22729702708643	9.49751426461329
9.42581798080886	0.363624415729861	8.71311412597834	10.1385218356394
8.77939085303874	0.328312543736663	8.13589826731488	9.4228834387626
9.24601421042341	0.33755212720818	8.58441204109538	9.90761637975144
8.55605554459413	0.375741306801987	7.81960258326223	9.29250850592602
8.49263395719347	0.301103000461755	7.90247207628843	9.08279583809851
8.85258641500199	0.278334777736059	8.30705025063932	9.39812257936467
9.11490669679481	0.339987258164298	8.44853167079279	9.78128172279683
9.13758294751124	0.32888482015209	8.49296870001315	9.78219719500934
9.09966123465326	0.379776060688068	8.35530015570464	9.84402231360187
8.88527590214161	0.368063976344342	8.1638705085067	9.60668129577652
8.54528553376469	0.319006077135787	7.92003362257855	9.17053744495084
8.63263110756433	0.313480302033477	8.01820971557872	9.24705249954994
9.04994184775309	0.314308484404785	8.43389721831971	9.66598647718647
8.91153947883006	0.332548277131813	8.2597448556517	9.56333410200841
9.29555625781787	0.424965077186936	8.46262470653148	10.1284878091043
8.90939843243095	0.366664284861437	8.19073643410254	9.62806043075937
9.47855720945799	0.376127383898041	8.74134753701783	10.2157668818981
9.10268885519572	0.338242915371555	8.43973274106747	9.76564496932397
9.21049415304988	0.367903974891582	8.48940236226238	9.93158594383738
9.15141988948673	0.357461759791416	8.45079484029555	9.85204493867791
9.95710426372043	0.407423927532918	9.15855336575591	10.755655161685
9.26621988704578	0.335697190983891	8.60825339271735	9.9241863813742
8.85318452539255	0.320420898290689	8.2251595647428	9.4812094860423
8.92749363034728	0.334937771716743	8.27101559778247	9.5839716629121
8.77765483017394	0.288457846660846	8.21227745071868	9.3430322096292
9.11780555857093	0.328727092300165	8.47350045766261	9.76211065947925
8.88708960128803	0.328772980490753	8.24269455952616	9.53148464304991
9.03227416810703	0.316363303392436	8.41220209345786	9.65234624275621
9.13341349638359	0.385351173621108	8.37812519608622	9.88870179668097
8.76632124035115	0.331462320580259	8.11665509201384	9.41598738868846
9.56661363713779	0.371286399607322	8.83889229390743	10.2943349803681
9.30379962543788	0.34579754270959	8.62603644172709	9.98156280914868
8.96340983777819	0.34833161720488	8.28067986805663	9.64613980749975
8.92420319252546	0.310212739449291	8.31618622320485	9.53222016184607
8.78474047385329	0.347890637905184	8.10287482355913	9.46660612414745
8.78884365328928	0.346914210671414	8.1088918003733	9.46879550620525
8.46880709830726	0.295611051590724	7.88940943718944	9.04820475942508
9.22917248630549	0.318862357014572	8.60420226655693	9.85414270605405
10.059129331736	0.396964243101036	9.28107941525797	10.837179248214
9.16808015780428	0.295880353877995	8.58815466420341	9.74800565140515
8.99492674949305	0.337341658508552	8.33373709881629	9.65611640016981
9.32058576346175	0.39253615542352	8.55121489883165	10.0899566280918
9.24889422888723	0.379166572680746	8.50572774643297	9.99206071134149
9.92654655206968	0.371328356447549	9.19874297343249	10.6543501307069
8.70856315561818	0.309989305408484	8.10098411701755	9.3161421942188
8.63793580188349	0.31839144110276	8.01388857732208	9.2619830264449
9.40484875427956	0.373175732238391	8.67342431909231	10.1362731894668
9.11459254171679	0.377511319635005	8.37467035523218	9.8545147282014
9.25302830311731	0.366743266845646	8.53421150009985	9.97184510613477
9.04853359040312	0.332861862694592	8.39612433952172	9.70094284128452
9.37383121233871	0.367693750874068	8.65315146062554	10.0945109640519
9.4123069524045	0.40498963777963	8.61852726235643	10.2060866424526
9.2343858064971	0.287307511622375	8.67126308371725	9.79750852927696
8.8524881309512	0.306498381538717	8.25175130313531	9.45322495876709
9.17408092776446	0.337936007912205	8.51172635225654	9.83643550327239
8.92631637215113	0.336855131845089	8.26608031373475	9.5865524305675
8.96889947005998	0.319246006981258	8.34317729637671	9.59462164374325
9.14177321064187	0.315361438091428	8.52366479198267	9.75988162930107
9.66954187393298	0.414093928698862	8.85791777368321	10.4811659741828
8.88514979063875	0.308990207746545	8.27952898345553	9.49077059782198
9.4172005666439	0.374848375762501	8.6824977501494	10.1519033831384
9.09091452112569	0.381742817849725	8.34269859814023	9.83913044411115
9.38983156203361	0.346766174070633	8.71016986085517	10.069493263212
9.38798388660694	0.356949871525248	8.68836213841745	10.0876056347964
8.64670795401099	0.325810119174203	8.00812012042956	9.28529578759243
9.28762099704521	0.371448701177879	8.55958154273657	10.0156604513539
9.15919600895978	0.355600725459282	8.46221858705959	9.85617343085997
8.94574245329299	0.347055449595931	8.26551377208497	9.62597113450101
8.6959586230623	0.2995144920777	8.10891021859	9.28300702753459
8.63345270131302	0.300174906330001	8.04510988490622	9.22179551771982
8.45317112134171	0.327133968542727	7.81198854299796	9.09435369968545
8.89321997987722	0.314910996004786	8.27599442770784	9.5104455320466
9.39589384405189	0.347929177821759	8.71395265552124	10.0778350325825
8.73613278944453	0.312217105938091	8.12418726180587	9.34807831708319
8.87529858579593	0.370646826736572	8.14883080539225	9.60176636619962
9.32948338581796	0.372524295195803	8.59933576723418	10.0596310044017
8.72222767344976	0.338652075915714	8.05846960465496	9.38598574224456
8.73585898692777	0.316810124757409	8.11491114240325	9.35680683145229
8.79577632824982	0.34044186992303	8.12851026320068	9.46304239329896
9.61127600478916	0.390193570387933	8.84649660682881	10.3760554027495
8.90639705660976	0.331353171489231	8.25694484049087	9.55584927272865
8.95197007064117	0.332707205485014	8.29986394789054	9.6040761933918
8.49441838015734	0.364595827116159	7.77981055900967	9.20902620130501
9.22907900338759	0.342180351847981	8.55840551376555	9.89975249300963
8.96906734981299	0.383843440163075	8.21673420709336	9.72140049253262
8.9100340778051	0.456066347232664	8.01614403722908	9.80392411838112
9.50995182031822	0.377615217115629	8.76982599477158	10.2500776458648
8.63977785311886	0.360694509821937	7.93281661386786	9.34673909236985
9.27301661373295	0.326222896904631	8.63361973579988	9.91241349166603
8.47565476556068	0.288435741909371	7.91032071141831	9.04098881970305
8.70207494380795	0.354037438981726	8.00816156340377	9.39598832421214
8.78521552108105	0.315069521279559	8.16767925937312	9.40275178278899
8.8412479417382	0.367724947164856	8.12050704529508	9.56198883818131
9.15774342169086	0.346868751837645	8.47788066808907	9.83760617529264
9.27818320883894	0.33876905982052	8.61419585159072	9.94217056608716
9.25234192512512	0.3171124426711	8.63080153748976	9.87388231276047
8.61966685798613	0.387236099545251	7.86068410287744	9.37864961309482
8.62161801067769	0.312694560899618	8.00873667131443	9.23449935004094
9.71373536290612	0.368109862630168	8.99224003215099	10.4352306936613
8.86290071984518	0.326866146028011	8.22224307363028	9.50355836606008
8.69459554163096	0.293071901357969	8.12017461496935	9.26901646829258
8.7405929687621	0.350638978809949	8.0533405702946	9.4278453672296
8.72093000089117	0.306960001289554	8.11928839836365	9.3225716034187
8.95391581625611	0.342300467828748	8.28300689931177	9.62482473320046
8.82731674687731	0.327274113591961	8.18585948423707	9.46877400951756
9.26066012583205	0.324830022781531	8.62399328118025	9.89732697048385
9.22840125286441	0.37223945749339	8.49881191617736	9.95799058955145
8.86870196802377	0.373853914285872	8.13594829602346	9.60145564002408
9.00565717501783	0.30465911872262	8.4085253023215	9.60278904771417
8.62680458655765	0.295441347925883	8.04773954462291	9.20586962849238
8.77509932635351	0.368321980873516	8.05318824384142	9.4970104088656
8.82326266401133	0.341834392790401	8.15326725414214	9.49325807388051
9.07105019679068	0.373498190339589	8.33899374372508	9.80310664985627
8.86172490815971	0.34236204231765	8.19069530521711	9.5327545111023
8.73540217541976	0.323743568897841	8.10086478037999	9.36993957045953
9.00777046156592	0.369578990859632	8.28339563948104	9.73214528365079
9.43298799203329	0.445977789783849	8.55887152405694	10.3071044600096
8.89247860998622	0.340744482452478	8.22461942437936	9.56033779559307
8.45074590888048	0.309746373901019	7.84364301603449	9.05784880172648
9.07087953290383	0.356968533809207	8.37122120663778	9.77053785916987
8.67203483319877	0.337036019447331	8.011444235082	9.33262543131553
8.39152064338434	0.288836428247632	7.82540124401898	8.95764004274969
8.84299868781795	0.390092945329881	8.07841651497138	9.60758086066452
9.40727833285675	0.407941138951008	8.60771370051278	10.2068429652007
8.87533269421845	0.350964338087084	8.18744259156777	9.56322279686914
9.07459241453439	0.37872889499916	8.33228378033604	9.81690104873275
8.33249781932042	0.312156921747341	7.72067025269563	8.94432538594521
8.93172147637334	0.361000869142363	8.22415977285431	9.63928317989237
9.24797098359106	0.347639624967658	8.56659731865445	9.92934464852767
9.08378881931347	0.319861204884032	8.45686085774077	9.71071678088617
9.00134625979865	0.32992688924811	8.35468955687235	9.64800296272494
9.04967801346806	0.336880333186864	8.3893925604218	9.70996346651431
8.85168159682868	0.331466386748258	8.20200747880209	9.50135571485526
9.09042875091513	0.372142235018579	8.36102997027872	9.81982753155155
9.12054375379856	0.3347560802697	8.46442183646995	9.77666567112718
8.81880267995409	0.317353353393834	8.19679010730217	9.440815252606
8.71860948268182	0.329339604024957	8.0731038587929	9.36411510657074
8.88700308344642	0.314971035141564	8.26965985456896	9.50434631232389
8.89141310672571	0.318369840358918	8.26740821962223	9.51541799382919
9.13288791110232	0.329586280067897	8.48689880216924	9.77887702003539
8.69697428121622	0.328032772198462	8.05403004770724	9.33991851472521
8.99008112002349	0.335226854633875	8.3330364849411	9.64712575510589
8.61338074717222	0.342345326375196	7.94238390747683	9.2843775868676
9.23412827034393	0.35256279824432	8.54310518578506	9.92515135490279
8.56422771920677	0.294865661934728	7.9862910218147	9.14216441659883
8.91682098592506	0.326265540883082	8.27734052579422	9.5563014460559
9.0029116275113	0.364200854028486	8.28907795361547	9.71674530140714
8.79116027654412	0.349383861127809	8.10636790873361	9.47595264435462
8.7622998781847	0.34497956261391	8.08613993546144	9.43845982090797
8.97955872901872	0.344531805454494	8.30427639032792	9.65484106770953
9.38351599038199	0.370117691290862	8.6580853154519	10.1089466653121
8.07834095183528	0.314007867391527	7.46288553174789	8.69379637192268
9.23975219000507	0.352692763283652	8.54847437396911	9.93103000604103
8.85842745914976	0.356127100296017	8.16041834256957	9.55643657572995
8.92509906806499	0.355370483505975	8.22857292039328	9.6216252157367
8.81643991908078	0.33087453016284	8.16792583996161	9.46495399819995
9.36877680908286	0.399398096453434	8.58595654003413	10.1515970781316
8.9276303793185	0.327585787407585	8.28556223599963	9.56969852263736
9.37724490783393	0.311640942333478	8.76642866086031	9.98806115480754
8.91426961496156	0.399525355852984	8.13119991748971	9.69733931243341
9.01297513356415	0.347316972514801	8.33223386743514	9.69371639969316
9.2774626086735	0.360966973514178	8.56996734058571	9.98495787676129
8.90278822801431	0.291777917962073	8.33090350880864	9.47467294721997
9.01973884907207	0.357089257130486	8.31984390509632	9.71963379304782
9.32865840575201	0.34009114560389	8.66207976036839	9.99523705113564
8.96707391397261	0.340799287401254	8.29910731066615	9.63504051727907
8.58903638911696	0.315153205924201	7.97133610550552	9.20673667272839
9.25477256677415	0.356358512385391	8.55630988249878	9.95323525104951
9.44322756452734	0.381323992736661	8.69583253876349	10.1906225902912
8.92543566110194	0.365410037035349	8.20923198851266	9.64163933369123
9.45548600515306	0.364951892081262	8.74018029667379	10.1707917136323
9.47288230548076	0.318173790390527	8.84926167631533	10.0965029346462
9.02916861970482	0.339587391119426	8.36357733311074	9.69475990629889
8.47199348905784	0.304993596706988	7.87420603951214	9.06978093860354
9.55590016239467	0.392821982195188	8.7859690772921	10.3258312474972
9.38842983181013	0.377146795954923	8.64922211173848	10.1276375518818
9.54956119840763	0.360373177043116	8.84322977140312	10.2558926254121
9.52669440958068	0.355059418360537	8.83077794959403	10.2226108695673
9.08665991661659	0.358612839528366	8.38377875114099	9.78954108209219
9.00124999190229	0.334667562370765	8.34530156965559	9.65719841414898
8.87770278674865	0.323222040773022	8.24418758683353	9.51121798666377
8.11833418105586	0.269780394407479	7.5895646080172	8.64710375409452
8.54120357909219	0.32324955493535	7.9076344514189	9.17477270676547
9.11137609010116	0.373047183941846	8.38020360957514	9.84254857062718
9.17946351085631	0.367047399526349	8.46005060778466	9.89887641392795
8.50219391995719	0.329607804020992	7.85616262407605	9.14822521583834
9.1841646042733	0.369630483768284	8.45968885608746	9.90864035245913
8.86736825835422	0.328131367393178	8.2242307782636	9.51050573844485
8.99427627525439	0.336350137841612	8.33503000508483	9.65352254542395
9.26236793174015	0.399834477389223	8.47869235605727	10.046043507423
9.03525505645481	0.362430938027136	8.32489041792162	9.74561969498799
8.65014391701756	0.327839855739331	8.00757779976848	9.29271003426665
9.0187254831104	0.353558457781988	8.32575090585771	9.7117000603631
8.77312396137182	0.324015467216763	8.13805364562697	9.40819427711668
8.87974681927733	0.365285334866072	8.16378756293983	9.59570607561483
9.1549298926104	0.304673898388787	8.55776905176838	9.75209073345242
9.16147132834815	0.372475891201295	8.43141858159361	9.89152407510269
9.51804559524564	0.336082314201276	8.85932425941114	10.1767669310801
8.97022546441229	0.3414562824857	8.30097115074032	9.63947977808427
9.11389714975057	0.352278045956415	8.423432179676	9.80436211982515
9.6197058358427	0.367591675746308	8.89922615137993	10.3401855203055
8.78968287977027	0.30149434984089	8.19875395408213	9.38061180545842
9.02693616621487	0.399374084565316	8.24416296046685	9.80970937196289
8.90625256746844	0.40337922876702	8.11562927908509	9.6968758558518
8.91778108967866	0.328310346058789	8.27429281140343	9.56126936795389
9.04573306297311	0.314593943628198	8.42912893346184	9.66233719248438
9.46585938135877	0.373180417413501	8.7344257632283	10.1972929994892
9.33420175842573	0.375775946082596	8.59768090410385	10.0707226127476
8.66866108929556	0.317163964785532	8.04701971831592	9.2903024602752
9.53733721678136	0.365024190801835	8.82188980280977	10.252784630753
9.9600698470574	0.406474222700511	9.1633803705644	10.7567593235504
8.7969654333043	0.31759674304834	8.17447581692955	9.41945504967905
9.17162721937576	0.413794242582839	8.3605905039134	9.98266393483813
9.05197250048587	0.359048737801383	8.34823697439516	9.75570802657658
8.69234238125418	0.339147333851849	8.02761360690455	9.3570711556038
9.24884203894175	0.40837266568576	8.44843161419766	10.0492524636858
9.35169047997515	0.352339191416193	8.66110566479941	10.0422752951509
9.5127147525156	0.397611672821243	8.73339587378596	10.2920336312452
9.51311042812799	0.481227074694679	8.56990536172642	10.4563154945296
8.65146184113126	0.312889877228483	8.03819768176343	9.26472600049909
8.62827561184292	0.339913413683844	7.96204532102259	9.29450590266326
8.89365892290828	0.315025988416838	8.27620798561128	9.51110986020528
8.54338282088683	0.327319426399509	7.90183674514379	9.18492889662987
9.02362840777267	0.373479914765633	8.29160777483203	9.75564904071332
9.08379831831198	0.309978369738162	8.47624071362518	9.69135592299878
9.72810629405825	0.429225297689527	8.88682471058678	10.5693878775297
9.34358694361845	0.344633961239729	8.66810437958859	10.0190695076483
8.65858120037105	0.34548406265588	7.98143243756552	9.33572996317657
8.96880639177827	0.327995990113394	8.32593425115602	9.61167853240052
8.92492094635414	0.349086699020615	8.24071101627374	9.60913087643454
9.237165564681	0.36612096019669	8.51956848269548	9.95476264666651
8.97089566834995	0.355134845516777	8.27483137113707	9.66695996556283
9.21782693059476	0.319310095885265	8.59197914265964	9.84367471852988
9.13287453302203	0.395746784888948	8.3572108346397	9.90853823140437
9.1846827670685	0.348323987974352	8.50196775063877	9.86739778349823
8.83238172797669	0.325313495976226	8.19476727586329	9.46999618009009
8.70349942686958	0.3376541319795	8.04169732818976	9.3653015255494
9.36870841375243	0.389749684048548	8.60479903301727	10.1326177944876
8.51324727074428	0.364947103306331	7.79795094826387	9.22854359322469
8.67745968346353	0.347028742573704	7.99728334801907	9.35763601890799
9.13365852630712	0.325717381399587	8.49525245876393	9.77206459385031
9.31797292396018	0.40362974858826	8.52685861672719	10.1090872311932
8.98087906691196	0.351190838961713	8.292545022547	9.66921311127692
9.48652671889837	0.355890686428899	8.78898097349773	10.184072464299
8.76597977666167	0.294206598566501	8.18933484347133	9.34262470985201
9.53341913680078	0.364561632264823	8.81887833756172	10.2479599360398
8.79670905913943	0.333448081837506	8.14315081873792	9.45026729954094
9.6442490558821	0.395429017672577	8.86920818124385	10.4192899305203
9.36848898618711	0.34547108977674	8.6913656502247	10.0456123221495
9.00015640923407	0.349293472951096	8.31554120224992	9.68477161621822
8.55015293186079	0.335992793307671	7.89160705697776	9.20869880674383
8.43713933922115	0.324677366815682	7.80077170026241	9.07350697817988
9.44009222394181	0.382865517637038	8.68967580937322	10.1905086385104
9.08148136793497	0.352053734014066	8.3914560492674	9.77150668660254
8.67983979020261	0.331677877352553	8.02975115059161	9.32992842981361
8.83378124737212	0.327736794112636	8.19141713091135	9.47614536383288
8.68657770254991	0.282042473740271	8.13377445401898	9.23938095108084
9.01490101896204	0.387115171774514	8.25615528228399	9.77364675564009
9.30648655854792	0.374336046594693	8.57278790722232	10.0401852098735
9.19912535832375	0.374840604620779	8.46443777326703	9.93381294338048
8.64069722412921	0.351689350851428	7.95138609646041	9.33000835179801
8.4057185058953	0.328456050038715	7.76194464781942	9.04949236397118
8.74526326203755	0.298018606927345	8.16114679245995	9.32937973161515
8.59829844795418	0.335401291519122	7.9409119165767	9.25568497933166
8.84522499230704	0.346337093349211	8.16640428934259	9.52404569527149
9.38628106193164	0.363831106360625	8.67317209346482	10.0993900303985
8.66825242026574	0.302186365914959	8.07596714307242	9.26053769745906
8.72628129615497	0.353149153342516	8.03410895560364	9.4184536367063
8.71984318569971	0.316552217309388	8.09940083977331	9.34028553162611
9.39934186390396	0.364795354358752	8.68434296936081	10.1143407584471
9.10761749626819	0.312753395143251	8.49462084178741	9.72061415074896
8.46338855144197	0.34049009012467	7.79602797479762	9.13074912808633
9.78966657015884	0.365286289844233	9.07370544206414	10.5056276982535
8.92693915394479	0.366997448108424	8.20762415565228	9.6462541522373
9.26267874629633	0.354917305371003	8.56704082776916	9.9583166648235
8.50280212717218	0.33060501304558	7.85481630160285	9.15078795274152
8.88410457630605	0.327917665251527	8.24138595241306	9.52682320019905
8.63892027289918	0.347795436802667	7.95724121676596	9.32059932903241
8.70859618833704	0.348699852267162	8.0251444778934	9.39204789878068
8.86552481244093	0.338972130854612	8.20113943596589	9.52991018891597
9.71318143224609	0.403430559329866	8.92245753595955	10.5039053285326
9.30348141572391	0.33988951457879	8.63729796714948	9.96966486429834
8.78457536752543	0.324752792559429	8.14805989410895	9.42109084094191
8.55667445356606	0.36317998382294	7.8448416852731	9.26850722185902
8.85980002319456	0.33944610997046	8.19448564765245	9.52511439873666
9.07757834209256	0.314600306701828	8.46096174095698	9.69419494322814
9.2301156828769	0.348986759296324	8.54610163465611	9.9141297310977
9.21118351377454	0.303927435064615	8.6154857410479	9.80688128650119
9.26392236036216	0.369187622862885	8.54031461955091	9.98753010117342
9.25396766567428	0.404813304334707	8.46053358917825	10.0474017421703
8.78768057078796	0.329838798118613	8.14119652647548	9.43416461510044
8.34375908169635	0.355470890702181	7.64703613592008	9.04048202747263
8.6172117461678	0.346695106156953	7.93768933810017	9.29673415423543
9.88774369325106	0.402921761723971	9.09801704027208	10.67747034623
8.85774331125468	0.311541062135397	8.2471228294693	9.46836379304006
8.98300385979034	0.365069911458126	8.26746683333242	9.69854088624827
8.42760535498412	0.302970149827216	7.83378386132278	9.02142684864547
8.79674915638263	0.324544160842773	8.16064260113079	9.43285571163446
9.16930377227098	0.322108701925242	8.53797071649751	9.80063682804446
8.58001825543862	0.304991045471296	7.98223580631488	9.17780070456236
9.95531407880974	0.376250336466222	9.21786341933594	10.6927647382835
8.91969065514168	0.335453555829456	8.26220168571595	9.57717962456741
8.69923274710753	0.327771970923202	8.05679968409806	9.34166581011701
8.48839512313798	0.313936701328171	7.87307918853476	9.10371105774119
9.44649707303861	0.367004670223236	8.72716791940107	10.1658262266762
8.50016172481922	0.371660772573419	7.77170661057532	9.22861683906313
8.9885172919143	0.42388602319349	8.15770068645506	9.81933389737354
9.21188514026765	0.345274107883418	8.53514788881615	9.88862239171915
8.77906317244031	0.348114792730491	8.09675817868854	9.46136816619207
8.98974940505001	0.379908559254787	8.24512862891063	9.73437018118939
9.28398440674047	0.343341697540331	8.61103467956142	9.95693413391951
8.89138711951204	0.364574549053738	8.17682100336671	9.60595323565737
9.43435674705722	0.345817457559067	8.75655453024145	10.112158963873
9.33179413249261	0.36761888060645	8.61126112650397	10.0523271384813
8.75411076838857	0.303914445071515	8.1584384560484	9.34978308072874
8.95516141624148	0.349877469246046	8.26940157651923	9.64092125596373
8.96531757119156	0.33598263242178	8.30679161164487	9.62384353073825
8.85830542086759	0.287350769109163	8.29509791341364	9.42151292832155
8.62527455635638	0.32706920013475	7.98421892409227	9.26633018862049
9.10783703759643	0.309250374649037	8.50170630328431	9.71396777190854
8.84965235029918	0.3390250208942	8.18516330934654	9.51414139125181
9.6219274369351	0.350259521320113	8.93541877514767	10.3084360987225
9.47768999507764	0.376139598956753	8.7404563811224	10.2149236090329
8.87070039385044	0.317639589112469	8.24812679919001	9.49327398851088
8.60945640449714	0.338243871733824	7.94649841589885	9.27241439309544
8.61780235600839	0.306075457273977	8.0178944597514	9.21771025226539
8.9198386717159	0.362814285627853	8.20872267188531	9.63095467154649
8.9669262855225	0.348351639971459	8.28415707117843	9.64969549986656
8.76338252033224	0.362418344435738	8.05304256523819	9.47372247542629
9.40735903479353	0.399779451742605	8.62379130937803	10.190926760209
8.89211259542662	0.334840896020688	8.23582443922607	9.54840075162717
9.03324607782251	0.356098506547948	8.33529300498854	9.73119915065649
9.37788084520842	0.343259395740089	8.70509242955784	10.050669260859
9.02633830698376	0.323841299403531	8.39160936015284	9.66106725381468
8.37746470378578	0.313250707918212	7.76349331626608	8.99143609130547
8.82024952257621	0.282977917512593	8.26561280425153	9.3748862409009
8.73915890427205	0.355963565016737	8.04147031683924	9.43684749170485
8.68053516865979	0.343983008828456	8.00632847135602	9.35474186596356
9.05759658000561	0.324681220229836	8.42122138835513	9.69397177165608
9.16902879692702	0.358732748432617	8.46591260999909	9.87214498385495
9.80011738970323	0.35644148744521	9.10149207431062	10.4987427050958
8.93272173312171	0.323714528107095	8.2982412580318	9.56720220821161
9.13799258347583	0.300862332652766	8.54830241147641	9.72768275547525
9.1842222986885	0.364620849981441	8.46956543272488	9.89887916465212
9.12586431601371	0.352179664457163	8.43559217367767	9.81613645834975
9.19586859504805	0.368470902938013	8.47366562528954	9.91807156480655
9.56269058974741	0.390831137925228	8.79666155941396	10.3287196200809
9.42706054888003	0.376292030870922	8.68952816837302	10.164592929387
8.77874490646501	0.325645320681117	8.14048007793003	9.417009735
9.16662582062955	0.344786310782998	8.49084465149487	9.84240698976423
9.00524185237044	0.378829015585719	8.26273698182244	9.74774672291845
9.01702059308987	0.340712689504205	8.34922372166163	9.68481746451811
8.94305072070905	0.403728518843536	8.15174282377573	9.73435861764238
9.47408305517331	0.341593068727458	8.80456064046749	10.1436054698791
9.41453825299806	0.347183268921517	8.73405904591189	10.0950174600842
9.29170667150422	0.391406451468015	8.52455002662691	10.0588633163815
8.69115064873355	0.332468778547345	8.03951184278075	9.34278945468635
8.87269145170331	0.344571300543071	8.19733170263889	9.54805120076773
8.63375568604291	0.327351760500538	7.99214623546186	9.27536513662397
8.8254423774634	0.31762877606389	8.20288997637817	9.44799477854862
8.95654684568407	0.336425539801677	8.29715278767279	9.61594090369536
8.93256082308095	0.3469366090215	8.25256506939881	9.61255657676309
9.54834697123709	0.375733609286464	8.81190909703563	10.2847848454386
9.48414047702885	0.397976610493723	8.70410632046115	10.2641746335965
9.03261654341504	0.335916605350582	8.3742199969279	9.69101308990218
10.1466222722193	0.365691791535259	9.42986636081022	10.8633781836284
8.78575258453948	0.360592713866458	8.07899086536122	9.49251430371773
8.43096673629381	0.315222417040299	7.81313079889483	9.0488026736928
8.60771650212155	0.346694047095492	7.92819616981438	9.28723683442871
8.48807833923649	0.352297940239288	7.79757437636748	9.17858230210549
8.82032415211369	0.327378466184574	8.17866235839192	9.46198594583545
10.0005643392841	0.395847594202409	9.22470305464743	10.7764256239209
9.45140447119959	0.398714544039572	8.66992396488203	10.2328849775172
8.34435401951262	0.302291851845241	7.75186198989595	8.9368460491293
8.96155227522418	0.29988147422128	8.37378458575047	9.54931996469788
9.02121517303578	0.400067543851972	8.23708278708591	9.80534755898564
8.73921583657916	0.318830461479165	8.11430813208	9.36412354107832
8.99580998044246	0.35982220859911	8.29055845158821	9.70106150929672
8.68766848215184	0.315011095283524	8.07024673539613	9.30509022890754
8.4329740541984	0.325144363774238	7.7956911012009	9.07025700719591
8.92051810259351	0.331825220660678	8.27014067009858	9.57089553508844
8.94709657260992	0.363812853513171	8.2340233797241	9.66016976549573
9.74445466385283	0.396897789137723	8.96653499714289	10.5223743305628
9.00264022594619	0.344865944906942	8.32670297392859	9.6785774779638
8.77032311755064	0.419138418847644	7.94881181660925	9.59183441849202
9.01016436232196	0.343242808751484	8.33740845716905	9.68292026747487
8.52414106688937	0.29237617247809	7.95108376883231	9.09719836494642
9.00712329634429	0.356295210175894	8.30878468439953	9.70546190828904
9.4909941884557	0.352308767315364	8.80046900451758	10.1815193723938
9.49230094303301	0.327893417709293	8.84962984432279	10.1349720417432
8.68310786874281	0.314024852912959	8.06761915703341	9.2985965804522
8.50245349159548	0.321787727405562	7.87174954588058	9.13315743731038
9.33413295110472	0.375501714709325	8.59814959027444	10.070116311935
9.07344748286798	0.344433390991074	8.39835803652547	9.74853692921049
9.05762617843797	0.29645823384856	8.47656804009479	9.63868431678115
8.81390184026156	0.299105382432187	8.22765529069448	9.40014838982865
9.26747577138605	0.336214607222612	8.60849514122973	9.92645640154237
9.7229959787821	0.402619185978006	8.93386237426521	10.512129583299
8.6345595694873	0.315975618518067	8.01524735719189	9.25387178178271
9.33515230677869	0.374280471082942	8.60156258345613	10.0687420301013
8.9175544114591	0.331138176535624	8.26852358544928	9.56658523746893
8.40745693025959	0.321885336581904	7.77656167055906	9.03835218996012
8.76119886189593	0.335408431752075	8.10379833566186	9.41859938812999
9.35509227245056	0.358631279178933	8.65217496525985	10.0580095796413
8.86001177896226	0.329191652056884	8.21479614093077	9.50522741699375
9.18832369012678	0.328035740849464	8.54537363806184	9.83127374219173
9.09581362398378	0.323489004155866	8.46177517583828	9.72985207212928
9.38867640607015	0.369032310124885	8.66537307822538	10.1119797339149
8.6803448601918	0.373215682532648	7.94884212242781	9.41184759795579
8.61435432930889	0.342441589449656	7.94316881398757	9.28553984463022
8.92011005706197	0.337683717378716	8.25824997099969	9.58197014312425
8.88315489066552	0.31957299687851	8.25679181678364	9.5095179645474
8.5164671177629	0.294213375211141	7.93980890234906	9.09312533317674
8.81823076940172	0.356459013382224	8.11957110317256	9.51689043563087
9.24405785564109	0.334558141843306	8.58832389762821	9.89979181365397
8.85467153115984	0.315407827222213	8.2364721898043	9.47287087251538
8.85648314241957	0.340951400392834	8.18821839764962	9.52474788718953
8.54752520374517	0.335414545104444	7.89011269534046	9.20493771214988
8.85449607268537	0.402934683156497	8.06474409369863	9.6442480516721
9.00667504705741	0.345106072094828	8.33026714575155	9.68308294836327
9.12689477650462	0.391223621374962	8.36009647860969	9.89369307439954
8.92369345212352	0.320904414521842	8.29472079966071	9.55266610458633
8.6392258064347	0.286980697073978	8.07674364016971	9.2017079726997
8.678158372082	0.30175721130798	8.08671423791836	9.26960250624564
9.17991770360232	0.385532279367142	8.42427443604272	9.93556097116192
8.17163835965458	0.320163583658101	7.54411773568471	8.79915898362446
8.60448911887934	0.312882503066497	7.991239412869	9.21773882488967
8.758199353371	0.314559063183432	8.14166358953147	9.37473511721052
8.79106217867437	0.351232853099134	8.10264578660007	9.47947857074868
8.94777125967518	0.335505998449045	8.29017950271506	9.60536301663531
8.68963654340614	0.28349409382824	8.13398811950279	9.24528496730949
8.91976789000598	0.368062698039314	8.19836500184893	9.64117077816304
8.82653876920078	0.336901442571473	8.16621194176069	9.48686559664087
9.0076967586779	0.308418680230951	8.40319614542523	9.61219737193056
9.44988540374453	0.318054233433847	8.82649910621419	10.0732717012749
8.906765522756	0.344717260619128	8.23111969194251	9.58241135356949
8.96345682463357	0.350257210457712	8.27695269213645	9.64996095713069
9.32103709509596	0.372655823022813	8.59063168197124	10.0514425082207
9.02668268585992	0.299307762119235	8.44003947210622	9.61332589961362
9.18515506597042	0.340768985054536	8.51724785526353	9.85306227667731
8.7295752050589	0.299215038647238	8.14311372931031	9.31603668080749
9.30659995789658	0.349520516720808	8.62153974512379	9.99166017066936
8.72870409441762	0.36074671420211	8.02164053458148	9.43576765425375
9.55546585140359	0.355056934851341	8.85955425909497	10.2513774437122
9.18410078016793	0.393588256214646	8.41266779798722	9.95553376234864
9.15191136056397	0.380251514674709	8.40661839180154	9.8972043293264
9.12302990042204	0.296481306520345	8.54192653964217	9.70413326120192
9.1908531114272	0.386320143567809	8.43366563003429	9.9480405928201
9.00043497416543	0.377113496675144	8.26129252068215	9.73957742764872
9.24405947746479	0.357426263705425	8.54350400060216	9.94461495432742
8.57961547468385	0.292983300677598	8.00536820535576	9.15386274401195
9.0591143343776	0.339301444606613	8.39408350294864	9.72414516580656
8.81883639902711	0.337468775494532	8.15739759905783	9.4802751989964
8.84735129394742	0.310656348554533	8.23846485078053	9.4562377371143
8.54008872494581	0.296586241142581	7.95877969230635	9.12139775758527
9.19864609623872	0.358859659606522	8.49528116340994	9.90201102906751
9.60244712068063	0.367864900223021	8.88143191624351	10.3234623251178
9.33182824095026	0.38645355926047	8.57437926479974	10.0892772171008
9.07846567342957	0.310347895598596	8.47018379805632	9.68674754880282
8.32740306158482	0.30572074634488	7.72819039874886	8.92661572442079
9.27578951357268	0.373395469029912	8.54393439427406	10.0076446328713
9.2101473939578	0.365815388193921	8.49314923309771	9.92714555481788
8.55572297481521	0.324629933699507	7.91944830476418	9.19199764486625
8.82617306483513	0.306659024165921	8.22512137746992	9.42722475220034
8.96518418892766	0.326651662981534	8.32494692948386	9.60542144837147
9.25909364821596	0.362102995069591	8.54937177787956	9.96881551855236
8.40781166297411	0.312437756295232	7.79543366063545	9.02018966531276
9.27039887666899	0.403317589638707	8.47989640097712	10.0609013523609
8.90743909709989	0.347645917933543	8.22605309795015	9.58882509624964
8.6184894037426	0.297200847282877	8.03597574306816	9.20100306441704
8.75178173788969	0.31047262539733	8.14325539211092	9.36030808366846
9.45646290125045	0.380341177789701	8.71099419278264	10.2019316097183
8.87372531428174	0.31909381110776	8.24830144451053	9.49914918405295
8.35194742267377	0.311982227221455	7.74046225731972	8.96343258802782
9.15019157920911	0.355407697465428	8.45359249217687	9.84679066624134
8.72726021230436	0.331867950802186	8.07679902873208	9.37772139587665
8.57426660156082	0.318043749882154	7.9509008517918	9.19763235132984
9.60239298943856	0.373696156732728	8.86994852224242	10.3348374566347
8.84510775756004	0.310829455406397	8.23588202496351	9.45433349015658
8.86018460214879	0.363807243047245	8.14712240577619	9.57324679852139
9.01314252232994	0.383961351022005	8.26057827432681	9.76570677033307
9.11947373610274	0.425843587232532	8.28482030512698	9.9541271670785
9.06314141054978	0.344994196080442	8.38695278623211	9.73933003486744
9.29080400794288	0.327783709171129	8.64834793796746	9.93326007791829
9.01864382398339	0.332346443749669	8.36724479423404	9.67004285373274
8.8553963040153	0.305267177097657	8.25707263690389	9.4537199711267
9.3669366912568	0.366667801914792	8.64826779950381	10.0856055830098
8.12926252342191	0.264390950304842	7.61105626082442	8.6474687860194
9.00377092086536	0.327126116283706	8.36260373294929	9.64493810878142
8.73642401968328	0.287983642517578	8.17197608034883	9.30087195901773
8.99266149603983	0.334080158423176	8.3378643855304	9.64745860654925
9.5412192215463	0.407853049826019	8.7418272438873	10.3406111992053
9.02050830934266	0.322549310389016	8.38831166098018	9.65270495770513
8.98513888459361	0.334302391661261	8.32990619693754	9.64037157224969
9.31690248322121	0.3348494666804	8.66059752852763	9.9732074379148
8.98087452419149	0.313788620209076	8.36584882858171	9.59590021980128
9.20670641492381	0.39179681131635	8.43878466474377	9.97462816510386
8.81790491622282	0.356625833827194	8.11891828192152	9.51689155052412
9.43213597849571	0.413838137225594	8.62101322953355	10.2432587274579
8.6780898347167	0.336303586364963	8.01893480544137	9.33724486399203
8.65646836422992	0.314054929176716	8.04092070304356	9.27201602541629
9.05566894321849	0.365752661740969	8.33879372620619	9.77254416023079
8.77905447447313	0.338277688045069	8.11603020590479	9.44207874304147
9.06063789520894	0.352001697538955	8.37071456803259	9.75056122238529
9.53538534819946	0.329503985072783	8.8895575374568	10.1812131589421
8.95573642078271	0.288075077356405	8.39110926916416	9.52036357240127
8.86694974035365	0.359957269340927	8.16143349244544	9.57246598826187
9.41723263308118	0.337317339468126	8.75609064772365	10.0783746184387
8.97084769415581	0.344794543490221	8.29505038891498	9.64664499939665
9.39319524401399	0.372152725500493	8.66377590203303	10.122614585995
8.77922115754468	0.341351188304188	8.11017282846847	9.44826948662089
9.59410883185584	0.429599464150243	8.75209388212136	10.4361237815903
8.88464672678846	0.318414367136294	8.26055456720132	9.5087388863756
9.28399566091016	0.348199460706086	8.60152471792623	9.96646660389409
9.46201789198734	0.375026073111666	8.72696678868847	10.1970689952862
10.090257236171	0.355289254477102	9.39389029739588	10.7866241749461
8.41633560264781	0.304487959478476	7.81953920207	9.01313200322562
8.40756025172869	0.320194612437108	7.77997881135196	9.03514169210542
9.76637566608395	0.34961523623786	9.08112980305775	10.4516215291102
9.24529059385503	0.357022911141066	8.54552568801854	9.94505549969152
9.32157799612718	0.349215487813663	8.6371156400124	10.006040352242
8.72668334703694	0.32111774590927	8.09729256505477	9.35607412901911
9.2839653993261	0.33555185279575	8.62628376784643	9.94164703080576
8.775309397347	0.310226798608708	8.16726487207393	9.38335392262007
9.3101821624912	0.33393895952727	8.65566180181775	9.96470252316465
9.05510656921273	0.360601301023694	8.34832801920629	9.76188511921917
9.16875128318863	0.342976985720725	8.49651639117601	9.84098617520125
8.65673740734338	0.339642068723591	7.99103895264514	9.32243586204162
9.30679272621053	0.354316603455755	8.61233218343725	10.0012532689838
8.91044684533533	0.344925602621711	8.23439266419678	9.58650102647388
8.80815101509039	0.309330015489776	8.20186418473043	9.41443784545035
9.18518705055468	0.344313149929389	8.51033327669307	9.86004082441628
9.24665180776648	0.371270874700382	8.51896089335374	9.97434272217923
9.12550607381152	0.340208140817062	8.45869811781008	9.79231402981296
9.16263848877535	0.367108404469218	8.44310601601569	9.88217096153502
8.8470553940881	0.323038659911862	8.21389962066085	9.48021116751535
8.8873397916425	0.342052633193329	8.21691663058358	9.55776295270142
8.7551494430702	0.341368801374339	8.08606659237649	9.4242322937639
9.6105713500988	0.339958554334892	8.94425258360241	10.2768901165952
9.01011540540856	0.382625461051672	8.26016950174728	9.76006130906983
9.31225576547718	0.375558403074765	8.57616129545064	10.0483502355037
8.70606792504819	0.374751616130292	7.97155475743282	9.44058109266356
8.85559791314743	0.334611631758624	8.19975911490052	9.51143671139433
8.7711492202556	0.328049860926248	8.12817149284015	9.41412694767104
8.64772370204529	0.343736833926941	7.97399950754848	9.32144789654209
8.78414571609541	0.338628258536188	8.12043432936448	9.44785710282634
9.25795256451405	0.32168725002614	8.62744555446282	9.88845957456529
8.54978321990204	0.346472792904283	7.87069654580965	9.22886989399444
9.45626415365436	0.360175248390594	8.7503206668088	10.1622076404999
8.59245839427868	0.312102766115271	7.98073697269275	9.20417981586461
9.56876314505107	0.41975777185796	8.74603791220947	10.3914883778927
8.7817456288544	0.364863625569138	8.06661292273889	9.4968783349699
9.15925407631895	0.388412732807939	8.39796512001539	9.92054303262251
8.83293433176855	0.351076835293492	8.1448237345933	9.52104492894379
8.83946458882545	0.324293766722412	8.20384880604953	9.47508037160138
8.90569601673823	0.282552819776936	8.35189248997544	9.45949954350103
8.72993562780629	0.317386501579037	8.10785808471138	9.3520131709012
9.62871193097435	0.357749243067911	8.92752341456125	10.3299004473875
9.36416394023072	0.328874078425091	8.71957074651754	10.0087571339439
9.32819006837526	0.352753105121209	8.63679398233769	10.0195861544128
9.29287178848692	0.384724388303051	8.53881198741295	10.0469315895609
9.09635957054223	0.295312975105432	8.51754613933559	9.67517300174888
8.64555913848786	0.278123660948871	8.10043676302807	9.19068151394765
8.95129165515836	0.358726511683076	8.24818769225953	9.65439561805719
9.13583934710097	0.321236496773015	8.50621581342586	9.76546288077608
9.15398476363281	0.380152430647926	8.40888599956287	9.89908352770274
8.99542754735347	0.324223079846077	8.35995031085516	9.63090478385178
9.17167456004104	0.371151825151143	8.4442169827448	9.89913213733728
8.97774071148321	0.348429940215168	8.29481802866148	9.66066339430494
8.84871427810383	0.325464274225599	8.21080430062166	9.486624255586
8.54828601994881	0.292105956231275	7.97575834573551	9.12081369416211
8.7921432427571	0.313048631361175	8.17856792528919	9.405718560225
9.6715092853604	0.395366715826337	8.89659052234078	10.44642804838
9.20250071802112	0.36922615309162	8.47881745796155	9.9261839780807
9.2105390275443	0.350341953751273	8.5238687981918	9.8972092568968
9.34118371498683	0.32784402517815	8.69860942563766	9.983758004336
9.08168239433992	0.389163829411989	8.31892128869242	9.84444349998742
8.68744445435882	0.312656624009107	8.07463747130097	9.30025143741667
8.38830873875097	0.314275285105139	7.7723291799449	9.00428829755704
