estFinal_msm11	sdFinal_msm11	X1	X2
9.58745499389306	0.389763413243048	8.82351870393669	10.3513912838494
9.49869300653614	0.341322838810878	8.82970024246682	10.1676857706055
9.26026960994043	0.398958783710491	8.47831039386787	10.042228826013
8.45995705254643	0.351544117269954	7.77093058269732	9.14898352239554
8.93095783486886	0.344438267236296	8.25585883108572	9.606056838652
8.71632094489091	0.341420287183394	8.04713718201145	9.38550470777036
9.24635140544741	0.356924603497482	8.54677918259234	9.94592362830247
8.70384206354405	0.332021712270818	8.05307950749325	9.35460461959485
9.13225860819942	0.359355008400778	8.4279227917339	9.83659442466495
9.51732304905515	0.357469407542171	8.8166830102725	10.2179630878378
9.10899307593748	0.33406795862308	8.45421987703625	9.76376627483872
8.71746001332657	0.325851869975132	8.07879034817531	9.35612967847783
9.36862171069288	0.365934025524501	8.65139102066486	10.0858524007209
9.54253656947162	0.374400621264553	8.8087113517931	10.2763617871501
9.22742739306991	0.317519483217664	8.60508920596329	9.84976558017653
9.05572180909055	0.350983104459993	8.36779492434897	9.74364869383214
9.61951364874785	0.387477907599107	8.8600569498536	10.3789703476421
9.18194462278953	0.384133102208343	8.42904374246118	9.93484550311788
8.72181336592068	0.304628722873093	8.12474106908942	9.31888566275194
9.35054749101657	0.323355095620795	8.71677150359981	9.98432347843333
9.29645257655734	0.34169760431144	8.62672527210692	9.96617988100776
9.2264918030747	0.39108058271288	8.45997386095746	9.99300974519195
9.79495719944532	0.381702331060882	9.04682063056599	10.5430937683246
9.26229695723402	0.338049777159995	8.59971939400043	9.92487452046761
9.05811334461865	0.334638866954529	8.40222116538777	9.71400552384952
8.89686995181543	0.355588754598036	8.19991599280328	9.59382391082758
9.30923298054646	0.367628106859059	8.58868189110271	10.0297840699902
8.92633213046644	0.306947976348965	8.32471409682247	9.52795016411041
9.51841261176932	0.364023626287284	8.80492630424625	10.2318989192924
9.72229218942218	0.39891799584584	8.94041291756434	10.50417146128
9.12088310365648	0.34871643588981	8.43739888931245	9.80436731800051
8.98112214841898	0.35385705822969	8.28756231428878	9.67468198254917
8.66046133067306	0.30401424595008	8.0645934086109	9.25632925273522
8.93605491471143	0.366414862041312	8.21788178511046	9.6542280443124
9.53714368987247	0.373361691729316	8.80535477408301	10.2689326056619
9.23738816725946	0.401139017978558	8.45115569202149	10.0236206424974
9.31143690707258	0.368240207321228	8.58968610072298	10.0331877134222
8.68099912191969	0.338674121096637	8.01719784457028	9.3448003992691
8.65611863067091	0.309459627008981	8.0495777617333	9.26265949960851
9.0312979139007	0.317834333774471	8.40834261970273	9.65425320809866
9.0962999209989	0.340870259079973	8.42819421320216	9.76440562879565
9.0737390124612	0.301243280430354	8.48330218281771	9.6641758421047
8.68678210761796	0.330252682161524	8.03948685058137	9.33407736465455
9.1512889188115	0.373028557888564	8.42015294534992	9.88242489227309
8.76777907001874	0.355980943817638	8.07005642013617	9.46550171990131
8.75764907254021	0.334016497268969	8.10297673789303	9.41232140718739
9.73761623095406	0.371131596924338	9.01019830098236	10.4650341609258
8.84311451659904	0.303466038780788	8.2483210805887	9.43790795260939
9.33422327505756	0.416552426875344	8.51778051838188	10.1506660317332
9.07801794138217	0.321909777061471	8.44707477834168	9.70896110442265
9.00215659284572	0.341221811500525	8.33336184230469	9.67095134338674
9.67907704615707	0.338974020434908	9.01468796610465	10.3434661262095
9.04561057398599	0.360007027708001	8.33999679967831	9.75122434829367
9.28140726019065	0.35073240767716	8.59397174114341	9.96884277923788
9.02500185255712	0.346546162456203	8.34577137414296	9.70423233097128
8.89758681844007	0.320082805243786	8.27022452016225	9.52494911671789
9.22291558279919	0.348506686934494	8.53984247640758	9.90598868919079
8.74161734185203	0.317944142362287	8.11844682282195	9.36478786088212
8.92237021292345	0.370352885477922	8.19647855738672	9.64826186846017
9.08512911853318	0.328846917878305	8.4405891594917	9.72966907757466
8.76474132174781	0.368932361771203	8.04163389267625	9.48784875081937
9.03118492258582	0.317344325961429	8.40919004370142	9.65317980147022
9.55122603111584	0.416409968104909	8.73506249363022	10.3673895686015
8.54092551034929	0.294036267088689	7.96461442685546	9.11723659384312
9.31999500914797	0.342630930146368	8.64843838606109	9.99155163223485
8.89253249816439	0.358189661343422	8.19048076193128	9.59458423439749
8.94409886314013	0.333798223015266	8.2898543460302	9.59834338025005
8.63741422237329	0.330515479621594	7.98960388231496	9.28522456243161
8.78261912739518	0.341227211871124	8.11381379212778	9.45142446266258
7.98228000484364	0.313388480923779	7.36803858223304	8.59652142745425
9.1834771264146	0.344322478440162	8.50860506867188	9.85834918415732
9.19937046724074	0.348105613976467	8.51708346384686	9.88165747063462
8.8919769262849	0.305057210482181	8.29406479373982	9.48988905882997
9.07555444598589	0.316499875778206	8.4552146894606	9.69589420251117
8.68626492104744	0.318828109875389	8.06136182569168	9.3111680164032
9.00166960969405	0.311423768266757	8.3912790238912	9.61206019549689
8.71501883582207	0.324877187418586	8.07825954848164	9.3517781231625
9.20510335218433	0.312882062400214	8.59185450987991	9.81835219448875
9.27223794344873	0.365686491807368	8.55549241950628	9.98898346739117
8.87796928442506	0.35650846344763	8.17921269606771	9.57672587278242
8.91999292649485	0.330054162673603	8.27308676765459	9.56689908533511
8.72739412779809	0.3392126291783	8.06253737460862	9.39225088098756
9.23697812510771	0.343473600572512	8.56376986798558	9.91018638222983
9.36868117359242	0.384145412998682	8.615756164115	10.1216061830698
8.98628841840784	0.358179237319286	8.28425711326204	9.68831972355364
8.74300557654819	0.283502866026247	8.18733995913674	9.29867119395963
9.13216083075923	0.31032610343583	8.52392166802501	9.74039999349346
8.80209345749127	0.343008349710459	8.12979709205877	9.47438982292377
9.55621457993998	0.341994463613405	8.8859054312577	10.2265237286223
8.4555220718836	0.302974099397614	7.86169283706427	9.04935130670292
8.75914147656998	0.304665987453215	8.16199614116168	9.35628681197828
8.86788418420175	0.329849026043419	8.22138009315665	9.51438827524685
9.09145105263879	0.354282715220907	8.39705693080581	9.78584517447176
8.96268847213316	0.361920009925447	8.25332525267929	9.67205169158704
8.71371971638829	0.314842582539321	8.09662825461122	9.33081117816536
9.30170495816564	0.332508455021522	8.64998838632346	9.95342153000782
9.26647396081103	0.336193855620706	8.60753400379445	9.92541391782762
9.22024477335034	0.388128744117125	8.45951243488078	9.98097711181991
9.21290241670857	0.338596306648657	8.54925365567721	9.87655117773994
9.74577844120302	0.379778439791037	9.00141269921258	10.4901441831935
8.46612602594658	0.310513217778342	7.85752011910103	9.07473193279213
8.32932948961227	0.285151650789962	7.77043225406394	8.88822672516059
8.98155116403329	0.330935933138105	8.3329167350826	9.63018559298397
9.06489001280353	0.386190960370769	8.30795573047683	9.82182429513024
9.07158563996581	0.327060505723584	8.43054704874759	9.71262423118404
8.65308161388984	0.323293332522121	8.01942668214648	9.28673654563319
9.46163867932535	0.37621205363527	8.72426305420022	10.1990143044505
8.89030867830294	0.329124233745224	8.2452251801623	9.53539217644358
8.87557010806374	0.331354411303398	8.22611546190908	9.5250247542184
8.99525026736697	0.301799407914637	8.40372342785428	9.58677710687966
8.79508661036704	0.382269271782893	8.04583883767257	9.54433438306151
9.21487813391801	0.370829241583052	8.48805282041523	9.9417034474208
8.9560400525643	0.322118068699971	8.32468863791235	9.58739146721624
9.10344874071336	0.351953179241577	8.41362050939987	9.79327697202685
9.08607157979559	0.398521987938133	8.30496848343684	9.86717467615433
9.51850687377857	0.320901785318779	8.88953937455376	10.1474743730034
9.43491768054746	0.38141424735595	8.68734575572979	10.1824896053651
8.83035085931859	0.326564918300447	8.19028361944971	9.47041809918747
9.36285391876946	0.353775153179644	8.66945461853736	10.0562532190016
9.70195997877293	0.427532654389087	8.86399597617032	10.5399239813755
9.08304870740017	0.368313304891705	8.36115462981243	9.80494278498792
9.22061740908317	0.352480162935907	8.52975628972879	9.91147852843755
8.88188549872714	0.320937181046947	8.25284862387512	9.51092237357916
8.6321271844388	0.367693361604688	7.91144819569361	9.35280617318399
8.9533009450153	0.346784170486865	8.27360397086105	9.63299791916956
8.29611938728427	0.337229583309569	7.63514940399751	8.95708937057102
8.80535971377623	0.358849970055524	8.1020137724674	9.50870565508505
9.06388623476543	0.327181256480551	8.42261097206355	9.70516149746731
9.23015159062171	0.332286862621931	8.57886933988273	9.8814338413607
9.20368458141471	0.360073638548126	8.49794024986039	9.90942891296904
8.64773788990321	0.300008551469422	8.05972112902314	9.23575465078327
9.09383162902576	0.307676402726093	8.49078587968262	9.69687737836891
9.27111308890341	0.383150721035029	8.52013767567475	10.0220885021321
8.84496137897806	0.382061090042087	8.09612164249557	9.59380111546056
9.41853532691409	0.376259514105433	8.68106667926745	10.1560039745607
8.93893597938369	0.288653647153761	8.37317483096231	9.50469712780506
9.32758575269874	0.325619857429688	8.68937083213655	9.96580067326092
8.48543818232438	0.342362638502792	7.81440741085891	9.15646895378985
8.64816769791309	0.372211040098442	7.91863405932015	9.37770133650604
10.0065661916911	0.378622028928414	9.26446701499136	10.7486653683907
9.17538729881191	0.344176551211676	8.50080125843702	9.84997333918679
9.15376306590965	0.36073437140331	8.44672369795917	9.86080243386014
8.05892627623346	0.309116691369407	7.45305756114942	8.6647949913175
8.46634935630967	0.33151235292857	7.81658514456968	9.11611356804967
8.91918844590249	0.316801270019408	8.29825795666445	9.54011893514053
9.43918593685388	0.353533383332092	8.74626050552298	10.1321113681848
9.42329566779866	0.386133880877179	8.66647326127939	10.1801180743179
8.71225690287701	0.382413850460123	7.96272575597516	9.46178804977885
8.52851583142266	0.29152876318158	7.95711945558676	9.09991220725855
8.79314734709997	0.339934447320909	8.12687583035099	9.45941886384896
8.53401748951728	0.280844263403538	7.98356273324634	9.08447224578821
9.11867365498398	0.324406103838826	8.48283769145988	9.75450961850808
8.60509386893111	0.303500246832401	8.0102333851396	9.19995435272261
9.15439618514253	0.322136443412174	8.52300875605467	9.78578361423039
8.48046888516811	0.303423586192536	7.88575865623073	9.07517911410548
9.40707444265195	0.348287753757002	8.72443044528823	10.0897184400157
9.09568195219914	0.382669808727959	8.34564912709234	9.84571477730594
9.04131468236599	0.313365553218829	8.42711819805709	9.65551116667489
9.27184058549381	0.346769436375355	8.59217249019811	9.9515086807895
9.43479002373942	0.333103333626301	8.78190748983187	10.087672557647
8.86069373154787	0.340264238169024	8.19377582473658	9.52761163835915
8.93908515021608	0.372580256501733	8.20882784747268	9.66934245295947
8.72806060429446	0.374968718936031	7.99312191517984	9.46299929340908
9.04618600217257	0.320121423025886	8.41874801304183	9.6736239913033
9.13456966524813	0.372362077552156	8.40473999324591	9.86439933725036
9.0381613219276	0.367064610334748	8.31871468567149	9.75760795818371
8.38076523686478	0.343563795095371	7.70738019847786	9.05415027525171
9.10496292367952	0.351150646564461	8.41670765641318	9.79321819094587
9.16012493803677	0.337005814362555	8.49959354188617	9.82065633418738
9.32981458539113	0.33676613739158	8.66975295610364	9.98987621467863
8.81231912567472	0.287447226525596	8.24892256168455	9.37571568966489
8.85775250085885	0.299100626961738	8.27151527201384	9.44398972970385
8.58851851204389	0.354975586186792	7.89276636311777	9.28427066097
9.24348721646219	0.322796745108154	8.61080559605021	9.87616883687418
9.6424050971451	0.391108083079519	8.87583325430924	10.408976939981
9.20437528551949	0.34985399044198	8.51866146425321	9.89008910678577
8.54615923655552	0.336492016038488	7.88663488512009	9.20568358799096
8.77580955071546	0.341564466050788	8.10634319725592	9.445275904175
9.35576944383447	0.399652953633599	8.57244965471262	10.1390892329563
8.94876757672482	0.327872602681684	8.30613727546872	9.59139787798092
8.6437073218364	0.296259622007247	8.0630384627022	9.22437618097061
9.36473515025463	0.355086337032525	8.66876592967088	10.0607043708384
8.83280010220652	0.351059757207605	8.14472297807961	9.52087722633343
9.01166491095462	0.300312042366797	8.4230533079157	9.60027651399354
8.90244098193852	0.342016543529804	8.2320885566201	9.57279340725693
9.0501100909458	0.327395428824265	8.40841505045024	9.69180513144136
8.87476561858528	0.293449694802021	8.29960421677332	9.44992702039724
8.96541077797812	0.35367667401624	8.27220449690629	9.65861705904995
9.2573678394217	0.347561177149265	8.57614793220914	9.93858774663426
9.1422101865047	0.353898633680415	8.44856886449109	9.83585150851832
8.90546009136931	0.34038725615993	8.23830106929585	9.57261911344277
8.83467808470177	0.353102673298121	8.14259684503745	9.52675932436608
9.37984668723016	0.347130008442225	8.6994718706834	10.0602215037769
8.30490798346967	0.318772891334554	7.68011311645394	8.92970285048539
9.26320866466697	0.359373075658829	8.55883743637566	9.96757989295828
8.78983152873852	0.363070810029354	8.07821274108099	9.50145031639606
9.08245008728532	0.356361793731017	8.38398097157253	9.78091920299812
9.21202851434511	0.347677949481648	8.53057973336108	9.89347729532914
8.93442964202677	0.296075954938399	8.35412077034751	9.51473851370604
9.22808427209599	0.388167156273894	8.46727664579915	9.98889189839282
9.39237066618682	0.38640869813685	8.6350096178386	10.1497317145351
9.04899957330419	0.382354128127619	8.29958548217406	9.79841366443433
9.01383048328624	0.297524537470042	8.43068238984496	9.59697857672752
8.19022969557619	0.338362796109723	7.52703861520113	8.85342077595124
9.47830172882906	0.324186286586367	8.84289660711978	10.1137068505383
8.18375562896658	0.300706063220144	7.5943717450551	8.77313951287806
8.70367562249109	0.306950071743161	8.10205348187449	9.30529776310769
8.15422019923566	0.290684117941129	7.58447932807105	8.72396107040028
8.53074206244247	0.316982956462528	7.90945546777592	9.15202865710902
9.00411597007242	0.35860685968833	8.30124652508329	9.70698541506154
8.52227131509507	0.346700053702641	7.84273920983789	9.20180342035225
9.36815928298008	0.326530595989185	8.72815931484127	10.0081592511189
8.78242929439791	0.31571859458311	8.16362084901501	9.40123773978081
9.28427027776644	0.332228091259119	8.63310321889856	9.93543733663431
9.39655798661506	0.370157510316708	8.67104926639431	10.1220667068358
9.22760589646661	0.390953113004874	8.46133779497706	9.99387399795616
9.85107989698004	0.350293855011206	9.16450394115807	10.537655852802
8.4999606842483	0.326877606795883	7.85928057492837	9.14064079356823
8.46934956102789	0.318554139378208	7.8449834478466	9.09371567420918
9.57462139995986	0.382832706861839	8.82426929451066	10.3249735054091
9.65430276880982	0.387522243521034	8.89475917150859	10.413846366111
9.13188887107682	0.356426734902976	8.43329247066699	9.83048527148666
9.24534745838473	0.336546287955836	8.58571673399129	9.90497818277816
8.87314231564115	0.318384009273326	8.24910965746543	9.49717497381687
8.95416866132266	0.332840877781192	8.30180054087153	9.6065367817738
9.22153028100753	0.391754840638022	8.45369079335701	9.98936976865806
8.93446360884982	0.314943604338928	8.31717414434552	9.55175307335412
8.84560525394138	0.33922200424953	8.1807301256123	9.51048038227046
9.11737297479532	0.360002650350427	8.41176778010848	9.82297816948216
9.20829843325864	0.39579992208147	8.43253058597896	9.98406628053833
8.54923327686184	0.309138894170766	7.94332104428713	9.15514550943654
8.77401604306648	0.330669564470554	8.1259036967042	9.42212838942877
9.37438202062959	0.343998657055799	8.70014465280023	10.048619388459
8.82307403539244	0.302109104105693	8.23094019134528	9.4152078794396
9.66994285920295	0.376648464587197	8.93171186861204	10.4081738497939
8.63252802635977	0.352005029310532	7.94259816891112	9.32245788380841
9.68401064672551	0.402022060603921	8.89604740794182	10.4719738855092
9.3922876490612	0.339665220734846	8.7265438164209	10.0580314817015
9.21155905279836	0.339155721775398	8.54681383811858	9.87630426747814
9.22745768225657	0.387792749518158	8.46738389320098	9.98753147131216
9.2018753244549	0.346930787862656	8.52189098024409	9.8818596686657
9.18131620878458	0.315104045541528	8.56371227952318	9.79892013804597
8.38314202674588	0.31693489513675	7.76194963227785	9.00433442121391
8.95187154017425	0.34040706466166	8.2846736934374	9.61906938691111
9.31694390740515	0.362357043552226	8.60672410204279	10.0271637127675
9.15795824190994	0.347028478487966	8.47778242407353	9.83813405974635
8.92906264590785	0.31319546239319	8.3151995396172	9.5429257521985
9.15324346923659	0.35812253240299	8.45132330572673	9.85516363274644
9.55926795400908	0.367466638502555	8.83903334254407	10.2795025654741
9.20895782399446	0.321041496079215	8.5797164916792	9.83819915630972
9.14256519032735	0.353701771795171	8.44930971760882	9.83582066304589
9.58077767725372	0.395699670541585	8.80520632299222	10.3563490315152
8.65785432715633	0.343635528601139	7.9843286910981	9.33137996321456
9.12552102681517	0.366163386044979	8.40784079016701	9.84320126346333
9.19249115826164	0.362526502274267	8.48193921380408	9.9030431027192
9.12253393670386	0.340926054096054	8.4543188706756	9.79074900273213
8.79375817075086	0.325492827604733	8.15579222864558	9.43172411285614
8.07610740683174	0.327226843467218	7.43474279363599	8.71747202002749
8.82263697164705	0.361046714624126	8.11498541098377	9.53028853231034
9.32330182377369	0.366450190262468	8.60505945085925	10.0415441966881
8.81277544106566	0.315900192927795	8.19361106292718	9.43193981920414
9.75057119702751	0.364755199854367	9.03565100531295	10.4654913887421
8.78107265824236	0.319815198820834	8.15423486855353	9.4079104479312
9.09141309469447	0.369205911659196	8.36776950784244	9.81505668154649
8.48585930604611	0.353752413055686	7.79250457645697	9.17921403563525
9.10988161532598	0.362563296010585	8.39925755514523	9.82050567550672
8.90782452042951	0.369963169418569	8.18269670836911	9.6329523324899
8.61423384342173	0.327683221553902	7.97197472917609	9.25649295766738
8.35906627623019	0.324576625667629	7.72289608992164	8.99523646253874
8.80815275321378	0.34512066521339	8.13171624939553	9.48458925703202
9.48967930946786	0.343778100660939	8.81587423217242	10.1634843867633
9.46383398177431	0.410025846744161	8.66018332215576	10.2674846413929
8.85912428803625	0.32192424267195	8.22815277239922	9.49009580367327
9.13222470111161	0.354434014489108	8.43753403271296	9.82691536951026
9.22685464864331	0.34387949168658	8.55285084493762	9.90085845234901
9.51867541498174	0.382870240631329	8.76824974334433	10.2691010866191
8.70099742944811	0.34118998382833	8.03226506114459	9.36972979775164
8.36969811312506	0.332845209088364	7.71732150331186	9.02207472293825
9.28047231115183	0.30376293674326	8.68509695513504	9.87584766716862
9.21385737935578	0.334956453333171	8.55734273082277	9.8703720278888
9.10201657987648	0.304908579350115	8.50439576435026	9.69963739540271
8.67316420030659	0.330339494270867	8.02569879153569	9.32062960907749
9.60911457962827	0.398598004849842	8.82786249012258	10.390366669134
9.70917450788025	0.382022402883785	8.96041059822803	10.4579384175325
8.98527641123116	0.359901786730626	8.27986890923913	9.69068391322319
8.75051954530916	0.290114543930142	8.18189503920609	9.31914405141224
8.90360658639853	0.321276733185651	8.27390418935466	9.53330898344241
9.58379465979016	0.375643665285793	8.84753307583	10.3200562437503
8.56865327401779	0.326989726170361	7.92775341072389	9.2095531373117
9.19117855926584	0.439497991088343	8.32976249673269	10.052594621799
8.5577238227549	0.333917067769932	7.90324636992583	9.21220127558397
9.03276453584006	0.315046190680634	8.41527400210602	9.6502550695741
8.94737555582853	0.341914385753665	8.27722335975135	9.61752775190572
9.09009547809303	0.33380612106062	8.43583548081421	9.74435547537184
8.77345839110221	0.314477521478508	8.15708244900433	9.38983433320009
8.93504917349062	0.346144388753409	8.25660617153394	9.6134921754473
9.14545568466364	0.388190841975092	8.38460163439246	9.90630973493482
8.91425822463083	0.326715561042653	8.27389572498723	9.55462072427443
8.991460642896	0.36217857002609	8.28159064564487	9.70133064014714
8.8282510825364	0.361916694265803	8.11889436177543	9.53760780329738
8.78469586074154	0.326536004031538	8.14468529283973	9.42470642864336
8.71664784145493	0.259163322399887	8.20868772955115	9.2246079533587
8.64917930870391	0.302097833459659	8.05706755512298	9.24129106228484
9.26722686666278	0.418396538961184	8.44716965029886	10.0872840830267
9.54985293967469	0.390897609159851	8.78369362572138	10.316012253628
9.27518418787811	0.318982179109214	8.64997911682405	9.90038925893217
8.99121033129211	0.386747304710983	8.23318561405858	9.74923504852564
8.45988866971926	0.347849762668416	7.77810313488917	9.14167420454936
8.98299829957771	0.365679647645346	8.26626619019283	9.69973040896258
8.98992231403211	0.335200393801602	8.33292954218097	9.64691508588325
8.84317741779909	0.317213036365723	8.22143986652227	9.4649149690759
8.91348815214077	0.346992490380109	8.23338287099575	9.59359343328578
8.20364279233392	0.303711338644654	7.6083685685904	8.79891701607744
8.22485399465824	0.279527485741364	7.67698012260517	8.77272786671131
8.82423349993498	0.320999373305747	8.19507472825572	9.45339227161424
9.4926217754455	0.3520358474646	8.80263151441489	10.1826120364761
8.91736316507907	0.410463136959115	8.1128554166392	9.72187091351893
8.96430577689054	0.324179460391888	8.32891403452244	9.59969751925864
8.54886824714736	0.298310327871504	7.96418000451921	9.1335564897755
9.21403745971542	0.338068065299785	8.55142405172784	9.87665086770299
9.56399016802344	0.368062085298121	8.84258848083912	10.2853918552078
9.02178850312929	0.326093574152707	8.38264509778998	9.66093190846859
8.96973809887671	0.337741223413874	8.30776530098552	9.6317108967679
9.14272180932088	0.325175798862025	8.50537724355131	9.78006637509045
8.39723111777849	0.281860861094277	7.84478383003371	8.94967840552327
8.58091784290267	0.282946816107932	8.02634208333112	9.13549360247421
8.38079347580326	0.312969299728814	7.76737364833479	8.99421330327174
8.70341073925521	0.317749831363233	8.08062106978327	9.32620040872715
8.46100983551907	0.343256640990888	7.78822681917693	9.13379285186121
9.27855783402643	0.359338759498352	8.57425386540967	9.9828618026432
8.9470303125434	0.328713819902124	8.30275122553524	9.59130939955156
8.68076643205687	0.331244726910693	8.03152676731191	9.33000609680182
9.3309015772022	0.369926369938299	8.60584589212313	10.0559572622813
8.98048036929299	0.30696179930749	8.37883524265031	9.58212549593567
8.97527119465626	0.396271393001317	8.19857926437368	9.75196312493884
9.38198963431082	0.361677882299372	8.67310098500405	10.0908782836176
8.94566418820834	0.300710503825615	8.35627160071014	9.53505677570655
9.23600336614196	0.343872683162832	8.56201290714281	9.90999382514111
8.89177592860232	0.344232358217943	8.21708050649515	9.56647135070949
9.06392899683152	0.310662124831607	8.45503123216157	9.67282676150147
9.29830577999218	0.389556011920264	8.53477599662846	10.0618355633559
8.12025310915838	0.319909233051925	7.49323101237661	8.74727520594015
9.11624417050097	0.338847245748937	8.45210356883306	9.78038477216889
9.08666047871971	0.371910262884226	8.35771636346663	9.81560459397279
8.72561505279474	0.316976369431159	8.10434136870967	9.34688873687981
9.02505788276789	0.314177692423496	8.40926960561784	9.64084615991795
8.71186525879711	0.32641303067271	8.07209571867859	9.35163479891562
9.22037923599861	0.328031316142658	8.577437856359	9.86332061563822
8.60440718793786	0.365450401242583	7.8881244015024	9.32068997437332
9.20975877370484	0.346271239506027	8.53106714427303	9.88845040313665
8.7010136729301	0.310121802569085	8.09317493989469	9.3088524059655
9.50834891970906	0.400676948095379	8.72302210144212	10.293675737976
8.67106684160495	0.304596902775279	8.0740569121654	9.26807677104449
8.66685197855568	0.308982161275684	8.06124694245534	9.27245701465602
8.7800797249177	0.345541230886686	8.1028189123798	9.45734053745561
9.33787811586549	0.389558085524982	8.57434426823653	10.1014119634945
8.37902285037955	0.299274814508386	7.79244421394311	8.96560148681599
8.7834548800788	0.341140076159645	8.11482033080589	9.4520894293517
9.21644143307164	0.33534222157798	8.5591706787788	9.87371218736448
8.89253646571001	0.371185817354638	8.16501226369492	9.6200606677251
9.28483278973834	0.384505123059602	8.53120274854152	10.0384628309352
8.72366658184861	0.301200909111879	8.13331279998933	9.3140203637079
8.79965540998351	0.325975786995418	8.16074286747249	9.43856795249453
9.01013598616995	0.375002064172952	8.27513194039096	9.74514003194893
9.09651623184024	0.370590448337124	8.37015895309948	9.82287351058101
9.11960441450769	0.313705901383153	8.50474084779671	9.73446798121867
9.28913644588721	0.3692802654082	8.56534712568714	10.0129257660873
9.21765247586234	0.372123989763479	8.48828945592592	9.94701549579876
8.67377941342215	0.361385255059548	7.96546431350544	9.38209451333886
9.51828175255983	0.396116231672716	8.74189393848131	10.2946695666384
9.36384285714394	0.388430254125905	8.60251955905716	10.1251661552307
8.908765213505	0.339245872987911	8.2438433024487	9.57368712456131
9.32325848875225	0.328377410816683	8.67963876355155	9.96687821395295
9.27015459277535	0.344697912218067	8.59454668482794	9.94576250072276
9.18870983968207	0.385034685631427	8.43404185584447	9.94337782351967
8.76565873966173	0.323435092237517	8.1317259588762	9.39959152044726
8.94027049627064	0.310363845296157	8.33195735949018	9.54858363305111
9.20062646672022	0.344345350522406	8.5257095796963	9.87554335374413
9.07039753400544	0.344623205008978	8.39493605218784	9.74585901582304
9.2100587573417	0.361515045946274	8.501489267287	9.91862824739639
8.73611849383552	0.340866112439514	8.06802091345407	9.40421607421697
9.33081811193678	0.37714157304132	8.59162062877579	10.0700155950978
9.49699246634106	0.361537212005995	8.78837953080931	10.2056054018728
8.98404243905229	0.354233158469644	8.28974544845179	9.67833942965279
9.19222400872	0.310764016719326	8.58312653595012	9.80132148148988
8.50222035243133	0.30648007490985	7.90151940560802	9.10292129925464
9.10551736420681	0.302655864775395	8.51231186924703	9.69872285916658
8.98693563013681	0.329678781292093	8.34076521880431	9.63310604146931
9.18439434658672	0.321834116795744	8.55359947766706	9.81518921550638
9.54321678586479	0.373921816604675	8.81033002531963	10.27610354641
8.51737570178998	0.306275523999586	7.9170756747508	9.11767572882917
8.27142555430353	0.332659808255705	7.61941233012235	8.92343877848471
8.82281774562107	0.369272642961771	8.099043365416	9.54659212582614
9.5993173070641	0.39992205087389	8.81547008735128	10.3831645267769
9.1176780625454	0.330400515793778	8.4700930515896	9.7652630735012
8.84775095727913	0.293632504091228	8.27223124926032	9.42327066529793
8.47438820211668	0.311543846302165	7.86376226336443	9.08501414086892
8.76734532405419	0.320688226171736	8.13879640075759	9.3958942473508
9.27951386943676	0.373327234252929	8.54779249030102	10.0112352485725
9.1182323696798	0.398770672350478	8.33664185187287	9.89982288748674
8.7755959218487	0.315597985770012	8.15702386973948	9.39416797395793
8.60954502176412	0.327895424966854	7.96686998882909	9.25222005469915
8.92709265461466	0.320810288764671	8.29830448863591	9.55588082059342
9.03192536305085	0.371129563283809	8.30451141901458	9.75933930708712
8.83278177386963	0.299448201520135	8.24586329889017	9.41970024884909
9.33830534690472	0.305934961304166	8.73867282274855	9.93793787106088
8.77479334315336	0.299311414855205	8.18814297003716	9.36144371626956
8.45278802586886	0.292169028195318	7.88013673060603	9.02543932113168
9.01477172463249	0.334629790342423	8.35889733556134	9.67064611370364
9.28327693084172	0.379065184422407	8.54030916937381	10.0262446923096
8.81297251579648	0.322064844507648	8.18172542056149	9.44421961103147
8.71709366327832	0.328180725136383	8.07385944201101	9.36032788454563
8.83802069771175	0.328076338439489	8.19499107437035	9.48105032105314
9.62590957331993	0.386827191237514	8.8677282784944	10.3840908681455
9.74054059889771	0.371083283194227	9.01321736383703	10.4678638339584
9.28693453658409	0.333977860403295	8.63233793019363	9.94153114297455
8.94806885267062	0.363179690698301	8.23623665890195	9.65990104643929
8.50191145305365	0.311242380813243	7.89187638665969	9.11194651944761
8.74417111188526	0.315094517537002	8.12658585751273	9.36175636625778
9.15156774074806	0.371700691543534	8.42303438532274	9.88010109617339
8.86479593832372	0.322222701157342	8.23323944405533	9.49635243259211
9.43017256093299	0.365705471525161	8.71338983674367	10.1469552851223
8.77570555523703	0.327987708363597	8.13284964684438	9.41856146362968
9.24403005309596	0.337131932131069	8.58325146611906	9.90480864007285
8.5570877208928	0.375209916033317	7.8216762854675	9.2924991563181
8.49383097404353	0.302044541861335	7.90182367199531	9.08583827609174
8.88269884912749	0.277138875972676	8.33950665222105	9.42589104603394
9.10343173659108	0.339665054037748	8.43768823067709	9.76917524250506
9.13689011109417	0.329479537388084	8.49111021781353	9.78267000437482
9.10337460081765	0.380082985061991	8.35841195009615	9.84833725153915
8.89607780823085	0.366812979641143	8.17712436813421	9.61503124832749
8.54720847654246	0.316670116178865	7.92653504883188	9.16788190425303
8.65861253070743	0.305901664110103	8.05904526905163	9.25817979236323
9.07958782033751	0.317846045406869	8.45660957134004	9.70256606933497
8.90042695823889	0.332205338139733	8.24930449548502	9.55154942099277
9.29222516915483	0.423863151471033	8.4614533922716	10.1229969460381
8.89907026301849	0.36618227223415	8.18135300943955	9.61678751659742
9.48809516299747	0.378865683269247	8.74551842378975	10.2306719022052
9.10893809577845	0.336020767216345	8.45033739203441	9.76753879952248
9.21132353576101	0.371520758797638	8.48314284851764	9.93950422300439
9.15256026751639	0.357517084254184	8.45182678237819	9.85329375265459
9.94043113118264	0.405244402099517	9.14615210306759	10.7347101592977
9.28980524493628	0.338650206977448	8.62605083926048	9.95355965061208
8.84342905263891	0.317600401391949	8.22093226591069	9.46592583936713
8.92179624802199	0.335574017022872	8.26407117465716	9.57952132138682
8.8187598250878	0.291702285748453	8.24702334502083	9.39049630515476
9.09680701125486	0.327368958463006	8.45516385266737	9.73845016984235
8.89740950893965	0.329576424794422	8.25143971634258	9.54337930153672
9.0297324999485	0.315433693794057	8.41148246011215	9.64798253978486
9.12696964269977	0.384380224046203	8.37358440356921	9.88035488183032
8.79271783382199	0.333181212823689	8.13968265668756	9.44575301095642
9.55569737457484	0.371483574270047	8.82758956900555	10.2838051801441
9.34301733629553	0.348805683551759	8.65935819653408	10.026676476057
8.97366061850844	0.347844293205288	8.29188580382608	9.6554354331908
8.93432930203691	0.310215762993187	8.32630640657026	9.54235219750356
8.79286787324514	0.34763648973353	8.11150035336743	9.47423539312286
8.8144824152884	0.348225164943211	8.1319610919997	9.49700373857709
8.45672613593054	0.294591608783587	7.87932658271471	9.03412568914637
9.20267280244298	0.316268282225947	8.58278696928012	9.82255863560583
10.0537526816819	0.396258270599082	9.27708647130767	10.8304188920561
9.1765726312334	0.298055396698284	8.59238405370476	9.76076120876204
9.01816483850494	0.3407726418108	8.35025046055577	9.6860792164541
9.33581791649946	0.394887085367117	8.56183922917991	10.109796603819
9.21822794837167	0.379527205378481	8.47435462582985	9.96210127091349
9.93432320870548	0.373202541351187	9.20284622765715	10.6658001897538
8.70711892885989	0.308764816649657	8.10193988822656	9.31229796949322
8.68241369052885	0.315659872575575	8.06372034028072	9.30110704077698
9.41776337138668	0.363909902210567	8.70449996305397	10.1310267797194
9.12707824820396	0.380502361340705	8.38129361997617	9.87286287643174
9.23476795789371	0.360637625814779	8.52791821129675	9.94161770449068
9.02522469927622	0.331312466842882	8.37585226426418	9.67459713428827
9.35498054302662	0.367727491737966	8.6342346592202	10.075726426833
9.39621630998872	0.406710238701179	8.59906424213441	10.193368377843
9.23197219022191	0.289017950645997	8.66549700695575	9.79844737348806
8.8680503585876	0.304565068428058	8.2711028244686	9.46499789270659
9.18149903038748	0.337772832652991	8.51946427838762	9.84353378238734
8.91940840370332	0.33999100138199	8.25302604099462	9.58579076641202
8.95297020604228	0.317746478804233	8.33018710758598	9.57575330449857
9.1374059419718	0.315727833614367	8.51857938808764	9.75623249585595
9.67242692569637	0.414389365929271	8.860223768475	10.4846300829177
8.88727626752454	0.30601550619542	8.28748587538152	9.48706665966757
9.44202640171027	0.376920022327566	8.70326315794824	10.1807896454723
9.10055181825795	0.378098957760122	8.35947786104811	9.84162577546779
9.39069426058966	0.350338501364973	8.70403079791432	10.077357723265
9.32994483776617	0.354367263024638	8.63538500223788	10.0245046732945
8.70285501092876	0.325253104999799	8.06535892512915	9.34035109672836
9.26513429609177	0.369250300802223	8.54140370651941	9.98886488566413
9.15269055212309	0.352547118935149	8.4616981990102	9.84368290523598
8.94180707724052	0.346935662396439	8.2618131789435	9.62180097553754
8.6866705779719	0.296780919456542	8.10497997583708	9.26836118010673
8.62544545002547	0.297360448666217	8.04261897063968	9.20827192941125
8.45626202874955	0.327379811421925	7.81459759836257	9.09792645913652
8.89824502051732	0.314766102702093	8.28130345922121	9.51518658181342
9.40233615189883	0.347171776325183	8.72187947030147	10.0827928334962
8.72738034707061	0.312051236165836	8.11575992418557	9.33900076995565
8.92003799531626	0.372886015999684	8.18918140395688	9.65089458667564
9.33210109535745	0.37407792221014	8.59890836782558	10.0652938228893
8.70591310589771	0.33805780963301	8.04331979901701	9.36850641277841
8.73980173112814	0.320258418167924	8.11209523151901	9.36750823073727
8.79373069197737	0.342779007802033	8.12188383668539	9.46557754726936
9.6181453465492	0.391347052890887	8.85110512288306	10.3851855702153
8.89668120794241	0.327872736803811	8.25405064380694	9.53931177207788
8.9547174425261	0.332538040493269	8.30294288315929	9.6064920018929
8.4903778865353	0.364711217759059	7.77554389972755	9.20521187334306
9.22991139052688	0.342423631761465	8.55876107227441	9.90106170877935
8.98335248053333	0.383081407234264	8.23251292235417	9.73419203871248
8.91978210870001	0.457880417779546	8.0223364898521	9.81722772754792
9.51823319778118	0.377894114000645	8.77756073433992	10.2589056612224
8.65624389234227	0.360544893380733	7.94957590131604	9.36291188336851
9.29045405172612	0.3237069257561	8.65598847724416	9.92491962620807
8.48160087001765	0.291180419798329	7.91088724721292	9.05231449282237
8.70825877348028	0.352835258483227	8.01670166685316	9.39981588010741
8.78640416013427	0.315061261748409	8.16888408710738	9.40392423316115
8.84127588274412	0.36838904101194	8.11923336236071	9.56331840312752
9.14251681975954	0.347187263306771	8.46202978367827	9.82300385584081
9.27047570659601	0.337740627342444	8.60850407700482	9.9324473361872
9.25730438565789	0.318833613504876	8.63239050318833	9.88221826812744
8.62291812693418	0.389643809657202	7.85921626000607	9.3866199938623
8.59576331610478	0.310295057952811	7.98758500251727	9.20394162969229
9.69442325794576	0.368308237325027	8.97253911278871	10.4163074031028
8.86953026015592	0.329042538610809	8.22460688447873	9.5144536358331
8.70821870913089	0.290123851534914	8.13957596012246	9.27686145813932
8.74228979034101	0.347880366347284	8.06044427230033	9.42413530838169
8.71170578101021	0.306979637410318	8.11002569168599	9.31338587033443
8.95079689614031	0.344517704475528	8.27554219536827	9.62605159691234
8.81390232571192	0.325899415934019	8.17513947048124	9.4526651809426
9.25520683114632	0.321749734623124	8.624577351285	9.88583631100765
9.21722173437506	0.370834410253338	8.49038629027851	9.9440571784716
8.85074725393809	0.370442722070378	8.12467951868015	9.57681498919603
9.02527672363171	0.305912549089646	8.425688127416	9.62486531984741
8.63131318633863	0.298965696637554	8.04534042092903	9.21728595174824
8.75102034916957	0.369434460048632	8.02692880747425	9.47511189086488
8.79477303363343	0.341223381559695	8.12597520577643	9.46357086149043
9.10591777351392	0.367414197773627	8.38578594587761	9.82604960115023
8.87571746269136	0.341324671000919	8.20672110752956	9.54471381785316
8.72585399635064	0.321761609503007	8.09520124172475	9.35650675097654
9.03358726166358	0.365291882734532	8.3176151715039	9.74955935182326
9.46189376275348	0.446728055204927	8.58630677455182	10.3374807509551
8.91973229785775	0.340776458699418	8.25181043880689	9.58765415690861
8.42906632455845	0.310774973202893	7.81994737708078	9.03818527203612
9.09662926031672	0.354935654668643	8.40095537716618	9.79230314346726
8.69185905293804	0.336016738990876	8.03326624451592	9.35045186136016
8.37431766224777	0.288016069850368	7.80980616534104	8.93882915915449
8.85205871465635	0.388227398725355	8.09113301315465	9.61298441615804
9.42173185012705	0.407931016920257	8.62218705696334	10.2212766432908
8.89709266380055	0.349603981384709	8.21186886028652	9.58231646731458
9.09998710269593	0.379877515168894	8.35542717296489	9.84454703242696
8.32825393127339	0.313511370139424	7.71377164580012	8.94273621674666
8.9392939497914	0.357744136020258	8.23811544319169	9.6404724563911
9.24711262254725	0.348310276287765	8.56442448102324	9.92980076407127
9.09651349220704	0.321309564747346	8.46674674530225	9.72628023911184
8.99784147313475	0.331111575970443	8.34886278423268	9.64682016203681
9.0707043758649	0.337166548988549	8.40985793984734	9.73155081188245
8.84608024873148	0.328659774220936	8.20190709125844	9.49025340620451
9.09698689626067	0.370827657355495	8.3701646878439	9.82380910467744
9.10094453561324	0.332634205060274	8.4489814936951	9.75290757753138
8.81095703401724	0.314925746839294	8.19370257021222	9.42821149782225
8.70192938853936	0.328372425006637	8.05831943552636	9.34553934155237
8.88582289274518	0.314822360119801	8.26877106691037	9.50287471857999
8.88604122710739	0.319089701562431	8.26062541204503	9.51145704216976
9.11602025578901	0.329683908508377	8.46983979511259	9.76220071646543
8.68553848551423	0.326656362867485	8.04529201429396	9.3257849567345
8.97415551585368	0.33339326129639	8.32070472371276	9.62760630799461
8.61581244183527	0.342902393522618	7.94372375053094	9.2879011331396
9.2380985685987	0.35301949800452	8.54618035250984	9.93001678468756
8.56485628573238	0.294815167520381	7.98701855739244	9.14269401407233
8.8994589437912	0.325452894267356	8.26157127102718	9.53734661655522
8.99781268761189	0.364693029844934	8.28301434911582	9.71261102610796
8.80989595872705	0.349718533179236	8.12444763369574	9.49534428375835
8.80029177610768	0.350140383712837	8.11401662403052	9.48656692818484
8.97935726534901	0.343671861413391	8.30576041697877	9.65295411371926
9.40171972281286	0.367492552935904	8.68143431905849	10.1220051265672
8.07965242234048	0.313997978266609	7.46421638493792	8.69508845974303
9.23045457309767	0.351947355915582	8.54063775550313	9.92027139069221
8.88231051435592	0.355617247566015	8.18530070912653	9.57932031958531
8.93904901191122	0.358175332022306	8.2370253611475	9.64107266267494
8.81026975324886	0.32987232375505	8.16371999868896	9.45681950780876
9.36915445551139	0.397942986090772	8.58918620277347	10.1491227082493
8.91641919512589	0.329481466495528	8.27063552079465	9.56220286945712
9.38372551050885	0.311791896245667	8.77261339386735	9.99483762715036
8.96493829201599	0.402895570309742	8.17526297420889	9.75461360982308
9.00826476406139	0.349954477158662	8.32235398883042	9.69417553929237
9.26202484537852	0.358224563062742	8.55990470177554	9.96414498898149
8.91537398933665	0.290951811168283	8.34510843944681	9.48563953922648
9.00956137722645	0.356882727848532	8.31007123064333	9.70905152380958
9.32662070556618	0.339359737409815	8.66147562024294	9.99176579088942
8.95990815173952	0.340252548131194	8.29301315740238	9.62680314607666
8.59063907059143	0.314043125971351	7.97511454368758	9.20616359749527
9.2446423145856	0.354759752825091	8.54931319904842	9.93997143012278
9.47766941293127	0.381797685937215	8.72934594849433	10.2259928773682
8.97797246586977	0.371551065478945	8.24973237753103	9.7062125542085
9.44980040232652	0.364279824992695	8.73581194534083	10.1637888593122
9.48762910876676	0.317455376401565	8.8654165710197	10.1098416465138
9.01728836114405	0.336938388143149	8.35688912038348	9.67768760190462
8.46187820481064	0.304418974154982	7.86521701546688	9.05853939415441
9.55638965638795	0.391249700751713	8.78954024291459	10.3232390698613
9.3893436249032	0.377894018042631	8.64867134953964	10.1300159002668
9.55772595017837	0.357805805643604	8.85642657111691	10.2590253292398
9.52071479978791	0.354034664796173	8.82680685678742	10.2146227427884
9.09415132020981	0.359192597646021	8.39013382882361	9.79816881159601
8.98533405111314	0.336101998867847	8.32657413333216	9.64409396889412
8.87423086463973	0.322889270775928	8.24136789391892	9.50709383536055
8.12062894090249	0.269323778234594	7.59275433556269	8.6485035462423
8.52093059201027	0.32777975045807	7.87848228111245	9.16337890290808
9.11114596753872	0.371469782241635	8.38306519434511	9.83922674073232
9.16898390024978	0.368631510513682	8.44646613964296	9.89150166085659
8.50896428190591	0.327519420493959	7.86702621773775	9.15090234607407
9.17731691357907	0.368966431767591	8.45414270731459	9.90049111984355
8.85580118228241	0.326454746261451	8.21594987960997	9.49565248495486
9.0008655477067	0.337402892853221	8.33955587771438	9.66217521769901
9.26297342793132	0.401951667714524	8.47514815921086	10.0507986966518
9.0106176369318	0.36093820702023	8.30317875117215	9.71805652269145
8.65781787300941	0.326117844380626	8.01862689802338	9.29700884799544
9.01219023589267	0.352206543671212	8.32186541029709	9.70251506148825
8.7563906249546	0.323158638438629	8.12299969361489	9.38978155629432
8.90938493381336	0.369592401490658	8.18498382689167	9.63378604073505
9.14586180061921	0.304648595196817	8.54875055403345	9.74297304720497
9.10333735285536	0.371508904149111	8.3751799007231	9.83149480498761
9.50173645803087	0.334845466992099	8.84543934272635	10.1580335733354
8.93542270304393	0.342678137186571	8.26377355415825	9.60707185192961
9.09429446683861	0.350699007480612	8.40692441217661	9.78166452150061
9.6216907108608	0.365984655360997	8.90436078635325	10.3390206353684
8.78939515973571	0.301450638299026	8.19855190866962	9.3802384108018
9.03482225671719	0.399606149578228	8.25159420354387	9.81805030989052
8.88414249089107	0.398745008989566	8.10260227327152	9.66568270851062
8.93732418530651	0.329313837143116	8.291869064506	9.58277930610702
9.05154430272549	0.314344001412726	8.43543005995655	9.66765854549443
9.47822177293641	0.371499004195961	8.75008372471233	10.2063598211605
9.34435748600507	0.375316017166901	8.60873809235795	10.0799768796522
8.65511340648179	0.320241847276408	8.02743938582003	9.28278742714355
9.49815310146955	0.362696723557079	8.78726752329768	10.2090386796414
9.96798201576493	0.407439988256104	9.16939963878297	10.7665643927469
8.78891081797572	0.318143055051522	8.16535043007474	9.41247120587671
9.15984544973405	0.412758508838888	8.35083877240983	9.96885212705827
9.03773588396415	0.360255020247043	8.33163604427994	9.74383572364835
8.67455061329987	0.336095015984673	8.01580438196991	9.33329684462983
9.23595076667458	0.408230008838644	8.43581994935084	10.0360815839983
9.35136907150501	0.351679204001253	8.66207783166256	10.0406603113475
9.51322524362831	0.397222606996552	8.73466893391507	10.2917815533416
9.51611941674493	0.480482473588354	8.57437376851176	10.4578650649781
8.6609008474698	0.313567330305808	8.04630888007042	9.27549281486918
8.63751438569411	0.341307072679147	7.96855252324298	9.30647624814524
8.88920060277124	0.313531822731459	8.27467823021758	9.5037229753249
8.54974655115081	0.326542854041097	7.90972255723026	9.18977054507136
9.02930461960674	0.376516700409681	8.29133188680376	9.76727735240971
9.08651680174361	0.307386433809451	8.48403939147709	9.68899421201013
9.73385035930382	0.430980298095629	8.88912897503639	10.5785717435713
9.34596559595764	0.342565638241952	8.67453694500341	10.0173942469119
8.66778129776828	0.344303306641357	7.99294681675122	9.34261577878534
8.97432640880113	0.329721289610919	8.32807268116373	9.62058013643853
8.91802446590906	0.352418013027767	8.22728516037463	9.60876377144348
9.22516777214129	0.368723320497194	8.50247006396679	9.94786548031579
8.9638590803219	0.349004059642726	8.27981112342216	9.64790703722165
9.22129052207413	0.319210609371202	8.59563772770658	9.84694331644169
9.13777157082205	0.395015511937429	8.36354116742469	9.91200197421941
9.17027794062186	0.347611961154178	8.48895849675967	9.85159738448405
8.83003135562969	0.326182992406271	8.1907126905134	9.46935002074598
8.68095333794957	0.337564180373361	8.01932754441778	9.34257913148136
9.36272221101935	0.389910069671453	8.5984984744633	10.1269459475754
8.51268539175865	0.36436746254298	7.79852516517441	9.22684561834289
8.67156907218699	0.344355283960856	7.99663271562371	9.34650542875027
9.14051083388244	0.326162287519168	8.50123275034488	9.77978891742001
9.33524126253047	0.404900360580913	8.54163655579188	10.1288459692691
8.97051731668291	0.352268299368865	8.28007144991993	9.66096318344588
9.48831146152902	0.357846418491358	8.78693248128596	10.1896904417721
8.78259267602718	0.295367760711412	8.20367186503281	9.36151348702155
9.53862787148617	0.362530178662704	8.82806872130727	10.2491870216651
8.8074289489558	0.334586989054203	8.15163845040956	9.46321944750204
9.64286859653215	0.3957031353615	8.86729045122361	10.4184467418407
9.38804285099672	0.344814282651188	8.71220685700039	10.063878844993
8.99165308242727	0.350837694881648	8.30401120045924	9.6792949643953
8.53909805628491	0.335858285484986	7.88081581673434	9.19738029583548
8.42206764122493	0.325244435450882	7.7845885477412	9.05954673470866
9.42618587554415	0.38320239835333	8.67510917477162	10.1772625763167
9.10176645101878	0.354269516501705	8.40739819867543	9.79613470336212
8.67862088291914	0.331407590386377	8.02906200576184	9.32817976007644
8.82442431089181	0.328159399400399	8.18123188806703	9.46761673371659
8.66774872200986	0.280614539537369	8.11774422451662	9.21775321950311
9.02015968764966	0.387739111675216	8.26019102876624	9.78012834653309
9.30625502978057	0.373629281022176	8.57394163897711	10.038568420584
9.21822888519503	0.377892302383688	8.477559972523	9.95889779786706
8.6328629458561	0.354277822253843	7.93847841423857	9.32724747747363
8.39835477426388	0.330286817705686	7.75099261156074	9.04571693696703
8.75900150530885	0.298339593211819	8.17425590261368	9.34374710800401
8.61101946545452	0.331406254433468	7.96146320676492	9.26057572414411
8.84991902403013	0.346352093641498	8.1710689204928	9.52876912756747
9.40354646919375	0.367051076046607	8.6841263601424	10.1229665782451
8.68251496781448	0.300569301534449	8.09339913680696	9.271630798822
8.71160229798098	0.352737754503384	8.02023629915435	9.40296829680761
8.72673807895927	0.318750756862026	8.10198659550969	9.35148956240884
9.41112923094785	0.361942552446658	8.7017218281524	10.1205366337433
9.09480710629951	0.31275749592986	8.48180241427699	9.70781179832204
8.48271637227937	0.3396803603206	7.81694286605099	9.14848987850775
9.79041410319622	0.363545402381488	9.0778651145285	10.5029630918639
8.92532490258385	0.366118684550925	8.20773228086403	9.64291752430366
9.26297096186916	0.357029604348405	8.56319293734629	9.96274898639204
8.51817202130109	0.32766250001849	7.87595352126485	9.16039052133733
8.8992584110185	0.327054863828206	8.25823087791522	9.54028594412178
8.62899241156069	0.346354490291343	7.95013761058966	9.30784721253172
8.75047258530682	0.3447397503408	8.07478267463885	9.42616249597479
8.87281711381966	0.338559990089223	8.20923953324478	9.53639469439453
9.71013327590476	0.406570247638004	8.91325559053427	10.5070109612752
9.26531634779386	0.337874233334153	8.60308285045892	9.9275498451288
8.76867700146	0.324220205948598	8.13320539780075	9.40414860511925
8.55977293334224	0.365577697158962	7.84324064691068	9.27630521977381
8.83523932921725	0.337952068752057	8.17285327446322	9.49762538397128
9.12806460215034	0.322142209261465	8.49666587199787	9.75946333230281
9.24058069096848	0.349554305890234	8.55545425142362	9.92570713051334
9.20946124996809	0.307502509561387	8.60675633122777	9.81216616870841
9.29335698875436	0.371423433162242	8.56536705975637	10.0213469177524
9.24117822759104	0.403190109197708	8.45092561356353	10.0314308416185
8.79823985219266	0.331633652403824	8.14823789348117	9.44824181090416
8.34585616566449	0.354958009652742	7.65013846674512	9.04157386458387
8.60849420242507	0.346819293931714	7.92872838631891	9.28826001853123
9.88787786086921	0.404297911543641	9.09545395424367	10.6803017674947
8.87732679819034	0.310733309877668	8.26828951083011	9.48636408555056
8.98680898660011	0.364068685407783	8.27323436320085	9.70038360999936
8.40977802062014	0.305562336361697	7.81087584135121	9.00868019988907
8.78888540130317	0.325199402894173	8.15149457163059	9.42627623097575
9.17469120606628	0.319607807329475	8.54825990370051	9.80112250843205
8.58711674442639	0.307185236642829	7.98503368060645	9.18919980824634
9.95790915431852	0.37783283981044	9.21735678829005	10.698461520347
8.92063596408574	0.335034302489855	8.26396873120562	9.57730319696586
8.71188387067491	0.328738442102858	8.06755652415331	9.35621121719651
8.49393542727405	0.315674442229233	7.87521352050476	9.11265733404335
9.42546182424706	0.365555982763337	8.70897209803092	10.1419515504632
8.47879170740487	0.370596028478379	7.75242349158724	9.20515992322249
8.97773272103986	0.427031918231112	8.14075016130688	9.81471528077284
9.21493860015411	0.346629798119159	8.53554419584056	9.89433300446766
8.78003700428184	0.349283352386512	8.09544163360427	9.4646323749594
9.01226182715199	0.385821089232977	8.25605249225536	9.76847116204863
9.28897206111874	0.345187195297427	8.61240515833578	9.9655389639017
8.88756487189104	0.3626036619657	8.17686169443827	9.59826804934381
9.43858296431861	0.34398057343513	8.76438104038576	10.1127848882515
9.32981091922013	0.367508113351191	8.60949501705179	10.0501268213885
8.75440599151554	0.304899517143713	8.15680293791386	9.35200904511722
8.95384594634967	0.348412675782204	8.27095710181655	9.63673479088279
8.95966146858155	0.335411926705001	8.30225409223975	9.61706884492336
8.87247408907413	0.288714967527592	8.30659275272004	9.43835542542821
8.59187806788645	0.328530625774432	7.94795804136856	9.23579809440434
9.12591927845361	0.309145481939349	8.51999413385248	9.73184442305473
8.82728577224096	0.338661937229257	8.16350837527162	9.49106316921031
9.60774796650606	0.350981750014766	8.91982373647712	10.295672196535
9.47394538293561	0.374159420262945	8.74059291922024	10.207297846651
8.8713956372022	0.315753506429173	8.25251876460102	9.49027250980338
8.61774968461963	0.336822535744825	7.95757751455978	9.27792185467949
8.61565105166159	0.305724741192239	8.0164305589248	9.21487154439838
8.91219789576063	0.364915114643344	8.19696427105968	9.62743152046159
8.97898432118166	0.351781086748774	8.28949339115406	9.66847525120926
8.77471442077161	0.361351560242439	8.06646536269643	9.48296347884679
9.40089556922478	0.395687934865793	8.62534721688782	10.1764439215617
8.91045595982134	0.332563383356328	8.25863172844294	9.56228019119974
9.04545309293324	0.355537252432125	8.34860007816627	9.7423061077002
9.37844371635329	0.340986218994233	8.71011072712459	10.046776705582
9.02701154881524	0.325557159154635	8.38891951687216	9.66510358075833
8.3854317784072	0.314171939487911	7.76965477701089	9.00120877980351
8.82880256746965	0.282755232498953	8.27460231177171	9.3830028231676
8.78366314840557	0.355229263627547	8.08741379169558	9.47991250511556
8.64951557802505	0.344573821589575	7.97415088770948	9.32488026834062
9.02639293784806	0.323550486352591	8.39223398459698	9.66055189109914
9.14460006863867	0.356525470825402	8.44581014582089	9.84338999145646
9.79132364673865	0.357484138810884	9.09065473466932	10.491992558808
8.92677242015201	0.322986400410076	8.29371907534827	9.55982576495576
9.16993664097493	0.300790690648311	8.58038688730424	9.75948639464562
9.19135737395306	0.364307256368866	8.47731515147008	9.90539959643603
9.15238266911277	0.350048708085436	8.46628720126532	9.83847813696023
9.19686968540706	0.363482965061086	8.48444307388733	9.90929629692678
9.54063437727586	0.393443415470672	8.76948528295334	10.3117834715984
9.44741326480963	0.374340506373611	8.71370587231735	10.1811206573019
8.81530484725014	0.325503476784959	8.17731803275163	9.45329166174866
9.1583438008694	0.343477512759398	8.48512787586098	9.83155972587782
8.98690230513205	0.37572726752801	8.25047686077715	9.72332774948695
8.98824496298695	0.33576970094373	8.33013634913723	9.64635357683666
8.9495912911203	0.404136164635829	8.15748440843408	9.74169817380653
9.46447372563286	0.340977471085784	8.79615788230473	10.132789568961
9.40764870823978	0.347807790756076	8.72594543835787	10.0893519781217
9.31455752478511	0.386954968668421	8.556125786195	10.0729892633752
8.70886036388773	0.334040513551666	8.05414095732646	9.36357977044899
8.88076672818849	0.343786979424899	8.20694424851569	9.55458920786129
8.64432980377548	0.32820159409449	8.00105467935028	9.28760492820068
8.84568037351459	0.318781080193944	8.22086945633446	9.47049129069472
8.95197320008566	0.335553656039049	8.29428803424912	9.60965836592219
8.92969909819282	0.345777126630966	8.25197592999612	9.60742226638951
9.55466046294838	0.375356308487669	8.81896209831254	10.2903588275842
9.47340871454114	0.397700261213066	8.69391620256353	10.2529012265187
9.02614686120166	0.333760115026549	8.37197703574962	9.6803166866537
10.149059256232	0.365756097907498	9.43217730433329	10.8659412081307
8.8032853821405	0.357831949923755	8.10193476028994	9.50463600399106
8.45943163921346	0.313145345832127	7.84566676138249	9.07319651704443
8.63176949290822	0.346051629008522	7.95350830005152	9.31003068576493
8.48941934227723	0.346003525928374	7.81125243145762	9.16758625309685
8.82727073659086	0.325194759857467	8.18988900727022	9.46465246591149
9.98105347825273	0.396078289833735	9.20474003017861	10.7573669263269
9.47812013003657	0.390707784261422	8.71233287288418	10.243907387189
8.35768390930972	0.302345937090312	7.76508587261271	8.95028194600673
8.9696464314403	0.299770295360453	8.38209665253381	9.55719621034679
9.03386627085799	0.400302418181558	8.24927353122214	9.81845901049384
8.75709153031198	0.319227265060393	8.13140609079361	9.38277696983035
8.9719180206816	0.36169779866003	8.26299033530794	9.68084570605526
8.67377391062618	0.314869580425693	8.05662953299182	9.29091828826054
8.4418298785838	0.32245828698064	7.80981163610175	9.07384812106586
8.92982892378767	0.334112510166712	8.27496840386092	9.58468944371443
8.94593149040856	0.363066515956853	8.23432111913313	9.65754186168399
9.73890885705795	0.395544972265294	8.96364071141798	10.5141770026979
8.98668342943205	0.33843330236678	8.32335415679316	9.65001270207094
8.76899006762296	0.41472802431954	7.95612313995666	9.58185699528926
9.01272383757959	0.34464949205151	8.33721083315863	9.68823684200055
8.5198798287287	0.293369821135437	7.94487497930324	9.09488467815416
8.98533999405437	0.348827296243811	8.30163849341651	9.66904149469224
9.50068261300879	0.354251312187831	8.80635004112064	10.1950151848969
9.49940759006295	0.326431320248913	8.85960220237508	10.1392129777508
8.71997186129824	0.314293799186437	8.10395601489283	9.33598770770366
8.54446218308498	0.314523047381888	7.92799701021648	9.16092735595348
9.3299737168557	0.375262436898132	8.59445934053537	10.065488093176
9.07506307730249	0.344879749691058	8.39909876790801	9.75102738669696
9.0613409703066	0.298595579519834	8.47609363444773	9.64658830616548
8.81602971365886	0.297609978800247	8.23271415521037	9.39934527210734
9.26677287637717	0.337172534551562	8.60591470865611	9.92763104409823
9.72232640387115	0.402029620716263	8.93434834726727	10.510304460475
8.62837326071893	0.313375117112113	8.01415803117919	9.24258849025867
9.32381962611562	0.375176168500492	8.58847433585466	10.0591649163766
8.90132960469085	0.329177409208442	8.2561418826423	9.54651732673939
8.40367346500197	0.322671197956455	7.77123791700731	9.03610901299662
8.77569291888393	0.335661674423333	8.1177960370142	9.43358980075367
9.38856935456771	0.355210376287694	8.69235701704383	10.0847816920916
8.83732757435222	0.330265022832359	8.1900081296008	9.48464701910364
9.19501466328716	0.330106268406619	8.54800637721019	9.84202294936413
9.10041607744392	0.327626773649473	8.45826760109096	9.74256455379689
9.39212073059475	0.370110551965775	8.66670404874183	10.1175374124477
8.68914348372626	0.37327734780588	7.95751988202673	9.42076708542578
8.62575701225503	0.343291102969425	7.95290645043495	9.2986075740751
8.9366787723382	0.339427278016737	8.2714013074254	9.60195623725101
8.90669750582464	0.320140306932947	8.27922250423607	9.53417250741322
8.53131200753247	0.29342449743583	7.95619999255824	9.10642402250669
8.81625197592751	0.354998527311641	8.1204548623967	9.51204908945833
9.22866310012503	0.330729835195338	8.58043262314217	9.87689357710789
8.82796075312178	0.319099087734716	8.20252654116173	9.45339496508182
8.87510979394403	0.340079879966825	8.20855322920906	9.54166635867901
8.54120291066355	0.334539972342486	7.88550456487228	9.19690125645482
8.83871975023287	0.401271432784191	8.05222774197586	9.62521175848989
9.00959884069165	0.345331300693083	8.3327494913332	9.68644819005009
9.13082367147413	0.391518566252208	8.36344728161981	9.89820006132846
8.91926138816867	0.318150396708027	8.29568661062094	9.54283616571641
8.63876782664199	0.286650138116059	8.07693355593451	9.20060209734947
8.63404137386216	0.301503889580205	8.04309375028496	9.22498899743936
9.15611185008647	0.386673131971004	8.3982325114233	9.91399118874964
8.16915207494062	0.322027964944539	7.53797726364933	8.80032688623192
8.60961301873971	0.313971875709099	7.99422814234988	9.22499789512955
8.76910148101634	0.31541045417389	8.15089699083552	9.38730597119717
8.78881281531016	0.350114879313042	8.1025876518566	9.47503797876373
8.93434426581616	0.333828573530951	8.28004026169549	9.58864826993682
8.7191484774611	0.28329020544436	8.16389967479015	9.27439728013204
8.90363685945307	0.368704149074813	8.18097672726643	9.6262969916397
8.83462143520671	0.336836723380139	8.17442145738163	9.49482141303178
8.99653308871304	0.309022698092151	8.39084860045242	9.60221757697366
9.41488671274284	0.318628932798435	8.7903740044579	10.0393994210278
8.89328111305414	0.345106984301222	8.21687142382374	9.56969080228453
8.9515185714466	0.351370427229352	8.26283253407707	9.64020460881613
9.30902061981458	0.373053369569426	8.57783601545851	10.0402052241707
9.01827716836095	0.299506566228355	8.43124429855337	9.60531003816852
9.17081156510271	0.339074937490504	8.50622468762132	9.8353984425841
8.72659958023272	0.298428353970708	8.14168000645013	9.31151915401531
9.29238993035965	0.349564675467611	8.60724316644313	9.97753669427617
8.72778256821734	0.360621313601833	8.02096479355775	9.43460034287694
9.57271441693918	0.355294359116435	8.87633747307097	10.2690913608074
9.17760997669824	0.392021496198146	8.40924784414987	9.9459721092466
9.15185406276194	0.380104116654053	8.40684999412	9.89685813140389
9.1375536614335	0.297142443109239	8.55515447293939	9.7199528499276
9.2042770891302	0.384460070613515	8.45073535072771	9.95781882753269
8.990247855756	0.375079684810343	8.25509167352773	9.72540403798428
9.24842361314474	0.357925283595923	8.54689005729673	9.94995716899275
8.58915785552589	0.290213224431585	8.02033993563998	9.15797577541179
9.06064342569393	0.338526922524406	8.39713065754609	9.72415619384176
8.80244692989761	0.333960143735556	8.14788504817592	9.45700881161931
8.83985073941724	0.305112430122664	8.24183037637682	9.43787110245766
8.55891249891062	0.297298664423686	7.97620711664019	9.14161788118104
9.18700682935064	0.356204753107144	8.48884551326064	9.88516814544064
9.58942908536154	0.367479904175301	8.86916847317795	10.3096896975451
9.3171017729893	0.386422310136716	8.55971404512134	10.0744895008573
9.08412219901043	0.310932293315455	8.47469490411214	9.69354949390872
8.33107345228112	0.305541647809282	7.73221182257492	8.92993508198731
9.24494686981934	0.373558328317482	8.51277254631708	9.97712119332161
9.19146054278363	0.36751490428404	8.47113133038691	9.91178975518035
8.56484785116065	0.325556289748492	7.92675752325361	9.20293817906769
8.83984139112839	0.306847831300132	8.23841964178013	9.44126314047665
8.97991996630377	0.324932828623256	8.34305162220219	9.61678831040535
9.24304708274347	0.361263479296402	8.53497066332253	9.95112350216442
8.37519207973873	0.312822420021766	7.76206013649607	8.98832402298139
9.25716401996138	0.404964403102712	8.46343378988006	10.0508942500427
8.92331560257773	0.344430441453634	8.24823193732861	9.59839926782685
8.61845917413948	0.296619198751077	8.03708554458736	9.19983280369159
8.74201770108776	0.307278981450185	8.1397508974454	9.34428450473012
9.45543869671496	0.378909148221931	8.71277676619997	10.1981006272299
8.89864006121772	0.319454125807068	8.27250997463587	9.52477014779957
8.3234198547326	0.309591474710117	7.71662056430077	8.93021914516443
9.15707697733715	0.355054114235684	8.46117091343521	9.85298304123909
8.7429776751509	0.33302488920602	8.0902488923071	9.3957064579947
8.52521476499817	0.315392055986816	7.90704633526401	9.14338319473233
9.59502497719732	0.372065127441077	8.86577732741281	10.3242726269818
8.84232337404043	0.309022265135945	8.23663973437398	9.44800701370688
8.86458434122202	0.364222541936971	8.15070815902555	9.57846052341848
9.02524108602101	0.386157686075605	8.26837202131282	9.7821101507292
9.11597702607445	0.424846798034881	8.28327730192608	9.94867675022281
9.05280227920711	0.345064119881173	8.37647660424001	9.72912795417421
9.29030929415727	0.328495642797208	8.64645783427474	9.93416075403979
9.05229476340089	0.332913986248325	8.39978335035417	9.70480617644761
8.85762180971253	0.304045890961401	8.26169186342819	9.45355175599688
9.37223294427936	0.366506061070585	8.65388106458101	10.0905848239777
8.12932314728024	0.263593726307495	7.61267944371755	8.64596685084293
8.9930075018428	0.327809293639093	8.35050128631018	9.63551371737542
8.73559608276843	0.288590814622625	8.16995808610808	9.30123407942877
9.02188405666253	0.333956270408599	8.36732976666167	9.67643834666338
9.49682087873983	0.407493940136401	8.69813275607248	10.2955090014072
9.0045551864388	0.322818984950431	8.37182997593595	9.63728039694164
8.99143779328604	0.334900216150312	8.33503336963143	9.64784221694065
9.33361468697371	0.334528562279154	8.67793870490656	9.98929066904085
8.97964964193259	0.315212228017806	8.36183367501769	9.59746560884749
9.20265771312455	0.387688634895289	8.44278798872978	9.96252743751932
8.83408104285691	0.356380797823363	8.13557467912312	9.5325874065907
9.44154353296468	0.415987822357883	8.62620740114323	10.2568796647861
8.68326341344457	0.334791367031471	8.02707233406288	9.33945449282625
8.64031706438655	0.311946276184869	8.0289023630642	9.25173176570889
9.02847783296995	0.359906263444514	8.3230615566187	9.7338941093212
8.77590212505514	0.337075153497162	8.1152348242007	9.43656942590958
9.03579311925879	0.350943722524469	8.34794342311083	9.72364281540674
9.52690126640143	0.329557228663592	8.88096909822079	10.1728334345821
8.96504333577991	0.287673366830392	8.40120353679234	9.52888313476748
8.85057092402266	0.359032910000833	8.14686642042103	9.55427542762429
9.42881522009631	0.337196687520889	8.76790971255536	10.0897207276372
8.98867478493785	0.347054406720179	8.3084481477663	9.6689014221094
9.39112529957246	0.372555330242309	8.66091685229753	10.1213337468474
8.77397978078887	0.340356003722012	8.10688201349372	9.44107754808401
9.5925714595278	0.432029493885064	8.74579365151308	10.4393492675425
8.87827869501425	0.316888042374662	8.25717813195991	9.49937925806858
9.27227172832204	0.350767576063751	8.58476727923709	9.95977617740699
9.46054376806355	0.376076367354573	8.72343408804859	10.1976534480785
10.0629989988065	0.355241234075077	9.36672618001933	10.7592718175936
8.42084890628078	0.303786968974505	7.82542644709076	9.01627136547081
8.41233123489237	0.318885191956958	7.78731625865673	9.03734621112801
9.77197387615497	0.349360816952548	9.08722667492798	10.456721077382
9.26103426661796	0.356154728731872	8.56297099830349	9.95909753493243
9.33186851985984	0.352607783008926	8.64075726516235	10.0229797745573
8.745570131469	0.320595785968426	8.11720239097088	9.37393787196712
9.29406083170935	0.334287291509256	8.63885774035121	9.94926392306749
8.76474412457278	0.309055497318442	8.15899534982864	9.37049289931693
9.30829268689427	0.333183204686909	8.65525360570793	9.96133176808061
9.06035208345014	0.36100589259849	8.3527805339571	9.76792363294319
9.17109903842324	0.3417893765072	8.50119186046912	9.84100621637735
8.66506645484207	0.339450882488622	7.99974272516437	9.33039018451977
9.2957279648046	0.3572916809793	8.59543627008517	9.99601965952403
8.9186956706249	0.343438854322534	8.24555551615274	9.59183582509707
8.81406082419292	0.307407966283338	8.21154121027758	9.41658043810826
9.16732003327762	0.345888960037148	8.48937767160481	9.84526239495043
9.26575135237258	0.371266404406604	8.53806919973563	9.99343350500952
9.13214651836331	0.34000669304882	8.46573339998762	9.798559636739
9.14080168529154	0.366867437994711	8.42174150682191	9.85986186376117
8.82826634993044	0.326148614914642	8.18901506469775	9.46751763516314
8.9476827422247	0.342381149537125	8.27661568913194	9.61874979531747
8.7386334340107	0.343762552189059	8.06485883172014	9.41240803630126
9.61556048814989	0.341429977838541	8.94635773158635	10.2847632447134
9.00919995492097	0.382428817779794	8.25963947207257	9.75876043776936
9.31573843105243	0.376554370223712	8.57769186541395	10.0537849966909
8.70162525575029	0.369020853352296	7.97834438317979	9.42490612832079
8.88881527210166	0.33524167415108	8.23174159076554	9.54588895343778
8.76411642379694	0.327678244824266	8.12186706394138	9.4063657836525
8.6633319640952	0.343479479371373	7.99011218452731	9.33655174366309
8.77965511679421	0.337757872914359	8.11764968588207	9.44166054770635
9.24794937258733	0.322467318141948	8.61591342902912	9.87998531614555
8.55821232054545	0.345709578689239	7.88062154631454	9.23580309477635
9.45683442497967	0.364027058865888	8.74334138960253	10.1703274603568
8.54338439219231	0.31423391375022	7.92748592124188	9.15928286314274
9.57783566015721	0.419695243100892	8.75523298367946	10.400438336635
8.79011231539007	0.365647832472847	8.07344256374329	9.50678206703685
9.15501079355312	0.388532714182005	8.39348667375639	9.91653491334985
8.83186230346171	0.350697965148907	8.14449429176985	9.51923031515357
8.83337246286057	0.322105968011304	8.20204476555842	9.46470016016273
8.87969456184766	0.279630212276778	8.33161934578517	9.42776977791014
8.7226696230538	0.318508621579726	8.09839272475754	9.34694652135006
9.63419134356817	0.35598701524263	8.93645679369262	10.3319258934437
9.36531798027194	0.32833400934906	8.72178332194778	10.0088526385961
9.32114642126335	0.351152392997495	8.63288773098826	10.0094051115384
9.32141949212019	0.383248707428854	8.57025202555964	10.0725869586807
9.11192029253101	0.296769257325304	8.53025254817342	9.69358803688861
8.66712745874444	0.280655432788821	8.11704281047835	9.21721210701053
8.95960468101742	0.359402506473476	8.2551757683294	9.66403359370543
9.13779462938593	0.321384961839257	8.50788010418099	9.76770915459087
9.14031044613469	0.379490992836822	8.39650810017451	9.88411279209486
9.00451495711977	0.323659060604036	8.37014319833585	9.63888671590368
9.17052832139885	0.369211325186379	8.44687412403355	9.89418251876415
8.96237007309936	0.345876190731142	8.28445273926632	9.64028740693239
8.86387067734279	0.324271542344675	8.22829845434722	9.49944290033835
8.55276791541329	0.28975481690643	7.98484847427669	9.1206873565499
8.78927913769663	0.313606789457772	8.1746098303594	9.40394844503387
9.69080674572005	0.397476572432135	8.91175266375307	10.469860827687
9.21046050562963	0.369738226922629	8.48577358086128	9.93514743039798
9.17925591509696	0.347203624073381	8.49873681191313	9.85977501828078
9.3362394010416	0.321681753177137	8.70574316481441	9.96673563726879
9.06072871786728	0.386856859868361	8.30248927252529	9.81896816320926
8.70282867665352	0.315416002200086	8.08461331234135	9.32104404096569
8.37573896852142	0.311273657882903	7.76564259907093	8.98583533797191
