estFinal_msm11	sdFinal_msm11	X1	X2
8.8888757936786	0.23497543340486	8.42832394420508	9.34942764315213
9.16380991690541	0.250207879654156	8.67340247278326	9.65421736102755
9.13280172999954	0.235605361153962	8.67101522213777	9.5945882378613
8.77739359076056	0.253452859471671	8.28062598619608	9.27416119532503
8.98180886095757	0.236113537058371	8.51902632832316	9.44459139359197
9.03076809732635	0.247884595215738	8.5449142907035	9.51662190394919
8.6297742049273	0.238572282800034	8.16217253063923	9.09737587921536
8.88937304133547	0.256187582928813	8.38724537879499	9.39150070387594
8.86655192831513	0.290679359781042	8.29682038314429	9.43628347348598
8.73947446592608	0.216027282787825	8.31606099166194	9.16288794019022
8.97415239359503	0.270896543289198	8.4431951687482	9.50510961844186
9.43118179074807	1.01435790149436	7.44304030381912	11.419323277677
9.65767418783119	0.490002720024004	8.69726885658414	10.6180795190782
9.46829887545552	0.293658975618004	8.89272728324424	10.0438704676668
9.00703346544856	0.275641726929592	8.46677568066656	9.54729125023056
9.16073511784524	0.272136211721872	8.62734814287037	9.69412209282011
8.93729877877587	0.280294341728039	8.38792186898891	9.48667568856282
8.79375106374058	0.370918840710685	8.06675013594763	9.52075199153352
8.53888885213753	0.333860802476944	7.88452167928272	9.19325602499234
8.54735458576933	0.243719964628239	8.06966345509798	9.02504571644068
8.78080943703395	0.21610253707803	8.35724846436101	9.20437040970689
8.84917944014379	0.239241238285634	8.38026661310395	9.31809226718364
9.16162215520241	0.239088345617152	8.69300899779279	9.63023531261203
8.90937387727694	0.222158887015583	8.4739424587264	9.34480529582749
9.06999854936716	0.264429620711989	8.55171649277166	9.58828060596266
8.84752119423834	0.232176799742617	8.39245466674281	9.30258772173386
8.8752778887781	0.22070098532131	8.44270395754834	9.30785182000787
8.86124762728875	0.272717461118857	8.3267214034958	9.39577385108171
9.25810038609799	0.397952161997814	8.47811414858227	10.0380866236137
9.08202355113746	0.229938351036833	8.63134438310527	9.53270271916965
8.85775637013158	0.221377160870546	8.42385713482531	9.29165560543785
8.69639832581893	0.244515211574484	8.21714851113294	9.17564814050492
8.98163013804868	0.223297478164653	8.54396708084596	9.4192931952514
8.56837414327359	0.242920989288872	8.0922490042674	9.04449928227978
9.29809989683153	0.254470582734954	8.79933755467102	9.79686223899204
8.89561012454978	0.244666847468188	8.41606310351213	9.37515714558743
8.87604770878887	0.266412845663474	8.35387853128847	9.39821688628928
8.73750670768169	0.225609267357976	8.29531254366006	9.17970087170332
8.66292606785559	0.233389054200506	8.2054835216226	9.12036861408858
9.05181705672364	0.370535438594437	8.32556759707855	9.77806651636874
8.80026118660383	0.201896539184088	8.40454396980302	9.19597840340464
9.32272494667207	0.264354826865142	8.80458948601639	9.84086040732775
8.45705877474836	0.194997426174881	8.07486381944559	8.83925373005112
8.8599469983923	0.238799753486418	8.39189948155892	9.32799451522568
8.90555203045978	0.239020959836831	8.4370709491796	9.37403311173997
9.0733241434305	0.261499539104741	8.56078504678521	9.5858632400758
8.90130151100111	0.302859475832256	8.30769693836989	9.49490608363234
9.1693600076709	0.228419815059046	8.72165717015517	9.61706284518663
9.28312704284595	0.292905704901652	8.70903186123871	9.85722222445319
9.11061359645119	0.228321554242735	8.66310335013543	9.55812384276695
9.1994896860952	0.23128225772893	8.7461764609465	9.6528029112439
8.94760786996637	0.216805569016209	8.52266895469461	9.37254678523814
8.53240978372849	0.241095970089838	8.05986168235241	9.00495788510458
9.36785115189185	0.300354683308505	8.77915597260718	9.95654633117652
8.49946663168171	0.22701207867741	8.05452295747399	8.94441030588943
8.91619112848594	0.261659247945566	8.40333900251264	9.42904325445925
8.88019263382276	0.273548879580166	8.34403682984563	9.41634843779988
8.45042331028426	0.237793881806225	7.98434730194406	8.91649931862446
9.23125303684468	0.211901954641222	8.81592520574789	9.64658086794148
8.94746396527768	0.225000570467064	8.50646284716224	9.38846508339313
8.87094707407928	0.230618430457068	8.41893495038343	9.32295919777513
9.4966174258612	0.225082585049842	9.05545555916351	9.93777929255889
9.07334139891441	0.231234884494472	8.62012102530524	9.52656177252357
8.98087519974673	0.24086249636985	8.50878470686182	9.45296569263163
9.103529202213	0.23006582126953	8.65260019252472	9.55445821190128
9.16875612954636	0.242684707503619	8.69309410283927	9.64441815625345
8.67645060231345	0.220040319277851	8.24517157652886	9.10772962809804
8.98524248016343	0.240207099256045	8.51443656562158	9.45604839470528
9.28570594181278	0.718837982611445	7.87678349589434	10.6946283877312
9.44131741290642	0.263481716413974	8.92489324873503	9.95774157707781
8.96189512444644	0.251012037107004	8.46991153171671	9.45387871717617
8.6320986104721	0.238023387384955	8.16557277119758	9.09862444974661
9.03882969767362	0.260831245015468	8.5276004574433	9.55005893790393
8.96739734807185	0.231030507423315	8.51457755352215	9.42021714262154
8.73586301657885	0.24078415252676	8.2639260776264	9.2077999555313
9.10967996512746	0.2620548098795	8.59605253776364	9.62330739249128
8.55983900681339	0.240994857410675	8.08748908628847	9.03218892733832
9.14184701929104	0.286860753396239	8.57959994263441	9.70409409594766
9.18029985636168	0.274082789295593	8.64309758934231	9.71750212338104
8.40927454025469	0.261889667696959	7.89597079156865	8.92257828894073
8.93043351878104	0.32846013706026	8.28665165014293	9.57421538741915
8.9687399279815	0.203197472853239	8.57047288118915	9.36700697477385
8.8822943650654	0.236851406975324	8.41806560739376	9.34652312273704
9.14412425290836	0.285809689121135	8.58393726223093	9.70431124358578
8.97978835146655	0.241852359997929	8.50575772587061	9.45381897706249
9.00931541091892	0.271245525296029	8.47767418133871	9.54095664049914
9.3443805921483	0.253345809213391	8.84782280609005	9.84093837820655
8.99504596166903	0.235652733339699	8.53316660432322	9.45692531901484
8.91527130122382	0.226909841279798	8.47052801231541	9.36001459013222
9.35065790554488	0.254093272267706	8.85263509190018	9.84868071918958
8.80050797187962	0.220766159467553	8.36780629932322	9.23320964443602
9.41433250746012	0.239393957558681	8.94512035064511	9.88354466427514
8.52062311139347	0.247955538709259	8.03463025552332	9.00661596726362
8.81229034117442	0.272372720690543	8.27843980862096	9.34614087372789
9.24517870383522	0.364410573743779	8.53093397929742	9.95942342837303
8.79754856327125	0.247856912435043	8.31174901489856	9.28334811164393
8.72543856997289	0.222250266229745	8.28982804816259	9.16104909178318
8.61258999013495	0.244178791902775	8.13399955800551	9.09118042226438
9.09395373065471	0.243226320481663	8.61723014251065	9.57067731879877
9.13753251816648	0.27849828992505	8.59167586991338	9.68338916641958
8.86152657497853	0.269722430995399	8.33287061022755	9.39018253972951
9.02376203353308	0.246158602374457	8.54129117287914	9.50623289418701
8.52136089052642	0.229613533426469	8.07131836501054	8.9714034160423
8.77847471917283	0.22004849131773	8.34717967619008	9.20976976215558
9.21651961538524	0.23223493535369	8.76133914209201	9.67170008867848
9.15075154897281	0.353901979747538	8.45710366866764	9.84439942927799
8.9416447353947	0.244779979871539	8.46187597484648	9.42141349594292
9.00746207322615	0.239742061698447	8.53756763229719	9.4773565141551
8.9200338633089	0.22643538928972	8.47622050030105	9.36384722631675
9.32276182566314	0.254619289042814	8.82370801913923	9.82181563218706
9.25867934741875	0.256125900015646	8.75667258338808	9.76068611144941
9.13364192639427	0.232629924196691	8.67768727496875	9.58959657781978
8.82403220707371	0.235020182702183	8.36339264897743	9.28467176516999
9.30914634494053	0.310076284257991	8.70139682779487	9.91689586208619
9.45713040637418	0.280983519236409	8.90640270867082	10.0078581040775
8.91271222073475	0.281501712868581	8.36096886351233	9.46445557795717
9.23600062974166	0.264767834972184	8.71705567319618	9.75494558628714
8.80946722938789	0.234792963363522	8.34927302119539	9.2696614375804
8.89244394054559	0.220846804837147	8.45958420306478	9.32530367802639
9.04683270284904	0.23721194904151	8.58189728272768	9.51176812297041
9.12213539577279	0.272131344246006	8.58875796105062	9.65551283049497
9.13693879431064	0.283822220125584	8.5806472428645	9.69323034575678
9.18649969165661	0.244802295244767	8.70668719297687	9.66631219033636
8.99365273956719	0.232194599883087	8.53855132379634	9.44875415533805
8.94170829005238	0.216508170414014	8.51735227604091	9.36606430406385
9.35113037083808	0.297685598220195	8.7676665983265	9.93459414334966
9.1144403259751	0.324922310696717	8.47759259700953	9.75128805494066
8.88519633272114	0.23179260507963	8.43088282676507	9.33950983867722
9.13689962433456	0.244894304513985	8.65690678748715	9.61689246118197
9.04158495452995	0.316361091684749	8.42151721482784	9.66165269423206
9.06933713381051	0.277788901301231	8.5248708872601	9.61380338036093
8.57514021954333	0.273593449427415	8.0388970586656	9.11138338042106
9.37751718242507	0.236629130516044	8.91372408661362	9.84131027823651
8.71350165845722	0.240383382825025	8.24235022812017	9.18465308879427
9.17955245713323	0.287260280627399	8.61652230710353	9.74258260716294
9.0377726339967	0.260980171800812	8.52625149726711	9.5492937707263
9.14886469140067	0.239440923547351	8.67956048124786	9.61816890155347
8.73162405554923	0.193960624840879	8.35146123086111	9.11178688023736
8.76032587036953	0.264355997831133	8.24218811462051	9.27846362611855
8.51579029013933	0.208334986903057	8.10745371580934	8.92412686446932
9.11630296447008	0.241898807817176	8.64218130114842	9.59042462779174
8.57999303183815	0.272720094293057	8.04546164702376	9.11452441665254
8.88825275601821	0.250329130575698	8.39760766008984	9.37889785194658
8.48978773906502	0.217161999337929	8.06415022036267	8.91542525776736
9.08279074172394	0.216963735244701	8.65754182064433	9.50803966280355
9.14974091766661	0.269612721888605	8.62129998276494	9.67818185256828
9.10683115899242	0.231406246560982	8.65327491573289	9.56038740225194
8.57945788699102	0.211990938347825	8.16395564782928	8.99496012615275
9.50143834609518	0.252488948677424	9.00656000668742	9.99631668550293
9.22058793420574	0.258215451182662	8.71448564988772	9.72669021852376
9.49895081600105	0.237837920257071	9.03278849229719	9.96511313970491
8.93225653709956	0.32473547566002	8.29577500480592	9.5687380693932
8.76970092452028	0.254868237358737	8.27015917929716	9.26924266974341
9.35443261853605	0.326986678997997	8.71353872769998	9.99532650937213
9.06594656912194	0.228966871076387	8.61717150181222	9.51472163643166
8.96283338156169	0.217394666997543	8.53673983424651	9.38892692887688
8.9862843471847	0.239924581824181	8.51603216680931	9.45653652756009
8.88468067338391	0.214332137037011	8.46458968479137	9.30477166197645
8.61991441645196	0.284509470757004	8.06227585376823	9.17755297913568
8.93099317662337	0.220450193325733	8.49891079770493	9.36307555554181
9.06147698919674	0.247999032533534	8.57539888543102	9.54755509296247
9.31783429384831	0.232099429660686	8.86291941171337	9.77274917598326
8.58238998169556	0.246984014013975	8.09830131422817	9.06647864916295
9.12315980651506	0.267672176381269	8.59852234080777	9.64779727222234
9.59011126342375	0.292773821723431	9.01627457284583	10.1639479540017
9.01725877122804	0.274949567000794	8.47835761990648	9.55615992254959
9.22866767884623	0.247156855850053	8.74424024138013	9.71309511631233
9.21347829106128	0.243449106078362	8.73631804314769	9.69063853897487
9.04490661302715	0.230198625148796	8.59371730773551	9.49609591831879
8.73144901854833	0.223824542684534	8.29275291488665	9.17014512221002
8.99254158594062	0.251255684905999	8.50008044352486	9.48500272835637
9.16498285102272	0.390646934130473	8.399314860127	9.93065084191845
8.61526875141912	0.215698424306453	8.19249983977847	9.03803766305977
9.08976412150242	0.251873724203487	8.59609162206358	9.58343662094125
8.92538531234548	0.218893221971498	8.49635459728135	9.35441602740962
8.92984366907242	0.285658409786568	8.36995318589074	9.48973415225409
8.79055612171533	0.280359637455058	8.24105123230342	9.34006101112724
8.67658901852662	0.207427910937654	8.27003031308882	9.08314772396442
9.33537965957338	0.31323379453576	8.72144142228329	9.94931789686347
9.06351469782048	0.250898911449343	8.57175283137977	9.55527656426119
9.01792972758782	0.245015257242338	8.53769982339284	9.49815963178281
9.23388816715575	0.280875304548324	8.68337257024103	9.78440376407046
9.26605731206757	0.230181229685739	8.81490210188352	9.71721252225162
8.78491538617623	0.243599223069574	8.30746090895987	9.2623698633926
9.03241367722131	0.230907689796193	8.57983460522077	9.48499274922185
8.73167146417454	0.229663103448364	8.28153178141575	9.18181114693333
8.89039390131734	0.2698271297023	8.36153272710084	9.41925507553385
8.57880855755161	0.355552078205754	7.88192648426833	9.27569063083488
8.51553937882681	0.23432028885223	8.05627161267643	8.97480714497718
9.16240252231576	0.235972541027391	8.69989634190207	9.62490870272945
9.17428315888949	0.250560155171304	8.68318525475373	9.66538106302525
8.95712544037784	0.27536090666085	8.41741806332257	9.4968328174331
9.29036001913618	0.435874098111471	8.4360467868377	10.1446732514347
8.93967433083591	0.233585159924549	8.48184741738379	9.39750124428802
8.38968963040411	0.200502163473802	7.99670538999546	8.78267387081276
9.46815621252678	0.262137851805854	8.9543660229873	9.98194640206625
8.73288653425278	0.255227583672998	8.23264047025371	9.23313259825186
9.3683680320588	0.253422826379606	8.87165929235477	9.86507677176283
9.28690712635142	0.261239129397242	8.77487843273283	9.79893581997002
9.02148625503668	0.268128829010781	8.49595375017555	9.54701875989781
9.18550133537516	0.248877340638733	8.69770174772324	9.67330092302707
9.1108246935962	0.223235014040914	8.67328406607601	9.54836532111639
8.8108537832863	0.233208486548181	8.35376514965187	9.26794241692074
9.68775675144099	0.249613134723603	9.19851500738273	10.1769984954992
8.84035848406941	0.30879872209743	8.23511298875844	9.44560397938037
8.96700862097669	0.251459065521787	8.47414885255399	9.45986838939939
8.70781355729836	0.239564773992465	8.23826660027313	9.1773605143236
8.79777066131075	0.230315254184239	8.34635276310964	9.24918855951186
9.0869824743588	0.253079135087045	8.59094736958819	9.58301757912941
9.71005681233329	0.272862966176875	9.17524539862661	10.24486822604
8.93153332185899	0.225465172330901	8.48962158409042	9.37344505962755
8.88022886268733	0.242245301916462	8.40542807093106	9.35502965444359
9.32008166901531	0.255010932039948	8.82026024221701	9.8199030958136
8.74125902845468	0.234178497316979	8.2822691737134	9.20024888319596
8.51228623167607	0.24236737843052	8.03724616995225	8.98732629339989
8.88189757499109	0.223657576517841	8.44352872501612	9.32026642496606
8.97299217870121	0.211963223175775	8.55754426127669	9.38844009612573
9.10812125791649	0.238606770060046	8.6404519885988	9.57579052723418
8.86177267663238	0.241400740471551	8.38862722530814	9.33491812795662
8.94063616002656	0.236219403727894	8.47764612871989	9.40362619133323
9.00227985958826	0.228996641854075	8.55344644155427	9.45111327762225
9.15706544287077	0.253088052811666	8.66101285935991	9.65311802638164
8.64586643758953	0.221251892926973	8.21221272745266	9.0795201477264
8.99710214962131	0.238643902368715	8.52936010097863	9.46484419826399
9.25618883184561	0.242282114189416	8.78131588803435	9.73106177565686
9.36444395940622	0.36396689027159	8.65106885447391	10.0778190643385
8.55331146695134	0.230426763275633	8.1016750109311	9.00494792297158
8.89723119755808	0.247437078904153	8.41225452290594	9.38220787221022
8.78595744279504	0.258247907665273	8.27979154377111	9.29212334181898
9.2411885467633	0.381985578234634	8.49249681342342	9.98988028010318
8.36544361480548	0.420927366629772	7.54042597621112	9.19046125339983
8.62878742913129	0.20831433459437	8.22049133332633	9.03708352493626
8.95637524544676	0.23234504064458	8.50097896578338	9.41177152511014
8.65284939603825	0.269320125661417	8.12498194974187	9.18071684233463
8.89013257265515	0.248212382718204	8.40363630252747	9.37662884278283
8.80321000279241	0.238118374374128	8.33649798901912	9.2699220165657
9.00568657100612	0.254180283822312	8.50749321471439	9.50387992729786
8.82824863278286	0.314903496571486	8.21103777950274	9.44545948606297
8.99950164837295	0.240823183068787	8.52748820955813	9.47151508718777
9.11360968983306	0.239806790952916	8.64358837956534	9.58363100010078
9.06219074237857	0.252828293006092	8.56664728808663	9.55773419667051
9.44428650782844	0.243049392988844	8.96790969757031	9.92066331808657
8.68288806298184	0.23372537520621	8.22478632757766	9.14098979838601
9.00092054247936	0.277494995764971	8.45703035078002	9.5448107341787
8.98718475986797	0.255990829409688	8.48544273422498	9.48892678551096
9.05152471711801	0.240684620189623	8.57978286154635	9.52326657268967
9.25072870581499	0.249782228943035	8.76115553708664	9.74030187454334
9.01933186234984	0.306835616028067	8.41793405493483	9.62072966976485
9.10696530790257	0.347742210575471	8.42539057517465	9.78854004063049
9.25418967692239	0.231942706734552	8.79958197172266	9.70879738212211
9.09546807407665	0.256851383163178	8.59203936307682	9.59889678507648
8.97785911093139	0.237956193676876	8.51146497132471	9.44425325053806
8.94355270796173	0.249080071766567	8.45535576729926	9.4317496486242
9.00785425618771	0.242210596830052	8.53312148640081	9.48258702597461
9.12113036736879	0.231038963079366	8.66829399973323	9.57396673500434
8.83513458596623	0.244277595529011	8.35635049872937	9.31391867320309
8.72461060441726	0.254592042819275	8.22561020049148	9.22361100834303
8.87251128625833	0.316552922847533	8.25206755747717	9.4929550150395
9.09601371269165	0.235496982839824	8.63443962632559	9.5575877990577
9.12238297482105	0.241570965506406	8.64890388242849	9.5958620672136
9.35779883282174	0.251746016075577	8.86437664131361	9.85122102432987
8.90710487049735	0.261575104554483	8.39441766557056	9.41979207542414
8.87448822932221	0.236862175888324	8.4102383645811	9.33873809406333
8.44869613442548	0.289915525385892	7.88046170466913	9.01693056418183
8.76293727136314	0.249404368038123	8.27410471000842	9.25176983271786
9.04042383217879	0.225602490884155	8.59824295004585	9.48260471431174
8.87831925136189	0.206056096787647	8.4744493016581	9.28218920106567
9.19238005690665	0.284114202312117	8.6355162203749	9.7492438934384
8.96646413521082	0.289698112055184	8.39865583558266	9.53427243483899
8.81778224817387	0.239240349747496	8.34887116266878	9.28669333367896
9.01911417523944	0.254782820316946	8.51973984741822	9.51848850306065
9.03255784813871	0.222026807556721	8.59738530532753	9.46773039094988
8.86195886750647	0.2268194005859	8.4173928423581	9.30652489265483
8.99405354290416	0.275831520840862	8.45342376205607	9.53468332375225
8.88985202170899	0.217118651512582	8.46429946474433	9.31540457867365
8.88529038591574	0.252169270815512	8.39103861511734	9.37954215671415
8.85982680391754	0.245427111880966	8.37878966463085	9.34086394320423
8.93717393532089	0.263460538116468	8.42079128061262	9.45355659002917
8.93071644299179	0.243046228330731	8.45434583546356	9.40708705052003
8.9347367641915	0.255095792200104	8.4347490114793	9.4347245169037
8.85561473156753	0.233135722581145	8.39866871530848	9.31256074782657
8.71090078324823	0.208350619385682	8.3025335692523	9.11926799724417
9.16025138428568	0.270435685758258	8.63019744019949	9.69030532837186
9.09721214300627	0.247207690536009	8.6126850695557	9.58173921645685
8.97725477298166	0.255514066352785	8.4764472029302	9.47806234303312
8.78760073515954	0.249690543502224	8.29820726989518	9.2769942004239
8.79249670434675	0.250723591849481	8.30107846432176	9.28391494437173
9.06098061522015	0.212158370796907	8.64515020845822	9.47681102198209
8.84382138684943	0.21062356508767	8.4309991992776	9.25664357442126
8.71840893930442	0.237514685295141	8.25288015612595	9.1839377224829
8.64401519928144	0.245831004346828	8.16218643076165	9.12584396780122
8.8816359035525	0.236681832591476	8.41773951167321	9.34553229543179
8.62604395542606	0.229831533558892	8.17557414965064	9.07651376120149
9.08447034483619	0.240916474741916	8.61227405434204	9.55666663533035
8.87821511591833	0.231293379685706	8.42488009173435	9.33155014010232
9.16536198337738	0.228195689703625	8.71809843155827	9.61262553519648
9.35972924589876	0.249569168007957	8.87057367660317	9.84888481519436
8.90447436627958	0.331804186834545	8.25413816008387	9.55481057247528
8.84156847251254	0.218164536334245	8.41396598129742	9.26917096372766
9.64648352911931	0.275846075949004	9.10582522025926	10.1871418379794
9.02762589459693	0.262892408628629	8.51235677368482	9.54289501550905
9.0871818396112	0.223954314673864	8.64823138285043	9.52613229637197
9.17763526435653	0.23194950611361	8.72301423237386	9.63225629633921
9.17337535127775	0.247115666827202	8.68902864429643	9.65772205825906
8.55132964426662	0.229070903054601	8.1023506742796	9.00030861425364
9.13295827430708	0.302310521552157	8.54042965206485	9.72548689654931
8.84492430434266	0.214208123582084	8.42507638212178	9.26477222656355
9.2930740275778	0.238593287435651	8.82543118420392	9.76071687095168
9.0822363472686	0.233023784552098	8.62550972954648	9.53896296499071
9.18294772704479	0.256075389695108	8.68103996324238	9.6848554908472
9.23823343097912	0.245440151368557	8.75717073429675	9.71929612766149
9.16384845539229	0.250999553835926	8.67188932987388	9.65580758091071
9.37800936672859	0.240013373515483	8.90758315463824	9.84843557881893
8.99575712587109	0.24689041740206	8.51185190776305	9.47966234397912
9.21572963013908	0.216914520063553	8.79057717081451	9.64088208946364
9.23371449807356	0.242365026148702	8.7586790468221	9.70874994932502
8.96343180826393	0.238428607904112	8.49611173677187	9.43075187975599
8.96022655070054	0.239044370447217	8.491699584624	9.42875351677708
9.25519518938892	0.246149822124408	8.77274153802508	9.73764884075276
8.99906971089834	0.23897516050806	8.53067839630254	9.46746102549413
8.89131603343941	0.212429880112776	8.47495346841837	9.30767859846045
9.17544740093707	0.244198022805303	8.69681927623868	9.65407552563546
9.29061504929853	0.235421397522529	8.82918911015437	9.75204098844268
8.98305694374811	0.256739674635331	8.47984718146286	9.48626670603336
8.95336481610869	0.238747935174729	8.48541886316622	9.42131076905116
9.04149556766116	0.232080133442607	8.58661850611366	9.49637262920867
9.23700306170112	0.226356026512496	8.79334524973662	9.68066087366561
8.90160069518741	0.241531317572804	8.42819931274471	9.37500207763011
8.85260720278335	0.229836275450499	8.40212810290037	9.30308630266632
9.13902572860006	0.217650194547026	8.71243134728789	9.56562010991223
8.82983826793979	0.257091728389713	8.32593848029596	9.33373805558363
9.08011190877307	0.232101586530738	8.62519279917282	9.53503101837332
9.14657309377896	0.249465987968193	8.6576197573613	9.63552643019662
8.67238347404891	0.241077430345629	8.19987171057148	9.14489523752634
8.86909583714916	0.230055604997203	8.41818685135464	9.32000482294368
8.84437726403881	0.220022492108136	8.41313317950686	9.27562134857075
8.86156683981828	0.212794865709252	8.44448890302814	9.27864477660841
8.70708359917125	0.233424195112861	8.24957217675004	9.16459502159246
9.28689543017696	0.267760361361906	8.76208512190762	9.81170573844629
8.876132649589	0.264387039383469	8.3579340523974	9.3943312467806
9.20087794305448	0.232449472409571	8.74527697713172	9.65647890897724
8.88895711132569	0.243162035418177	8.41235952190606	9.36555470074532
9.01344587605302	0.220584235255921	8.58110077495141	9.44579097715462
9.00529796632343	0.238622674029464	8.53759752522568	9.47299840742118
9.22584847687033	0.272073944878559	8.69258354490835	9.75911340883231
8.65059585318948	0.227463398434687	8.20476759225749	9.09642411412147
9.46234144956133	0.241748932356379	8.98851354214283	9.93616935697983
9.31380769889833	0.261373265985149	8.80151609756744	9.82609930022922
9.25524314942807	0.221595442566108	8.82091608199849	9.68957021685764
8.3755596136696	0.22192261187654	7.94059129439158	8.81052793294761
8.88837059857205	0.242183830170346	8.41369029143817	9.36305090570593
9.06799133228134	0.276477903744849	8.52609464094144	9.60988802362125
8.99661004185592	0.242701860067693	8.52091439612324	9.4723056875886
8.57255786686023	0.288248577488664	8.00759065498245	9.13752507873801
8.41787217820328	0.261453252711021	7.90542380288968	8.93032055351688
8.82870359159751	0.227052372001502	8.38368094247457	9.27372624072046
8.79345560590722	0.245204089661259	8.31285559017115	9.27405562164329
8.92765014083601	0.267748840104665	8.40286241423087	9.45243786744116
9.04316586242358	0.260535448143878	8.53251638406158	9.55381534078558
9.2597096057409	0.255640503466783	8.75865421894601	9.7607649925358
8.8680655743855	0.251992920951949	8.37415944931968	9.36197169945132
8.98831791748827	0.24158018093596	8.51482076285379	9.46181507212275
9.09721628553632	0.233107905272752	8.64032479120173	9.55410777987092
9.7483081466677	0.293960915851809	9.17214475159815	10.3244715417372
8.5713520724964	0.256624258917498	8.0683685250181	9.0743356199747
8.79300248952693	0.24387254415464	8.31501230298383	9.27099267607002
8.90488441389181	0.237198120577719	8.43997609755948	9.36979273022414
9.1326916800242	0.296718356182653	8.5511237019062	9.7142596581422
9.15967655185787	0.375007765916781	8.42466133066098	9.89469177305476
9.15942077731211	0.253946351606452	8.66168592816346	9.65715562646075
8.59438090055752	0.21939185929322	8.16437285634281	9.02438894477223
9.28275927291422	0.241004429879856	8.81039059034971	9.75512795547874
8.98564204310006	0.233623208806329	8.52774055383965	9.44354353236046
8.83310317719727	0.227592863053969	8.38702116561149	9.27918518878305
8.6176106790633	0.267285724919888	8.09373065822032	9.14149069990628
9.25172986240927	0.247644943713379	8.76634577273105	9.7371139520875
9.39767532114928	0.290437966997705	8.82841690583378	9.96693373646478
9.3220192616113	0.241044830047136	8.84957139471891	9.79446712850368
8.70119264442024	0.255466872351183	8.20047757461192	9.20190771422856
9.45995841819654	0.304119178655244	8.86388482803226	10.0560320083608
9.45258322843226	0.237936816063434	8.98622706894793	9.91893938791659
9.00367761209245	0.244783904939342	8.52390115841134	9.48345406577356
8.52423045461171	0.259682582819748	8.015252592285	9.03320831693842
9.31570605155625	0.312237323873194	8.70372089676479	9.92769120634771
9.29538563387113	0.257452362584447	8.79077900320562	9.79999226453665
9.21654495243797	0.238462945568377	8.74915757912395	9.68393232575199
9.1156411563763	0.229894970780038	8.66504701364742	9.56623529910517
8.99476894270318	0.225078031643527	8.55361600068187	9.43592188472449
8.96610460763302	0.237133004676473	8.50132391846713	9.43088529679891
9.1182229891422	0.244707326290037	8.63859662961372	9.59784934867067
9.34635309234443	0.266822313156137	8.8233813585584	9.86932482613045
8.90738614429874	0.261990202297355	8.39388534779592	9.42088694080156
8.92459210479021	0.261671029284598	8.4117168873924	9.43746732218802
9.08453740027036	0.249159350197608	8.59618507388304	9.57288972665767
9.14897979852975	0.254603427030198	8.64995708155057	9.64800251550894
9.22059501029042	0.348277215422284	8.53797166806275	9.9032183525181
8.89558565827206	0.24398756654247	8.41737002784882	9.37380128869531
9.04258775909133	0.265360354327588	8.52248146460926	9.5626940535734
9.11629357239593	0.225057061526543	8.6751817318039	9.55740541298795
8.79858470907788	0.24259780240496	8.32309301636416	9.27407640179161
8.84611767607742	0.23744478012904	8.3807259070245	9.31150944513034
8.73201810687765	0.315205306916441	8.11421570532143	9.34982050843388
8.97143967238985	0.270558947933257	8.44114413444066	9.50173521033903
8.76226389745719	0.23366037858484	8.3042895554309	9.22023823948347
8.91324503529716	0.263035885216312	8.39769470027319	9.42879537032113
9.04427696612199	0.238236427047954	8.57733356910801	9.51122036313598
9.54985218813924	0.254307149602083	9.05141017491916	10.0482942013593
9.01391873108395	0.230141736187751	8.56284092815596	9.46499653401194
9.02962853436146	0.22714724857542	8.58441992715364	9.47483714156929
8.90246895673402	0.257802388924992	8.39717627444104	9.40776163902701
9.08125877659077	0.235815273066457	8.61906084138051	9.54345671180102
9.26979446155845	0.242917658343494	8.7936758512052	9.74591307191169
8.85102846542033	0.285479455818556	8.29148873201596	9.4105681988247
8.74665234124042	0.237169150660348	8.28180080594614	9.2115038765347
8.33436531423514	0.334296220164708	7.67914472271232	8.98958590575797
8.84684359742277	0.235055069024446	8.38613566213486	9.30755153271068
9.25134000059356	0.22063207010103	8.81890114319554	9.68377885799158
8.68095890384215	0.21514192530753	8.25928073023939	9.10263707744491
9.06034379978603	0.235371773341165	8.59901512403735	9.52167247553471
9.35115531397707	0.25544413100318	8.85048481721084	9.8518258107433
9.05427260026718	0.225113553474169	8.61305003545781	9.49549516507656
8.85145721651795	0.272438135574471	8.31747847079199	9.38543596224392
9.23522224555635	0.243568442838189	8.7578280975935	9.7126163935192
9.00716911150949	0.210725492878588	8.59414714546746	9.42019107755152
8.89638421785702	0.22852344565743	8.44847826436845	9.34429017134558
8.88423866883906	0.259606593032319	8.37540974649572	9.39306759118241
8.89875439455581	0.244044383152032	8.42042740357782	9.37708138553379
9.39072137347637	0.24794509644817	8.90474898443795	9.87669376251478
8.755032326793	0.25664807875122	8.25200209244061	9.2580625611454
9.21780823988717	0.246441410785488	8.73478307474761	9.70083340502672
9.13397988785016	0.236249649235149	8.67093057534927	9.59702920035105
8.76821427571368	0.290474863534751	8.19888354318556	9.33754500824179
8.96027998546793	0.273632810215159	8.42395967744622	9.49660029348964
9.05905791587132	0.288672841095006	8.49325914732511	9.62485668441754
9.17611472136939	0.22344081142014	8.73817073098592	9.61405871175287
9.49258512989794	0.254465648473078	8.9938324588907	9.99133780090517
8.73472065119854	0.383485002600939	7.9830900461007	9.48635125629638
9.07966339639509	0.268625309651769	8.55315778947763	9.60616900331256
8.82802320605637	0.217341616822555	8.40203363708416	9.25401277502858
9.13018005494451	0.272263175584144	8.59654423079959	9.66381587908943
8.77477258535614	0.261541136730123	8.2621519573651	9.28739321334718
9.14731751153223	0.249270897568902	8.65874655229718	9.63588847076728
8.96157968006431	0.244409906670306	8.48253626299051	9.4406230971381
9.22989162689425	0.234487801090294	8.77029553675727	9.68948771703122
9.07101700164392	0.244982376500163	8.5908515437036	9.55118245958424
8.85637702016317	0.323956546083986	8.22142218983856	9.49133185048778
9.54318634801375	0.248522922460482	9.0560814199912	10.0302912760363
8.77709868529267	0.226133889115458	8.33387626262638	9.22032110795897
8.47955458560908	0.276148686018903	7.93830316101203	9.02080601020613
8.84855565074118	0.238941378385151	8.38023054910629	9.31688075237608
9.04077663956926	0.249624533212815	8.55151255447214	9.53004072466638
8.60736949738325	0.247318415217416	8.12262540355712	9.09211359120939
9.2623677397238	0.255718625429984	8.76115923388103	9.76357624556657
8.80790572814989	0.234531506858129	8.34822397470796	9.26758748159183
8.80598351155452	0.2115770714347	8.39129245154251	9.22067457156654
9.29077393943979	0.235287866210549	8.82960972166711	9.75193815721246
9.11101267088786	0.346914135408691	8.43106096548683	9.7909643762889
8.67766849148296	0.213716175611931	8.25878478728357	9.09655219568234
8.81838279038642	0.227081792581315	8.37330247692704	9.26346310384579
8.71087045890542	0.212787357643736	8.2938072379237	9.12793367988714
8.81536048299718	0.231523434647148	8.36157455108877	9.26914641490559
8.75903630419345	0.240494172713669	8.28766772567466	9.23040488271224
8.53003371688597	0.241419069035472	8.05685234157645	9.0032150921955
9.02855361258437	0.244490871644673	8.54935150416081	9.50775572100793
8.41788507415665	0.21780459034829	7.990988077074	8.8447820712393
9.17150689384869	0.28429766286857	8.6142834746263	9.72873031307109
9.24556148517358	0.272200958157143	8.71204760718558	9.77907536316158
9.1622337520811	0.245254611321219	8.68153471389151	9.64293279027069
8.94066589280769	0.251525296495459	8.44767631167659	9.43365547393879
8.9335667767149	0.232972289394988	8.47694108950072	9.39019246392907
9.34003002295212	0.262978975877412	8.82459123023239	9.85546881567185
9.37522790196802	0.240859680500617	8.90314292818681	9.84731287574923
8.77413934627902	0.252691167052673	8.27886465885578	9.26941403370227
8.87162335403238	0.249863805159587	8.38189029591959	9.36135641214517
8.93489939588635	0.242207076771618	8.46017352541398	9.40962526635872
8.81656869990176	0.258000100325065	8.31088850326463	9.32224889653889
9.10264329641402	0.244867423221074	8.62270314690071	9.58258344592732
8.90555693293321	0.228236503240051	8.45821338658271	9.35290047928371
9.14039962536278	0.250919482407156	8.64859743984475	9.6322018108808
9.02025633218802	0.221982664629552	8.58517030951409	9.45534235486194
8.94443134031839	0.231072055992023	8.49153011057402	9.39733257006275
9.20536058577295	0.235885058452743	8.74302587120557	9.66769530034033
9.28487986873211	0.249113967109103	8.79661649319826	9.77314324426595
9.2661385568385	0.295155664923749	8.68763345358795	9.84464366008905
8.55393901761375	0.21418411281686	8.13413815649271	8.9737398787348
9.10525830443111	0.256958981547232	8.60161870059854	9.60889790826369
9.13204782637244	0.239613048478654	8.66240625135427	9.6016894013906
9.0048285971332	0.214710239769877	8.58399652718424	9.42566066708216
9.17753148970679	0.286560642543674	8.61587263032119	9.73919034909239
9.21729362278522	0.25748893590081	8.71261530841964	9.72197193715081
9.10119438746783	0.262793187116903	8.5861197407187	9.61626903421696
8.9869228241214	0.235600078586421	8.52514667009202	9.44869897815079
8.78107202836256	0.223074747981558	8.34384552231871	9.21829853440641
8.77411003724652	0.211082909145403	8.36038753532153	9.18783253917151
8.84823314999356	0.224008061590457	8.40917734927626	9.28728895071086
9.10711608635979	0.236974041407587	8.64264696520092	9.57158520751866
9.05891994476221	0.268083798233153	8.53347570022523	9.58436418929919
8.80736095791506	0.233866144970942	8.34898331377201	9.26573860205811
9.3545169553151	0.270066485324332	8.82518664407941	9.8838472665508
8.9109109930703	0.217147637783494	8.48530162301466	9.33652036312595
9.54282679598867	0.245668902595527	9.06131574690144	10.0243378450759
9.22416700490825	0.255959279490817	8.72248681710625	9.72584719271025
9.26726177853702	0.242188751852242	8.79257182490663	9.74195173216742
8.80799488964313	0.258366827445956	8.30159590784905	9.3143938714372
8.87264508932314	0.22989010231661	8.42206048878258	9.32322968986369
8.63695935285684	0.227735315063458	8.19059813533246	9.08332057038122
8.96090283088181	0.221748652642441	8.52627547170263	9.395530190061
8.94873405110179	0.207362300515345	8.54230394209171	9.35516416011187
8.94727548616826	0.256629218884527	8.44428221715458	9.45026875518193
9.21901726238157	0.278428564973058	8.67329727503438	9.76473724972876
8.99997081292131	0.249835565002514	8.51029310551638	9.48964852032624
9.31283024362496	0.223938377680097	8.87391102337197	9.75174946387795
8.99578537293372	0.262681267111811	8.48093008939457	9.51064065647287
9.2936181180626	0.246155643207897	8.81115305737512	9.77608317875008
9.0714401417845	0.262890785163719	8.55617420286361	9.58670608070539
8.94569300132289	0.245265104192976	8.46497339710465	9.42641260554112
8.7159206110337	0.220480124060243	8.28377956787562	9.14806165419177
8.95178158743736	0.236479899522282	8.48828098437369	9.41528219050103
8.91976981929964	0.264136434546179	8.40206240758912	9.43747723101015
8.62056557718128	0.230201439186185	8.16937075637636	9.0717603979862
9.35789633188914	0.253721710794777	8.86060177873138	9.85519088504691
9.14833234124634	0.231367110128163	8.69485280539514	9.60181187709754
8.83115113287307	0.275993384323872	8.29020409959828	9.37209816614786
9.24909797214661	0.24659411298551	8.76577351069501	9.73242243359821
9.22733959728682	0.258615406571022	8.72045340040762	9.73422579416603
9.23162333655425	0.253258698953839	8.73523628660473	9.72801038650378
8.79384947820233	0.212251337964593	8.37783685579173	9.20986210061293
9.22815938102526	0.234275183002456	8.76898002234045	9.68733873971007
9.28150253065805	0.307652213954491	8.67850419130725	9.88450087000885
8.69692125811023	0.221087642637908	8.26358947853993	9.13025303768053
8.97268363613217	0.256258945826734	8.47041610231177	9.47495116995257
8.68857662595191	0.217336243412014	8.26259758886436	9.11455566303946
8.90023971575917	0.265882258997655	8.37911048812376	9.42136894339457
9.12141463259982	0.263151606321558	8.60563748420957	9.63719178099008
8.71702459312003	0.24260908736989	8.24151078187505	9.19253840436502
8.83375955765562	0.237366838023617	8.36852055512933	9.29899856018191
8.80830778718516	0.24450763113245	8.32907283016556	9.28754274420476
8.98076354145749	0.236667191082849	8.51689584693511	9.44463123597987
9.39532963935075	0.246541404935609	8.91210848567696	9.87855079302454
9.02305229970316	0.249431834008567	8.53416590504637	9.51193869435995
9.26507717776945	0.260469231171743	8.75455748467283	9.77559687086606
9.46984063583703	0.286803901272015	8.90770498934388	10.0319762823302
8.9099686427723	0.287749253033671	8.34598010682631	9.4739571787183
9.19790826635673	0.278386509679992	8.65227070738394	9.74354582532952
9.00551654270851	0.253448649387581	8.50875718990885	9.50227589550817
9.71115604429433	0.282106602720917	9.15822710296134	10.2640849856273
8.98701763686782	0.245626752282128	8.50558920239485	9.46844607134079
9.06126406923887	0.262002676292356	8.54773882370585	9.57478931477189
9.40980713460896	0.232682244698772	8.95374993499936	9.86586433421855
9.39258892460355	0.230719620439046	8.94037846854302	9.84479938066408
9.24638296997307	0.262039829383328	8.73278490438175	9.7599810355644
8.94912133467681	0.345916184139844	8.27112561376271	9.6271170555909
9.42925499542001	0.307860426945731	8.82584855860638	10.0326614322336
9.16201262673513	0.242428505401812	8.68685275614758	9.63717249732268
8.92352806601474	0.239768790745936	8.4535812361527	9.39347489587677
8.64854808398469	0.254044855740281	8.15062016673374	9.14647600123564
8.71783201062749	0.214322402736781	8.2977601012634	9.13790391999159
9.05164032732599	0.242478232025618	8.57638299255578	9.5268976620962
8.77239104529131	0.218563179336992	8.34400721379081	9.20077487679181
8.83348984056517	0.241804389253827	8.35955323762767	9.30742644350267
9.2160375901254	0.244214469676729	8.73737722955901	9.69469795069178
8.95373129202698	0.318743603199538	8.32899382975589	9.57846875429807
9.12214301399818	0.242339080214085	8.64715841677858	9.59712761121779
8.82697117436393	0.25423250357362	8.32867546735964	9.32526688136823
8.96453337513389	0.220623547590043	8.5321112218574	9.39695552841038
8.7762913686058	0.27965290425848	8.22817167625918	9.32441106095242
8.80377998639171	0.260004433464777	8.29417129680075	9.31338867598268
8.87459923959924	0.231144834593974	8.42155536379505	9.32764311540343
8.6660600681857	0.237907176725282	8.19976200180414	9.13235813456725
9.08016946942166	0.239882746864884	8.60999928556649	9.55033965327684
9.14437251630239	0.217773524726239	8.71753640783896	9.57120862476582
8.82193365842806	0.256076262773103	8.32002418339278	9.32384313346335
8.80566800662115	0.241613353101267	8.33210583454266	9.27923017869963
8.76648124575782	0.247133371179983	8.28209983824505	9.25086265327058
9.58902491570969	0.37437539709855	8.85524913739653	10.3228006940228
8.95987565006752	0.227839971746402	8.51330930544457	9.40644199469047
8.76417347323183	0.21689994977743	8.33904957166807	9.18929737479559
9.18777232536837	0.251213891901793	8.69539309724086	9.68015155349589
8.55775373569201	0.207725339651892	8.1506120699743	8.96489540140972
8.92957727536926	0.231456809514415	8.47592192872101	9.38323262201751
8.78950681111568	0.215319869262774	8.36747986736064	9.21153375487071
8.91084626198032	0.452459693033944	8.02402526363379	9.79766726032685
9.01898616190946	0.33496352536641	8.3624576521913	9.67551467162762
8.82648517547682	0.211450135899963	8.4120429091129	9.24092744184075
9.07330859777328	0.238918503136711	8.60502833162532	9.54158886392123
8.84452234944263	0.26186192397392	8.33127297845374	9.35777172043151
9.04665445889426	0.23781753030899	8.58053209948864	9.51277681829988
9.31653367012954	0.246361489251085	8.83366515119741	9.79940218906166
9.2631871404263	0.237004849871666	8.79865763467783	9.72771664617476
9.05179229620566	0.254473154714938	8.55302491296438	9.55055967944694
8.83505642884896	0.255357968163791	8.33455481124793	9.33555804644999
8.8032582443369	0.227801946770419	8.35676642866687	9.24975006000692
8.86039431441999	0.250885591326167	8.3686585554207	9.35213007341928
8.9300132540117	0.225694878754124	8.48765129165362	9.37237521636979
8.9477645602156	0.265802074670048	8.42679249386231	9.4687366265689
8.47215079795482	0.306788013894454	7.87084629072169	9.07345530518795
9.10778903798894	0.285202047306076	8.54879302526903	9.66678505070885
8.80730168861287	0.208718239276476	8.39821393963098	9.21638943759476
9.98139142160525	0.405826988746109	9.18597052366287	10.7768123195476
9.1819327404292	0.311104492308326	8.57216793550488	9.79169754535352
8.9312285856988	0.259707950957442	8.42220100182222	9.44025616957539
9.00176109751138	0.251109553321743	8.50958637300077	9.493935822022
8.92262100067452	0.260511639534364	8.41201818718716	9.43322381416187
9.28404639681532	0.244382215236909	8.80505725495098	9.76303553867966
9.31592930929772	0.264509342394955	8.79749099820361	9.83436762039183
9.16737333899598	0.246571039440662	8.68409410169228	9.65065257629967
8.81287093492276	0.234907660043304	8.35245192123788	9.27328994860764
9.15681959900239	0.2303316937165	8.70536947931805	9.60826971868673
9.17710646651692	0.272264625927659	8.64346779969871	9.71074513333513
9.02300701751564	0.456711288968638	8.12785289113711	9.91816114389417
9.52253947278143	0.282754905549337	8.96833985790473	10.0767390876581
9.14352783844789	0.241160273239304	8.67085370289886	9.61620197399693
9.05755577878546	0.22592890035839	8.61473513408301	9.5003764234879
9.21575200900393	0.246278699778735	8.73304575743761	9.69845826057026
9.03592125333225	0.231268234265783	8.58263551417132	9.48920699249319
8.8447983303877	0.238151584528646	8.37802122471156	9.31157543606385
8.68826563948464	0.261529992159819	8.17566685485139	9.20086442411788
9.03360129230201	0.240775690075772	8.5616809397535	9.50552164485052
9.11526706289223	0.305705461549648	8.51608435825492	9.71444976752955
8.92675102419671	0.280190271576846	8.3775780919061	9.47592395648733
8.82922818804789	0.243083616137672	8.35278430041805	9.30567207567772
9.00417206839427	0.25643069851595	8.50156789930301	9.50677623748553
8.79602970603881	0.237562181066566	8.33040783114834	9.26165158092927
9.27399101032565	0.331861795292086	8.62354189155316	9.92444012909814
8.95194656279022	0.244340554133422	8.47303907668871	9.43085404889172
8.61451071410232	0.230498103476938	8.16273443128752	9.06628699691712
9.31900853589027	0.24313709520219	8.84245982929398	9.79555724248656
9.65612464321958	0.290840022883097	9.08607819836871	10.2261710880705
9.14159744984909	0.282273626124993	8.58834114264411	9.69485375705408
8.91000392675938	0.239083628212386	8.44140001546311	9.37860783805566
8.85302685797268	0.23024430049646	8.40174802899962	9.30430568694574
9.09470770047805	0.265586610209556	8.57415794446732	9.61525745648878
8.95475287084295	0.298651865875446	8.36939521372708	9.54011052795883
9.29785628012249	0.249416198496364	8.80900053106962	9.78671202917537
9.25049149539552	0.237843470248591	8.78431829370828	9.71666469708276
8.48726393225143	0.346547254748531	7.80803131294431	9.16649655155855
8.79449617182294	0.231698456817709	8.34036719646024	9.24862514718565
8.69164336660619	0.206722795102652	8.28646668820499	9.09682004500738
8.75821490355192	0.264812636225265	8.2391821365504	9.27724767055344
9.37713807560481	0.242120940191409	8.90258103282965	9.85169511837997
9.30126747944074	0.293833189621823	8.72535442778197	9.87718053109952
8.77635918017675	0.228906363383394	8.3277027079453	9.22501565240821
9.29194423889327	0.268164298549097	8.76634221373704	9.8175462640495
9.0965872019931	0.224439999078107	8.65668480380001	9.53648960018619
9.0259890009882	0.270953309966072	8.4949205134547	9.5570574885217
9.32032037137671	0.267659029763012	8.79570867304121	9.84493206971221
8.86951787219322	0.289332740134415	8.30242570152976	9.43661004285667
9.04113977907291	0.275795037372054	8.50058150582369	9.58169805232214
8.990288793268	0.250019098357568	8.50025136048716	9.48032622604883
8.90796971776733	0.226438460339979	8.46415033550097	9.35178910003368
8.70596013832239	0.687009873907206	7.35942078546427	10.0524994911805
8.95566568051236	0.233247055876427	8.49850145099457	9.41282991003016
8.93506962630894	0.246550218555903	8.45183119793937	9.41830805467851
8.70617625276484	0.211619711665059	8.29140161790133	9.12095088762836
9.29244442020968	0.253843494865683	8.79491117027294	9.78997767014642
8.75624093622341	0.261350399301109	8.24399415359323	9.26848771885358
9.22081907760313	0.232172862967258	8.76576026618731	9.67587788901896
9.20438231244515	0.304411957661196	8.60773487542921	9.8010297494611
9.38145692545061	0.243804786649974	8.90359954361666	9.85931430728456
8.87130599820505	0.225524484020897	8.42927800952409	9.31333398688601
9.37014959386284	0.220354766335306	8.93825425184564	9.80204493588004
8.46108507472186	0.226011082132594	8.01810335374198	8.90406679570175
9.00478627405033	0.273741044049063	8.46825382771417	9.54131872038649
9.07670993305399	0.282181601305008	8.52363399449617	9.6297858716118
9.02838849035784	0.223959457749682	8.58942795316846	9.46734902754722
8.77630158036239	0.206551720038116	8.37146020908769	9.1811429516371
8.2574213982057	0.23960444021148	7.7877966953912	8.7270461010202
8.61404465475112	0.313797455741973	7.99900164149686	9.22908766800539
9.50466397149808	0.235827985669764	9.04244111958534	9.96688682341082
9.05839185088479	0.234380596167547	8.5990058823964	9.51777781937319
8.9565871732382	0.29746849087776	8.37354893111779	9.53962541535861
9.14373419979473	0.250975445022423	8.65182232755078	9.63564607203867
9.01719248154812	0.25806379030478	8.51138745255075	9.52299751054549
9.36023327483607	0.241984453849663	8.88594374529073	9.83452280438141
8.92935815404572	0.253359525003462	8.43277348503893	9.4259428230525
9.35199847547309	0.335744801361736	8.69393866480408	10.0100582861421
9.10736394425857	0.222073000340255	8.67210086359167	9.54262702492547
8.66116627500803	0.224624954875583	8.22090136345189	9.10143118656417
8.89552925311206	0.225329253747334	8.45388391576728	9.33717459045683
9.21445971520611	0.297198400251702	8.63195085071277	9.79696857969944
8.84807526513568	0.254462622900534	8.34932852425064	9.34682200602073
8.97354560389796	0.2253339301058	8.5318911008906	9.41520010690533
8.85037881269701	0.364606291966021	8.13575048044361	9.56500714495041
9.46859867215866	0.306782364381025	8.86730523797185	10.0698921063455
8.83341989874975	0.242333753462219	8.35844574196381	9.3083940555357
8.56330183922531	0.226672628948491	8.11902348648627	9.00758019196436
9.17314482288348	0.243254833945288	8.69636534835072	9.64992429741625
9.1885394932078	0.264324529387047	8.67046341560919	9.70661557080641
8.99723142138678	0.236613395752857	8.53346916571118	9.46099367706239
8.90141849350352	0.213927000675875	8.48212157217881	9.32071541482823
8.67078624109661	0.241551580753889	8.19734514281898	9.14422733937423
9.2251292913189	0.222159016352401	8.78969761926819	9.66056096336961
9.33178028033098	0.24095024236169	8.85951780530207	9.80404275535989
9.13369239981322	0.21922360281298	8.70401413829978	9.56337066132667
9.18788971928741	0.247045180236358	8.70368116602415	9.67209827255067
8.86445752343211	0.254102000649662	8.36641760215877	9.36249744470545
8.90146520277072	0.264763931448209	8.38252789713223	9.42040250840921
9.02269573425585	0.209017545734761	8.61302134461572	9.43237012389598
8.75692088160843	0.216839788722322	8.33191489571268	9.18192686750418
8.8675207682779	0.217255279282908	8.4417004208834	9.2933411156724
9.1688485220986	0.238820215737131	8.70076089925383	9.63693614494338
8.79533474917923	0.267984668810948	8.27008479830977	9.32058470004869
9.16662247489351	0.233920559079583	8.70813817909753	9.62510677068949
8.88972220496373	0.239619831367435	8.42006733548356	9.3593770744439
9.0130575387133	0.212099633447391	8.59734225715641	9.42877282027018
8.98056786504125	0.247127946549867	8.49619708980351	9.46493864027899
9.08174743629502	0.232927784749639	8.62520897818573	9.53828589440432
8.7791720114796	0.228356527530399	8.33159321752002	9.22675080543918
8.76779074053992	0.232649665176962	8.31179739679308	9.22378408428677
8.91318087548996	0.224458849443074	8.47324153058154	9.35312022039839
8.79513973893713	0.267581253114837	8.27068048283205	9.31959899504221
8.90033314769513	0.242023150518021	8.42596777267981	9.37469852271045
8.70923777353027	0.255637975146306	8.20818734224351	9.21028820481703
8.62584931087994	0.247256743521878	8.14122609357706	9.11047252818282
9.13597162375582	0.247252204775069	8.65135730239668	9.62058594511496
9.19945626011423	0.266941775474755	8.67625038018371	9.72266214004475
9.05272136535221	0.270847876335733	8.52185952773417	9.58358320297025
9.23819808482886	0.214719555958515	8.81734775515017	9.65904841450755
8.97026151698403	0.268615813691798	8.4437745221481	9.49674851181996
8.91816223169813	0.217032946344848	8.49277765686223	9.34354680653403
9.08534534505883	0.279199854446345	8.53811363034399	9.63257705977366
9.16637352712518	0.232016017528197	8.71162213276991	9.62112492148044
9.15079309330579	0.357805256113432	8.44949479132347	9.85209139528812
8.89779460000879	0.249430562459443	8.40891069758828	9.3866785024293
9.20404478702142	0.258495180280518	8.6973942336716	9.71069534037124
8.58155903839125	0.28556598604818	8.02184970573682	9.14126837104568
8.65905661626123	0.245853289046796	8.17718416972951	9.14092906279295
9.03223274191209	0.245896075670831	8.55027643359726	9.51418905022692
9.03982218678447	0.259007256744606	8.53216796356505	9.5474764100039
9.00395968935167	0.266622487680509	8.48137961349787	9.52653976520547
8.95523977385577	0.22261862661432	8.5189072656917	9.39157228201984
8.90630386930925	0.251979467429392	8.41242411314764	9.40018362547086
9.30625683317975	0.268537181793986	8.77992395686353	9.83258970949596
9.25892811934689	0.228923341552338	8.81023836990431	9.70761786878947
9.02571238942595	0.244191570028653	8.54709691216979	9.50432786668211
8.60423974494167	0.232667373002638	8.14821169385649	9.06026779602684
9.02356327581354	0.230220088938107	8.57233190149485	9.47479465013223
8.91551911867428	0.226029371531814	8.47250155047192	9.35853668687663
8.99442918115521	0.232959017980501	8.53782950591343	9.45102885639699
8.84337814761317	0.209985100085739	8.43180735144512	9.25494894378122
8.54477769023064	0.297234277117375	7.96219850708058	9.12735687338069
8.73691164730216	0.270154484628975	8.20740885742937	9.26641443717495
9.42345786372256	0.290069311337424	8.85492201350121	9.99199371394391
9.07145762232576	0.224240018107822	8.63194718683443	9.5109680578171
9.41609335238279	0.273719097492233	8.87960392129802	9.95258278346757
8.89030147899222	0.220752675072785	8.45762623584956	9.32297672213488
8.97208234620713	0.217877615257109	8.54504222030319	9.39912247211106
9.27339282273888	0.304371307954741	8.67682505914759	9.86996058633017
8.89851638773274	0.243057799708989	8.42212310030312	9.37490967516236
8.8454584110722	0.265062325584328	8.32593625292692	9.36498056921748
9.41176405219172	0.227126647640063	8.9665958228172	9.85693228156624
8.65027079221416	0.258671328543566	8.14327498826877	9.15726659615954
9.50219481911857	0.247507544605258	9.01708003169227	9.98730960654488
9.01476956431093	0.2256617032529	8.57247262593524	9.45706650268661
8.89488267510112	0.227023773161417	8.44991607970474	9.3398492704975
9.10692207351157	0.224475051290874	8.66695097298146	9.54689317404168
9.47030298918952	0.221171321220258	9.03680719959781	9.90379877878122
9.21813865480552	0.266511353061281	8.69577640280541	9.74050090680563
8.74266060197345	0.232658474664799	8.28664999163045	9.19867121231646
9.06678400951251	0.250161317491259	8.57646782722964	9.55710019179538
8.66893827533488	0.225393775174371	8.22716647599312	9.11071007467665
8.97558097572885	0.209377099756538	8.56520186020604	9.38596009125167
9.30590782597974	0.231714137737929	8.8517481160134	9.76006753594608
8.9547270386862	0.240195232060803	8.48394438384702	9.42550969352537
9.23802102702385	0.233822245631908	8.77972942558531	9.69631262846239
8.79795943943513	0.299734104915753	8.21048059380025	9.38543828507
9.02446913292658	0.26002029651639	8.51482935175445	9.5341089140987
8.74695971109711	0.229285534484896	8.29756006350672	9.19635935868751
9.08483941712663	0.249378881251198	8.59605680987428	9.57362202437898
8.86508387767352	0.232311749202653	8.40975284923632	9.32041490611072
9.35672570789878	0.23751133281863	8.89120349557426	9.82224792022329
9.03066244691158	0.290340935702254	8.46159421293516	9.59973068088799
8.72334581066861	0.235543206346128	8.2616811262302	9.18501049510702
9.34964605261905	0.235118456520899	8.88881387783809	9.81047822740001
8.99282777199321	0.297758171613961	8.40922175562984	9.57643378835657
8.49952313133068	0.252737963234726	8.00415672339061	8.99488953927074
8.94858269738073	0.242460686648292	8.47335975155008	9.42380564321138
9.2912580868477	0.257745071683211	8.7860777463486	9.79643842734679
9.07262322787718	0.212412187372079	8.6562953406279	9.48895111512645
9.01207415743105	0.352086453049825	8.3219847094534	9.70216360540871
9.33877096190612	0.280913695293943	8.78818011912999	9.88936180468225
8.85293549149874	0.23486643312263	8.39259728257839	9.31327370041909
8.72935510061984	0.246298088169712	8.24661084780721	9.21209935343248
9.01190215543694	0.229902904545543	8.56129246252768	9.4625118483462
9.42483202334045	0.247394149848157	8.93993948963806	9.90972455704283
8.85694862979907	0.253385458459799	8.36031313121787	9.35358412838028
8.77294696973088	0.284645416388185	8.21504195361004	9.33085198585173
9.05977870323186	0.274472926095578	8.52181176808452	9.59774563837919
9.20605099463141	0.27624575268877	8.66460931936142	9.7474926699014
9.03178584601845	0.243712745634444	8.55410886457494	9.50946282746196
8.63945132664944	0.258408350062748	8.13297096052645	9.14593169277243
9.10638407157557	0.241256035562872	8.63352224187234	9.5792459012788
9.42748037151687	0.268700267823225	8.90082784658335	9.95413289645039
8.87894647938703	0.233381222822624	8.42151928265469	9.33637367611937
9.28134847659268	0.262600140599659	8.76665220101735	9.79604475216801
8.50566686558465	0.228745673372814	8.05732534577394	8.95400838539537
8.59315544780623	0.257511382447732	8.08843313820868	9.09787775740378
8.94463303317186	0.210268875669627	8.53250603685939	9.35676002948433
8.77357612005638	0.313357602827845	8.15939521851381	9.38775702159896
9.07831719105379	0.215100999608812	8.65671923182052	9.49991515028706
8.8516596628081	0.242326597936536	8.37669953085248	9.32661979476371
8.79053793822124	0.233935595102112	8.3320241718211	9.24905170462138
8.96480571706287	0.220034852662311	8.53353740584474	9.396074028281
9.2690119697255	0.260865504926648	8.75771558006927	9.78030835938173
8.76913676189552	0.431435354544561	7.92352346698818	9.61475005680286
8.54667764959167	0.214147451118646	8.12694864539912	8.96640665378422
8.78346021343452	0.282419267037982	8.22991845004008	9.33700197682897
9.05562565920021	0.22082442730014	8.62280978169193	9.48844153670848
8.91193193662855	0.238792608617162	8.44389842373891	9.37996544951818
8.89351329694125	0.264586247753317	8.37492425134475	9.41210234253775
8.916182061125	0.22156461717288	8.48191541146616	9.35044871078385
8.84066059799799	0.223921308818312	8.4017748327141	9.27954636328188
9.08737213399227	0.25386482893201	8.58979706928553	9.58494719869901
8.65258697651244	0.228241482405235	8.20523367099818	9.0999402820267
9.14363288182264	0.273356105797517	8.60785491445951	9.67941084918577
9.03784702262648	0.28580318031365	8.47767278921173	9.59802125604123
9.05757047431097	0.286083607951861	8.49684660272533	9.61829434589662
8.92632472830657	0.267842204759444	8.40135400697806	9.45129544963508
8.87727266232077	0.242782028196421	8.40141988705578	9.35312543758575
8.78920312781922	0.247151671466445	8.30478585174499	9.27362040389345
8.60640728482445	0.229441676574279	8.15670159873886	9.05611297091004
8.73331880469367	0.32883815280825	8.0887960251895	9.37784158419784
8.62241454540111	0.240072939000135	8.15187158496085	9.09295750584138
8.68299114660056	0.241039820818042	8.2105530977972	9.15542919540392
8.80188632482788	0.202929721276491	8.40414407112596	9.1996285785298
8.68905882477759	0.23264038911031	8.23308366212139	9.1450339874338
8.98951018577494	0.245201334874958	8.50891556942002	9.47010480212986
8.79314507235461	0.222981304902016	8.35610171474666	9.23018842996257
9.2563626077947	0.287852190345239	8.69217231471804	9.82055290087137
8.69003215187438	0.265615723223041	8.16942533435722	9.21063896939154
9.34548206082771	0.255930785726397	8.84385772080398	9.84710640085145
8.7503797039955	0.225027565252494	8.30932567610061	9.19143373189038
8.7765028069237	0.289399647999565	8.20927949684455	9.34372611700285
9.07044977129296	0.261782130244047	8.55735679601463	9.58354274657129
8.87612200834091	0.225264138217355	8.43460429743489	9.31763971924692
8.56853083246859	0.253161143725307	8.07233499076699	9.06472667417019
9.00516988557407	0.232295406537271	8.54987088876102	9.46046888238712
9.18031840850873	0.251044512155002	8.68827116468493	9.67236565233254
8.9613557522593	0.230623216541047	8.50933424783885	9.41337725667975
9.29000037936305	0.312093893245463	8.67829634860194	9.90170441012415
8.78703414376895	0.276706720292499	8.24468897199565	9.32937931554225
9.01661870145375	0.238657346623477	8.54885030207173	9.48438710083576
9.18895052657231	0.314255442302354	8.57300985965969	9.80489119348492
8.89268517585936	0.286180291112356	8.33177180527914	9.45359854643958
8.64777031603352	0.242537262327927	8.17239728187078	9.12314335019626
8.82453532940866	0.224311191759463	8.38488539356011	9.26418526525721
8.91101108789235	0.23074529366224	8.45875031231436	9.36327186347034
8.8595279480395	0.256923439385288	8.35595800684433	9.36309788923466
9.0728352096647	0.234276742338642	8.61365279468096	9.53201762464843
8.93621116352604	0.254659087163603	8.43707935268538	9.4353429743667
9.30650087089067	0.275203682437071	8.76710165331401	9.84590008846733
9.29364430762527	0.231150670427728	8.84058899358692	9.74669962166361
9.03991595450115	0.232070558468951	8.585057659902	9.49477424910029
8.98267012118934	0.248600634189065	8.49541287817877	9.4699273641999
8.60405591807727	0.22360956656607	8.16578116760777	9.04233066854676
8.71067894369626	0.236247641892657	8.24763356558666	9.17372432180587
8.72746412418208	0.288351083426513	8.16229600066612	9.29263224769805
8.84695452729836	0.254887862636935	8.34737431652997	9.34653473806675
9.40197986951286	0.236367490664161	8.9386995878111	9.86526015121461
9.24686293843814	0.247733498370806	8.76130528163136	9.73242059524492
8.90152120611883	0.28434192654506	8.34421103009051	9.45883138214715
8.87773178504256	0.268300991289599	8.35186184211494	9.40360172797017
8.81741550629052	0.22044834736636	8.38533674545245	9.24949426712858
9.16836902786529	0.239666638205854	8.69862241698181	9.63811563874876
9.33032926709181	0.253809612535981	8.83286242652128	9.82779610766233
8.68476892897805	0.221679925219622	8.25027627554759	9.11926158240851
9.08894879011256	0.355350100793494	8.39246259255731	9.78543498766781
9.10222112774992	0.270692526698421	8.57166377542101	9.63277848007882
9.02493952484713	0.280271879483829	8.47560664105882	9.57427240863543
8.7134623842333	0.224031931673746	8.27435979815275	9.15256497031384
9.29487598862	0.292103056304849	8.7223539982625	9.86739797897751
8.64221460355104	0.251635945474624	8.14900815042077	9.1354210566813
8.81622063018932	0.244990190999305	8.33603985583069	9.29640140454796
9.02678322912302	0.211993943648089	8.61127509957277	9.44229135867328
9.25407578030714	0.251409354016771	8.76131344643427	9.74683811418001
9.02198490402626	0.236729559239066	8.55799496791769	9.48597484013483
9.07660781209424	0.240734214893463	8.60476875090306	9.54844687328543
9.31603854495375	0.237268739600904	8.85099181533597	9.78108527457152
9.15663420135758	0.267721323740258	8.63190040682667	9.68136799588848
8.89122345626605	0.406826114124446	8.09384427258214	9.68860263994996
9.06151631946914	0.437114900184492	8.20477111510754	9.91826152383075
9.05605606618461	0.239484583913717	8.58666628171373	9.5254458506555
8.98877311853426	0.24194472268577	8.51456146207015	9.46298477499837
9.35603136252611	0.240095003745988	8.88544515518397	9.82661756986825
8.68591200610375	0.21688893911379	8.26080968544072	9.11101432676678
8.93765726694125	0.2838008517734	8.38140759746538	9.49390693641711
8.49987835200996	0.222281263080221	8.06420707637273	8.9355496276472
8.8274984732477	0.246651680069543	8.3440611803114	9.31093576618401
8.96066621290711	0.228366350203087	8.51306816650905	9.40826425930516
9.05530520284491	0.249051474160748	8.56716431348985	9.54344609219998
9.02016743611241	0.247023193208442	8.53600197742387	9.50433289480096
9.1041608243555	0.244128990453029	8.62566800306757	9.58265364564344
9.2017116927326	0.241867014336811	8.72765234463245	9.67577104083275
9.36569710684132	0.244477857542579	8.88652050605786	9.84487370762477
8.91765050549683	0.22583945102841	8.47500518148114	9.36029582951251
9.09032772127714	0.321910414441428	8.45938330897195	9.72127213358234
8.85191730306408	1.44157472391915	6.02643084418255	11.6774037619456
8.98406962271071	0.264788104435193	8.46508493801773	9.50305430740368
8.84140754519703	0.231837059033231	8.3870069094919	9.29580818090217
8.9326223703596	0.222964267200533	8.49561240664655	9.36963233407264
8.73214213005586	0.210439936783333	8.31967985396053	9.1446044061512
9.49124677252511	0.294742093670873	8.91355226893019	10.06894127612
9.11181398413799	0.253365702788823	8.61521720667189	9.60841076160408
9.16356559257928	0.229153443811112	8.7144248427095	9.61270634244906
9.21688425401102	0.228854785860319	8.7683288737248	9.66543963429725
9.23895798754455	0.228839530682902	8.79043250740607	9.68748346768304
8.94614439486779	0.22990542930437	8.49552975343123	9.39675903630435
8.97717179935216	0.244269151231555	8.49840426293831	9.455939335766
8.99609880657229	0.235271556140366	8.53496655653717	9.45723105660741
9.18491168695345	0.26438845700506	8.66671031122353	9.70311306268337
8.63974810633598	0.296030981883817	8.0595273818437	9.21996883082826
9.28940899622754	0.224314180163612	8.84975320310686	9.72906478934822
8.87602805373485	0.24310566789902	8.39954094465277	9.35251516281693
9.05545836070287	0.226874950842116	8.61078345705232	9.50013326435342
9.08764606651555	0.234072421665778	8.62886412005063	9.54642801298047
8.96024191090864	0.230343414434105	8.50876881861779	9.41171500319948
8.74815835380612	0.323020722980332	8.11503773676466	9.38127897084757
8.98829672838915	0.277154707926631	8.44507350085295	9.53151995592535
8.80634067621051	0.256401843569179	8.30379306281492	9.3088882896061
8.53064937402381	0.255821669957632	8.02923890090685	9.03205984714077
8.87590137091811	0.235349192708309	8.41461695320983	9.3371857886264
9.33065461003718	0.229358753431062	8.88111145331229	9.78019776676206
8.64883042624245	0.227844476702085	8.20225525190637	9.09540560057854
8.48219962706096	0.249943465136219	7.99231043539397	8.97208881872795
9.27894904551565	0.27475897131959	8.74042146172926	9.81747662930205
8.86173553886873	0.233188161816789	8.40468674170783	9.31878433602964
8.8156084326722	0.296345238425059	8.23477176535909	9.39644509998532
8.98842681863248	0.335206878046295	8.33142133766175	9.64543229960322
9.08459306297393	0.257260505216592	8.58036247274941	9.58882365319845
9.36612902291187	0.305675346037785	8.76700534467782	9.96525270114593
9.0559828161156	0.263589327750761	8.53934773372411	9.57261789850709
8.81817889262919	0.231286612062941	8.36485713298583	9.27150065227256
9.29041825429624	0.272570347495234	8.75618037320559	9.8246561353869
8.86539141223843	0.255579575591177	8.36445544407973	9.36632738039714
9.43343595126992	0.229044781688299	8.98450817916085	9.88236372337898
8.92579327505129	0.285177017917182	8.36684631993361	9.48474023016896
9.0511694548867	0.267769653373242	8.52634093427514	9.57599797549825
8.77511510969931	0.238456396420583	8.30774057271497	9.24248964668366
9.31420616734776	0.233836883854979	8.855885874992	9.77252645970352
9.36575029659161	0.220512453980382	8.93354588679007	9.79795470639316
8.85522933371964	0.262035502880271	8.34163974807431	9.36881891936497
9.33357655602547	0.290013492202682	8.76515011130821	9.90200300074273
9.16377556984535	0.360132667950729	8.45791554066193	9.86963559902878
8.80667010095171	0.239447612877279	8.33735277971225	9.27598742219118
9.17917540462017	0.225363457378992	8.73746302815734	9.62088778108299
8.92938693024871	0.251763689841606	8.43593009815917	9.42284376233826
9.12477223327057	0.227844723996162	8.67819657423809	9.57134789230305
8.91241083157357	0.246983427022716	8.42832331460905	9.39649834853809
9.191300545534	0.238103325499899	8.7246180275542	9.6579830635138
9.08866880043555	0.233719074045141	8.63057941530708	9.54675818556403
8.90787358746368	0.236154043928019	8.44501166136476	9.37073551356259
9.03622847191728	0.229605930483464	8.58620084816969	9.48625609566487
9.03015947850411	0.224232030512845	8.59066469869893	9.46965425830928
9.06891641442826	0.343461277736872	8.39573231006399	9.74210051879253
9.00166212814618	0.247966093653454	8.51564858458542	9.48767567170695
8.97814953248291	0.255193624442962	8.4779700285747	9.47832903639111
9.38621869378774	0.234227171337447	8.92713343796635	9.84530394960914
9.34034043162652	0.276582965318276	8.79823781960269	9.88244304365034
9.27399656504611	0.261198741268204	8.76204703216043	9.78594609793179
9.45410557537784	0.38227836956765	8.70483997102524	10.2033711797304
9.30442520372517	0.283564546521224	8.74863869254357	9.86021171490677
9.20074786266109	0.215418231326478	8.7785281292612	9.62296759606099
9.09775776291145	0.238992495791036	8.62933247116102	9.56618305466188
8.81342396991225	0.317558321211494	8.19100966033772	9.43583827948678
8.88510937368845	0.298632113549295	8.29979043113183	9.47042831624506
8.75424788111403	0.24716364913913	8.26980712880134	9.23868863342673
8.67168251863826	0.22608229733257	8.22856121586642	9.1148038214101
9.43273647502555	0.247719545285999	8.94720616626499	9.91826678378611
9.07048197156748	0.231043390975057	8.61763692525636	9.52332701787859
9.37595122296915	0.248899821878851	8.8881075720866	9.8637948738517
8.84649096074331	0.239145151922726	8.37776646297477	9.31521545851185
9.14725305495043	0.267202449143871	8.62353625462845	9.67096985527242
8.78455827771579	0.236961505723049	8.32011372649861	9.24900282893296
8.51877039309614	0.244325687390095	8.03989204581156	8.99764874038073
9.13061219390249	0.231605268219796	8.67666586819169	9.58455851961329
8.90111147233448	0.26580822908811	8.38012734332178	9.42209560134718
9.15388371311799	0.270561123841451	8.62358391038875	9.68418351584724
9.04133949703124	0.319989205456355	8.41416065433679	9.6685183397257
8.89118179059725	0.218080371046846	8.46374426334543	9.31861931784907
9.02108147210487	0.220110134424924	8.58966560863202	9.45249733557773
9.43519294135409	0.332147331056758	8.78418417248284	10.0862017102253
8.94586552427658	0.201611930588942	8.55070614032226	9.34102490823091
8.89360893794566	0.236136009414833	8.43078235949259	9.35643551639874
8.77595867959821	0.234969112717566	8.31541921867178	9.23649814052464
8.95574900800431	0.249660052723953	8.46641530466537	9.44508271134326
8.97915632010927	0.225913833268668	8.53636520690268	9.42194743331586
9.08132092649242	0.233431183144285	8.62379580752962	9.53884604545522
9.36874551009712	0.273354623289302	8.83297044845009	9.90452057174416
8.81788517714681	0.265930766197765	8.29666087539919	9.33910947889443
8.88668091642644	0.22469561967267	8.44627750186801	9.32708433098488
8.83190401800194	0.224343473009881	8.39219081090257	9.2716172251013
8.74744361193504	0.23389772504496	8.28900407084692	9.20588315302316
8.91431640267143	0.261530644142937	8.40171634015128	9.42691646519159
8.89081855233846	0.260386143870412	8.38046171035245	9.40117539432447
9.10848511045096	0.247476002998338	8.62343214457422	9.5935380763277
9.47001498795037	0.273993771666894	8.93298719548326	10.0070427804175
9.26315607151884	0.244745176149145	8.78345552626651	9.74285661677116
8.97061763422034	0.235591977766182	8.50885735779862	9.43237791064205
9.2205012115681	1.50730075584468	6.26619173011252	12.1748106930237
8.66887218917011	0.282661324063385	8.11485599400587	9.22288838433434
