estFinal_msm11	sdFinal_msm11	X1	X2
8.86844450451888	0.197963001869068	8.48043702085551	9.25645198818225
9.07909307558831	0.212964546678274	8.66168256409889	9.49650358707772
9.16222693054061	0.229893725509086	8.7116352285428	9.61281863253842
8.80451426261157	0.216127176867831	8.38090499595063	9.22812352927252
8.98859964372952	0.208255142997276	8.58041956345486	9.39677972400418
9.0141706775431	0.230900959625979	8.56160479667619	9.46673655841002
8.66963587401591	0.201786158948576	8.2741350024767	9.06513674555512
9.0624528287919	0.190467472155257	8.6891365833676	9.43576907421621
8.768533724588	0.223644077155315	8.33019133336359	9.20687611581242
8.9045413314316	0.21709993215192	8.47902546441384	9.33005719844937
8.93734710151698	0.252436007329212	8.44257252715173	9.43212167588224
9.06176530098638	0.241028659073051	8.5893491292032	9.53418147276956
8.86089704787785	0.220048320046129	8.42960234058744	9.29219175516826
9.32152869604028	0.239168162717529	8.85275909711392	9.79029829496664
9.00396265446047	0.240577315632319	8.53243111582112	9.47549419309981
9.21134696355946	0.228381220075658	8.76371977221117	9.65897415490775
9.23581645858113	0.222406940391872	8.79989885541306	9.6717340617492
8.84434713957309	0.219415861728258	8.41429205058571	9.27440222856048
8.80435280047453	0.210756670072762	8.39126972713191	9.21743587381714
8.87739874773774	0.201235430155945	8.48297730463209	9.27182019084339
8.92701449171582	0.199324692388792	8.53633809463379	9.31769088879786
8.91563126191578	0.220163895583438	8.48411002657225	9.34715249725932
9.02885876230578	0.233268660220645	8.57165218827332	9.48606533633825
8.98081751091105	0.201665984592583	8.58555218110959	9.37608284071251
9.05829684709592	0.206622017145281	8.65331769349117	9.46327600070068
8.74591827101918	0.215843269320453	8.32286546315109	9.16897107888727
8.94439066998515	0.230492554618683	8.49262526293253	9.39615607703777
8.83198309826633	0.223553245318312	8.39381873744244	9.27014745909022
8.91268556702942	0.213792514462236	8.49365223868344	9.3317188953754
9.06646022361087	0.21197507478519	8.6509890770319	9.48193137018985
9.01982747991769	0.217509043946277	8.59350975378299	9.4461452060524
8.84880807449089	0.209629296965082	8.43793465243933	9.25968149654245
8.85451963850778	0.199833999283359	8.4628449999124	9.24619427710316
8.74471695470037	0.209369863640931	8.33435202196415	9.1550818874366
9.23190083227419	0.220997507295837	8.79874571797435	9.66505594657403
9.11277164640141	0.228919031213854	8.66409034522225	9.56145294758056
8.93702796419326	0.211318287383169	8.52284412092225	9.35121180746427
8.58499967450121	0.210997746866595	8.17144409064269	8.99855525835974
8.73360296639137	0.203574049202076	8.3345978299553	9.13260810282744
9.03090352264498	0.214502390459639	8.61047883734409	9.45132820794587
8.77363393104025	0.202113801355697	8.37749088038309	9.16977698169742
9.19023425980162	0.228887635240154	8.74161449473092	9.63885402487232
8.66297239513308	0.198209696699467	8.27448138960212	9.05146340066403
8.87049710077683	0.194763195607341	8.48876123738644	9.25223296416722
8.84019509287456	0.198653190925819	8.45083483865995	9.22955534708916
9.00893259556691	0.204220640412775	8.60866014035787	9.40920505077595
9.10594157488851	0.232742168882781	8.64976692387826	9.56211622589876
9.23624689506377	0.214223437024648	8.81636895849546	9.65612483163208
9.06268329770708	0.23312176571479	8.60576463690609	9.51960195850807
9.02300929302483	0.2132254079919	8.6050874933607	9.44093109268895
9.18719303763653	0.218299968250909	8.75932509986475	9.61506097540831
8.94493404401193	0.219956491426022	8.51381932081693	9.37604876720693
8.59690647977266	0.208973468905019	8.18731848071882	9.00649447882649
9.06388593828353	0.210947516149201	8.6504288066311	9.47734306993597
8.70161789049972	0.214147516793047	8.28188875758534	9.12134702341409
8.80096227766762	0.210388221039206	8.38860136443078	9.21332319090446
9.0939669937678	0.212746634819007	8.67698358952255	9.51095039801305
8.44133276551289	0.212770407221183	8.02430276735937	8.85836276366641
8.99827548102675	0.211517969334344	8.58370026113144	9.41285070092206
9.05331573440757	0.219848274322146	8.62241311673617	9.48421835207898
8.9735808273795	0.208484618004946	8.56495097608981	9.3822106786692
9.15762248432086	0.208928440252869	8.74812274142523	9.56712222721648
9.12091802139653	0.215295026117662	8.69893977020591	9.54289627258714
9.00224673561607	0.209288421557899	8.59204142936258	9.41245204186955
9.01561247913192	0.211821553559806	8.6004422341547	9.43078272410914
8.95494987051255	0.212982871938488	8.53750344151311	9.37239629951199
8.7963727151739	0.191153817485736	8.42171123290186	9.17103419744594
8.99889190986567	0.230543211845217	8.54702721464905	9.4507566050823
9.1458232126997	0.241442948886703	8.67259503288176	9.61905139251764
9.39108815057031	0.257853687978678	8.8856949221321	9.89648137900852
8.86633454273027	0.182037796850226	8.50954046090382	9.22312862455671
8.99133005589633	0.210699597613362	8.57835884457414	9.40430126721852
8.93460234025888	0.229644252844844	8.48449960468298	9.38470507583477
8.98989339529211	0.233215687909415	8.53279064698965	9.44699614359456
8.6527238415398	0.209740759324857	8.24163195326308	9.06381572981652
9.16274503481332	0.219237872908881	8.73303880391192	9.59245126571473
8.73740554376479	0.206671166355099	8.33233005770879	9.14248102982078
9.17264206550907	0.212004021360406	8.75711418364267	9.58816994737547
9.26960373886638	0.224755192549093	8.82908356147015	9.7101239162626
8.54289046240319	0.192974413178552	8.16466061257322	8.92112031223315
9.01574550045768	0.217937959170306	8.58858710048388	9.44290390043148
8.92685131483458	0.204719217121549	8.52560164927634	9.32810098039282
9.02542224891507	0.225098036152469	8.58423009805623	9.46661439977391
8.87952331425615	0.232752707651132	8.42332800725993	9.33571862125237
9.07442679287954	0.234306022125333	8.61518698951389	9.53366659624519
9.03485092007172	0.217679499235436	8.60819910157027	9.46150273857318
9.15402959359247	0.22565897554017	8.71173800153374	9.59632118565121
9.05529619551992	0.208301231008413	8.64702578274343	9.46356660829641
9.10429581985722	0.221581459905787	8.66999615844188	9.53859548127257
9.65144272174122	0.239895549940377	9.18124744385808	10.1216379996244
8.84295294169164	0.192909023786504	8.4648512550701	9.22105462831319
9.25856333516633	0.241997608441546	8.7842480226209	9.73287864771176
8.66642557127196	0.199848591083632	8.27472233274804	9.05812880979587
8.88537725793414	0.204957428356716	8.48366069835498	9.28709381751331
8.80689086262221	0.230616880062472	8.35488177769977	9.25889994754466
8.82977928818704	0.214358909682392	8.40963582520955	9.24992275116453
8.69528832678157	0.20272407767288	8.29794913454273	9.09262751902042
8.67082574157651	0.195255870938188	8.28812423453766	9.05352724861535
9.04205904458405	0.227356615190817	8.59644007881005	9.48767801035805
9.26944713479578	0.247027218916131	8.78527378572016	9.7536204838714
9.09243722328864	0.231346653549496	8.63899778233163	9.54587666424566
8.96717846302756	0.224568697867679	8.52702381520691	9.40733311084821
8.57879376844923	0.204931468158419	8.17712809085873	8.98045944603973
8.79903139210409	0.2069480418181	8.39341323014062	9.20464955406757
9.35057103043573	0.215431403799977	8.92832547898777	9.77281658188368
8.96785718885263	0.257276728774997	8.46359480045364	9.47211957725163
8.97647611681022	0.230416637619324	8.52485950707635	9.4280927265441
8.88856438078897	0.212032981805326	8.47297973645053	9.30414902512741
8.88979351659534	0.207226780411362	8.48362902698907	9.29595800620161
9.30069035232931	0.21809246005026	8.8732291306308	9.72815157402782
9.2516179454646	0.241793728071966	8.77770223844355	9.72553365248565
9.06373734883126	0.204531530566046	8.66285554892181	9.46461914874071
8.792725382732	0.218356323620716	8.3647469884354	9.22070377702861
9.06870076681734	0.211921947673152	8.65333374937797	9.48406778425672
9.27070303648172	0.227002650971873	8.82577784057685	9.71562823238659
9.06181812178272	0.229092113473729	8.61279757937421	9.51083866419123
9.1513745640428	0.218336071536077	8.72343586383209	9.57931326425352
8.99447828532661	0.203644601781813	8.59533486583426	9.39362170481896
8.87169867706009	0.200039090784596	8.47962205912228	9.2637752949979
8.89003719751181	0.187962296697832	8.52163109598406	9.25844329903956
9.22125351750088	0.252240018293347	8.72686308164592	9.71564395335584
9.13014291093844	0.235796969277153	8.66798085115522	9.59230497072165
9.21019000698126	0.20678414733827	8.80489307819825	9.61548693576427
8.93526374168251	0.23832138549319	8.46815382611585	9.40237365724916
8.95358085929809	0.199104485956598	8.56333606682316	9.34382565177303
9.13571088868	0.213671636475791	8.71691448118745	9.55450729617255
9.06784344179495	0.216595685515684	8.64331589818421	9.49237098540569
8.71074205876787	0.223041944154762	8.27357984822454	9.1479042693112
9.23250949422241	0.22934296078439	8.78299729108501	9.68202169735982
9.06680010658568	0.245880836129556	8.58487366777175	9.54872654539962
9.20625665753634	0.227573844109346	8.76021192308202	9.65230139199065
8.88610256911874	0.221866927586604	8.451243391049	9.32096174718849
9.13573281216718	0.228281932216233	8.68830022502336	9.58316539931099
8.75922569301046	0.20309214585971	8.36116508712543	9.15728629889549
9.23953965791674	0.233700795834535	8.78148609808106	9.69759321775243
8.96196942830372	0.217608696434464	8.53545638329217	9.38848247331527
9.11765598157573	0.21136345249935	8.703383614677	9.53192834847446
8.68619754992134	0.180311006790678	8.33278797661161	9.03960712323107
9.04010976727207	0.213682532076717	8.62129200440171	9.45892753014244
8.58351295942506	0.198506021043574	8.19444115817965	8.97258476067046
8.9183973792815	0.219385058869048	8.48840266389817	9.34839209466484
8.84648962769854	0.220121189378951	8.4150520965158	9.27792715888129
9.03677438337578	0.219290970922451	8.60696408036778	9.46658468638379
8.66615043705426	0.207518777440775	8.25941363327034	9.07288724083818
9.07089039709212	0.225662997029109	8.62859092291507	9.51318987126918
8.95772988518452	0.211903467168773	8.54239908953373	9.37306068083531
9.19068607062342	0.222671643502805	8.75424964935792	9.62712249188892
8.40979667132437	0.20054009854817	8.01673807816995	8.80285526447878
9.48746150296418	0.233959195591353	9.02890147960513	9.94602152632323
9.08558926490437	0.234804008928482	8.62537340740455	9.5458051224042
9.48900087739207	0.223259266023211	9.05141271598657	9.92658903879756
8.74938754008519	0.213799983028442	8.33033957334945	9.16843550682094
8.72221327057263	0.218644032264923	8.29367096733338	9.15075557381188
9.06086378591213	0.25537322559473	8.56033226374646	9.56139530807781
9.13345310908396	0.214279887758309	8.71346452907768	9.55344168909025
8.85894307462632	0.207584069099547	8.45207829919121	9.26580785006143
9.10532235565509	0.231619246477094	8.65134863255999	9.5592960787502
8.92019217308017	0.234458836685632	8.46065285317633	9.37973149298401
8.59898940364788	0.226456789839705	8.15513409556206	9.0428447117337
8.98450059448805	0.207662368605872	8.57748235202054	9.39151883695556
9.09469678704573	0.231876955878377	8.64021795352411	9.54917562056735
9.20060959369327	0.217974339877887	8.77337988753261	9.62783929985393
8.68778744449475	0.214054880202792	8.26823987929728	9.10733500969222
8.95548072607347	0.233352755203638	8.49810932587433	9.4128521262726
9.18090225738149	0.224890042678494	8.74011777373164	9.62168674103134
9.03272256731816	0.240110112695833	8.56210674643432	9.50333838820199
9.18720256966831	0.227062188123423	8.74216068094641	9.63224445839022
9.14921804843613	0.21150695655373	8.73466441359082	9.56377168328144
9.03364955341157	0.209856956702039	8.62232991827558	9.44496918854757
8.88198914256654	0.209251337858395	8.47185652036408	9.29212176476899
8.91915570299446	0.218777269401282	8.49035225496795	9.34795915102097
8.79208872613976	0.214682910878748	8.37131022081742	9.21286723146211
8.67103529091	0.20915175535977	8.26109785040485	9.08097273141515
9.03700572982576	0.221556894354205	8.60275421689152	9.47125724276
9.08827488867057	0.201042545483166	8.69423149952357	9.48231827781758
8.95689236978213	0.210521266855035	8.54427068674626	9.369514052818
8.8502762804509	0.214904637326655	8.42906319129065	9.27148936961114
8.84473791664144	0.20670844720229	8.43958936012495	9.24988647315793
9.10295542630629	0.236833059465452	8.638762629754	9.56714822285857
9.05016763126376	0.212800636559107	8.63307838360791	9.46725687891961
8.97836810282402	0.21218019491699	8.56249492078672	9.39424128486132
9.09531567409683	0.232203189287002	8.6401974230943	9.55043392509935
9.17885147994108	0.232167258718498	8.72380365285282	9.63389930702933
8.72449133499353	0.232208791595141	8.26936210346705	9.17962056652
8.92326952750469	0.207728061056657	8.51612252783364	9.33041652717574
8.79420114696219	0.192967437442719	8.41598496957446	9.17241732434992
8.95572658799178	0.242788486660153	8.47986115413788	9.43159202184568
9.04185600591507	0.217713916103809	8.6151367303516	9.46857528147853
8.58030771972513	0.22256166195723	8.14408686228896	9.0165285771613
9.00594572909644	0.214389931362708	8.58574146362553	9.42614999456734
9.18843338517418	0.204409644664944	8.78779048163089	9.58907628871747
9.15063075832861	0.223598508240398	8.71237768217743	9.58888383447979
8.79682731193011	0.234854321232191	8.33651284231501	9.2571417815452
8.84975434778025	0.210673755600168	8.43683378680392	9.26267490875658
8.61914219908999	0.201829318180091	8.22355673545701	9.01472766272297
9.37467086613242	0.239130535974158	8.90597501562307	9.84336671664177
8.98752226636029	0.222049032791696	8.55230616208857	9.42273837063201
9.13813899153856	0.202842245432225	8.7405681904914	9.53570979258572
9.29879102335081	0.238933384256922	8.83048159020724	9.76710045649438
9.2941701215736	0.222353566453717	8.85835713132431	9.72998311182289
9.07768937626823	0.231447403267917	8.62405246586311	9.53132628667335
8.95780147712601	0.216059509773907	8.53432483796916	9.38127811628287
8.87414989713109	0.213404714706946	8.45587665630548	9.29242313795671
9.5598276808658	0.212108285617066	9.14409544105635	9.97555992067526
9.25882769443321	0.208406956498425	8.8503500596963	9.66730532917013
8.96486669758967	0.234767662993757	8.5047220781219	9.42501131705743
8.66712733172756	0.211507075964439	8.25257346283726	9.08168120061786
8.77673152184173	0.204727363748731	8.37546588889421	9.17799715478924
8.97069354092563	0.237883672286104	8.50444154324487	9.4369455386064
9.53389475960383	0.221651773180401	9.09945728417024	9.96833223503742
8.8405428847126	0.203691543284745	8.4413074598745	9.2397783095507
8.90825224002572	0.233907143161635	8.44979423942891	9.36671024062252
9.24731013299334	0.216692113946513	8.82259358965818	9.67202667632851
8.66185495033914	0.219320263451209	8.23198723397477	9.09172266670351
8.64549466884995	0.197583582504076	8.25823084714196	9.03275849055794
8.96226893537202	0.229820472626189	8.51182080902469	9.41271706171935
8.96548645314153	0.217192774584743	8.53978861495543	9.39118429132763
9.06048394456305	0.205970711678196	8.65678134967378	9.46418653945231
8.93508998324146	0.210774942052662	8.52197109681824	9.34820886966467
8.98324896778474	0.2107933575576	8.57009398697185	9.39640394859764
8.82668811038014	0.205698290116919	8.42351946175098	9.2298567590093
9.01866237321529	0.234841115942231	8.55837378596851	9.47895096046206
8.67660120024641	0.20732452383795	8.27024513352402	9.08295726696879
8.95633176252842	0.208563515819437	8.54754727152233	9.36511625353452
9.39931740846063	0.216905464801489	8.97418269744971	9.82445211947155
9.32477325084198	0.219032764250125	8.89546903291174	9.75407746877223
8.41286843659449	0.199059675872292	8.0227114718848	8.80302540130418
9.04774344885325	0.226544971212547	8.60371530527666	9.49177159242985
8.80668359964942	0.217171335399742	8.38102778226593	9.23233941703292
9.01017593733695	0.22443827672776	8.57027691495054	9.45007495972336
8.96803508004613	0.205335839831308	8.56557683397677	9.37049332611549
8.65954494251006	0.205363295286622	8.25703288374829	9.06205700127184
8.98145970163761	0.233702831868726	8.52340215117491	9.43951725210032
8.77897983792094	0.234466553205038	8.31942539363907	9.23853428220282
8.7588781709203	0.216205057915156	8.33511625740659	9.182640084434
8.64977346402197	0.213914893138018	8.23050027347145	9.06904665457248
9.1013576807187	0.215959551868513	8.67807695905642	9.52463840238099
8.92473425655111	0.22931287900186	8.47528101370746	9.37418749939475
8.78924695753	0.217018323112145	8.3638910442302	9.21460287082981
8.71150863425505	0.212293994866591	8.29541240431653	9.12760486419356
9.01920618088693	0.222527314550387	8.58305264436817	9.45535971740569
9.31096070678425	0.217968279995013	8.88374287799402	9.73817853557447
8.72562676603148	0.204549273088283	8.32471019077845	9.12654334128452
8.98686073311399	0.213152477826522	8.56908187657401	9.40463958965397
8.87972554671911	0.242712008926164	8.40401000922383	9.35544108421439
8.96591937284392	0.225761730459902	8.52342638114252	9.40841236454533
9.17104553533614	0.242036423364522	8.69665414554168	9.64543692513061
9.02316004691395	0.228332328480329	8.5756286830925	9.47069141073539
9.05207378589221	0.231391335721681	8.59854676787772	9.50560080390671
9.22225676776477	0.246196691043506	8.73971125331949	9.70480228221004
9.10415969202902	0.20949008054441	8.69355913416198	9.51476024989607
9.23274841616439	0.223685449765252	8.79432493462449	9.67117189770428
9.06121828956272	0.222089455549771	8.62592295668516	9.49651362244027
8.90001236101459	0.215571682621366	8.47749186307671	9.32253285895246
9.03397263438663	0.223805157916642	8.59531452487001	9.47263074390325
8.95115310557187	0.242979058415474	8.47491415107754	9.42739206006619
8.74979383701961	0.21734821906113	8.32379132765979	9.17579634637942
8.99174634377627	0.235869269198886	8.52944257614645	9.45405011140608
9.12076454587345	0.220073448797021	8.68942058623129	9.55210850551561
9.10865987748769	0.225826743129623	8.66603946095363	9.55128029402175
9.220899389936	0.231316412987414	8.76751922048067	9.67427955939133
8.91638087465786	0.208003177437915	8.50869464687955	9.32406710243617
8.81917815737394	0.221221605996744	8.38558380962032	9.25277250512756
8.75947533393198	0.210295125284595	8.34729688837418	9.17165377948979
8.96825627720036	0.21999620133477	8.53706372258421	9.39944883181651
9.07809511829371	0.214503050194444	8.6576691399126	9.49852109667482
8.91742181942478	0.212169242341027	8.50157010443636	9.33327353441319
9.26443270580345	0.231847249946958	8.81001209590741	9.71885331569949
8.81176884253631	0.222999630735517	8.3746895662947	9.24884811877792
8.84682699354946	0.217847252037583	8.4198463795558	9.27380760754313
9.08420008923274	0.217566965805841	8.6577688362533	9.51063134221219
8.977296152394	0.22311858231181	8.53998373106285	9.41460857372515
8.88548612654794	0.209930268752745	8.47402279979256	9.29694945330332
9.06410201990661	0.237094029440779	8.59939772220268	9.52880631761053
8.87701066544496	0.19943972950392	8.48610879561728	9.26791253527264
8.95675868928129	0.225980654715352	8.5138366060392	9.39968077252338
8.86232667690848	0.216885788743778	8.43723053097067	9.28742282284628
8.89340550085257	0.24037919902918	8.42226227075537	9.36454873094976
8.89110374518072	0.212513414138069	8.47457745347011	9.30763003689133
9.03717111747286	0.208976950550221	8.62757629439442	9.44676594055129
8.9560159054048	0.216548828268861	8.53158020199784	9.38045160881177
8.73672845320993	0.211843429278957	8.32151533182317	9.15194157459668
9.0604986346657	0.237622634361226	8.59475827131769	9.5262389980137
8.97415446301617	0.227674832855765	8.52791179061887	9.42039713541347
8.88586686712495	0.201112290560911	8.49168677762556	9.28004695662434
8.99891430104183	0.215260283086569	8.57700414619215	9.4208244558915
9.03057721852775	0.213080163723862	8.61294009762898	9.44821433942652
8.97068686446099	0.20714764310759	8.56467748397011	9.37669624495187
8.81727799851022	0.202214606172177	8.42093737041275	9.21361862660769
8.87933587999472	0.210396501508518	8.46695873703802	9.29171302295141
8.79895784672044	0.214392286016132	8.37874896612883	9.21916672731206
8.80491294332779	0.218114647016492	8.37740823517547	9.23241765148012
8.81852130475793	0.202837902487053	8.42095901588331	9.21608359363255
9.01077815430986	0.207622663852691	8.60383773315859	9.41771857546114
8.879416939949	0.200879904392008	8.48569232734066	9.27314155255733
9.14941072790674	0.212683798415514	8.73255048301234	9.56627097280115
9.35742659330638	0.223354467745244	8.9196518365257	9.79520135008706
9.31177149428138	0.223904583101965	8.87291851140153	9.75062447716123
8.73064328838161	0.210178873061221	8.31869269718162	9.1425938795816
9.2751505003064	0.218762745049783	8.84637552000882	9.70392548060397
9.27520420986439	0.217550778764541	8.84880468348589	9.70160373624289
9.06484155523132	0.194333243716572	8.68394839754684	9.4457347129158
9.13076233651624	0.202193288173394	8.73446349169639	9.52706118133609
9.01132830823117	0.211448535721731	8.59688917821658	9.42576743824576
8.65823993524338	0.213664337817853	8.23945783312038	9.07702203736637
9.02083312401435	0.218112283693322	8.59333304797543	9.44833320005326
8.89423284174521	0.202486249536797	8.49735979265309	9.29110589083734
9.24979086431942	0.228701149944619	8.80153661042797	9.69804511821087
8.91565269864616	0.211630949917656	8.50085603680756	9.33044936048477
9.27436739354225	0.234750079101264	8.81425723850377	9.73447754858072
9.22351309551037	0.216660074154063	8.7988593501684	9.64816684085233
8.99617625054987	0.233037985976571	8.53942179803579	9.45293070306395
9.42741219411352	0.216203576955357	9.00365318328102	9.85117120494602
9.14328794250959	0.238045111120017	8.67671952471435	9.60985636030482
9.0801924156154	0.196557817089367	8.69493909412024	9.46544573711056
9.02697249901882	0.217004691725049	8.60164330323773	9.45230169479992
8.84436188585028	0.218832304463829	8.41545056910117	9.27327320259938
9.01297957112719	0.224115175780103	8.57371382659819	9.45224531565619
9.12319239654594	0.237884760224644	8.65693826650564	9.58944652658624
9.14464426540109	0.216344868498262	8.7206083231445	9.56868020765769
8.7410246576285	0.199583523448681	8.34984095166909	9.13220836358792
8.92739346323333	0.21184092833906	8.51218524368877	9.34260168277788
9.2119322745901	0.213618252798252	8.79324049910552	9.63062405007467
8.88738101962597	0.235147026345938	8.42649284798793	9.34826919126401
9.04051866711774	0.187790006845602	8.67245025370036	9.40858708053512
9.03896202535837	0.204684528596226	8.63778034930977	9.44014370140697
9.07317177207382	0.212540981173026	8.65659144897469	9.48975209517295
8.7689298827509	0.222868481009136	8.33210765997299	9.20575210552881
8.82456927180223	0.215595144215556	8.40200278913974	9.24713575446472
9.08890850148232	0.204135908156352	8.68880212149587	9.48901488146877
8.89902613054169	0.216894355205927	8.47391319433807	9.3241390667453
9.12434797429671	0.204336330055586	8.72384876738776	9.52484718120566
9.16058875879602	0.200871047095196	8.76688150648943	9.5542960111026
8.78020101899086	0.191340429407967	8.40517377735125	9.15522826063048
8.90492595768518	0.21998532876032	8.47375471331495	9.3360972020554
8.80882104121577	0.210556837490761	8.39612963973387	9.22151244269766
8.81427338511198	0.189324190414381	8.44319797189979	9.18534879832416
8.84326416281285	0.240467794796706	8.37194728501131	9.3145810406144
8.9594792211663	0.210974012723085	8.54597015622906	9.37298828610355
8.85333829724355	0.236149747468489	8.39048479220531	9.31619180228179
9.03725998450281	0.203861057414418	8.63769231197055	9.43682765703507
8.87614278963864	0.221414197543006	8.44217096245435	9.31011461682293
8.67573432503673	0.210152487044756	8.26383545042901	9.08763319964445
9.08102852126852	0.224181960734127	8.64163187822963	9.52042516430741
9.14131708125048	0.216276751836249	8.71741464765144	9.56521951484953
8.64384447617114	0.216902124663869	8.21871631182996	9.06897264051233
9.28102948239565	0.227766301858142	8.8346075307537	9.72745143403761
9.29347571164791	0.206653223691712	8.88843539321216	9.69851603008367
9.21747685544188	0.221006906331471	8.7843033190322	9.65065039185157
8.54418625297113	0.221655876405463	8.10974073521642	8.97863177072584
9.01163776135147	0.241121570765859	8.53903948265038	9.48423604005255
8.91828806654181	0.233943562746722	8.45975868355824	9.37681744952539
9.16896135160998	0.223282401288203	8.7313278450851	9.60659485813486
8.85340435287322	0.194073888201129	8.47301953199901	9.23378917374743
8.58646551286675	0.186053380785925	8.22180088652633	8.95113013920716
8.86399913651367	0.214699303115102	8.44318850240807	9.28480977061927
8.78212433002168	0.211822023388709	8.36695316417981	9.19729549586354
9.05032933186412	0.215210379251747	8.62851698853069	9.47214167519754
9.06873242461475	0.226516144714764	8.62476078097381	9.51270406825568
9.29957465053221	0.225307394304776	8.85797215769485	9.74117714336957
8.85162962142845	0.204117522544947	8.45155927724035	9.25169996561655
9.01527435286076	0.215521767425119	8.59285168870752	9.43769701701399
9.08755798207534	0.219773969100746	8.65680100263788	9.5183149615128
9.28694427948626	0.245208945534401	8.80633474623883	9.76755381273368
8.95106748233211	0.20437750724568	8.55048756813058	9.35164739653365
8.82424953920759	0.217342335890757	8.3982585608617	9.25024051755347
8.81184714998872	0.208613027932358	8.4029656152413	9.22072868473615
8.91994222212934	0.207446590555547	8.51334690464047	9.32653753961822
8.90589544243354	0.218921327824363	8.47680963989779	9.33498124496929
9.16665419014014	0.22397834664578	8.72765663071441	9.60565174956587
8.7154195644402	0.214157845277275	8.29567018769674	9.13516894118366
9.1591328842282	0.227171879304286	8.7138760007918	9.6043897676646
9.15420212155533	0.212824129117536	8.73706682848496	9.5713374146257
8.80980851035488	0.202889277869272	8.4121455257311	9.20747149497865
8.73780688636653	0.200152231076289	8.345508513457	9.13010525927606
9.14314461639322	0.23152147880292	8.6893625179395	9.59692671484695
9.29883213889571	0.250272354537324	8.80829832400256	9.78936595378886
9.22991535120412	0.203575718732279	8.83090694248886	9.62892375991939
8.8099880065186	0.217556359794344	8.38357754132169	9.23639847171552
9.01354713345005	0.217422827920312	8.58739839072624	9.43969587617386
9.32563340429471	0.217165362417706	8.899989293956	9.75127751463341
8.92520915433723	0.210293770831594	8.51303336350731	9.33738494516716
8.8311072480251	0.224059786005219	8.39195006745487	9.27026442859533
8.99262000311693	0.230197235465947	8.54143342160367	9.44380658463019
9.46532244193029	0.228663042393959	9.01714287883813	9.91350200502245
9.18923538381394	0.250459858380546	8.69833406138807	9.68013670623981
9.03406992448138	0.213400097342942	8.61580573368922	9.45233411527355
9.11215902512812	0.199836251240146	8.72047997269744	9.50383807755881
8.8884887017018	0.209470133410336	8.47792724021754	9.29905016318606
8.86964514287248	0.230830964305292	8.41721645283411	9.32207383291085
9.19691432226825	0.214902797481897	8.77570483920373	9.61812380533276
9.07854615952631	0.241886451204018	8.60444871516643	9.55264360388619
8.88197767764358	0.224699634173993	8.44156639466256	9.32238896062461
9.07462381560725	0.229094893928574	8.62559782350725	9.52364980770726
9.03854775124629	0.215441515160123	8.61628238153245	9.46081312096013
8.90697573696565	0.203801670310336	8.50752446315739	9.30642701077391
9.06401768309484	0.21959177191867	8.63361781013424	9.49441755605543
9.11959082866533	0.238781155289126	8.65157976429865	9.58760189303202
9.11605052014472	0.210864431622402	8.70275623416481	9.52934480612463
8.91155359245522	0.21823223784397	8.48381840628103	9.3392887786294
8.95592041594248	0.215951740363942	8.53265500482916	9.37918582705581
8.91320728376034	0.21941817575101	8.48314765928836	9.34326690823232
9.11772779530341	0.215415574454668	8.69551326937226	9.53994232123456
8.6351765524606	0.19227516678202	8.25831722556785	9.01203587935336
9.02904391073129	0.219108193361505	8.59959185174274	9.45849596971984
9.01360971889265	0.210559406384682	8.60091328237868	9.42630615540663
9.55681569805157	0.240961621470924	9.08453091996856	10.0291004761346
8.98146543617947	0.21180726022687	8.56632320613481	9.39660766622414
9.0345775430454	0.218927073583691	8.60548047882137	9.46367460726944
8.94509281332958	0.217063648103193	8.51964806304732	9.37053756361183
8.93004811050098	0.216822156436046	8.50507668388633	9.35501953711563
9.2047996916602	0.231662818656356	8.75074056709375	9.65885881622666
8.9154131813943	0.220256542864116	8.48371035738063	9.34711600540796
8.78460763210737	0.226431672761257	8.34080155349531	9.22841371071944
8.9318229105356	0.216245815882997	8.50798111140492	9.35566470966627
8.77746595567997	0.219572591162423	8.34710367700162	9.20782823435832
8.99299714614404	0.221331186349764	8.5591880208985	9.42680627138958
8.76748826898675	0.214033103901332	8.34798338534014	9.18699315263336
9.32064631751107	0.225189156673676	8.87927557043067	9.76201706459147
9.12434599922899	0.231166365694542	8.67125992246769	9.57743207599029
9.11152499949093	0.204700904187895	8.71031122728266	9.5127387716992
8.97745838426578	0.218579804643511	8.5490419671645	9.40587480136707
9.23685746788724	0.223721165809133	8.79836398290134	9.67535095287314
8.99263066539244	0.220811742739421	8.55983964962318	9.42542168116171
8.82841389576323	0.228302605334617	8.38094078930738	9.27588700221908
8.91487710479562	0.232963143796978	8.45826934295354	9.37148486663769
8.97731145535638	0.229983758243657	8.52654328919882	9.42807962151395
9.45553703870837	0.250404467327683	8.96474428274611	9.94632979467063
9.01742217608024	0.202536660571512	8.62045032136008	9.4143940308004
9.14724054857423	0.219032839569199	8.7179361830186	9.57654491412986
9.03060256112428	0.226724998410923	8.58622156423887	9.47498355800969
8.99243116565048	0.224878509024607	8.55166928796225	9.43319304333871
8.94179516046366	0.211131870106565	8.52797669505479	9.35561362587252
8.98593580794259	0.221600427047581	8.55159897092933	9.42027264495585
9.15004663653073	0.213007378901514	8.73255217388376	9.5675410991777
9.22073738921465	0.208171965878553	8.81272033609269	9.62875444233662
9.04400924573784	0.214888645192249	8.62282750116104	9.46519099031465
9.06229465957664	0.210621950786826	8.64947563603446	9.47511368311882
8.89893217972339	0.216062093753921	8.4754504759657	9.32241388348107
9.23253433621867	0.248832137655993	8.74482334641292	9.72024532602442
9.01740823211901	0.20839459730298	8.60895482140517	9.42586164283285
9.27553461728531	0.232749148963209	8.81934628531742	9.7317229492532
9.0086376544153	0.243463697801927	8.53144880672352	9.48582650210707
9.16056815922173	0.202374512243879	8.76391411522372	9.55722220321973
9.03434952006303	0.226606946882498	8.59019990417333	9.47849913595272
8.97790922942539	0.234318538132126	8.51864489468642	9.43717356416436
9.28329109347226	0.210218857284002	8.87126213319562	9.6953200537489
8.71903261587999	0.2128858009095	8.30177644609737	9.13628878566261
8.86677728414338	0.201795286210327	8.47125852317113	9.26229604511562
8.71150468179597	0.20133546647612	8.31688716750278	9.10612219608917
9.11091871319312	0.220695832962978	8.67835488058568	9.54348254580056
8.70297682370117	0.208580086972368	8.29415985323533	9.11179379416701
9.07135472176872	0.227621481310837	8.62521661839948	9.51749282513797
8.82529459627319	0.201589525669391	8.43017912596118	9.2204100665852
8.74058129826623	0.207361189677544	8.33415336649824	9.14700923003422
9.19859058299049	0.220203357027053	8.76699200321747	9.63018916276352
9.04040392821488	0.229816117841579	8.58996433724538	9.49084351918437
8.62351205241365	0.17949122965158	8.27170924229655	8.97531486253075
8.92267528693453	0.225256652344501	8.48117224833931	9.36417832552976
8.67631840361064	0.204741401592269	8.27502525648979	9.07761155073149
8.85965048336657	0.211109545214416	8.44587577474632	9.27342519198683
8.66239202548953	0.228915149425119	8.21371833261629	9.11106571836276
8.85645238044305	0.212672929557891	8.43961343850958	9.27329132237651
8.94999666770877	0.220092010208782	8.51861632769955	9.38137700771798
8.53761606809164	0.204828460701026	8.13615228511763	8.93907985106565
9.05738401666553	0.225309545943045	8.61577730661716	9.4989907267139
9.10321847359275	0.228480220699963	8.65539724102083	9.55103970616468
9.10570346263706	0.212975676605018	8.68827113649123	9.5231357887829
9.13453842351679	0.219382726761244	8.70454827906475	9.56452856796883
8.98602828417284	0.206848253310102	8.58060570768504	9.39145086066064
9.1945967102368	0.232341439895392	8.73920748804183	9.64998593243177
9.20929575593891	0.214155077372533	8.78955180428875	9.62903970758907
8.87091657169398	0.202153308255495	8.4746960875132	9.26713705587475
8.92702839253829	0.207486205477126	8.52035542980312	9.33370135527346
8.77564861266129	0.203728755746103	8.37634025139893	9.17495697392365
8.71477582710302	0.224377992244347	8.2749949623041	9.15455669190194
9.03667299911596	0.210336144243888	8.62441415639795	9.44893184183398
9.1943169383507	0.212538499079832	8.77774148015423	9.61089239654717
8.84797254509701	0.213908303826658	8.42871226959676	9.26723282059726
8.8693761487493	0.208309623917281	8.46108928587143	9.27766301162717
8.78926423432482	0.22084214670907	8.35641362677504	9.2221148418746
9.16738764017627	0.198701739505776	8.77793223074494	9.55684304960759
9.25057426492605	0.223815559087367	8.81189576911481	9.68925276073729
9.30049830393969	0.237094805982863	8.83579248421328	9.7652041236661
8.65780237969263	0.20579351808929	8.25444708423762	9.06115767514764
9.13590467115254	0.215418444126843	8.71368452066393	9.55812482164116
8.95938386621066	0.223139841685273	8.52202977650752	9.39673795591379
8.89925104544084	0.193325275819107	8.52033350483539	9.27816858604629
8.99214557852738	0.21359377560317	8.57350177834517	9.4107893787096
9.16162936035142	0.245376853286487	8.68069072790991	9.64256799279294
9.05263459988534	0.220706401178055	8.62005005357635	9.48521914619432
9.03681340599503	0.216979297844786	8.61153398221925	9.46209282977081
8.72872888561897	0.218387717392482	8.3006889595297	9.15676881170823
8.85860455004957	0.202926170178066	8.46086925650057	9.25633984359858
8.80620897491725	0.217611469972535	8.37969049377108	9.23272745606342
9.10886597024712	0.227868752531249	8.66224321528587	9.55548872520837
8.83367988932747	0.213147139080342	8.41591149673	9.25144828192494
8.69236638981879	0.206868618981078	8.28690389661588	9.0978288830217
9.09530471202221	0.241010738493187	8.62292366457557	9.56768575946886
9.04764220270205	0.205675280596878	8.64451865273217	9.45076575267193
9.31919046391874	0.212954232792044	8.90180016764634	9.73658076019115
8.97081467815535	0.205962481462187	8.56712821448946	9.37450114182123
9.20169365721394	0.2350578015584	8.74098036615947	9.6624069482684
9.08560643611708	0.237006788787064	8.62107313009443	9.55013974213972
8.92849899928803	0.208488324648846	8.51986188297629	9.33713611559977
8.82340934863774	0.193130759702564	8.44487305962072	9.20194563765477
8.92061996385819	0.197820975687162	8.53289085151135	9.30834907620503
9.01194162841356	0.201507028747426	8.61698785206861	9.40689540475852
8.97824030104274	0.244479240074453	8.49906099049681	9.45741961158867
9.34599920838061	0.260924772520837	8.83458665423977	9.85741176252145
9.01572705446596	0.214662747513242	8.59498806934001	9.43646603959192
9.47632334250645	0.215706975698707	9.05353767013699	9.89910901487592
9.177528314615	0.213374697453146	8.75931390760684	9.59574272162317
9.0734201245851	0.217598458814914	8.64692714530787	9.49991310386233
9.02761324983645	0.225673803936408	8.58529259412109	9.46993390555181
8.87822376540074	0.200688117705138	8.48487505469867	9.27157247610281
8.81002099159151	0.196974861373662	8.42395026329913	9.19609171988388
9.05685191916963	0.213107557130287	8.63916110719426	9.47454273114499
8.92483818334121	0.198190789199706	8.53638423650979	9.31329213017264
8.62067943641381	0.225173422530518	8.179339528254	9.06201934457363
9.29793246352585	0.269461567329601	8.76978779155983	9.82607713549187
9.07380576853911	0.200080052491927	8.68164886565493	9.46596267142328
8.96681214880609	0.217525352909904	8.54046245710268	9.39316184050951
9.3466769955107	0.220565644619506	8.91436833205647	9.77898565896493
9.21820129337063	0.232413049870061	8.76267171562531	9.67373087111595
9.21511414163843	0.201880775508615	8.81942782164155	9.61080046163532
8.81628284132002	0.206794907438924	8.41096482273973	9.22160085990031
9.0527716234014	0.21264301680342	8.63599131046669	9.4695519363361
9.08127669152876	0.222046265885209	8.64606601039375	9.51648737266377
8.85818249425748	0.214677322399178	8.43741494235509	9.27895004615987
9.01349486646491	0.226450348884812	8.56965218265068	9.45733755027915
8.74572266747182	0.200342904348307	8.35305057494914	9.1383947599945
8.70370282380272	0.205699486727658	8.30053182981651	9.10687381778893
9.09341656333454	0.222521393416806	8.6572746322376	9.52955849443148
8.81249825646405	0.228345118677505	8.36494182385614	9.26005468907196
8.76678679911164	0.205533877232159	8.3639403997366	9.16963319848667
8.81265702020283	0.197700443934019	8.42516415009216	9.20014989031351
8.89516279003268	0.210585485802867	8.48241523785906	9.3079103422063
9.38662111399303	0.233386080874638	8.92918439547874	9.84405783250732
9.09596042275812	0.235768228553896	8.63385469479248	9.55806615072376
9.07919644596534	0.206206357196722	8.67503198585976	9.48336090607091
9.42253322134986	0.263128154559326	8.90680203841358	9.93826440428614
9.05869747344583	0.20783926463454	8.65133251476213	9.46606243212953
9.12418410844835	0.238565517114802	8.65659569490333	9.59177252199336
8.78070330597528	0.204869278389296	8.37915952033226	9.1822470916183
9.61848310681448	0.243773016203917	9.14068799505481	10.0962782185742
8.82128358756269	0.216090373345679	8.39774645580516	9.24482071932023
9.05884776501477	0.242388977688123	8.58376536874604	9.53393016128349
9.16127089549815	0.231251818353897	8.70801733152451	9.61452445947179
9.37772935202069	0.218495088270507	8.94947897901049	9.80597972503088
9.16310832902972	0.237283358756724	8.69803294586654	9.6281837121929
8.72303355810476	0.211591067816272	8.30831506518487	9.13775205102465
9.23045356843318	0.237500229160644	8.76495311927832	9.69595401758804
9.08120877853515	0.231660166246538	8.62715485269193	9.53526270437836
8.81860254489496	0.205575015661928	8.41567551419758	9.22152957559233
8.6220345543231	0.217325038571955	8.19607747872207	9.04799162992413
8.70461868787751	0.209758044030691	8.29349292157736	9.11574445417767
8.9604662299666	0.217793458041612	8.53359105220504	9.38734140772816
8.79715480581123	0.201709134997162	8.4018049012168	9.19250471040567
8.86215114748758	0.207362321179031	8.45572099797668	9.26858129699849
9.26396079132521	0.228039044787362	8.81700426354199	9.71091731910844
8.71629462613282	0.215882084444144	8.2931657406223	9.13942351164334
9.04739483122595	0.210909425128402	8.63401235797428	9.46077730447762
8.98283894319152	0.217617275042411	8.5563090841084	9.40936880227465
9.0964111665596	0.21608339613939	8.6728877101264	9.5199346229928
8.93703692813157	0.218967978735385	8.50785968981021	9.36621416645292
8.85755169048802	0.209604325309257	8.44672721288188	9.26837616809417
8.83724915447573	0.210140668273931	8.42537344465883	9.24912486429263
8.6939883106695	0.218817020694982	8.26510695010733	9.12286967123166
9.16494212036474	0.225923783540425	8.7221315046255	9.60775273610397
9.24474283537162	0.208204155903918	8.83666268979994	9.6528229809433
8.92380374243616	0.226155247514514	8.48053945730771	9.3670680275646
8.9678630593136	0.222982683522939	8.53081699960864	9.40490911901856
8.88066343213738	0.205855132138451	8.47718737314602	9.28413949112875
9.24602609237956	0.239379183047227	8.776842893607	9.71520929115213
8.89592780941229	0.221669824340191	8.46145495370552	9.33040066511907
8.72023498895602	0.197508051171347	8.33311920866018	9.10735076925186
9.17030880724086	0.232212385168397	8.7151725323108	9.62544508217092
8.62455586487358	0.19703065935828	8.23837577253135	9.01073595721581
8.92555219861129	0.195972962804946	8.54144519151359	9.30965920570898
8.88238170693992	0.200116234830361	8.49015388667241	9.27460952720743
8.71889570464395	0.208515227603347	8.31020585854139	9.12758555074651
8.92380644646258	0.250849785950784	8.43214086599904	9.41547202692612
8.91340777092793	0.201184854724967	8.519085455667	9.30773008618887
9.18524696392477	0.21692480561649	8.76007434491645	9.61041958293309
8.85513114879272	0.207621140099434	8.44819371419783	9.26206858338761
8.89922638442927	0.224547873005111	8.45911255333925	9.33934021551928
9.37770453432614	0.214891092943583	8.95651799215671	9.79889107649556
9.38339048590127	0.217150525827467	8.95777545527943	9.8090055165231
9.08212921740937	0.223329389670027	8.64440361365612	9.51985482116263
8.69168006385618	0.204947646740722	8.28998267624437	9.093377451468
8.91549057272961	0.204074021917997	8.51550548977033	9.31547565568888
8.97089577508381	0.213693349565047	8.55205680993632	9.38973474023131
9.02577529130274	0.241253411774596	8.55291860422454	9.49863197838095
8.89037747132149	0.211592221714282	8.4756567167615	9.30509822588149
9.18038640355954	0.24211696723265	8.70583714778354	9.65493565933553
9.11708217507259	0.210806315492278	8.70390179670772	9.53026255343745
8.81684526906979	0.198224262000964	8.4283257155479	9.20536482259168
9.41552832116688	0.248132680535817	8.92918826731668	9.90186837501708
9.41465983687654	0.235121653940173	8.9538213951538	9.87549827859928
9.12316611618437	0.20846997052721	8.71456497395104	9.53176725841771
8.90137834303346	0.21837585512814	8.4733616669823	9.32939501908461
8.92361801281095	0.219154561587116	8.4940750721002	9.3531609535217
9.20665246273369	0.233778987422217	8.74844564738615	9.66485927808124
9.18270233064356	0.213028020436155	8.7651674105887	9.60023725069843
9.1434211324985	0.233211161332367	8.68632725628706	9.60051500870994
8.70036202291429	0.19618606028373	8.31583734475818	9.0848867010704
9.1592143327283	0.220958137233708	8.72613638375023	9.59229228170637
9.16985687408103	0.241328375005169	8.6968532590709	9.64286048909116
8.92806740906439	0.209846891994935	8.51676750075432	9.33936731737446
9.39016179773236	0.254474262482426	8.8913922432668	9.88893135219791
8.95676691029658	0.209393760041843	8.54635514061457	9.36717867997859
8.90563401645616	0.189533403879492	8.53414854485236	9.27711948805996
9.10922876226099	0.232847724396347	8.65284722244415	9.56561030207783
9.06936667986143	0.214847692044399	8.64826520345441	9.49046815626845
8.8231202590663	0.204015211973232	8.42325044359876	9.22299007453383
8.81819678855321	0.211630256104272	8.40340148658883	9.23299209051758
9.03696181732042	0.225064809626309	8.59583479045285	9.47808884418798
8.91173688234232	0.198670627334275	8.52234245276714	9.3011313119175
9.19851891244582	0.229600989371808	8.74850097327707	9.64853685161456
8.67152299290288	0.193513857102706	8.29223583298157	9.05081015282418
8.85499462081792	0.240011900160158	8.38457129650401	9.32541794513183
8.933158121068	0.22820810292316	8.48587023933861	9.38044600279739
9.14320555969483	0.210516293981666	8.73059362349077	9.5558174958989
9.04017980487523	0.226201634909164	8.59682460045327	9.48353500929719
8.72176329931081	0.218613959601648	8.29327993849158	9.15024666013004
9.20111834672183	0.226904613077519	8.7563853050899	9.64585138835377
9.40079841675684	0.239785279677376	8.93081926858918	9.87077756492449
9.03547674238698	0.206962480007358	8.62983028157256	9.44112320320141
8.93102729092329	0.221964762703161	8.49597635602509	9.36607822582149
8.87851202603598	0.212614218427162	8.46178815791874	9.29523589415321
8.97286659598131	0.224323853160432	8.53319184378687	9.41254134817576
8.94867369718082	0.215225281841111	8.52683214477224	9.3705152495894
9.21992350363009	0.22512269933309	8.77868301293723	9.66116399432294
9.30026801003861	0.229407446983516	8.85062941395091	9.7499066061263
8.82573574185836	0.208087852751222	8.41788355046597	9.23358793325076
8.83077127876708	0.230468484036659	8.37905305005523	9.28248950747894
8.82655345880352	0.193013697970723	8.4482466107809	9.20486030682614
9.03327030054292	0.227798118193335	8.58678598888399	9.47975461220186
9.1423554992134	0.224069333133154	8.70317960627242	9.58153139215439
9.06812204101994	0.242884536232552	8.59206835000414	9.54417573203574
8.96181602169655	0.20478576469879	8.56043592288693	9.36319612050618
9.42430738088095	0.24410590701914	8.94585980312343	9.90275495863846
9.01607042970692	0.206220332453641	8.61187857809779	9.42026228131606
9.09878294204466	0.226053498924733	8.65571808415219	9.54184779993714
9.2258650575401	0.219885587637034	8.79488930577152	9.65684080930869
8.98425741263266	0.206075045964284	8.58035032254266	9.38816450272265
9.02800813743459	0.239465478434338	8.55865579970329	9.4973604751659
9.00926219747279	0.212811135627811	8.59215237164228	9.4263720233033
8.76867173764746	0.199939845608232	8.37678964025532	9.16055383503959
8.81125601390221	0.215665159202105	8.38855230186608	9.23395972593834
8.86842729262053	0.206960543709884	8.46278462694916	9.2740699582919
8.71629698756465	0.229300276135243	8.26686844633958	9.16572552878973
8.83352923955852	0.199839151039475	8.44184450352115	9.22521397559589
9.43540028936376	0.241495594901303	8.96206892335721	9.90873165537032
8.8841067667781	0.235844321373242	8.42185189688654	9.34636163666966
9.07745392221638	0.213710914272966	8.65858053024136	9.49632731419139
9.18748419408335	0.223541564230842	8.7493427281909	9.6256256599758
9.17288428492091	0.212452899536563	8.75647660182925	9.58929196801258
8.81901933380463	0.194907446579538	8.43700073850874	9.20103792910053
9.26396886762337	0.223095673618691	8.82670134733073	9.701236387916
8.70588919015229	0.229523348822762	8.25602342645968	9.15575495384491
8.70458404086177	0.198516265836042	8.31549215982313	9.09367592190041
9.16570031264009	0.22631229922434	8.72212820616039	9.6092724191198
9.1045145105573	0.219706191823261	8.67389037458371	9.53513864653089
8.72580283356527	0.198223924981484	8.33728394060156	9.11432172652898
8.41077854038109	0.193759646410969	8.03100963341559	8.79054744734659
8.61972156464021	0.225237176810513	8.1782566980916	9.06118643118882
9.38403744767133	0.22050998481295	8.95183787743795	9.81623701790471
9.04749917962643	0.215000609073086	8.62609798584318	9.46890037340968
8.79289763454801	0.203011962219144	8.39499418859848	9.19080108049753
8.98561606601534	0.218833410544764	8.5567025813476	9.41452955068308
8.88246664672224	0.218903111270125	8.45341654863279	9.31151674481168
9.16496019618662	0.234361151448987	8.70561233934661	9.62430805302664
8.90921242773401	0.225010376153952	8.46819209047227	9.35023276499576
9.12036058742427	0.218225336706485	8.69263892747955	9.54808224736898
9.00192056584794	0.214079093270078	8.58232554303859	9.42151558865729
8.53276966744603	0.193398325644185	8.15370894918343	8.91183038570863
8.94697339432293	0.20783850761462	8.53960991939827	9.35433686924759
9.05517240310291	0.212588132806277	8.63849966280261	9.47184514340322
9.07410113676183	0.211955491335983	8.6586683737433	9.48953389978035
8.94989321893767	0.209225662698413	8.53981092004878	9.35997551782656
8.92312353070491	0.238891429516812	8.45489632885196	9.39135073255786
9.45537907593347	0.241998901635557	8.98106122872778	9.92969692313916
8.6631120125213	0.209893097485012	8.25172154145068	9.07450248359192
8.86720681872437	0.2054605433499	8.46450415375856	9.26990948369017
9.18980298998735	0.227234075390201	8.74442420222256	9.63518177775214
9.3724742539656	0.240407125161242	8.90127628864956	9.84367221928163
9.12457768644972	0.222245474164067	8.68897655708815	9.56017881581129
8.89387069138522	0.194956174369212	8.51175658962156	9.27598479314887
8.81073275207712	0.216457462852922	8.38647612488539	9.23498937926885
9.09848120070789	0.211283455625968	8.684365627681	9.51259677373479
9.31264486490692	0.22044856516339	8.88056567718667	9.74472405262716
9.12314581079018	0.209982354795639	8.71158039539073	9.53471122618963
9.08267917616714	0.20683524353402	8.67728209884046	9.48807625349382
8.80894801343941	0.212882077233349	8.39169914206205	9.22619688481678
9.07570476849829	0.238940402430345	8.60738157973482	9.54402795726177
9.05652693973795	0.201461539648937	8.66166232202603	9.45139155744987
8.86363990902949	0.213595569211052	8.44499259337583	9.28228722468315
8.86972991114986	0.202663934896794	8.47250859875214	9.26695122354757
9.13429289799413	0.233332149190403	8.67696188558094	9.59162391040732
8.64372285195322	0.209681828648816	8.23274646780154	9.0546992361049
9.02598137912756	0.211222487590381	8.61198530345041	9.43997745480471
9.11776904927124	0.225953168082651	8.67490083982924	9.56063725871324
9.03319903092679	0.206532483226182	8.62839536380348	9.43800269805011
9.12768400639421	0.222921197186525	8.69075845990862	9.5646095528798
8.98820663671573	0.231949632437617	8.533585357138	9.44282791629346
8.55935451125736	0.199851598420741	8.16764537835271	8.95106364416202
8.81132112312393	0.202300398713333	8.4148123416458	9.20782990460206
8.87910815533404	0.19561595072894	8.49570089190532	9.26251541876276
9.09144143720959	0.219024657253316	8.66215310899309	9.52072976542609
9.03326813016434	0.227347707750086	8.58766662297417	9.47886963735451
8.64165889853682	0.19088133913276	8.26753147383661	9.01578632323703
8.71697658947886	0.204486783745405	8.31618249333787	9.11777068561986
9.11868158418489	0.224239662109152	8.67917184645095	9.55819132191883
9.10705925202073	0.218265939944229	8.67925800973004	9.53486049431142
9.11542152589149	0.207536396064876	8.70865018960433	9.52219286217865
9.15799430700213	0.207528820932799	8.75123781797384	9.56475079603042
8.8872857723443	0.227806954343467	8.44078414183111	9.3337874028575
8.80954554784433	0.206095858438194	8.40559766530547	9.21349343038319
8.77542096571	0.210030300340005	8.36376157704359	9.18708035437641
9.33029545130933	0.224316320235931	8.89063546364691	9.76995543897176
9.53588615987709	0.229102210762383	9.08684582678282	9.98492649297136
8.62753884994418	0.211047230273052	8.213886278609	9.04119142127936
9.18573966529952	0.240666952799937	8.71403243781164	9.6574468927874
8.71287967093262	0.207506353478336	8.30616721811509	9.11959212375016
8.81776333571885	0.200450681939175	8.42487999911807	9.21064667231963
8.86289090232927	0.225157408992249	8.42158238070446	9.30419942395408
8.9650801851411	0.214558927510421	8.54454468722068	9.38561568306153
8.95055321670341	0.220517611102561	8.51833869894239	9.38276773446443
8.98520323989107	0.202755502448225	8.58780245509255	9.38260402468959
8.94235799450617	0.223584879489351	8.50413163070704	9.3805843583053
9.37366885976786	0.230976451013117	8.92095501578215	9.82638270375357
9.20651493112124	0.224755295939926	8.76599455107898	9.64703531116349
9.08359510581959	0.22600978620931	8.64061592484934	9.52657428678984
8.8052959099535	0.213003550739559	8.38780895050396	9.22278286940304
8.93283929161034	0.218946420651768	8.50370430713288	9.36197427608781
8.95551881712316	0.212536946633688	8.53894640172113	9.37209123252518
8.97042337114662	0.213396932314849	8.55216538380952	9.38868135848372
8.9042043960748	0.195968377451797	8.52010637626928	9.28830241588033
8.84648976376502	0.235191900265	8.38551363924562	9.30746588828442
8.85365447558363	0.212522414615273	8.4371105429377	9.27019840822957
9.40558154162855	0.240196786126233	8.93479584082113	9.87636724243596
9.13014247480885	0.211573918800395	8.71545759396008	9.54482735565763
8.91854990139913	0.210128015745025	8.50669899053888	9.33040081225938
8.91208045693715	0.213742891528935	8.49314438954044	9.33101652433387
8.96593691653951	0.205079359731852	8.56398137146508	9.36789246161394
8.87572368790364	0.223468753549952	8.43772493094573	9.31372244486155
8.89916253425384	0.206126310838429	8.49515496501052	9.30317010349716
8.87074963529906	0.215525221933893	8.44832020030863	9.29317907028949
9.37705160417083	0.20991465572544	8.96561887894897	9.7884843293927
8.60906168182057	0.221843520259671	8.17424838211162	9.04387498152953
9.64040473599202	0.239856402453304	9.17028618718355	10.1105232848005
8.85519773621343	0.218953378816777	8.42604911373255	9.28434635869431
8.7676039591816	0.199707511216067	8.3761772371981	9.15903068116509
9.21457512104517	0.21772662705463	8.7878309320181	9.64131931007224
9.49279323235311	0.220617671625166	9.06038259596779	9.92520386873844
9.30513523313215	0.232755490361658	8.8489344720233	9.761335994241
8.9326528016718	0.211548614189605	8.51801751786017	9.34728808548342
8.89092976206404	0.205058119972726	8.4890158469175	9.29284367721059
8.73736891064024	0.202483913627092	8.34050043993113	9.13423738134934
9.03471943202575	0.193357322210002	8.65573908049415	9.41369978355736
9.06740828710065	0.201950130543925	8.67158603123455	9.46323054296674
9.00876005293098	0.216268777115337	8.58487324978492	9.43264685607704
9.1281737795406	0.230902045632935	8.67560577010005	9.58074178898115
9.04678638335832	0.225512802868387	8.60478128973628	9.48879147698036
8.97377995757821	0.228050323267358	8.52680132397419	9.42075859118224
9.04585520761022	0.236739361772648	8.58184605853583	9.50986435668461
9.15207012347727	0.222965526396237	8.71505769174064	9.5890825552139
8.87566615285593	0.215404253702417	8.45347381559919	9.29785849011266
9.33867934358312	0.215921731600075	8.91547274964697	9.76188593751927
9.18693684270124	0.239603156593155	8.71731465577866	9.65655902962383
8.6851129933519	0.211127318645892	8.27130344880595	9.09892253789785
9.37843917683082	0.222820393880727	8.9417112048246	9.81516714883704
9.36601866426284	0.212985798068964	8.94856650004767	9.78347082847801
8.42601836426896	0.227488638133002	7.98014063352828	8.87189609500964
8.85038288899555	0.224138540863311	8.41107134890346	9.28969442908764
9.41367889148753	0.241647787192756	8.94004922858973	9.88730855438533
8.88955995451873	0.205443902344754	8.48688990592301	9.29223000311445
9.08317401275649	0.229881287976225	8.63260668832309	9.53374133718989
9.08787773005062	0.214735095424293	8.666996943019	9.50875851708223
8.8695428269391	0.204505641009177	8.46871177056112	9.27037388331709
8.61158545201533	0.208551613974548	8.20282428862522	9.02034661540545
9.12179915044659	0.22508570528363	8.68063116809067	9.5629671328025
9.32337544595785	0.235776534151926	8.86125343902008	9.78549745289562
8.93625363771758	0.216268789902989	8.51236680950772	9.36014046592744
9.10839296791666	0.238227167331732	8.64146771994646	9.57531821588685
9.00886756532299	0.24220814354004	8.53413960398452	9.48359552666147
8.88457401286286	0.198707347988909	8.4951076108046	9.27404041492112
8.94159464228617	0.214850265962048	8.52048812100055	9.36270116357178
8.84653305198781	0.215595692568778	8.42396549455301	9.26910060942262
9.16616596919734	0.224948789366222	8.72526634203954	9.60706559635513
9.38445415116466	0.249397559371774	8.89563493479598	9.87327336753333
8.75773287753125	0.212110912985929	8.34199548807883	9.17347026698367
9.16585889103826	0.240463663139692	8.69455011128446	9.63716767079205
8.7008948300336	0.202677238096695	8.30364744336408	9.09814221670312
8.77019203190893	0.203237039377186	8.37184743472964	9.16853662908822
8.78323529742902	0.192793359953044	8.40536031192106	9.16111028293699
8.89523860469719	0.210987991383304	8.48170214158592	9.30877506780847
8.98962435292507	0.217724684128697	8.56288397203283	9.41636473381732
8.88977300379798	0.231118858841416	8.43678004046881	9.34276596712716
9.06117229351105	0.211247775830566	8.64712665288314	9.47521793413896
9.01177689724712	0.213445477727273	8.59342376090167	9.43013003359258
9.19942408693045	0.213350126757246	8.78125783848625	9.61759033537465
8.85955406418851	0.214283282469761	8.43955883054778	9.27954929782925
8.57070607641815	0.217002806687291	8.14538057531106	8.99603157752524
9.08572957226603	0.223441602640706	8.64778403109024	9.52367511344181
8.99163853283895	0.210773214104114	8.57852303319489	9.40475403248302
8.87712839534424	0.202476139624069	8.48027516168107	9.27398162900741
8.99118837087956	0.217777114383987	8.56434522668694	9.41803151507217
8.80470432279829	0.193125759101711	8.42617783495893	9.18323081063764
8.82084954390499	0.219217023139204	8.39118417855216	9.25051490925783
9.13257354454927	0.224324714236997	8.69289710464475	9.57224998445378
8.81417700995437	0.192481139479345	8.43691397657485	9.19144004333389
9.02484853343992	0.218349294847628	8.59688391553857	9.45281315134127
8.95738758550045	0.242322957026297	8.48243458972891	9.43234058127199
9.17550682394318	0.217251927242431	8.74969304654802	9.60132060133835
9.12169906843595	0.227858327312477	8.6750967469035	9.56830138996841
9.01339750962731	0.210984072723364	8.59986872708952	9.4269262921651
9.02606070017879	0.218930781283827	8.59695636886248	9.45516503149509
8.91778457272127	0.219746640047585	8.48708115822801	9.34848798721454
8.74668132352984	0.210786957332892	8.33353888715737	9.15982375990231
8.48830226575831	0.202947806041232	8.09052456591749	8.88607996559912
8.73212474422398	0.216305093431273	8.30816676109868	9.15608272734927
8.61439918307159	0.197946062403423	8.22642490076088	9.0023734653823
8.78003968635382	0.204161662751562	8.37988282736075	9.18019654534688
8.86856922990571	0.215609688688453	8.44597424007634	9.29116421973507
8.76532341081377	0.204113967210401	8.36526003508138	9.16538678654616
9.14625872245056	0.219287582986687	8.71645505979666	9.57606238510447
8.85386735300216	0.217886169716531	8.42681046035776	9.28092424564656
9.16085462165037	0.231191040880926	8.70772018152375	9.61398906177698
8.642120311956	0.200747812008182	8.24865460041996	9.03558602349204
9.04915019836981	0.218388138261004	8.62110944737825	9.47719094936138
8.91155381024637	0.214435700376235	8.49125983750895	9.33184778298379
8.96628626221284	0.207927639454393	8.55874808888223	9.37382443554345
8.86802977412252	0.207494755485214	8.4613400533715	9.27471949487354
8.96865310458677	0.214206635242678	8.54880809951112	9.38849810966242
9.17038183589638	0.224653339391245	8.73006129068954	9.61070238110321
8.90945741836581	0.213375129609677	8.49124216433084	9.32767267240078
9.39812479800125	0.244354272718646	8.91919042347271	9.8770591725298
8.97850002248857	0.210766499694067	8.5653976830882	9.39160236188894
8.94435066923075	0.214380337297728	8.52416520812721	9.3645361303343
9.16455170666734	0.231187842880508	8.71142353462154	9.61767987871313
8.96298325403144	0.199077123604346	8.57279209176692	9.35317441629596
8.59470940948252	0.209435325131418	8.18421617222494	9.0052026467401
8.95651368450506	0.203068267169954	8.55849988085195	9.35452748815817
8.72983253051008	0.196915239535647	8.34387866102021	9.11578639999995
8.93466752890814	0.231368861822987	8.48118455973509	9.38815049808119
8.98853936126752	0.234978097936453	8.52798228931207	9.44909643322296
9.03537562162113	0.217238752848874	8.60958766603734	9.46116357720492
9.18314340504678	0.240108595836129	8.71253055720797	9.65375625288559
9.20863313788252	0.231261790632533	8.75536002824275	9.66190624752228
9.01658394003037	0.214752897861319	8.59566826022218	9.43749961983855
9.15667051627328	0.235179995503732	8.69571772508596	9.61762330746059
8.65986502932594	0.211257213553164	8.24580089076174	9.07392916789014
8.60760249318557	0.209565760483547	8.19685360263782	9.01835138373332
8.94247810216405	0.220792342997601	8.50972510988875	9.37523109443935
8.91119347999555	0.205642111822652	8.50813494082315	9.31425201916795
9.19076860226754	0.228778723536093	8.74236230413679	9.63917490039828
9.2117022640277	0.223626838682873	8.77339366020927	9.65001086784613
9.36276088780495	0.216053835919388	8.93929536940295	9.78622640620695
9.01292771734655	0.233601940636628	8.55506791369876	9.47078752099434
8.85414460152713	0.199832061551689	8.46247376088582	9.24581544216844
9.25555759533712	0.232068995792632	8.80070236358356	9.71041282709068
9.14976512263007	0.21728818461574	8.72388028078322	9.57564996447692
8.81243971210946	0.225342632837128	8.37076815174868	9.25411127247023
9.25899781991808	0.232591484990823	8.80311850933607	9.7148771305001
8.97296399100271	0.21840107428248	8.54489788540905	9.40103009659637
9.19317815210839	0.232082317071734	8.7382968106478	9.64805949356899
8.69866878890659	0.21290000676629	8.28138477564466	9.11595280216851
8.99892889780738	0.205572091698197	8.59600759807891	9.40185019753585
8.7007303798818	0.208833095091602	8.29141751350226	9.11004324626134
8.95208687491386	0.219970127034632	8.52094542592598	9.38322832390174
8.98841226193914	0.204844787113423	8.58691647919683	9.38990804468145
9.22432662955141	0.21747324842458	8.79807906263923	9.65057419646358
9.08812286296932	0.2198750520436	8.65716776096386	9.51907796497477
8.90867039285935	0.217615926349101	8.48214317721511	9.33519760850359
9.26695331543531	0.238397296381223	8.79969461452811	9.73421201634251
9.24793075453929	0.248377594214077	8.7611106698797	9.73475083919888
8.95587412467854	0.217338707944462	8.52989025710739	9.38185799224969
9.07405735839882	0.245105381730781	8.59365081020649	9.55446390659115
9.15042609703112	0.218670197843644	8.72183250925758	9.57901968480467
8.94986069318994	0.232924421474475	8.49332882709997	9.40639255927991
9.33804171806019	0.234170505020361	8.87906752822028	9.7970159079001
8.76787098399756	0.216639771314353	8.34325703222143	9.1924849357737
8.87294187099641	0.196030627976102	8.48872184016325	9.25716190182957
8.60267512895937	0.204168405248554	8.2025050546722	9.00284520324653
8.80728934730174	0.210544268356494	8.39462258132301	9.21995611328046
9.01701285059442	0.205423985270527	8.61438183946418	9.41964386172465
8.90634894016338	0.20439543526632	8.5057338870414	9.30696399328537
8.85070687294464	0.214777907869506	8.42974217352041	9.27167157236887
9.08052531353801	0.22478958484703	8.63993772723783	9.52111289983819
9.24045960730462	0.221449179658526	8.8064192151739	9.67449999943533
9.24689758342272	0.223455913018111	8.80892399390722	9.68487117293822
8.91653105609685	0.200644740423247	8.52326736486729	9.30979474732642
9.07207915405048	0.243706194413623	8.59441501299978	9.54974329510118
8.76837553435958	0.20600299318438	8.3646096677182	9.17214140100096
9.11251269035647	0.223595235811735	8.67426602816547	9.55075935254747
8.97619406868718	0.19242513696422	8.59904080023731	9.35334733713706
9.07761046946367	0.220891110217244	8.64466389343787	9.51055704548946
8.70072496139717	0.199525036813402	8.30965588924291	9.09179403355144
9.3550582978973	0.226131263643135	8.91184102115676	9.79827557463785
9.10309061532106	0.221836307443129	8.66829145273252	9.53788977790959
8.88238871469469	0.194197016603624	8.50176256215159	9.2630148672378
8.97888137570841	0.201905830990843	8.58314594696636	9.37461680445046
9.20863859805194	0.221438531208451	8.77461907688337	9.6426581192205
8.97929507136412	0.21111151242155	8.56551650701788	9.39307363571036
8.89562025783355	0.229237024753872	8.44631568931596	9.34492482635114
9.15374207743056	0.226049144154791	8.71068575488717	9.59679839997395
9.38162960245808	0.22637306563207	8.93793839381922	9.82532081109694
8.81617234020378	0.224933108770795	8.37530344701302	9.25704123339453
9.26685446040441	0.219329920734644	8.83696781576451	9.69674110504431
8.87803866885716	0.225038125884832	8.43696394212289	9.31911339559143
9.1903679706668	0.224246448246721	8.75084493210323	9.62989100923037
9.05850782296562	0.216406900019698	8.63435029892701	9.48266534700423
8.84928358319406	0.204786793463543	8.44790146800552	9.25066569838261
9.02251629159442	0.221865771734875	8.58765937899407	9.45737320419478
9.00221215900001	0.234242696563197	8.54309647373614	9.46132784426388
8.98060815309805	0.237454714827297	8.51519691203655	9.44601939415955
8.59073103094104	0.211861915274955	8.17548167700213	9.00598038487995
8.88164511708267	0.221527113742132	8.4474519741481	9.31583826001725
9.09734435612753	0.2183949836433	8.66929018818666	9.5253985240684
8.66209179889153	0.19841686862945	8.2731947363778	9.05098886140525
8.7281532046624	0.216765370550095	8.30329307838421	9.15301333094058
9.2432753637797	0.211683600927782	8.82837550596124	9.65817522159815
8.98899449139617	0.203676069777073	8.58978939463311	9.38819958815924
8.66379369644254	0.20947365535362	8.25322533194945	9.07436206093564
8.82024978948695	0.211376254840362	8.40595232999985	9.23454724897406
9.19028630007985	0.218466950122711	8.76209107783934	9.61848152232037
9.10764711553253	0.213210872702872	8.6897538050349	9.52554042603016
8.97884697006634	0.224250271666174	8.53931643760064	9.41837750253204
8.80104745091464	0.200254687028106	8.40854826433955	9.19354663748973
9.25687139968178	0.225087557509735	8.8156997869627	9.69804301240086
8.91616327103486	0.228154418863174	8.46898061006304	9.36334593200668
9.25994913696832	0.22540751287799	8.81815041172746	9.70174786220918
9.29088951359169	0.215757374259497	8.86800506004307	9.71377396714031
9.1323748156265	0.246035007924981	8.65014620009354	9.61460343115947
8.73706755011101	0.208383884630483	8.32863513623526	9.14549996398675
9.07428950816631	0.24674288006436	8.59067346324017	9.55790555309246
9.33961331762524	0.227497322730608	8.89371856507325	9.78550807017723
9.02805453264423	0.239294044325213	8.55903820576681	9.49707085952165
9.24956025069255	0.240616183812517	8.77795253042001	9.72116797096508
9.13912257870072	0.21645356237695	8.71487359644189	9.56337156095954
8.99045935486214	0.204910755167756	8.58883427473334	9.39208443499094
8.97477906006136	0.230154172924653	8.52367688112904	9.42588123899368
9.09769639994486	0.220045040682537	8.66640812020709	9.52898467968263
8.89054082000887	0.22436370885404	8.45078795065496	9.33029368936279
9.1556097629594	0.215528417386164	8.73317406488252	9.57804546103628
9.14079704570094	0.208133984654559	8.732854435778	9.54873965562387
8.98885033793693	0.221437630506517	8.55483258214416	9.4228680937297
9.17138995850882	0.209419074803401	8.76092857189415	9.58185134512348
8.95525857965676	0.231623024576516	8.50127745148679	9.40923970782673
9.11767365545453	0.229579081373965	8.66769865596156	9.5676486549475
8.82698599637562	0.225861319611839	8.38429780993641	9.26967418281482
9.18894130897518	0.218676403602089	8.76033555791509	9.61754706003528
9.08731828616146	0.259699445140493	8.5783073736861	9.59632919863683
9.37833859461556	0.219339110953167	8.94843393714735	9.80824325208377
9.17383231632216	0.229887638356975	8.72325254514249	9.62441208750183
9.03999033059038	0.217073997268881	8.61452529594338	9.46545536523739
9.06344408273967	0.219421611770366	8.63337772366975	9.49351044180959
9.48223422376574	0.226536847690362	9.03822200229263	9.92624644523885
9.31110705105368	0.23065856339753	8.85901626679452	9.76319783531284
8.90339351565287	0.202435494550689	8.50661994633352	9.30016708497222
8.91106316471647	0.219970806005269	8.47992038494614	9.3422059444868
8.81878844733526	0.208638106484148	8.40985775862633	9.22771913604419
8.72998183918733	0.209291432358141	8.31977063176537	9.14019304660928
8.84459597284137	0.201618336005081	8.44942403427141	9.23976791141133
9.4728900228761	0.222307454826999	9.03716741141518	9.90861263433701
8.94342530626727	0.20528618142606	8.54106439067219	9.34578622186235
9.38581495350414	0.228904412988453	8.93716230404677	9.83446760296151
8.98521877128435	0.222362477348867	8.54938831568057	9.42104922688813
9.31977943690851	0.231977579106323	8.86510338186012	9.77445549195691
8.84550025768023	0.198438032845085	8.45656171330387	9.2344388020566
8.66710867792687	0.186764504042676	8.30105025000322	9.03316710585051
9.23904510624842	0.215807833610955	8.81606175237095	9.66202846012589
8.73874961010653	0.224338564017051	8.29904602463311	9.17845319557995
9.09141721550629	0.244407829309068	8.61237787006052	9.57045656095207
8.90306919107703	0.231009771520036	8.45029003889776	9.3558483432563
8.82955644373044	0.19092126489769	8.45535076453097	9.20376212292991
9.01141021356568	0.209650273907242	8.60049567670749	9.42232475042388
9.24630606794807	0.219231375331185	8.81661257229895	9.6759995635972
8.85470873382735	0.215050844050034	8.43320907948928	9.27620838816542
8.90986586958492	0.225171830301635	8.46852908219371	9.35120265697612
8.71642802145941	0.216958585280346	8.29118919430993	9.14166684860888
8.99262294042237	0.231776349616548	8.53834129517394	9.4469045856708
9.05769173388573	0.224846535591388	8.61699252412661	9.49839094364485
9.04405942981864	0.222712866445216	8.60754221158602	9.48057664805126
9.25553832459996	0.208644577730846	8.8465949522475	9.66448169695242
8.74655200654423	0.231101205237288	8.29359364427915	9.19951036880932
8.85934266456339	0.198910195168276	8.46947868203357	9.24920664709321
8.94527632366914	0.214663163641175	8.52453652293244	9.36601612440585
8.76311571767058	0.204665033863939	8.36197225129726	9.1642591840439
8.83927179821763	0.227037853279796	8.39427760578923	9.28426599064603
9.13743947261875	0.213596258702394	8.71879080556205	9.55608813967544
8.96273392555131	0.20174094865163	8.56732166619412	9.3581461849085
9.38549575164765	0.245720416191591	8.90388373591214	9.86710776738317
9.36075271415888	0.229005503281433	8.91190192772727	9.80960350059049
8.893433705932	0.210798551584479	8.48026854482642	9.30659886703758
8.99897742669659	0.213175854475214	8.58115275192517	9.41680210146801
8.92524858541868	0.195982200408028	8.54112347261894	9.30937369821841
