estFinal_msm11	sdFinal_msm11	X1	X2
8.87462678621404	0.223366616639751	8.43682821760012	9.31242535482795
9.18318791454439	0.225733129845227	8.74075098004774	9.62562484904103
9.03967787824669	0.22114301728128	8.60623756437538	9.47311819211799
8.79661725622617	0.236968880815698	8.3321582498274	9.26107626262494
8.89867362618513	0.224175168454958	8.45929029601342	9.33805695635685
9.01956816554402	0.250184514022206	8.52920651806049	9.50992981302754
8.62601449229322	0.217802358891626	8.19912186886564	9.05290711572081
9.22058336439476	0.224917541216711	8.77974498361001	9.66142174517951
8.68244683153888	0.227628330479258	8.23629530379953	9.12859835927823
8.92246277859028	0.214403726484181	8.50223147468129	9.34269408249927
8.99465451444614	0.23580003402507	8.53248644775701	9.45682258113528
9.15642977674326	0.259763049948239	8.64729419884471	9.6655653546418
9.10357014035709	0.225034803884833	8.66250192474282	9.54463835597137
9.33903480772818	0.252553958642517	8.84402904878885	9.83404056666751
8.95031798787138	0.238241078502373	8.48336547400672	9.41727050173603
9.17325071341393	0.235071925197637	8.71250974002656	9.6339916868013
9.0358934652944	0.231748463416691	8.58166647699768	9.49012045359111
9.03118147778148	0.248081154771902	8.54494241442855	9.51742054113441
8.71369269589138	0.221227691848141	8.28008641986903	9.14729897191374
8.68073523250663	0.206971191410794	8.27507169734148	9.08639876767179
8.80981376810511	0.213959304700651	8.39045353089183	9.22917400531838
8.78728738096747	0.231907414555327	8.33274884843903	9.24182591349592
9.18777004740619	0.241658584971613	8.71411922086182	9.66142087395055
8.99871610834539	0.220385394929736	8.56676073428311	9.43067148240768
9.0586006669997	0.227337003214918	8.61302014069846	9.50418119330094
8.66709799013608	0.238930413486564	8.19879437970241	9.13540160056974
8.88951396706415	0.215538054327348	8.46705938058255	9.31196855354575
8.84468927647299	0.232391240579871	8.38920244493644	9.30017610800954
8.93335119791688	0.23636194150904	8.47008179255917	9.3966206032746
9.02719699859156	0.223348088086899	8.58943474594124	9.46495925124188
8.86508143510667	0.204068376556438	8.46510741705605	9.26505545315729
8.78003398563827	0.217095868491259	8.3545260833954	9.20554188788114
8.88352917839937	0.223906089333585	8.44467324330554	9.3223851134932
8.67621309786732	0.213009493916144	8.25871448979168	9.09371170594297
9.15621114755023	0.236056255307046	8.69354088714842	9.61888140795204
8.92889696915518	0.234703772195708	8.4688775756516	9.38891636265877
8.92099325291619	0.205452523176721	8.51830630748982	9.32368019834256
8.76839169945631	0.227650187664436	8.32219733163401	9.2145860672786
8.83607504642153	0.214190478660254	8.41626170824743	9.25588838459563
9.0828541685588	0.230723809604726	8.63063550173354	9.53507283538406
8.76871638549406	0.202579860592578	8.37165985873261	9.16577291225551
9.18963202136475	0.2608491595616	8.67836766862401	9.70089637410548
8.64151327753257	0.184390912269248	8.28010708948485	9.0029194655803
8.74509443212327	0.247702946549261	8.25959665688672	9.23059220735982
8.87336363041514	0.228487143794301	8.42552882857831	9.32119843225197
9.1138039290397	0.233881781552507	8.65539563719678	9.57221222088261
9.02970927056008	0.227271959305488	8.58425623032132	9.47516231079884
9.3907361933692	0.231100654640111	8.93777891027458	9.84369347646381
9.23538595220735	0.251446252606279	8.74255129709904	9.72822060731566
9.02597517323215	0.209039141615944	8.6162584556649	9.4356918907994
9.26575757193752	0.233024849847409	8.8090288662366	9.72248627763844
8.91236521859596	0.225281199363722	8.47081406784307	9.35391636934886
8.7465823389387	0.219265282999074	8.31682238426051	9.17634229361688
9.05799701947434	0.218394413374392	8.62994396926054	9.48605006968815
8.60805166777937	0.227743779708054	8.16167385955159	9.05442947600716
8.90096245852232	0.238025894443438	8.43443170541318	9.36749321163145
8.97537382301146	0.235564707089495	8.51366699711605	9.43708064890687
8.36839869307337	0.215964843152485	7.9451076004945	8.79168978565224
9.03505340156782	0.206551276172725	8.63021290026927	9.43989390286636
8.8958121071614	0.218771211307583	8.46702053299853	9.32460368132426
8.95643883399343	0.22382207499015	8.51774756701273	9.39513010097412
9.1331465087664	0.210863749661904	8.71985355942907	9.54643945810374
9.06412148682317	0.213806931798724	8.64505990049767	9.48318307314867
8.74243490812032	0.261349982107513	8.23018894318959	9.25468087305104
9.03255920540222	0.225111316141017	8.59134102576583	9.47377738503861
9.1277668970692	0.229554302583198	8.67784046400613	9.57769333013226
8.65335181044477	0.175083473520794	8.31018820234402	8.99651541854553
8.98827224730349	0.220494192834788	8.5561036293473	9.42044086525967
9.3093525438435	0.254164058150465	8.81119098986859	9.80751409781841
9.46703024090895	0.255963319374412	8.9653421349351	9.9687183468828
8.87933490381122	0.192654356703508	8.50173236467235	9.2569374429501
8.89381154136118	0.216063050339326	8.4703279626961	9.31729512002626
8.97456293361879	0.254078925250749	8.47656824012732	9.47255762711025
9.04563540607019	0.218630219924892	8.6171201750174	9.47415063712298
8.59213988393154	0.228863491577378	8.14356744043988	9.0407123274232
9.11432627350973	0.219193522208828	8.68470696998043	9.54394557703904
8.57560725544102	0.203679437988473	8.17639555698361	8.97481895389843
9.21698978862263	0.255708821406002	8.71580049866687	9.7181790785784
9.2693370277723	0.237541838505558	8.80375502430141	9.73491903124319
8.6749809064781	0.221900338761057	8.24005624250643	9.10990557044977
8.92966409476679	0.247493469599802	8.44457689435118	9.41475129518241
9.03060646877636	0.229377152742875	8.58102724940032	9.48018568815239
9.08635756606798	0.22065030291247	8.65388297235954	9.51883215977642
8.96530374392512	0.243648388689853	8.48775290209301	9.44285458575724
8.70498786064879	0.300462693392115	8.11608098160024	9.29389473969733
9.03984730361315	0.242962179513746	8.56364143176621	9.51605317546009
9.35403789535851	0.225388025398481	8.91227736557748	9.79579842513953
9.00293160203634	0.212383930556192	8.5866590981462	9.41920410592647
8.83978579758658	0.275908760137051	8.29900462771796	9.3805669674552
9.47012826146783	0.272208935420154	8.93659874804432	10.0036577748913
8.82119856923628	0.2118741219625	8.40592529018978	9.23647184828278
9.33629729212461	0.240594510264619	8.86473205200596	9.80786253224326
8.62337350933073	0.208714798311496	8.21429250464019	9.03245451402126
8.79626766746549	0.238457534010982	8.32889090080396	9.26364443412701
8.88419958771233	0.239893648606828	8.41400803644295	9.35439113898171
8.83425789564128	0.22307027471867	8.39704015719269	9.27147563408988
8.78845682332416	0.212543213641582	8.37187212458666	9.20504152206166
8.58668618748395	0.206449754888379	8.18204466790273	8.99132770706517
9.08263162041472	0.22359702835697	8.64438144483506	9.52088179599438
9.12384781477472	0.256845902028929	8.62042984679802	9.62726578275142
8.88104403250273	0.291036007289012	8.31061345821627	9.45147460678919
9.00074479399768	0.242012125384948	8.52640102824318	9.47508855975218
8.57573880753357	0.229717847064019	8.1254918272881	9.02598578777905
8.70097843445458	0.220575411776354	8.26865062737293	9.13330624153624
9.32260181386015	0.221677122840521	8.88811465309273	9.75708897462757
9.06049240730914	0.293451917567464	8.48532664887691	9.63565816574137
8.92350244567389	0.223571293913396	8.48530270960364	9.36170218174415
8.94848702128137	0.230551336596971	8.49660640155131	9.40036764101143
8.87564684924682	0.213854723685054	8.45649159082412	9.29480210766953
9.31625215792029	0.28641292653294	8.75488282191573	9.87762149392486
9.29641636625513	0.263240154305169	8.780465663817	9.81236706869326
9.08130171382513	0.225674015097392	8.63898064423424	9.52362278341602
8.86929886032014	0.216235291967491	8.44547768806385	9.29312003257642
9.19022853093496	0.263106586601312	8.67453962119639	9.70591744067354
9.2803953263613	0.246913245646121	8.7964453648949	9.7643452878277
9.04413068271915	0.228658646809567	8.5959597349724	9.4923016304659
9.22269983102662	0.231183633700981	8.7695799089727	9.67581975308054
8.87676045505627	0.222770847275251	8.44012959439678	9.31339131571576
8.89541400490571	0.208518827769424	8.48671710247764	9.30411090733378
8.90340715478308	0.21309240184114	8.48574604717444	9.32106826239171
9.12752733507342	0.241964632807661	8.65327665477041	9.60177801537644
9.27097438047815	0.257176110364836	8.76690920416308	9.77503955679323
9.24687727677027	0.222191678063032	8.81138158776672	9.68237296577381
8.81650130968713	0.237953325445485	8.35011279181398	9.28288982756028
8.76883326957325	0.197317962165315	8.38209006372924	9.15557647541727
9.119474569173	0.248750537613052	8.63192351545142	9.60702562289458
9.09159917717745	0.245117345114089	8.61116918075384	9.57202917360107
8.98017474880316	0.283257579407805	8.42498989316386	9.53535960444246
9.18002341814852	0.227800848661554	8.73353375477188	9.62651308152517
9.11352839431167	0.261467607133685	8.60105188432965	9.6260049042937
9.10106759575817	0.241394003377063	8.62793534913912	9.57419984237721
8.73070694093812	0.225310559808888	8.2890982437127	9.17231563816354
9.17850396784753	0.237838948923866	8.71233962795676	9.64466830773831
8.71860087856934	0.214894308231662	8.29740803443529	9.1397937227034
9.36383389771221	0.252095763045773	8.8697262021425	9.85794159328193
9.10292309323047	0.241265626582849	8.63004246512808	9.57580372133285
9.04327965993568	0.218260387004741	8.61548930140639	9.47107001846497
8.71635177618232	0.182862464124156	8.35794134649898	9.07476220586567
8.99112088352523	0.204904059403811	8.58950892709376	9.3927328399567
8.54044174885486	0.201906746634436	8.14470452545137	8.93617897225836
9.03750707409182	0.232435931154894	8.58193264902823	9.49308149915541
8.67561563527711	0.226710031862437	8.23126397282673	9.11996729772749
9.01173974661314	0.21517647907116	8.58999384763367	9.43348564559262
8.52615882703501	0.216233054760774	8.10234203970389	8.94997561436612
9.11299983406613	0.215425669167384	8.69076552249806	9.5352341456342
8.96374058754648	0.228919937806358	8.51505750944602	9.41242366564694
9.2281191688228	0.216566522394399	8.80364878492978	9.65258955271583
8.5127495776916	0.214357230978954	8.09260940497285	8.93288975041035
9.46637096691184	0.242763747337328	8.99055402213068	9.942187911693
9.07547257736645	0.263747069319496	8.55852832150024	9.59241683323266
9.45573385131742	0.251732693403519	8.96233777224652	9.94912993038831
8.83876628410728	0.237731198537076	8.37281313497461	9.30471943323995
8.8283607661743	0.232635953999478	8.37239429633533	9.28432723601328
9.09308295155701	0.235108253706067	8.63227077429312	9.5538951288209
8.9500978688419	0.230188542727179	8.49892832509663	9.40126741258717
8.91376326324051	0.215031275595564	8.49230196307321	9.33522456340782
9.19383881517997	0.240531331357515	8.72239740571924	9.6652802246407
8.95105283815013	0.217050804717582	8.52563326090367	9.37647241539659
8.66454972021717	0.243559648795234	8.18717280857851	9.14192663185582
8.96478643894282	0.211205353752001	8.5508239455889	9.37874893229674
8.98415465628765	0.225489644381234	8.54219495330043	9.42611435927487
9.26161633759921	0.223678531496416	8.82320641586623	9.70002625933218
8.62178245460407	0.224690736697183	8.18138861067759	9.06217629853055
8.99464171825259	0.234368114152254	8.53528021451418	9.45400322199101
9.27831743161706	0.216532757915239	8.85391322610319	9.70272163713093
9.02121252340677	0.254215458066124	8.52295022559716	9.51947482121637
9.23772297222973	0.223857708499578	8.79896186357056	9.6764840808889
9.26432695179247	0.230250477872429	8.81303601516251	9.71561788842244
9.02705239247867	0.226103379631015	8.58388976840189	9.47021501655546
8.83257070239198	0.207791883567234	8.4252986106002	9.23984279418375
9.02391602429589	0.235876166155467	8.56159873863118	9.48623330996061
8.65097233060783	0.322969285808791	8.01795253042259	9.28399213079306
8.66145129622294	0.216821217518304	8.23648170988706	9.08642088255881
9.02226855134318	0.228124681304091	8.57514417598716	9.4693929266992
8.99471429530322	0.204920696328521	8.59306973049932	9.39635886010712
9.03469131698922	0.210662522667242	8.62179277256143	9.44758986141701
8.85245911782861	0.227339621768494	8.40687345916236	9.29804477649486
8.71994053431272	0.210715995910514	8.30693718232811	9.13294388629732
9.23186500016886	0.291543672080871	8.66043940289035	9.80329059744737
8.96443003814156	0.242350667976488	8.48942272890764	9.43943734737548
9.12152622137261	0.224834727266322	8.68085015593062	9.5622022868146
9.05408912639018	0.253700192320167	8.55683674944265	9.5513415033377
9.38035610136902	0.240956859797533	8.90808065616586	9.85263154657219
8.75543067668644	0.229012609134913	8.30656596278201	9.20429539059087
8.92157267594435	0.225370354594135	8.47984678093984	9.36329857094885
8.83190811533847	0.230836617832458	8.37946834438685	9.28434788629009
8.95085458843057	0.248370357476648	8.46404868777634	9.4376604890848
8.88764945096622	0.228700792808609	8.43939589706134	9.33590300487109
8.54764207863077	0.23582347353114	8.08542807050973	9.0098560867518
8.98979075873329	0.217862195335388	8.56278085587593	9.41680066159065
9.17030900555902	0.234858454178528	8.7099864353691	9.63063157574893
9.07776586818996	0.250279550181817	8.5872179498336	9.56831378654632
8.94809988416529	0.282816178059121	8.39378017516941	9.50241959316116
8.97834148439145	0.221437556305735	8.54432387403221	9.41235909475069
8.55577957089389	0.20040786597088	8.16298015359096	8.94857898819681
9.43989438306269	0.273872639981987	8.90310400869799	9.97668475742738
8.79500903904023	0.21081922731158	8.38180335350954	9.20821472457093
9.06882303789163	0.276452456075045	8.52697622398455	9.61066985179872
9.26656851319067	0.231706498843024	8.81242377545835	9.720713250923
9.23733472135977	0.231041280570854	8.7844938114409	9.69017563127865
9.00936204393824	0.231085047380721	8.55643535107203	9.46228873680446
8.99641769027845	0.221500760724341	8.56227619925875	9.43055918129816
8.98258495264473	0.220417490662577	8.55056667094608	9.41460323434338
9.47522444000134	0.237918621257007	9.00890394233761	9.94154493766507
9.04427547009859	0.239909844896836	8.57405217410079	9.51449876609639
8.82632701005585	0.245654032363872	8.34484510662266	9.30780891348904
8.68644345025414	0.205546170805741	8.28357295547488	9.08931394503339
8.71404162675524	0.211878629745254	8.29875951245454	9.12932374105593
9.02758685905851	0.242052690662161	8.55316358536068	9.50201013275635
9.6084765986889	0.241288741500101	9.1355506653487	10.0814025320291
8.80732805760273	0.220161476896527	8.37581156288554	9.23884455231992
8.75321051105749	0.243109488461924	8.27671591367212	9.22970510844286
9.20669783535724	0.228586378458629	8.75866853357833	9.65472713713616
8.8116450946121	0.214340359063035	8.39153799084855	9.23175219837565
8.60296874672766	0.207856811450736	8.19556939628422	9.0103680971711
8.92910427394138	0.228919298021553	8.48042244981913	9.37778609806362
9.09754565334645	0.232312068819603	8.64221399846003	9.55287730823287
9.08267909131121	0.224647820382737	8.64236936336104	9.52298881926137
8.97753691431346	0.221497607306039	8.54340160399363	9.4116722246333
8.87622836295697	0.211117221545337	8.46243860872811	9.29001811718583
9.00181639688666	0.214338232784311	8.58171346062941	9.42191933314391
9.13861695341876	0.232328403935197	8.68325328170577	9.59398062513175
8.70918933378551	0.201597404735304	8.31405842050432	9.10432024706671
8.97566732834321	0.21853600534395	8.54733675786907	9.40399789881736
9.180959837398	0.219430791689846	8.7508754856859	9.61104418911009
9.26379927071891	0.255366671378408	8.76328059481723	9.76431794662058
8.39507838987084	0.199804478990249	8.00346161104995	8.78669516869172
8.89830453193331	0.238176823241581	8.43147795837981	9.36513110548681
8.85166590629367	0.230960672671759	8.39898298785702	9.30434882473032
8.91627396279293	0.221572574954348	8.48199171588241	9.35055620970346
8.4638438987672	0.340711445393164	7.7960494657966	9.1316383317378
8.70373777580241	0.208007937208442	8.29604221887386	9.11143333273095
8.89225334592782	0.239074605176288	8.42366711978229	9.36083957207334
8.33921684936596	0.335541763670688	7.68155499257142	8.99687870616051
8.40277168323062	0.280522854592421	7.85294688822948	8.95259647823177
8.69965423908162	0.214555610726515	8.27912524205766	9.12018323610559
9.04372006049701	0.235649504749348	8.58184703118829	9.50559308980573
8.91717391543783	0.24876977704465	8.42958515243031	9.40476267844534
8.9129119820497	0.225795502399717	8.47035279734626	9.35547116675315
8.81693629934403	0.216257052181725	8.39307247706784	9.24080012162021
8.99085560861195	0.228506884260019	8.54298211546231	9.43872910176158
9.31768040625172	0.226389947744428	8.87395610867264	9.7614047038308
8.7305121732953	0.206875538961369	8.32503611693102	9.13598822965958
9.02624530287274	0.225293732732262	8.58466958671751	9.46782101902798
8.84211852623472	0.247510265081383	8.35699840667521	9.32723864579423
9.09728399453938	0.237277442243465	8.63222020774219	9.56234778133657
9.2380226455465	0.25849628159805	8.73136993361432	9.74467535747868
8.98118503224141	0.25251665024926	8.48625239775286	9.47611766672996
9.04235151301905	0.228877642745534	8.5937513332378	9.4909516928003
9.22419322983859	0.257028544773975	8.7204172820816	9.72796917759558
8.99819237526646	0.206388501809707	8.59367091171944	9.40271383881349
9.11661785035679	0.229364218079486	8.667063982921	9.56617171779258
9.03499226582995	0.229043664856493	8.58606668271123	9.48391784894868
8.94966676665453	0.224218203365799	8.51019908805756	9.38913444525149
9.14979945700488	0.218101784783571	8.72231995882908	9.57727895518068
8.76319675212123	0.243280594127611	8.28636678763112	9.24002671661135
8.71636831221555	0.21562550961583	8.29374231336852	9.13899431106257
9.02218755787881	0.226691738694685	8.57787175003723	9.46650336572039
8.9731743421236	0.265832160364356	8.45214330780946	9.49420537643773
9.08717632307894	0.218215058107224	8.65947480918878	9.5148778369691
9.38719061610286	0.244892094326721	8.90720211122249	9.86717912098323
8.90655107447899	0.218068885899835	8.47913605811532	9.33396609084267
8.79156938095437	0.214188357983447	8.37176019930682	9.21137856260193
8.66379651749196	0.218599676219517	8.23534115210171	9.09225188288221
8.91629449567089	0.231291220788087	8.46296370292624	9.36962528841554
9.01926482938614	0.225743676752937	8.57680722295038	9.4617224358219
8.89581477994069	0.207909559285275	8.48831204374155	9.30331751613983
9.26882078430133	0.236452811544149	8.8053732736748	9.73226829492787
8.83937947833797	0.245899694426482	8.35741607726207	9.32134287941387
8.83559663428169	0.235094965288377	8.37481050231647	9.29638276624691
9.15956529114477	0.229311867050969	8.71011403172487	9.60901655056467
9.07536038512927	0.217052377140674	8.64993772593355	9.50078304432499
8.76798292265304	0.219255560309524	8.33824202444637	9.19772382085971
9.00047484683998	0.253351145082842	8.50390660247761	9.49704309120235
8.99431614007627	0.212547168177147	8.57772369044906	9.41090858970348
8.9507638549526	0.234253468292929	8.49162705709846	9.40990065280674
8.88156724878506	0.233736672777781	8.42344337014061	9.33969112742951
9.02548236948149	0.234547550664819	8.56576917017844	9.48519556878453
8.9723317212353	0.220850998051996	8.53946376505339	9.40519967741721
8.88398621009325	0.225816069897286	8.44138671309457	9.32658570709193
8.88895435273924	0.232057695283783	8.43412126998303	9.34378743549546
8.74540898340407	0.205221230499659	8.34317537162473	9.1476425951834
8.97660872512105	0.257547898307499	8.47181484443836	9.48140260580375
9.0211874607748	0.222885684869885	8.58433151842982	9.45804340311977
8.8942597827764	0.236070819631551	8.43156097629856	9.35695858925424
8.97873194955669	0.229898354214672	8.52813117529593	9.42933272381745
8.91739109486661	0.214713532217442	8.49655257172042	9.33822961801279
9.32742392666597	0.261371059643459	8.81513664976479	9.83971120356715
8.85052325276464	0.20046615033681	8.45760959810449	9.24343690742479
8.89237647130503	0.231417649780147	8.43879787773594	9.34595506487412
8.70522066360053	0.226622137575206	8.26104127395313	9.14940005324794
8.89330686458794	0.234092817064462	8.4344849431416	9.35212878603429
8.59860677830346	0.204770773553965	8.19725606213769	8.99995749446923
8.92728484367663	0.213687442867028	8.50845745565725	9.346112231696
8.95851687131068	0.217552375500846	8.53211421532902	9.38491952729234
9.17745453536967	0.225165539547794	8.736130077856	9.61877899288335
9.39409559613481	0.227856861590263	8.9474961474179	9.84069504485173
8.98646798665152	0.230051242941704	8.53556755048578	9.43736842281726
8.75603217172316	0.212420913570822	8.33968718112435	9.17237716232197
9.23695532938328	0.237211069628107	8.77202163291219	9.70188902585437
9.25805034946072	0.223961810226276	8.81908520141722	9.69701549750423
9.08051409335983	0.223223230799484	8.64299656099285	9.51803162572682
9.07382436978117	0.214612141624412	8.65318457219732	9.49446416736502
9.42678496227042	0.329440105418996	8.78108235564919	10.0724875688917
8.57164446088584	0.23504202763626	8.11096208671877	9.03232683505291
8.96454931487877	0.211995414416461	8.54903830262251	9.38006032713503
8.78909594668506	0.211893418324267	8.3737848467695	9.20440704660063
9.17270595752243	0.2282439258829	8.72534786279195	9.62006405225292
8.91742735636747	0.222057060680012	8.48219551743465	9.3526591953003
9.30267665446079	0.25083981625746	8.81103061459616	9.79432269432541
9.14875679046548	0.235509972338124	8.68715724468275	9.6103563362482
9.22320715704607	0.241130028550796	8.75059230108651	9.69582201300563
9.25892244724813	0.221254240083641	8.82526413668419	9.69258075781207
9.04966019538927	0.241431966380971	8.57645354128257	9.52286684949597
9.21503286866783	0.216453471448102	8.79078406462955	9.63928167270611
9.15178135237932	0.232722336723693	8.69564557240088	9.60791713235775
8.79462807795958	0.229514101838143	8.34478043835681	9.24447571756234
8.88950814271281	0.212606807155786	8.47279880068747	9.30621748473815
9.19801788935427	0.257658720582577	8.69300679701242	9.70302898169612
9.12509674600718	0.230461690095964	8.67339183341909	9.57680165859527
8.67637570812348	0.226572214833114	8.23229416705058	9.12045724919638
8.98701632453326	0.221710094202026	8.55246453989729	9.42156810916923
9.29451438260911	0.227658646807117	8.84830343486716	9.74072533035106
8.863693788391	0.230007770275751	8.41287855865053	9.31450901813147
9.13109417170496	0.207963094237963	8.72348650699855	9.53870183641137
9.13227435393713	0.223055015988082	8.69508652260049	9.56946218527377
9.14636311518085	0.212185251736155	8.73048002177798	9.56224620858371
8.90336854493828	0.23558915628904	8.44161379861176	9.3651232912648
8.84491586865828	0.229627512409454	8.39484594433575	9.29498579298081
9.15791849067508	0.212492850492408	8.74143250370996	9.5744044776402
8.8420672066227	0.223013811983896	8.40496013513426	9.27917427811114
9.12892241103707	0.222433050554739	8.69295363194978	9.56489119012435
9.02763618483394	0.211429996561167	8.61323339157406	9.44203897809383
8.70603456377563	0.210516714735396	8.29342180289426	9.11864732465701
8.78438815434087	0.231010913815344	8.33160676326279	9.23716954541894
8.80724063567911	0.211777537840696	8.39215666151135	9.22232460984688
8.7504391040144	0.194029836706194	8.37014062407025	9.13073758395854
8.72930879833017	0.227852046490673	8.28271878720845	9.17589880945189
9.01147638728714	0.234741955943765	8.55138215363736	9.47157062093692
8.88008693114125	0.234305607526387	8.42084794038953	9.33932592189297
9.15237151387762	0.218888564604372	8.72334992725305	9.58139310050219
8.95349858874184	0.251775209012456	8.46001917907742	9.44697799840625
8.87126396017243	0.220077208472105	8.4399126315671	9.30261528877775
9.17442669859883	0.230352740210563	8.72293532778613	9.62591806941153
9.13278425809832	0.235144982058401	8.67190009326385	9.59366842293279
8.53371581250808	0.221402822507783	8.09976628039283	8.96766534462334
9.37316023154828	0.231971011415574	8.91849704917375	9.8278234139228
9.28086849364168	0.211145182375649	8.86702393618541	9.69471305109795
9.23424943746405	0.231629289499887	8.78025603004427	9.68824284488383
8.57099797909361	0.21552534285521	8.1485683070974	8.99342765108982
8.95982980984306	0.251726766475574	8.46644534755093	9.45321427213518
8.81715465291152	0.226330587455857	8.37354670149804	9.260762604325
8.97979714246399	0.212565203646112	8.56316934331761	9.39642494161036
8.77829160562449	0.209841700155069	8.36700187332055	9.18958133792842
8.55008297752463	0.210692731740303	8.13712522331364	8.96304073173563
8.77604090189535	0.219041431617082	8.34671969592587	9.20536210786483
8.707545282076	0.23622943890794	8.24453558181644	9.17055498233556
8.03019111416129	0.580375910536063	6.8926543295106	9.16772789881197
9.00657449007375	0.242815656982183	8.53065580238867	9.48249317775883
9.20086156675372	0.221325748163945	8.76706310035238	9.63466003315505
8.81889308025206	0.214160063498487	8.39913935579503	9.2386468047091
8.34049705189545	0.521611877058885	7.31813777286003	9.36285633093086
9.0789453534293	0.227826623043044	8.63240517226493	9.52548553459366
9.42980879786935	0.293562360191892	8.85442657189324	10.0051910238455
8.93289049768891	0.239828290348441	8.46282704860597	9.40295394677186
8.79292448521276	0.230911614620426	8.34033772055673	9.2455112498688
8.80946533778355	0.212205538287724	8.39354248273961	9.22538819282749
9.03280116687011	0.244046903739591	8.55446923554051	9.51113309819971
8.98414229082043	0.266812491044554	8.4611898083731	9.50709477326775
9.29685518346475	0.23008035054946	8.84589769638781	9.74781267054169
8.62791778457036	0.21097758371719	8.21440172048467	9.04143384865606
9.14894059626313	0.242814552963399	8.67302407245487	9.6248571200714
8.98086956526053	0.218591685114469	8.55242986243617	9.40930926808489
8.87329624789818	0.218132895172861	8.44575577335937	9.30083672243699
8.73686169169374	0.210615439859904	8.32405542956833	9.14966795381915
9.24762160488588	0.244487561449646	8.76842598444457	9.72681722532718
9.32461711475083	0.262933565937527	8.80926732551328	9.83996690398838
9.20749337637119	0.224488871404629	8.76749518841812	9.64749156432426
8.75906773223518	0.211616538223366	8.34429931731739	9.17383614715298
9.14462534628927	0.223696479728251	8.70618024602189	9.58307044655664
9.37078421030686	0.217446768920863	8.94458854322197	9.79697987739175
8.96758961000964	0.210233738697539	8.55553148216247	9.37964773785682
8.64281512326283	0.2334701400894	8.1852136486876	9.10041659783805
8.82141840053052	0.296667333856336	8.2399504261721	9.40288637488894
9.52957622290044	0.239773053075737	9.059621038872	9.99953140692889
9.27657616119752	0.257392194206921	8.77208746055196	9.78106486184309
9.06757213182271	0.229352078327233	8.61804205830133	9.51710220534408
9.01726965016314	0.232778852468226	8.56102309932542	9.47351620100087
9.00909409687389	0.218894153801623	8.58006155542271	9.43812663832508
9.14568152297345	0.230337097440363	8.69422081199034	9.59714223395657
9.27618004249378	0.246121437015422	8.79378202594355	9.758578059044
9.06521329995652	0.259643647604344	8.556311750652	9.57411484926103
8.96187337457936	0.23632782178544	8.4986708438799	9.42507590527882
9.11215584358271	0.242364502995765	8.63712141771101	9.58719026945441
9.18486793364191	0.230713510730131	8.73266945261085	9.63706641467297
8.88000505274056	0.250961910810661	8.38811970755167	9.37189039792946
8.95933824558177	0.23455367456538	8.49961304343362	9.41906344772991
9.10637490753006	0.262119568158149	8.59262055394009	9.62012926112003
9.1707991384187	0.225398960385969	8.7290171760622	9.6125811007752
8.76148588906648	0.234998871352	8.30088810121656	9.2220836769164
8.68001474800192	0.23270727550614	8.22390848800989	9.13612100799396
8.85187487854511	0.241613914375752	8.37831160636863	9.32543815072158
9.03785691705033	0.29137290015198	8.46676603275245	9.60894780134821
8.68386088345209	0.207251541858612	8.27764786140921	9.09007390549497
9.05758786257329	0.229944818736501	8.60689601784974	9.50827970729683
8.98283978284531	0.208715429853685	8.57375754033209	9.39192202535853
9.64067042246787	0.230269615475571	9.18934197613575	10.0919988688
8.94222263169491	0.230836161296576	8.48978375555362	9.3946615078362
9.02724321479566	0.215894564479513	8.60408986841581	9.4503965611755
9.02153186261503	0.217892551879657	8.5944624609309	9.44860126429916
9.05743299295612	0.22692090729123	8.61266801466531	9.50219797124693
9.23779668902905	0.224919135260902	8.79695518391768	9.67863819414042
8.86231038705163	0.237320907466876	8.39716140841655	9.3274593656867
8.72813551986437	0.210518811589528	8.3155186491489	9.14075239057985
8.75232439179829	0.212895956969888	8.33504831613731	9.16960046745927
8.8304433185605	0.239090086208591	8.36182674959166	9.29905988752934
9.08298049580266	0.221907767785386	8.64804127094331	9.51791972066202
8.80841705726819	0.237853084834038	8.34222501099347	9.2746091035429
9.12435664384324	0.23653269949429	8.66075255283443	9.58796073485205
9.23142243340721	0.234480992192918	8.77183968870909	9.69100517810533
9.19054242687782	0.217407467018896	8.76442379152078	9.61666106223486
8.80397787016529	0.243391699675937	8.32693013880046	9.28102560153013
9.43036911500099	0.258593608586152	8.92352564217214	9.93721258782985
8.83853045654824	0.238270798625712	8.37151969124184	9.30554122185463
8.91064818069533	0.232948845743406	8.45406844303826	9.36722791835241
8.92809688534764	0.231589556111824	8.47418135536846	9.38201241532681
8.96365521774436	0.232886361474098	8.50719794925512	9.42011248623359
8.56470830064501	0.473322258857813	7.63699667328369	9.49241992800632
8.89930152241106	0.219075183312308	8.46991416311893	9.32868888170318
9.21810422726567	0.22170532432296	8.78356179159267	9.65264666293867
9.04371600899018	0.227164082551277	8.59847440718968	9.48895761079068
8.81673964280736	0.259183698299757	8.30873959413984	9.32473969147489
9.06659863085122	0.219052111366934	8.63725649257203	9.49594076913041
9.19545167025131	0.244608088129149	8.71601981751818	9.67488352298444
9.16011452481358	0.210710480772937	8.74712198249862	9.57310706712854
9.33424543568145	0.227449987469666	8.8884434602409	9.78004741112199
8.8404235181859	0.22865764145829	8.39225454092765	9.28859249544415
9.11316769000319	0.23481395838391	8.65293233157073	9.57340304843566
8.87249379270978	0.226276945800819	8.42899097894017	9.31599660647938
9.28338135762958	0.25926559661902	8.7752207882563	9.79154192700286
8.80079004411195	0.231695101685934	8.34666764480752	9.25491244341638
9.24017829730498	0.237594229244557	8.77449360798565	9.70586298662432
8.89134837740967	0.24177792457758	8.41746364523761	9.36523310958172
9.09570531266556	0.220305142490138	8.66390723338488	9.52750339194623
9.09239196607133	0.246940405813045	8.60838877067776	9.5763951614649
8.87719146122578	0.229193205943106	8.42797277757729	9.32641014487427
9.39295201409163	0.250091606370454	8.90277246560554	9.88313156257772
8.76244132365947	0.203261063897769	8.36404963841984	9.1608330088991
8.68583829648597	0.253271840934308	8.18942548825472	9.18225110471721
8.79808103136786	0.205823885013624	8.39466621674116	9.20149584599456
9.21236245434336	0.245963708518374	8.73027358564735	9.69445132303938
8.73725553758	0.227331558103375	8.29168568369738	9.18282539146261
9.17734697632805	0.241887405642562	8.70324766126862	9.65144629138747
8.85607721258507	0.203219435171817	8.45776711964831	9.25438730552183
8.78626888829445	0.209394955574969	8.37585477536751	9.19668300122139
9.35005610385304	0.232905731595076	8.89356086992669	9.80655133777939
9.08810148338425	0.249687190013912	8.59871459095699	9.57748837581152
8.72991295751228	0.208088188436848	8.32206010817606	9.1377658068485
8.88078445086481	0.212494663941308	8.46429490953985	9.29727399218978
8.71092541035986	0.199913682979061	8.3190945917209	9.10275622899882
8.76112665142277	0.216794815589929	8.33620881286651	9.18604448997903
8.67627650720047	0.231107403381838	8.22330599657207	9.12924701782887
8.83296692133896	0.262157097072588	8.31913901107669	9.34679483160123
8.9236141179842	0.221167295471228	8.49012621886059	9.3571020171078
8.4032950065456	0.219921842537897	7.97224819517132	8.83434181791988
9.19806260825404	0.232973624317028	8.74143430459266	9.65469091191541
9.18572467046136	0.246365761680368	8.70284777756784	9.66860156335488
8.98371448133619	0.266530047657551	8.46131558792739	9.506113374745
8.85577138089214	0.236201498815253	8.39281644321425	9.31872631857004
8.74314249111539	0.261189775304717	8.23121053151814	9.25507445071263
9.15058629029476	0.250532915783582	8.65954177535894	9.64163080523058
9.2099435595902	0.262874737642613	8.69470907381067	9.72517804536972
8.91724108147628	0.229543311573702	8.46733619079183	9.36714597216074
8.90324123958473	0.245150383461388	8.42274648800041	9.38373599116905
8.80740177201664	0.211485387056289	8.39289041338632	9.22191313064697
8.72295088714798	0.237967616808302	8.25653435820371	9.18936741609225
8.95511533248094	0.265767691339374	8.43421065745577	9.47602000750612
9.05171560673468	0.214098771090593	8.63208201539712	9.47134919807225
8.84718421456508	0.25223185976113	8.35280976943326	9.34155865969689
8.93951769857369	0.202713381160586	8.54219947149894	9.33683592564844
8.81441544559124	0.215244046713241	8.39253711403329	9.23629377714919
9.11120695538504	0.227729788674211	8.66485656958359	9.5575573411865
9.05914093279666	0.23972524631479	8.58927945001968	9.52900241557365
9.25245735959022	0.254046406624707	8.75452640260579	9.75038831657465
8.44546127251501	0.21162200785291	8.03068213712331	8.86024040790671
9.11930476295177	0.239622147166063	8.64964535450629	9.58896417139725
9.08146886405355	0.227189542635469	8.63617736048803	9.52676036761907
8.93632049048649	0.22872991287185	8.48800986125766	9.38463111971532
9.09566858832565	0.220996493643364	8.66251546078465	9.52882171586664
9.16132841632166	0.240938264207276	8.6890894184754	9.63356741416792
9.04154979199893	0.238229743937691	8.57461949388105	9.5084800901168
9.08336239900136	0.223077161846579	8.64613116178207	9.52059363622066
8.84295846191099	0.245199262663263	8.362367907091	9.32354901673099
8.81091089543734	0.215326591247091	8.38887077659304	9.23295101428164
8.84498831953592	0.237091991621578	8.38028801595763	9.30968862311421
8.99845266816076	0.222587801169143	8.56218057786924	9.43472475845228
8.90078640174185	0.223236489579547	8.46324288216594	9.33832992131777
8.77178019837641	0.207820054577481	8.36445289140454	9.17910750534827
9.11213569517474	0.243134680318292	8.63559172175089	9.58867966859859
8.94268628832879	0.212781043363316	8.52563544333669	9.35973713332089
9.33957047675703	0.221627155199178	8.90518125256664	9.77395970094742
8.93986082393444	0.225300522205673	8.49827180041132	9.38144984745756
9.29023812581038	0.243381187864332	8.81321099759629	9.76726525402448
9.17987060407308	0.261167224105833	8.66798284482565	9.69175836332052
9.02808625424706	0.220280756889327	8.59633597074398	9.45983653775014
8.79434174378068	0.206526552898973	8.38954970009869	9.19913378746267
8.85587547028345	0.223729007931307	8.41736661473809	9.29438432582882
8.95277688062133	0.205850647224958	8.54930961206042	9.35624414918225
8.96830001392317	0.243454512392317	8.49112916963423	9.44547085821211
9.15284446448042	0.269543271410237	8.62453965251635	9.68114927644448
9.18441625963302	0.231823328082635	8.73004253659106	9.63878998267499
9.4260886320672	0.227040540651778	8.98108917238971	9.87108809174468
8.98971437196746	0.228715289515845	8.54143240451641	9.43799633941852
9.21915006436492	0.229837876076582	8.76866782725482	9.66963230147502
9.02466136679207	0.222676084538603	8.58821624109641	9.46110649248773
8.82739852024381	0.227055221205479	8.38237028668107	9.27242675380655
8.66658197140825	0.224666626090639	8.22623538427059	9.1069285585459
9.06382990168932	0.212173978069846	8.64796890467242	9.47969089870622
8.92338227902404	0.219965779343472	8.49224935151083	9.35451520653724
8.66799829425406	0.210805373915279	8.25481976138011	9.081176827128
9.40191724200849	0.265443428191599	8.88164812275296	9.92218636126402
9.07442619594057	0.216940940010302	8.64922195352037	9.49963043836076
8.90069811013577	0.215048378076993	8.47920328910486	9.32219293116668
9.30230604407541	0.231594248118275	8.84838131776359	9.75623077038723
9.23968588748694	0.234213990941061	8.78062646524246	9.69874530973142
9.14340625034419	0.209978362812381	8.73184865923193	9.55496384145646
8.83380269498342	0.199969693352353	8.44186209601281	9.22574329395403
9.27083488353089	0.231272864876055	8.81754006837383	9.72412969868796
9.12104491587171	0.234117992426345	8.66217365071607	9.57991618102734
8.75622650585804	0.217714163826939	8.32950674475724	9.18294626695884
9.05816121759064	0.223455994666402	8.62018746804449	9.49613496713679
8.67398254766842	0.200007112629396	8.28196860691481	9.06599648842204
8.80081574777225	0.218114021391245	8.37331226584541	9.22831922969909
9.07989003780097	0.221916674125301	8.64493335651538	9.51484671908656
8.69307728725839	0.235160960828521	8.23216180403449	9.15399277048229
8.8873719264308	0.228678738198247	8.43916159956223	9.33558225329936
8.88238136554039	0.217606009662706	8.45587358660148	9.30888914447929
8.93592449453249	0.232108740085899	8.48099136396413	9.39085762510085
9.40266159360538	0.241596918775977	8.92913163280446	9.87619155440629
8.99554153645645	0.240632589967188	8.52390166012076	9.46718141279214
9.22999625770807	0.235087835732246	8.76922409967286	9.69076841574327
9.52377384644357	0.261528779659306	9.01117743831133	10.0363702545758
8.99175217468053	0.237164055417773	8.5269106260617	9.45659372329936
9.15686919878009	0.243406710848544	8.67979204551694	9.63394635204323
8.88292674419161	0.214278043155806	8.46294177960623	9.30291170877699
9.66933242265615	0.253320492763326	9.17282425684003	10.1658405884723
8.84606080548392	0.232937001033525	8.38950428345821	9.30261732750963
8.98789062593361	0.237669977209854	8.5220574706023	9.45372378126493
9.13058459473754	0.228080399575592	8.68354701156938	9.5776221779057
9.43166153107929	0.246070861082074	8.94936264335843	9.91396041880015
9.30978122553422	0.214992152765393	8.88839660611405	9.73116584495439
8.7925211874465	0.213047819923718	8.37494746039602	9.21009491449699
9.25996309619766	0.262221301702013	8.74600934486171	9.7739168475336
9.24768060195854	0.254943076588616	8.74799217184485	9.74736903207223
8.89072545196971	0.204244469205571	8.49040629232679	9.29104461161263
8.69775626756223	0.246041527522443	8.21551487361824	9.17999766150622
8.64740962114437	0.213388349647994	8.2291684558343	9.06565078645443
8.99274164080464	0.219439368275141	8.56264047898536	9.42284280262391
8.81570133408936	0.212056791151501	8.40007002343241	9.2313326447463
8.88418529542107	0.212971376415999	8.46676139764571	9.30160919319643
9.32892799111017	0.241010413542641	8.85654758056659	9.80130840165374
8.81899629996805	0.238896598998128	8.35075896593172	9.28723363400438
9.03923950571935	0.232195946893323	8.58413544980843	9.49434356163026
8.88815367324873	0.234546111897381	8.42844329392987	9.3478640525676
9.0613143349689	0.210381946277506	8.64896572026498	9.47366294967281
8.87690567372537	0.218015952108617	8.44959440759248	9.30421693985826
8.72531779264311	0.267288749366163	8.20143184388543	9.24920374140079
8.79672636962338	0.20873970530637	8.3875965472229	9.20585619202387
8.75642043909748	0.218686808830636	8.32779429378944	9.18504658440553
9.17852876751846	0.222439950641964	8.74254646426021	9.61451107077671
9.19179462263422	0.214133026461244	8.77209389077018	9.61149535449825
8.85811074644116	0.225836692399044	8.41547082933904	9.30075066354329
8.7781328253856	0.239811741761953	8.30810181153217	9.24816383923902
8.91396896270413	0.215018249422985	8.49253319383508	9.33540473157318
9.42616437100112	0.263301902119179	8.91009264284753	9.94223609915471
8.92509005703718	0.229663207152225	8.47495017101882	9.37522994305555
8.73609635520612	0.211452027554144	8.3216503812	9.15054232921224
9.12132472788282	0.22075028438466	8.68865417048889	9.55399528527676
8.59710244355936	0.210963701093249	8.18361358941659	9.01059129770213
9.04873659887634	0.258555567515895	8.54196768654519	9.5555055112075
8.89860541277389	0.196197333725908	8.51405863867111	9.28315218687667
8.7211566807458	0.211185335203299	8.30723342374733	9.13507993774427
8.98541658849814	0.250600500048807	8.49423960840248	9.4765935685938
8.85166731237018	0.208159989422782	8.44367373310153	9.25966089163883
9.16699513171385	0.233377674127255	8.70957489042443	9.62441537300327
8.90577779246533	0.233998898799808	8.4471399508177	9.36441563411295
8.98323168450968	0.242138660936842	8.50863990907347	9.45782345994589
9.44099104341032	0.237759504692735	8.97498241421256	9.90699967260808
9.35687893816151	0.233215040400996	8.89977745897556	9.81398041734746
9.15855580570527	0.246333551335498	8.6757420450877	9.64136956632285
8.69256025776327	0.221565104476263	8.25829265298979	9.12682786253674
8.83020277606649	0.216578356729212	8.40570919687723	9.25469635525574
9.00423410711074	0.214120882286101	8.58455717782998	9.4239110363915
9.14777194506186	0.242170885968838	8.67311700856293	9.62242688156078
8.91651242436621	0.215047673363385	8.49501898457397	9.33800586415844
9.22135180657856	0.257839822592845	8.71598575429658	9.72671785886053
9.12170978309082	0.225393264099847	8.67993898545512	9.56348058072652
8.61785243668642	0.201356477735655	8.22319374032453	9.0125111330483
9.44183819280295	0.254611531418294	8.94279959122309	9.9408767943828
9.34390325713392	0.240218462485119	8.87307507066309	9.81473144360475
8.99657100598267	0.231709761788407	8.5424198728774	9.45072213908795
8.95906210722296	0.218258181577738	8.53127607133059	9.38684814311532
8.95184410356001	0.242754606735648	8.47604507435814	9.42764313276188
9.24187497970223	0.2286877523517	8.7936469850929	9.69010297431156
9.19465013045196	0.22903442594358	8.74574265560254	9.64355760530138
9.19008830103272	0.230665829910083	8.73798327440895	9.64219332765648
8.68728948464466	0.204393467275755	8.28667828878418	9.08790068050514
9.21628464949112	0.2259442504483	8.77343391861245	9.65913538036979
9.08992221723741	0.226209026025179	8.64655252622806	9.53329190824677
9.05482662281612	0.21376317437314	8.63585080104477	9.47380244458748
9.44642040943769	0.24915238419008	8.95808173642513	9.93475908245024
9.00315919102754	0.243594602384773	8.52571377035339	9.4806046117017
8.94520874909257	0.208015383967314	8.53749859651663	9.3529189016685
9.07914383089782	0.239139754350963	8.61042991236993	9.54785774942571
9.2253574587788	0.240907715958243	8.75317833550065	9.69753658205696
8.7144144075357	0.220500316104205	8.28223378797146	9.14659502709994
8.89061208127037	0.214897192278431	8.46941358440464	9.31181057813609
8.90419448029887	0.232638427714517	8.44822316197842	9.36016579861933
8.85391454498011	0.221410274922598	8.41995040613182	9.2878786838284
9.2071050794732	0.240108276793351	8.73649285695823	9.67771730198817
8.6961052527501	0.218712176502867	8.26742938680448	9.12478111869572
8.88681452113041	0.237527470056507	8.42126067981966	9.35236836244117
8.77490925779051	0.229934913103326	8.32423682810799	9.22558168747303
9.12235888212833	0.228177031679575	8.67513190003637	9.5695858642203
9.00988754841805	0.22642763944442	8.56608937510698	9.45368572172911
8.89135162120174	0.217044253932213	8.4659448834946	9.31675835890888
9.16056149693314	0.236078446616973	8.69784774156388	9.62327525230241
9.47376289892882	0.247967619474947	8.98774636475792	9.95977943309971
9.13626304815779	0.229780485375836	8.68589329682115	9.58663279949443
8.90674411029175	0.232439642855717	8.45116241029455	9.36232581028896
8.80725272200431	0.218157106325167	8.37966479360698	9.23484065040163
9.02191793563205	0.22408215101459	8.58271691964345	9.46111895162064
8.85018485530135	0.231246252113919	8.39694220115807	9.30342750944463
9.40012014301815	0.258824194124895	8.89282472253336	9.90741556350295
9.30080735994245	0.228024597596654	8.85387914865301	9.74773557123189
8.72663846765847	0.225586563867658	8.28448880247786	9.16878813283908
8.82968971215288	0.209914376985419	8.41825753326146	9.2411218910443
8.71387966205211	0.211144639238972	8.30003616914372	9.12772315496049
9.1078219348535	0.268821360649097	8.58093206798127	9.63471180172573
9.06607479838263	0.24021406523899	8.5952552305142	9.53689436625105
9.1104417620346	0.232958006205567	8.65384406987169	9.56703945419751
8.77737793213112	0.237879084836504	8.31113492585157	9.24362093841066
9.44317065155497	0.253339456846657	8.94662531613553	9.93971598697442
9.02938163690506	0.192271205504842	8.65253007411557	9.40623319969455
9.27729175936712	0.234760102634716	8.81716195820308	9.73742156053116
9.1791456192061	0.212754217427254	8.76214735304868	9.59614388536352
8.98765251941664	0.238692841763389	8.5198145495604	9.45549048927288
9.09725157429023	0.226743679797904	8.65283396188634	9.54166918669412
8.94133805877957	0.222679881471791	8.50488549109486	9.37779062646428
9.00481444771803	0.2213141508403	8.57103871207104	9.43859018336501
8.78543320905434	0.226595599719066	8.34130583360497	9.22956058450371
8.88225497786691	0.210707020420837	8.46926921784207	9.29524073789175
8.7148929553493	0.2398102557053	8.24486485416691	9.18492105653169
8.82212394826081	0.228247011578034	8.37475980556786	9.26948809095376
9.3816239946053	0.271474365013302	8.84953423917922	9.91371375003137
8.8376289824609	0.252748664378931	8.3422416002782	9.33301636464361
9.2215727140004	0.231648252448538	8.76754213920126	9.67560328879953
9.14917975120441	0.225522869530022	8.70715492692557	9.59120457548326
9.42800074715335	0.227595369762555	8.98191382241875	9.87408767188796
8.7489301884212	0.238002627913913	8.28244503770993	9.21541533913247
9.3132684397424	0.196398709782753	8.92832696856821	9.6982099109166
8.51957582875744	0.222273998710898	8.08391879128408	8.9552328662308
8.76991332007019	0.20424418641368	8.36959471469938	9.170231925441
9.0583701453124	0.241800122667695	8.58444190488372	9.53229838574108
9.21093923337955	0.216858351774391	8.78589686390175	9.63598160285736
8.82435420202622	0.203325272239131	8.42583666843752	9.22287173561492
8.27187711424667	0.207592674598347	7.86499547203391	8.67875875645943
8.77241210157279	0.23318517579844	8.31536915700785	9.22945504613773
9.45478613191553	0.234716883624045	8.9947410400124	9.91483122381866
9.04275440696239	0.233427737646694	8.58523604117488	9.50027277274991
8.88277590726298	0.226267860005949	8.43929090165132	9.32626091287464
8.89665301199372	0.238130109239336	8.42991799788462	9.36338802610282
8.96278722184656	0.245956526257929	8.48071243038102	9.4448620133121
9.31323622975447	0.245435128643804	8.83218337761261	9.79428908189633
8.87907479731492	0.227080974052036	8.43399608817293	9.32415350645691
9.24858351960282	0.233753466870511	8.79042672453662	9.70674031466902
9.03657193863595	0.217472276559774	8.61032627657879	9.46281760069311
8.58049080206065	0.204451427512541	8.17976600413607	8.98121559998523
8.90782460869283	0.224788611348802	8.46723893044918	9.34841028693649
9.04067602943703	0.229125651532982	8.59158975243239	9.48976230644167
8.91079385230251	0.228023335425913	8.46386811486772	9.3577195897373
8.91466698425066	0.207056375704908	8.50883648786904	9.32049748063228
8.94689383934381	0.248797019706685	8.4592516807187	9.43453599796891
9.49735134869236	0.250585466143748	9.00620383505061	9.9884988623341
8.79975313410446	0.228580146615672	8.35173604673774	9.24777022147117
8.82286305659239	0.221924028187012	8.38789196134585	9.25783415183894
9.08080682833238	0.235837476999527	8.61856537341331	9.54304828325146
9.24035167398578	0.244893524633484	8.76036036570415	9.72034298226741
9.08990506379195	0.234152950575363	8.63096528066424	9.54884484691967
8.8500542708006	0.206084136896669	8.44612936248313	9.25397917911807
8.76967975426881	0.235425523361858	8.30824572847957	9.23111378005806
9.13375539710932	0.208292618304766	8.72550186523197	9.54200892898666
9.41337269234481	0.242071644892146	8.9389122683562	9.88783311633341
9.05680149761089	0.224996549852328	8.61580825990033	9.49779473532145
9.20375059156813	0.226756261425612	8.75930831917393	9.64819286396233
8.79788342895653	0.22588768756789	8.35514356132347	9.2406232965896
8.97390376843554	0.259770762243481	8.46475307443832	9.48305446243277
8.94614826268372	0.195657118609923	8.56266031020827	9.32963621515916
8.80543528361125	0.210005135097675	8.39382521881981	9.2170453484027
8.87560164525855	0.208929057898316	8.46610069177786	9.28510259873925
9.16853511736562	0.249352218839978	8.67980476843927	9.65726546629198
8.62837334036718	0.245071829529757	8.14803255448885	9.1087141262455
9.06619316012571	0.218452789916163	8.63802569189003	9.49436062836139
8.84292962236047	0.25619947395059	8.34077865341731	9.34508059130362
9.02341985418644	0.215685245535157	8.60067677293753	9.44616293543534
9.05571137505673	0.223919967884281	8.61682823800354	9.49459451210992
9.04174789326955	0.215461931909761	8.61944250672642	9.46405327981268
8.70594878469865	0.21470502168582	8.28512694219445	9.12677062720286
8.95161571607748	0.276441696996705	8.40978998996394	9.49344144219102
8.85976024027826	0.214511378932326	8.4393179375709	9.28020254298562
8.98850213314023	0.245186918919216	8.50793577205856	9.46906849422189
8.93450889766305	0.22729440060266	8.48901187248183	9.38000592284426
8.63710567534891	0.203043839773824	8.23913974939222	9.03507160130561
8.4751847434151	0.23914160062211	8.00646720619577	8.94390228063444
9.04479695513351	0.212580545128511	8.62813908668162	9.46145482358539
9.12508129478673	0.225057294987001	8.68396899661221	9.56619359296125
9.10040769294925	0.226987956447442	8.65551129831226	9.54530408758624
9.22698741170057	0.230240409279119	8.7757162095135	9.67825861388765
8.86848074749566	0.247081029323472	8.38420193002165	9.35275956496966
8.53452059751795	0.271018773934362	8.0033238006066	9.0657173944293
8.93477922751543	0.225510994912931	8.49277767748608	9.37678077754477
9.22974374446095	0.244462455021961	8.75059733261791	9.708890156304
9.52749354983252	0.261949399829587	9.01407272616653	10.0409143734985
8.83591668386218	0.22511375125421	8.39469373140393	9.27713963632043
9.0551468800428	0.257152522939334	8.55112793508171	9.55916582500389
8.62985612890966	0.233553838187144	8.17209060606286	9.08762165175646
8.83851080798962	0.263506759071336	8.3220375602098	9.35498405576944
8.95611178265857	0.233270489038681	8.49890162414275	9.41332194117438
8.83989957764153	0.240628533429848	8.36826765211903	9.31153150316403
9.02996903979173	0.225572619112101	8.58784670633202	9.47209137325145
9.12386500666806	0.213484716986675	8.70543496137418	9.54229505196195
8.79691967560625	0.220209419627989	8.36530921313539	9.2285301380771
9.28069297424611	0.290851407877508	8.71062421480619	9.85076173368602
9.25867622351713	0.234375595826862	8.79930005569648	9.71805239133779
9.0199973835554	0.231123348928942	8.56699561965467	9.47299914745612
8.62722439811039	0.223668360132487	8.18883441225072	9.06561438397007
8.98059154672411	0.225095890509237	8.53940360132601	9.42177949212222
8.97876509686999	0.217411639422733	8.55263828360143	9.40489191013855
8.91890644858811	0.213307192043174	8.50082435218349	9.33698854499272
8.87333083414922	0.213207477206146	8.45544417882517	9.29121748947326
8.81546543220674	0.236156251069314	8.35259918011089	9.2783316843026
8.86256413065833	0.222426297255797	8.42660858803696	9.29851967327969
9.27352485300221	0.240804639318749	8.80154775993746	9.74550194606696
9.17002714752636	0.221366383266426	8.73614903632416	9.60390525872855
9.06367277673467	0.213143373586574	8.64591176450499	9.48143378896436
8.90201905842259	0.212898880835244	8.48473725198551	9.31930086485966
8.8068575441523	0.23360638131795	8.34898903676912	9.26472605153548
9.06429803166892	0.243639919178855	8.58676379007836	9.54183227325947
8.97125536490953	0.220383068835847	8.53930454999127	9.40320617982779
8.84980986333048	0.220232063099937	8.41815501965461	9.28146470700636
9.24979946170323	0.230807602071029	8.79741656164401	9.70218236176244
8.50322343793999	0.228032764992746	8.05627921855421	8.95016765732578
9.59766821107722	0.280829676757535	9.04724204463245	10.148094377522
8.93816432301556	0.209782602812435	8.52699042150319	9.34933822452793
8.80941453791397	0.210080963933222	8.39765584860486	9.22117322722309
9.27609765227442	0.201866888189963	8.8804385514221	9.67175675312675
9.30765772844462	0.234402686999801	8.84822846192501	9.76708699496423
9.28241606967638	0.254134934537612	8.78431159798266	9.7805205413701
8.76547310364219	0.23299428658167	8.30880430194211	9.22214190534226
9.01437999322338	0.232919222542881	8.55785831703933	9.47090166940742
8.77403765488077	0.210372343388009	8.36170786184027	9.18636744792127
8.91559185129912	0.197992079895053	8.52752737470481	9.30365632789342
9.14691013811053	0.203737227487778	8.74758517223448	9.54623510398657
8.71419172248258	0.306453655695414	8.11354255731957	9.31484088764559
9.1998490617347	0.291447266893244	8.62861241862395	9.77108570484546
8.95988264402145	0.226727235302627	8.5154972628283	9.4042680252146
9.07916206193447	0.252403852496474	8.58445051104138	9.57387361282756
8.83645644594487	0.227258751031698	8.39102929392275	9.281883597967
9.18097460542172	0.212927720590835	8.76363627306368	9.59831293777975
8.92893115554467	0.221240897912088	8.49529899563697	9.36256331545236
9.11141096274455	0.261938667411608	8.5980111746178	9.6248107508713
8.91993482676454	0.255829884572891	8.41850825300167	9.4213614005274
8.72671240647768	0.218704724086464	8.29805114726821	9.15537366568715
9.33151780711667	0.229658066231536	8.88138799730286	9.78164761693048
9.13459750109369	0.23458427538515	8.6748123213388	9.59438268084859
8.54992658534245	0.228364385399256	8.1023323899599	8.99752078072499
9.01283509951803	0.234136530194843	8.55392750033614	9.47174269869993
9.33374238852129	0.242660960749987	8.85812690545132	9.80935787159127
8.99275750916558	0.212136837993318	8.57696930669868	9.40854571163248
9.21572990429545	0.277463368739363	8.67190170156629	9.7595581070246
9.05237794752712	0.233322723915154	8.59506540865341	9.50969048640082
8.93037996586672	0.220576958574497	8.4980491270607	9.36271080467273
8.79287984658789	0.234420458080923	8.33341574874929	9.2523439444265
9.14176730105898	0.205963725644893	8.73807839879499	9.54545620332297
9.40381124119116	0.222210540289444	8.96827858222385	9.83934390015846
8.81789519462436	0.243222656630626	8.34117878762833	9.29461160162039
8.98726358239463	0.23698431019721	8.5227743344081	9.45175283038117
9.02783730112904	0.250972338061312	8.53593151852887	9.51974308372921
8.81801528847075	0.229888365175335	8.36743409272709	9.26859648421441
9.03889438645975	0.230433372523369	8.58724497631395	9.49054379660556
8.76526699152373	0.225365602471959	8.32355041067869	9.20698357236877
9.08994325526763	0.232061280447497	8.63510314559053	9.54478336494472
9.37308568601295	0.239293544633353	8.90407033853158	9.84210103349433
8.75799322626303	0.222108395235095	8.32266077160224	9.19332568092381
9.2811465043533	0.254950005577603	8.7814444934212	9.7808485152854
8.87622979825994	0.226786325625114	8.43172860003472	9.32073099648517
8.66351848923381	0.211564457821403	8.24885215190386	9.07818482656376
8.9234071344014	0.220936615854906	8.49037136732579	9.35644290147702
8.95426764659012	0.227720090520645	8.50793626916965	9.40059902401058
8.94730166312042	0.21199452030992	8.53179240331298	9.36281092292787
8.88026345286634	0.233016989611381	8.42355015322803	9.33697675250465
8.88445196989611	0.226250023593609	8.44100192365264	9.32790201613958
9.01513308601265	0.215811291652333	8.59214295437408	9.43812321765122
9.22553254907943	0.251504060662669	8.7325845901806	9.71848050797826
8.84479258710258	0.226386703304389	8.40107464862598	9.28851052557918
8.49668412650094	0.215994318040702	8.07333526314116	8.92003298986072
9.02979581031103	0.236927600967607	8.56541771241453	9.49417390820754
8.92807984868313	0.217963105057886	8.50087216276967	9.35528753459659
8.94809224069439	0.231711978284769	8.49393676325624	9.40224771813254
8.90119446458414	0.244514433932296	8.42194617407684	9.38044275509144
8.68698647163973	0.200275581114587	8.29444633265514	9.07952661062432
8.86415003911714	0.224494526912928	8.4241407663678	9.30415931186648
8.94740918062413	0.252257795693544	8.45298390106478	9.44183446018347
8.79488797355314	0.202911039163412	8.39718233679285	9.19259361031343
9.12450944604843	0.22456749705986	8.6843571518111	9.56466174028575
9.02532406744105	0.245795875736243	8.54356415099802	9.50708398388409
9.21521611924499	0.239068777978376	8.74664131440737	9.68379092408261
9.08056723424547	0.224730585693072	8.64009528628705	9.5210391822039
8.89801713688388	0.272841017290433	8.36324874299464	9.43278553077313
8.94263675350539	0.225071493654334	8.50149662594289	9.38377688106788
8.64839569837525	0.22842406785059	8.20068452538809	9.0961068713624
8.74932190878158	0.219279177582061	8.31953472072074	9.17910909684242
8.58586353867692	0.209819148590287	8.17461800743996	8.99710906991388
8.73167855298849	0.24742701695734	8.2467215997521	9.21663550622487
8.64993668015467	0.208639167706618	8.2410039114497	9.05886944885964
8.85899269178471	0.200247600230603	8.46650739533273	9.25147798823669
8.82861810501896	0.222753533348312	8.39202117965627	9.26521503038166
8.8281723094293	0.224256691529476	8.38862919403153	9.26771542482707
9.22602413569573	0.244818157628977	8.74618054674293	9.70586772464852
8.91237260245058	0.248683193302196	8.42495354357828	9.39979166132288
9.24325520940092	0.229432689336289	8.7935671383018	9.69294328050005
8.61593405230324	0.215971058437741	8.19263077776527	9.03923732684122
9.03585902121181	0.244826125671563	8.55599981489554	9.51571822752807
8.91855762531245	0.222894084468741	8.48168521975371	9.35543003087118
8.96717676140904	0.222307733564745	8.53145360362214	9.40289991919594
8.72217138710232	0.220456812642222	8.29007603432356	9.15426673988107
8.8949292081062	0.237478218042734	8.42947190074244	9.36038651546995
9.1492355367406	0.235872835924225	8.68692477832912	9.61154629515208
8.98408050544592	0.226866131445857	8.53942288781204	9.4287381230798
9.41716094575382	0.260652392815031	8.90628225583636	9.92803963567128
8.88864041810754	0.221743856119205	8.4540224601139	9.32325837610119
9.05591072841586	0.239171016052155	8.58713553695364	9.52468591987809
9.09889554507594	0.254590136431876	8.59989887766947	9.59789221248242
8.87279195946771	0.230579238658152	8.42085665169773	9.32472726723769
8.60055561036907	0.210454386724838	8.18806501238838	9.01304620834975
8.97156018121718	0.202466765727592	8.5747253203911	9.36839504204326
8.72824784028477	0.221601812181493	8.29390828840904	9.1625873921605
8.87709986579467	0.234756909082251	8.41697632399346	9.33722340759588
8.94515671979493	0.231636472930665	8.49114923285082	9.39916420673903
9.08337211624961	0.246696224959265	8.59984751532945	9.56689671716977
9.3486840086628	0.268364678094706	8.82268923959717	9.87467877772842
9.30224714566998	0.250538456243266	8.81119177143318	9.79330251990678
9.06608510269581	0.232721222100927	8.60995150737799	9.52221869801362
9.2258098319376	0.232104883408759	8.77088426045643	9.68073540341877
8.68870117072336	0.222671011992945	8.25226598721719	9.12513635422954
8.52636903066031	0.247329588714859	8.04160303677919	9.01113502454144
8.76677694425216	0.226329101009437	8.32317190627366	9.21038198223065
8.95578569951078	0.222461502341444	8.51976115492155	9.39181024410001
9.25898331102218	0.248595107818324	8.77173689969827	9.7462297223461
9.1927499495106	0.23698282722353	8.72826360815248	9.65723629086871
9.38328217633257	0.213958538000576	8.96392344185144	9.8026409108137
9.05633579317827	0.237924859131672	8.59000306928019	9.52266851707634
8.64442613739388	0.218445822909164	8.21627232449191	9.07257995029584
9.2194234832975	0.217153329579155	8.79380295732236	9.64504400927264
9.06912548488881	0.254409747343678	8.5704823800952	9.56776858968242
8.79029702100099	0.239299173094806	8.32127064173517	9.25932340026681
9.13299517446591	0.330007943921773	8.48617960437923	9.77981074455258
8.96464073587792	0.249308580792427	8.47599591752476	9.45328555423107
9.1966487023213	0.235024753268981	8.7360001859141	9.65729721872851
8.54225132510524	0.216378993693156	8.11814849746665	8.96635415274383
8.99715855374068	0.222674917704981	8.56071571503892	9.43360139244245
8.7089374984405	0.223672162294704	8.27054006034288	9.14733493653812
8.90536914609994	0.225798205295897	8.46280466371999	9.3479336284799
9.04263375769478	0.197997031913725	8.65455957514388	9.43070794024568
9.2222423279205	0.232749136357793	8.76605402065922	9.67843063518177
9.06527269497118	0.23264766729791	8.60928326706727	9.52126212287508
9.05762315250723	0.223040075274931	8.62046460496837	9.49478170004609
9.33478009745397	0.243242858959426	8.8580240938935	9.81153610101445
9.26238855186624	0.246151365696331	8.77993187510143	9.74484522863105
9.01616698477152	0.261102843102957	8.50440541228972	9.52792855725332
8.99633308960989	0.241886775307786	8.52223501000663	9.47043116921315
9.03854382540969	0.227337733998099	8.59296186677341	9.48412578404596
8.90674212694002	0.237059871995196	8.44210477782944	9.37137947605061
9.40116435086058	0.268353205176917	8.87519206871382	9.92713663300733
8.74666409813051	0.207528660438589	8.33990792367087	9.15342027259014
8.89421555231256	0.235903759440354	8.43184418380947	9.35658692081565
8.4182684013825	0.219408552106574	7.98822763925362	8.84830916351139
8.78255615484962	0.208272585647647	8.37434188698023	9.190770422719
8.75041995283431	0.271933981131937	8.21742934981571	9.28341055585291
8.88077338902961	0.223711895988246	8.44229807289265	9.31924870516657
9.07055261617097	0.248798329010453	8.58290789131048	9.55819734103146
9.04640894286598	0.223612055421592	8.60812931423966	9.4846885714923
9.33101441051556	0.227648717554425	8.88482292410889	9.77720589692223
9.23987589311706	0.226988263662455	8.79497889633865	9.68477288989548
8.89194213703289	0.213841010244257	8.47281375695414	9.31107051711163
9.11430666456552	0.251901231144694	8.62058025152191	9.60803307760912
8.78300094181449	0.228081590163211	8.3359610250946	9.23004085853438
9.09756451700018	0.245838084652917	8.61572187108047	9.5794071629199
8.96355509501194	0.212686568569691	8.54668942061534	9.38042076940853
9.0583236674364	0.24651755180708	8.57514926589453	9.54149806897828
8.62065099881866	0.199711347985838	8.22921675676642	9.0120852408709
9.3699478577067	0.245675017159466	8.88842482407415	9.85147089133926
9.12748025172877	0.243756651721871	8.64971721435391	9.60524328910364
8.8809157512912	0.222344305332389	8.44512091283972	9.31671058974269
8.9415145676619	0.222980096409742	8.50447357869881	9.378555556625
9.27675226569747	0.223067272667192	8.83954041126977	9.71396412012516
8.85735263659719	0.223023555167655	8.42022646846858	9.29447880472579
8.88029724807572	0.230419167285331	8.42867568019647	9.33191881595497
9.07029292463631	0.234281512527403	8.6111011600826	9.52948468919002
9.35127935349731	0.254009249297258	8.85342122487469	9.84913748211994
8.80527621474928	0.222491867775951	8.36919215390842	9.24136027559014
9.30282697189729	0.212280288118039	8.88675760718593	9.71889633660865
9.02373913860631	0.21874734186551	8.59499434854991	9.45248392866271
9.33888482100394	0.290067790102796	8.77035195240246	9.90741768960542
8.97843183250045	0.21324274362891	8.56047605498779	9.39638761001312
8.88796195123055	0.22891667852368	8.43928526132414	9.33663864113696
8.92266939729519	0.239835763339578	8.45259130114962	9.39274749344076
8.99348975609626	0.250622722950028	8.50226921911421	9.48471029307832
8.88745904493053	0.251355584200988	8.39480209989659	9.38011598996447
8.52578359247034	0.209201746880469	8.11574816858462	8.93581901635606
8.92612098282522	0.214290752544691	8.50611110783762	9.34613085781281
9.15524504438815	0.21268527191063	8.73838191144332	9.57210817733299
8.76391468269527	0.215672181288304	8.34119720737019	9.18663215802034
8.66820386076979	0.213361073410729	8.25001615688476	9.08639156465482
9.27095741762574	0.235984522456552	8.8084277536109	9.73348708164059
8.9475303332597	0.227799750829464	8.50104282163395	9.39401784488546
8.71804790307233	0.238883627345284	8.24983599347558	9.18625981266909
8.91067971489366	0.23346123877543	8.45309568689382	9.3682637428935
9.20378806591896	0.235645816294519	8.7419222659817	9.66565386585621
9.2312173449808	0.229450535042986	8.78149429629654	9.68094039366505
9.17967147588111	0.339803782151852	8.51365606286348	9.84568688889874
8.82564439624034	0.218174016623738	8.39802332365781	9.25326546882287
9.22342205041881	0.22051744518289	8.79120785786035	9.65563624297727
8.88332836046916	0.227996285982968	8.43645563994254	9.33020108099577
9.2712672601842	0.232149132019294	8.81625496142638	9.72627955894201
9.23198842632936	0.245624932441353	8.75056355874431	9.71341329391441
8.82583018534907	0.276124324446456	8.28462650943402	9.36703386126412
8.92273741609602	0.222628562546408	8.48638543350506	9.35908939868698
9.14432565631783	0.250044752253935	8.65423794190012	9.63441337073554
9.31720514876683	0.216350498125509	8.89315817244083	9.74125212509283
8.91195644175398	0.254778245206163	8.4125910811499	9.41132180235805
9.32308621998999	0.233450392784327	8.86552345013271	9.78064898984727
9.15001063712641	0.244221870336688	8.6713357712665	9.62868550298632
8.96922812699346	0.236383384367586	8.50591669363299	9.43253956035393
9.11533123820881	0.27289162107632	8.58046366089923	9.6501988155184
9.26554912315626	0.302856702859409	8.67194998555182	9.8591482607607
8.66736645778688	0.307848422772621	8.06398354915254	9.27074936642121
8.9247292897756	0.221091848190354	8.4913892673225	9.35806931222869
9.34226085530267	0.25278259710798	8.84680696497103	9.83771474563431
9.01524912966222	0.21555277588432	8.59276568892895	9.43773257039548
9.04264878817358	0.231836198737189	8.58824983864869	9.49704773769847
9.11177252570701	0.238900537928611	8.64352747136693	9.58001758004709
9.01526714041796	0.225866695020908	8.57256841817699	9.45796586265894
8.96936779445287	0.245654138194822	8.48788568359102	9.45084990531472
9.10684716677311	0.240594895956215	8.63528117069893	9.57841316284729
8.96118452106553	0.261581060290578	8.44848564289599	9.47388339923506
9.4133058844275	0.231399376303323	8.95976310687299	9.86684866198201
9.13159890176513	0.267198377308341	8.60789008224078	9.65530772128948
9.14914143408391	0.237020983157671	8.68458030709487	9.61370256107294
9.1736658728696	0.266309749009069	8.65169876481182	9.69563298092737
9.42985049372	0.236069566070051	8.9671541442227	9.8925468432173
9.28949742539865	0.230499906069097	8.83771760950322	9.74127724129408
9.0312467682743	0.210273025464874	8.61911163836315	9.44338189818545
8.80961410586882	0.211038877596192	8.39597790578028	9.22325030595736
8.82983079239216	0.242197285534793	8.35512411274396	9.30453747204035
8.59516819610811	0.269020300746281	8.06788840664539	9.12244798557082
8.75485923017016	0.228405185525373	8.30718506654043	9.20253339379989
9.49438858489184	0.253838963135131	8.99686421714698	9.99191295263669
8.95533551847073	0.231636219693768	8.50132852787094	9.40934250907051
9.38325456792973	0.241870852702815	8.90918769663222	9.85732143922725
9.06697328014452	0.220188880883035	8.63540307361377	9.49854348667527
9.25093274714654	0.266811171925756	8.72798285017206	9.77388264412102
8.81524549432193	0.203319208632647	8.41673984540194	9.21375114324191
8.62381936971024	0.200202740317962	8.23142199868704	9.01621674073345
9.23822284070581	0.240558936095286	8.76672732595905	9.70971835545257
8.88065708405845	0.231150642181138	8.42760182538342	9.33371234273348
9.08182633822847	0.234922109692004	8.62137900323214	9.54227367322479
8.93710187457284	0.245401118690137	8.45611568194017	9.41808806720551
8.83198951140882	0.223792029994385	8.39335713261982	9.27062189019781
8.97916197164005	0.213532590695345	8.56063809387718	9.39768584940293
9.38908272657333	0.237982074108021	8.92263786132161	9.85552759182505
8.91590429907631	0.221997103830962	8.48078997556762	9.35101862258499
8.78277433039097	0.225551724304476	8.34069295075419	9.22485571002774
8.81931443441774	0.222986680738951	8.38226054016939	9.25636832866608
8.93087669833507	0.210121275113634	8.51903899911235	9.3427143975578
9.00723257239087	0.239504646287357	8.53780346566765	9.47666167911409
9.16110730736201	0.218370135415404	8.73310184194782	9.5891127727762
9.39184925738912	0.242276406698892	8.91698750025929	9.86671101451895
8.86397810185245	0.251754574341486	8.37053913614313	9.35741706756176
8.85097363912232	0.203227736047191	8.45264727646983	9.24930000177482
8.89692212735283	0.225915310562336	8.45412811865065	9.33971613605501
8.7826626984988	0.20922873927242	8.37257436952486	9.19275102747274
8.99699675328034	0.231373526347946	8.54350464163837	9.45048886492232
9.04507658169331	0.211743617013305	8.63005909234723	9.46009407103938
9.00974388496276	0.245913160442637	8.5277540904952	9.49173367943033
9.46689137842319	0.257410008070588	8.96236776260484	9.97141499424154
9.4825740619874	0.242524402673425	9.00722623274749	9.95792189122732
8.98440355568836	0.218338571934424	8.55645995469689	9.41234715667983
9.13983592219958	0.220050941537083	8.7085360767869	9.57113576761227
8.90099356493432	0.212026519695045	8.48542158633204	9.31656554353661
