estFinal_msm11	sdFinal_msm11	X1	X2
8.57621177691933	0.241393883836247	8.10307976460028	9.04934378923837
8.9274078183405	0.254767641957462	8.42806324010387	9.42675239657713
9.18050466691039	0.295039927741914	8.60222640853624	9.75878292528455
8.89487210580172	0.286501169934985	8.33332981272915	9.4564143988743
9.1360573885377	0.298351290841105	8.55128885848914	9.72082591858627
9.11505848954621	0.300201623879472	8.52666330674245	9.70345367234998
8.78280909298511	0.265652491495682	8.26213020965358	9.30348797631665
9.0827227247792	0.239001551694503	8.61427968345798	9.55116576610043
8.78364372704952	0.320889149067739	8.15470099487675	9.41258645922228
9.00202631268463	0.293447896021957	8.42686843648159	9.57718418888766
8.62243671868415	0.278776434251901	8.07603490755043	9.16883852981788
8.50564226991928	0.275183247536695	7.96628310474736	9.0450014350912
8.79962771337766	0.257277345897916	8.29536411541774	9.30389131133757
9.28800468147661	0.296143190559751	8.7075640279795	9.86844533497373
8.92249352801147	0.294696928923859	8.34488754732071	9.50009950870223
9.25043596194316	0.299607399632459	8.66320545866354	9.83766646522278
9.23429984239954	0.296685573716289	8.65279611791561	9.81580356688347
8.71288427122367	0.27927326674322	8.16550866840696	9.26025987404038
8.76393050500856	0.290044108120244	8.19544405309288	9.33241695692423
9.01315251254135	0.258311590688243	8.50686179479239	9.51944323029031
9.12832466959328	0.270578518361478	8.59799077360478	9.65865856558178
8.6505844736821	0.282644857253982	8.0966005534643	9.20456839389991
9.28747775125157	0.327571093479913	8.64543840803094	9.9295170944722
8.7757099961736	0.266587926953067	8.25319765934559	9.29822233300162
8.8887416172444	0.250042169416769	8.39865896518753	9.37882426930127
8.74739672741534	0.272771742508695	8.2127641120983	9.28202934273239
8.84702651237318	0.297309901821466	8.26429910480311	9.42975391994325
9.09833975110103	0.309206848280557	8.49229432847114	9.70438517373092
9.04259783292192	0.322116730429201	8.41124904128069	9.67394662456315
8.83868637625566	0.274751178806091	8.30017406579572	9.3771986867156
9.11505311628914	0.296553538411397	8.5338081810028	9.69629805157548
8.74014209090849	0.265414354870818	8.21992995536169	9.26035422645529
9.11715904948621	0.267095262928437	8.59365233414647	9.64066576482594
8.54689754409225	0.245934937178292	8.0648650672228	9.0289300209617
8.93362808129296	0.275847109970991	8.39296774574982	9.4742884168361
9.46298742079483	0.320307685450886	8.83518435731109	10.0907904842786
8.88579890802749	0.269369534557346	8.35783462029509	9.41376319575988
8.6512705765961	0.286035666603482	8.09064067005328	9.21190048313892
8.57658483439275	0.264366771738865	8.05842596178458	9.09474370700093
9.21221016492835	0.28672354966429	8.65023200758634	9.77418832227036
8.7056172009122	0.266470719074791	8.1833345915256	9.22789981029879
8.99959191647118	0.261595317455022	8.48686509425933	9.51231873868302
8.81583900878842	0.277583997270964	8.27177437413733	9.35990364343951
8.86061148607308	0.273060366728852	8.32541316728453	9.39580980486163
9.13883814331049	0.242453996217736	8.66362831072373	9.61404797589726
9.1309389832808	0.302083870208331	8.53885459767248	9.72302336888913
8.76463700053747	0.313871770359183	8.14944833063348	9.37982567044147
9.3885718790112	0.272201907067243	8.8550561411594	9.922087616863
9.19243073096108	0.286278040806614	8.63132577098011	9.75353569094204
9.02718665779833	0.266237144745485	8.50536185409718	9.54901146149948
9.20930728760788	0.267318556080618	8.68536291768987	9.73325165752589
8.93378327928709	0.28548754407054	8.37422769290884	9.49333886566535
8.44846635252266	0.252960146959314	7.9526644644824	8.94426824056291
8.68377408797449	0.224201467541901	8.24433921159237	9.12320896435662
8.63427934388529	0.251221213640868	8.14188576514919	9.12667292262139
8.55785806923975	0.266418043142188	8.03567870468106	9.08003743379843
9.05158598698376	0.2811232353355	8.50058444572618	9.60258752824134
8.13039077974185	0.233171785282337	7.67337408058847	8.58740747889523
9.23818048323695	0.275675841324645	8.69785583424065	9.77850513223325
8.86767590339858	0.262446957819227	8.3532798660729	9.38207194072427
8.82955902781203	0.258094093222679	8.32369460509558	9.33542345052848
9.16157003055666	0.272736767886251	8.6270059654996	9.69613409561371
9.11571966146966	0.280258489127981	8.56641302277882	9.66502630016051
8.54285345663709	0.246846206981173	8.05903489095399	9.02667202232019
9.53584007438354	0.314539144716057	8.91934335074006	10.152336798027
8.81738182407155	0.271149098619971	8.2859295907764	9.34883405736669
8.83221779819038	0.25528465491997	8.33185987454724	9.33257572183352
9.09419447229167	0.315099436574864	8.47659957660493	9.7117893679784
8.97917820350528	0.27846096357087	8.43339471490638	9.52496169210419
9.49531559048296	0.358718917225131	8.79222651272171	10.1984046682442
9.09552295658796	0.230425849051914	8.64388829244621	9.54715762072971
8.90754182550274	0.263217534106013	8.39163545865496	9.42344819235053
8.69678800219924	0.284376191050615	8.13941066774003	9.25416533665844
8.74093460238666	0.287612910001578	8.17721329878357	9.30465590598975
8.41824356642891	0.253842784398373	7.92071170900809	8.91577542384972
9.51702491132279	0.287749512333874	8.95303586714839	10.0810139554972
9.02697570615622	0.294677481531201	8.44940784235507	9.60454356995738
9.01567060535233	0.276968494026816	8.47281235705977	9.55852885364489
8.85994958350159	0.274806071684575	8.32132968299982	9.39856948400336
8.64046300678666	0.257403184969541	8.13595276424636	9.14497324932696
9.1920980136013	0.276800375971878	8.64956927669642	9.73462675050618
8.78930993600348	0.260888564243218	8.27796835008677	9.30065152192018
9.08668016967186	0.264096639828224	8.56905075560854	9.60430958373518
8.90499577866712	0.319919786919548	8.27795299630481	9.53203856102943
9.11261437929936	0.276338349282125	8.5709912147064	9.65423754389233
8.987029403481	0.281035943056264	8.43619895509072	9.53785985187128
9.1151706441119	0.271072580307279	8.58386838670963	9.64647290151417
8.89594717742578	0.267572772322981	8.37150454367274	9.42038981117883
9.18699626772823	0.287703390794735	8.62309762177054	9.75089491368591
9.71685749268018	0.290809714606676	9.1468704520511	10.2868445333093
8.6601952024537	0.25301801581214	8.1642798914619	9.15611051344549
9.18460371863895	0.284313816150858	8.62734863898327	9.74185879829463
8.81292797934153	0.272298772118442	8.27922238598938	9.34663357269367
8.94964919237107	0.252493704215626	8.45476153210844	9.44453685263369
8.84928518930655	0.313453292572778	8.23491673586391	9.4636536427492
8.63158766469803	0.266353737039307	8.10953434010099	9.15364098929508
8.56191857028906	0.249284095148356	8.07332174379828	9.05051539677984
8.6742257128587	0.253509454661688	8.17734718172179	9.17110424399561
9.37048201661199	0.304823572976166	8.77302781357871	9.96793621964528
9.34083685248894	0.314689876213085	8.7240446951113	9.95762900986659
8.83440225101108	0.294525800612763	8.25713168181006	9.41167282021209
9.03260970723248	0.27030334838048	8.50281514440674	9.56240427005822
8.46708223213605	0.231863028891817	8.01263069550809	8.92153376876401
9.22989932820147	0.310504313275923	8.62131087418066	9.83848778222228
9.14057415450363	0.287568064322229	8.57694074843206	9.7042075605752
8.84035822296217	0.30275299323153	8.24696235622837	9.43375408969597
9.0739430746504	0.281188447121451	8.52281371829236	9.62507243100845
8.85126276292692	0.26998722630479	8.32208779936954	9.38043772648431
9.08600347796231	0.304441649091865	8.48929784574226	9.68270911018237
9.27379624270021	0.293002100513326	8.69951212569409	9.84808035970633
9.25707669212795	0.303169030584474	8.66286539218238	9.85128799207352
9.34568467859984	0.298020164377108	8.76156515642071	9.92980420077897
8.81447802079085	0.276360058583093	8.27281230596799	9.35614373561371
8.90484941828124	0.268989882012446	8.37762924953685	9.43206958702564
8.89370115894109	0.273905971895394	8.35684545402611	9.43055686385606
9.11989889889845	0.287106506524106	8.55717014611121	9.6826276516857
9.12980052346034	0.277621729079435	8.58566193446465	9.67393911245604
8.83564865883877	0.243828720562063	8.35774436653713	9.31355295114041
8.99973960247259	0.239404438248321	8.53050690350588	9.4689723014393
8.94051002968379	0.254840693222863	8.44102227096697	9.4399977884006
9.1602197563768	0.312678597540392	8.54736970519763	9.77306980755597
8.98337405130484	0.273341341565302	8.44762502183685	9.51912308077283
9.22258348410568	0.237678651231263	8.7567333276924	9.68843364051896
8.79040481557022	0.268390549003308	8.26435933952374	9.31645029161671
8.87289894534425	0.246013650072392	8.39071219120236	9.35508569948614
9.24902444207137	0.290790070582445	8.67907590372978	9.81897298041297
8.86265268950849	0.256744968958206	8.35943255035041	9.36587282866657
8.73596477158331	0.269897111385358	8.20696643326801	9.26496310989861
9.15277086505765	0.301573698294852	8.56168641639974	9.74385531371556
8.65972615480016	0.26432797526785	8.14164332327517	9.17780898632514
9.38482200024309	0.305935420326051	8.78518857640402	9.98445542408215
8.67106845775509	0.258288059644222	8.16482386085241	9.17731305465776
8.89650624928836	0.271423012586052	8.36451714461969	9.42849535395702
8.80282132662251	0.255634398874742	8.30177790482801	9.30386474841701
9.43563627371953	0.336167104199723	8.77674874948807	10.094523797951
9.35183097303503	0.319927814786215	8.72477245605405	9.97888949001601
9.13686749308007	0.262361068865198	8.62263979810428	9.65109518805586
8.61602112856185	0.214594302969548	8.19541629474154	9.03662596238217
9.21042093390561	0.26156417499392	8.69775515091752	9.72308671689369
8.55909426015603	0.250012021665055	8.06907069769253	9.04911782261954
9.02918087498845	0.28376265338678	8.47300607435037	9.58535567562654
8.99730625358952	0.291186723138628	8.42658027623781	9.56803223094124
9.03126404762809	0.310030859727259	8.42360356256266	9.63892453269352
8.75392485984427	0.273824668397241	8.21722850978568	9.29062120990286
8.83257828710389	0.262311047608659	8.31844863379092	9.34670794041686
8.91952180603577	0.270152775888802	8.39002236529372	9.44902124677783
9.04165675484871	0.274405005790344	8.50382294349964	9.57949056619779
8.5170151682122	0.259693180018924	8.00801653537511	9.02601380104929
9.50433741104625	0.298534234838786	8.91921031076222	10.0894645113303
9.07669905198505	0.309455077574334	8.47016709993935	9.68323100403074
9.79763493227414	0.312698250756659	9.18474636079109	10.4105235037572
8.79626321831703	0.271360331985771	8.26439696762492	9.32812946900914
8.59540255123717	0.272936715246759	8.06044658935352	9.13035851312081
8.91409484895872	0.315297477430937	8.29611179319408	9.53207790472336
9.12467843984386	0.264714222744966	8.60583856326372	9.64351831642399
9.03933491113418	0.289971620090293	8.47099053575721	9.60767928651116
9.02835056605753	0.290351721082871	8.4592611927351	9.59743993937996
9.34199881182882	0.336624632563931	8.68221453200351	10.0017830916541
8.71974933122652	0.265461115629322	8.19944554459305	9.24005311785999
8.62503787464473	0.26104239690796	8.11339477670513	9.13668097258433
9.13143064276113	0.294003345033013	8.55518408649642	9.70767719902583
9.00515794511162	0.252117876002912	8.51100690814591	9.49930898207732
8.66453445947848	0.321521426451491	8.03435246363356	9.2947164553234
8.88510378856451	0.278374131958201	8.33949048992643	9.43071708720258
9.04034494308325	0.28853360453697	8.47481907819079	9.60587080797571
8.71989466997618	0.294117036013371	8.14342527938998	9.29636406056239
9.09581310175198	0.275306380892144	8.55621259520337	9.63541360830058
8.69243576724918	0.267225474551866	8.16867383712752	9.21619769737084
9.11688102062449	0.274849232958795	8.57817652402525	9.65558551722373
9.07197772364135	0.276951392168601	8.52915299499089	9.61480245229181
8.53049820007771	0.259610365064848	8.0216618845506	9.03933451560481
8.98832492201413	0.297592159797593	8.40504428881084	9.57160555521741
8.53737782950479	0.254352199823289	8.03884751785114	9.03590814115844
8.98121658201048	0.311934907657037	8.36982416300268	9.59260900101827
9.22404717400904	0.276466214850648	8.68217339290177	9.76592095511631
8.87933420366416	0.276369163424532	8.33765064335208	9.42101776397625
8.9017952655182	0.289401024731375	8.33456925704471	9.4690212739917
8.64649842763322	0.235526050871245	8.18486736792558	9.10812948734086
9.02779179477722	0.279329141193022	8.4803066780389	9.57527691151555
8.80982773661967	0.244120166939359	8.33135220941853	9.28830326382081
8.78305330121446	0.264720479603439	8.26420116119172	9.3019054412372
9.10407511415193	0.289984479027191	8.53570553525864	9.67244469304523
9.16387929088418	0.301844203716876	8.5722646515991	9.75549393016926
8.7530803405617	0.306087964972046	8.15314792921649	9.35301275190691
8.71028114139542	0.256719704603758	8.20711052037205	9.21345176241879
9.04431979486149	0.286512397993237	8.48275549479475	9.60588409492824
8.96871879050878	0.3154807332187	8.35037655340013	9.58706102761743
8.80460821213421	0.248566224352533	8.31741841240324	9.29179801186517
8.59472127956648	0.318228813800209	7.97099280451807	9.21844975461489
9.03732387279234	0.299214855747144	8.45086275552794	9.62378499005674
9.06339302368887	0.241714618628298	8.58963237117741	9.53715367620034
9.12209720008629	0.276866047322029	8.57943974733511	9.66475465283747
8.25999335937663	0.263681566592524	7.74317748885528	8.77680922989797
8.57799229612951	0.241010222079656	8.10561226085338	9.05037233140563
8.45098794992153	0.263626772478011	7.93427947586463	8.96769642397843
9.3541993386232	0.313806776502091	8.7391380566791	9.9692606205673
8.82586067436996	0.269564407726968	8.29751443522511	9.35420691351482
8.93805204199431	0.277227388476709	8.39468636057996	9.48141772340866
9.47193011156429	0.322102466163652	8.84060927788353	10.103250945245
9.27150603537959	0.274027771734869	8.73441160277925	9.80860046797994
9.01448590965798	0.2758790945916	8.47376288425844	9.55520893505751
8.85073295575394	0.281369044591113	8.29924962835536	9.40221628315252
8.74801927472933	0.272732917818997	8.2134627558041	9.28257579365456
9.84648740594365	0.291935658630373	9.27429351502812	10.4186812968592
9.05713040676867	0.276745741891855	8.51470875266063	9.59955206087671
8.69567372508822	0.284428739573726	8.13819339552372	9.25315405465272
8.56315472627643	0.285631383745174	8.00331721413589	9.12299223841697
8.87036126344168	0.264905920009405	8.35114566022325	9.38957686666012
8.82866787807131	0.289467497157439	8.26131158364273	9.39602417249989
9.65066829138901	0.290285316799612	9.08170907046177	10.2196275123163
9.01301851254234	0.267581872286763	8.48855804286029	9.5374789822244
9.15608558231736	0.323433514714626	8.52215589347669	9.79001527115802
9.08503316632532	0.291462890348155	8.51376590124294	9.6563004314077
8.64731628006821	0.276905385142155	8.10458172518959	9.19005083494684
8.41188906753553	0.251414804495557	7.91911605072424	8.90466208434682
9.30325417383795	0.313316847049845	8.68915315362025	9.91735519405564
9.11385153314897	0.31400611185516	8.49839955391286	9.72930351238509
9.07209068762972	0.268249655087009	8.54632136365918	9.59786001160026
8.73160813058026	0.250819025396889	8.24000284080236	9.22321342035816
9.10071602456599	0.268491305303549	8.57447306617103	9.62695898296095
8.97361556778596	0.262936941525778	8.45825916239543	9.48897197317648
9.09466579420775	0.308198400388922	8.49059692944546	9.69873465897004
8.93850990932939	0.270101157184351	8.40911164124806	9.46790817741071
9.12516054082892	0.284511925911446	8.56751716604249	9.68280391561535
9.64664571962471	0.309189936476106	9.04063344413154	10.2526579951179
9.21206481311132	0.281262687064456	8.66078994646498	9.76333967975765
8.65328593933369	0.249148189731911	8.16495548745915	9.14161639120824
9.19832445344534	0.281278181187456	8.64701921831793	9.74962968857276
8.81011723423635	0.297396681011044	8.2272197394547	9.39301472901799
9.0855125507406	0.289206773646947	8.51866727439259	9.65235782708862
9.00971634851651	0.261323922755678	8.49752145991539	9.52191123711764
8.72746576079118	0.270111358367497	8.19804749839088	9.25688402319147
8.65056319995109	0.251986277151248	8.15667009673464	9.14445630316753
8.53797138362263	0.262846425722581	8.02279238920637	9.05315037803889
8.83598597934691	0.294575499374872	8.25861800057216	9.41335395812166
8.35433724402294	0.261216760607242	7.84235239323274	8.86632209481313
8.97470937338608	0.276889272998508	8.43200639830901	9.51741234846316
8.67875071038542	0.262403917326759	8.16443903242497	9.19306238834586
8.91616515997217	0.294186146387277	8.33956031305311	9.49277000689123
8.64622343562556	0.265539187510159	8.12576662810565	9.16668024314547
9.13872142951429	0.280435046727054	8.58906873792927	9.68837412109932
8.97349094996252	0.285132481001518	8.41463128719954	9.53235061272549
8.64892441053327	0.259944154905734	8.13943386691804	9.15841495414851
8.78162033437976	0.265649291504193	8.26094772303155	9.30229294572798
9.03942692714589	0.372468924483955	8.30938783515734	9.76946601913444
9.25478887553027	0.299928703749922	8.66692861618042	9.84264913488011
9.07252396556169	0.285229568784435	8.5134740107442	9.63157392037918
8.94371037674782	0.280239475556737	8.39444100465662	9.49297974883903
9.2475919032583	0.305493418710078	8.64882480258655	9.84635900393005
9.31301244843817	0.305284305427774	8.71465520979973	9.91136968707661
9.00866597282374	0.258385825787928	8.5022297542794	9.51510219136808
9.22084244923366	0.286868020394863	8.65858112925973	9.7831037692076
8.88570032140181	0.26894923902486	8.35855981291309	9.41284082989054
8.60661844533372	0.259758378367291	8.09749202373383	9.11574486693361
9.40059574797695	0.341405396259385	8.73144117130856	10.0697503246453
9.0782074148566	0.291666257438742	8.50654155027666	9.64987327943653
8.90346822149776	0.305510079257626	8.30466846615282	9.50226797684271
9.11519106133515	0.347444258438277	8.43420031479613	9.79618180787417
8.88446331093495	0.275401182190197	8.34467699384216	9.42424962802774
8.9684053499828	0.279771391253082	8.42005342312676	9.51675727683884
9.33122109750094	0.285545244792914	8.77155241770683	9.89088977729505
8.78855619949613	0.255733667014521	8.28731821214767	9.2897941868446
8.89257652835054	0.251458938555076	8.39971700878259	9.38543604791849
8.5196798826041	0.261036494255708	8.00804835386291	9.03131141134528
9.01590389903028	0.304759196181504	8.41857587451453	9.61323192354602
9.06117383232613	0.271166857772904	8.52968679109124	9.59266087356102
8.76744072212396	0.256601212286088	8.26450234604323	9.27037909820469
9.25267844653485	0.298516696027394	8.66758572232116	9.83777117074855
9.01605980971497	0.281106735066504	8.46509060898462	9.56702901044532
9.0672895538297	0.289461754862476	8.49994451429925	9.63463459336016
8.83895888366065	0.280334357723314	8.28950354252295	9.38841422479834
8.59499509692948	0.27225507168657	8.06137515642381	9.12861503743516
9.06774956526601	0.283696522483507	8.51170438119834	9.62379474933368
9.22775789930745	0.307518856316526	8.62502094092706	9.83049485768784
8.89501768509827	0.264288930888689	8.37701138055644	9.4130239896401
8.86958473081698	0.309849891567629	8.26227894334442	9.47689051828953
8.82753948390185	0.289627706290246	8.25986917957297	9.39520978823073
8.9061853700553	0.301290512326041	8.31565596589626	9.49671477421434
8.92337256326153	0.267036296384884	8.39998142234716	9.44676370417591
9.21491014763751	0.2842489848009	8.65778213742775	9.77203815784728
8.99575112488323	0.272314118355687	8.46201545290608	9.52948679686038
8.53414498760007	0.249660221974556	8.04481095252994	9.0234790226702
9.21445366359017	0.326726886818123	8.57406896542665	9.85483836175369
9.05112976842471	0.305238645610107	8.4528620230289	9.64939751382052
8.9359597109607	0.278183817848718	8.39071942797721	9.48119999394419
8.86032368979813	0.268918478577062	8.33324347178709	9.38740390780917
9.29233311493832	0.284841331498802	8.73404410520067	9.85062212467597
9.12486924851842	0.250510403150911	8.63386885834263	9.61586963869421
8.84197544894294	0.246412949450179	8.35900606802059	9.32494482986529
8.9632608292938	0.308512483896729	8.35857636085621	9.56794529773138
8.4612034516948	0.260917426924077	7.94980529492361	8.97260160846599
8.76021307455996	0.32724993414676	8.11880320363231	9.40162294548761
8.41130028551992	0.252383837684922	7.91662796365748	8.90597260738237
9.30116420683812	0.298035133083823	8.71701534599383	9.88531306768242
8.76109522233565	0.264734771019599	8.24221507113723	9.27997537353406
9.26736614759723	0.293393058370474	8.6923157531911	9.84241654200336
9.56121214795005	0.282640200179113	9.00723735559899	10.1151869403011
9.16666270560473	0.265541684359225	8.64620100426064	9.68712440694881
8.59686816034263	0.237901481101968	8.13058125738278	9.06315506330249
9.11909858298753	0.261661389708262	8.60624225915934	9.63195490681572
9.13442609204163	0.278388923523035	8.58878380193648	9.68006838214678
9.0032084883846	0.258266741709897	8.49700567463321	9.509411302136
8.9509852718527	0.250219284189511	8.46055547484126	9.44141506886415
9.02994631103753	0.254203834649865	8.5317067951238	9.52818582695127
8.45283168816903	0.297631321546327	7.86947429793823	9.03618907839983
9.09482545268566	0.281922431989029	8.54225748598716	9.64739341938416
9.25812998345535	0.272858341780959	8.72332763356467	9.79293233334603
9.09897633151359	0.299991693866842	8.51099261153458	9.6869600514926
9.11724264899927	0.292964420237361	8.54303238533404	9.6914529126645
9.61351449424335	0.304860533022988	9.0159878495183	10.2110411389684
9.1757844388177	0.267114008772449	8.6522409816237	9.6993278960117
8.88272387554532	0.270852452900244	8.35185306786084	9.4135946832298
9.07929095635581	0.285138697429221	8.52041910939453	9.63816280331708
9.10732456078424	0.30355203070314	8.51236258060609	9.7022865409624
9.28121970507067	0.258816968068191	8.77393844765701	9.78850096248432
8.95434009951794	0.277312269450785	8.4108080513944	9.49787214764148
8.78318108516221	0.280628227419809	8.23314975941939	9.33321241090504
8.98095943158524	0.275437517247478	8.44110189778019	9.5208169653903
9.32450845393856	0.302418897164943	8.73176741549527	9.91724949238185
9.19531753807634	0.284420325980183	8.63785369915518	9.7527813769975
8.67634871244764	0.242154537784416	8.20172581839018	9.15097160650509
8.95552142378092	0.269328470840572	8.4276376209334	9.48340522662844
9.48377905041592	0.31092979779913	8.87435664672962	10.0932014541022
8.78634608828335	0.288622305464019	8.22064636957387	9.35204580699283
8.96641690368743	0.266296084937538	8.44447657720986	9.48835723016501
9.16133665697355	0.276951520814304	8.61851167617751	9.70416163776958
9.0617548365291	0.271749568260041	8.52912568273942	9.59438399031878
8.73389044321291	0.280983204918463	8.18316336157272	9.2846175248531
8.32625942741788	0.257662025660659	7.82124185712298	8.83127699771277
9.15169567230935	0.253556120253423	8.65472567661265	9.64866566800606
8.75742082288103	0.264715431123314	8.23857857787933	9.27626306788272
9.32495689898495	0.280804108073246	8.77458084716138	9.87533295080851
9.01985613567014	0.24569058559968	8.53830258789477	9.50140968344551
8.7526974109173	0.242863382669417	8.27668518088525	9.22870964094936
8.87880862507131	0.287727178081654	8.31486335603127	9.44275389411135
8.75518983083811	0.250684729380801	8.26384776125174	9.24653190042448
8.8551841567646	0.258143959803046	8.34922199555063	9.36114631797857
8.44445354419679	0.279525067150819	7.89658441258118	8.9923226758124
9.08175021004353	0.286828590528089	8.51956617260847	9.64393424747858
8.58757780501108	0.282573355364151	8.03373402849735	9.14142158152482
9.18047346936385	0.261195805840622	8.66852968991623	9.69241724881147
9.14005110863943	0.288174847806689	8.57522840693832	9.70487381034054
8.73926229321493	0.266765196228255	8.21640250860755	9.26212207782231
9.07708640271496	0.275249561596281	8.53759726198625	9.61657554344367
9.23105908704121	0.303222888231115	8.63674222610823	9.8253759479742
8.51543139928921	0.253450658306685	8.01866810900811	9.01219468957031
8.98981215043843	0.284166204355251	8.43284638990214	9.54677791097472
9.60646526508731	0.258331672776444	9.10013518644548	10.1127953437291
9.06484149672687	0.269803493898696	8.53602664868543	9.59365634476831
8.66917092796736	0.284352937565813	8.11183917033837	9.22650268559635
9.2483749038833	0.303481446915396	8.65355126792913	9.84319853983748
8.59209256082305	0.284527101271931	8.03441944233006	9.14976567931603
9.1172048355359	0.282574295492871	8.56335921636987	9.67105045470193
8.67670211519835	0.244875337353597	8.1967464539853	9.1566577764114
8.58731632354644	0.262660925908238	8.0725009087663	9.10213173832659
9.19496256228125	0.295133661640069	8.61650058546672	9.77342453909579
8.71617808520275	0.249831256627813	8.22650882221224	9.20584734819327
8.81581269126102	0.274674405258961	8.27745085695345	9.35417452556858
8.97611324459762	0.304856596740208	8.37859431498681	9.57363217420843
9.42007668650902	0.314371451494989	8.80390864157884	10.0362447314392
8.45878536219531	0.251270425963981	7.96629532730591	8.95127539708472
9.27212123728645	0.288558652720304	8.70654627795465	9.83769619661824
8.80249492035969	0.270197433914546	8.27290794988718	9.3320818908322
9.2497997473443	0.300505382136766	8.66080919835624	9.83879029633236
9.31044799290016	0.404905898251796	8.51683243232664	10.1040635534737
8.9618880697451	0.323499313562779	8.32782941516206	9.59594672432815
8.69134273705106	0.236541724948713	8.22772095615158	9.15496451795053
8.72309955723969	0.259564319276909	8.21435349145695	9.23184562302243
8.78699704579496	0.287916590102234	8.22268052919458	9.35131356239534
9.26318031293819	0.318264360725795	8.63938216591564	9.88697845996075
8.71382657029258	0.284496694239386	8.15621304958338	9.27144009100178
9.15147558506643	0.274380795777524	8.61368922534249	9.68926194479038
9.15351577733692	0.290995034753624	8.58316550921982	9.72386604545403
8.7523265223225	0.257359680865489	8.24790154782614	9.25675149681886
8.89623404072717	0.259381432308977	8.38784643340158	9.40462164805277
9.28897503479809	0.290514096628489	8.71956740540625	9.85838266418993
9.53790031172592	0.305547762431582	8.93902669736002	10.1367739260918
9.05971236187435	0.250571026023953	8.5685931508674	9.5508315728813
9.01103003377876	0.29547294283687	8.4319030658185	9.59015700173903
8.8353027587467	0.258353291350085	8.32893030770053	9.34167520979287
9.39783233984472	0.259651530237134	8.88891534057994	9.9067493391095
8.97324483755637	0.241020911587393	8.50084385084508	9.44564582426766
8.78134138919701	0.270611917280971	8.25094203132631	9.31174074706771
9.15855506600079	0.304275048967565	8.56217597002436	9.75493416197722
9.22605519897207	0.281217243110781	8.67486940247495	9.7772409954692
9.05763347650818	0.331123366889705	8.40863167740436	9.706635275612
8.99031339315093	0.299013857587413	8.4042462322796	9.57638055402226
9.39152951696977	0.280520001118384	8.84171031477774	9.9413487191618
8.71052884260869	0.244145492623797	8.23200367706605	9.18905400815133
8.97935567714723	0.300496525519631	8.39038248712875	9.56832886716571
9.19318160063674	0.290858206336859	8.62309951621649	9.76326368505698
8.93747384222772	0.288875337837178	8.37127818006686	9.50366950438859
8.86354285652184	0.285344669366811	8.30426730456289	9.42281840848079
8.78554218251214	0.282127381175187	8.23257251540878	9.33851184961551
8.87674474971011	0.272441934294629	8.34275855849264	9.41073094092758
8.79897464550585	0.275928466450598	8.25815485126268	9.33979443974902
9.29072813709886	0.298074666847232	8.70650179007828	9.87495448411943
8.79651693166034	0.288679028830105	8.23070603515334	9.36232782816735
9.2414620861034	0.278577387480296	8.69545040664202	9.78747376556478
8.48630610915929	0.290685922739662	7.91656170058955	9.05605051772903
9.19604560600009	0.298192340269636	8.6115886190716	9.78050259292857
8.9338270692282	0.282115050625336	8.38088157000254	9.48677256845385
9.2780043491297	0.320675534421485	8.64948030166359	9.90652839659581
8.46151864372212	0.24505213816707	7.98121645291466	8.94182083452958
9.00206616132935	0.265683786332462	8.48132594011773	9.52280638254098
8.78007543037186	0.251986879861855	8.28618114584262	9.27396971490109
9.70623618908436	0.275161324426832	9.16691999320777	10.245552384961
9.3315035176519	0.294013728229788	8.75523661032152	9.90777042498229
9.17759369411668	0.283922476112225	8.62110564093671	9.73408174729664
8.70525589519543	0.286352723452198	8.14400455722912	9.26650723316174
9.05284753436225	0.267040965535416	8.52944724191283	9.57624782681166
9.06114912554592	0.255078691143231	8.56119489090519	9.56110336018665
9.17884930591633	0.335424242387582	8.52141779083667	9.836280820996
8.90344393195369	0.257653885840128	8.39844231570703	9.40844554820034
9.01467905079949	0.307082926719026	8.4127965144302	9.61656158716879
8.68373664406101	0.256027855756501	8.18192204677826	9.18555124134375
9.16012058529569	0.299638396507978	8.57282932814005	9.74741184245132
8.9318940014049	0.27503887039736	8.39281781542607	9.47097018738372
9.1587313430937	0.287071442080159	8.59607131661659	9.72139136957082
9.15291313484736	0.282485445133446	8.59924166238581	9.70658460730892
8.89977333938548	0.268470717795078	8.37357073250713	9.42597594626384
8.89417951453053	0.309542793221675	8.28747563981604	9.50088338924501
9.04715973780959	0.283102518315297	8.49227880191161	9.60204067370758
8.97539318620714	0.290083620158939	8.40682929069562	9.54395708171866
8.75153787620161	0.254486188392762	8.2527449469518	9.25033080545142
8.54986284937255	0.267511807005965	8.02553970764086	9.07418599110424
9.00806235427397	0.294608379904865	8.43062992966043	9.5854947788875
9.60886513815683	0.353855480364895	8.91530839664164	10.302421879672
9.00020045727408	0.262832660969414	8.48504844177403	9.51535247277413
9.14482098239286	0.282401234681887	8.59131456241636	9.69832740236935
9.14767428784022	0.300583764844129	8.55853010874573	9.73681846693472
9.15526749521801	0.292707647364434	8.58156050638372	9.7289744840523
8.9800699948776	0.300750805285077	8.39059841651885	9.56954157323635
8.86472705699916	0.300673568313151	8.27540686310538	9.45404725089293
9.41871748968002	0.27058191836173	8.88837692969103	9.94905804966901
9.53800309928127	0.286438609307591	8.9765834250384	10.0994227735242
8.98679628903336	0.268636907772722	8.46026794979882	9.51332462826789
9.02782426903481	0.252678221353826	8.53257495518131	9.5230735828883
9.01612234763695	0.294987708744321	8.43794643849808	9.59429825677582
9.15876514547008	0.336211621343825	8.49979036763618	9.81773992330398
9.23971916821499	0.262569747053709	8.72508246398972	9.75435587244026
9.47138480126932	0.298056404008983	8.88719424941171	10.0555753531269
9.12491156634272	0.346106250402099	8.4465433155546	9.80327981713083
9.39278041432777	0.275883112676869	8.8520495134811	9.93351131517443
9.11143362049676	0.297072195004939	8.52917211828708	9.69369512270644
8.91025217586022	0.274116585183065	8.37298366890142	9.44752068281903
9.09571565444926	0.264730506106525	8.57684386248047	9.61458744641805
8.75746313137968	0.269276610524217	8.22968097475221	9.28524528800714
8.52372639388408	0.241382416490107	8.05061685756347	8.99683593020469
8.69742765965794	0.245407422749968	8.216429111068	9.17842620824787
8.93898572515362	0.257341335499967	8.43459670757369	9.44337474273356
8.68539165501478	0.286066911316613	8.12470050883422	9.24608280119534
9.18608113250577	0.301600003724883	8.594945125205	9.77721713980654
8.96096525574596	0.233861896340741	8.5025959389181	9.41933457257381
8.8602383319656	0.283160459798137	8.30524383076125	9.41523283316994
9.04189533601886	0.279000666003967	8.49505403065109	9.58873664138664
9.34524069775814	0.340062122344103	8.6787189379637	10.0117624575526
8.71271616409174	0.256552649998877	8.20987297009394	9.21555935808954
8.6326994376503	0.249869630417439	8.14295496203212	9.12244391326847
8.64715662350681	0.258672351417831	8.14015881472786	9.15415443228576
9.07717275866372	0.282662737402958	8.52315379335393	9.63119172397352
8.659478545986	0.290105327991862	8.09087210312195	9.22808498885005
8.84565025427494	0.253721477811067	8.34835615776525	9.34294435078464
9.11663682816211	0.307105511633535	8.51471002536038	9.71856363096384
8.75211604273572	0.278368306885055	8.20651416124101	9.29771792423043
9.43210558374703	0.357671292427025	8.73106985059006	10.133141316904
8.60076827968861	0.233375682397376	8.14335194218975	9.05818461718746
8.81077953091491	0.252039283459675	8.31678253533395	9.30477652649587
8.95745716083113	0.254269698197694	8.45908855236365	9.45582576929861
9.14179056941524	0.310695327796915	8.53282772693328	9.75075341189719
8.98160576483124	0.279264450318471	8.43424744220704	9.52896408745544
9.0452977001168	0.273088461840948	8.51004431490854	9.58055108532506
8.83505392427877	0.253977084281649	8.33725883908674	9.3328490094708
8.96183102954581	0.270650750200936	8.43135555915197	9.49230649993964
8.37663957276357	0.222927148852942	7.9397023610118	8.81357678451533
8.57572181305697	0.274981351930783	8.03675836327264	9.1146852628413
9.18004475089725	0.273845262873642	8.64330803566491	9.71678146612958
9.14428692010576	0.299877448344415	8.55652712135071	9.73204671886082
8.98995754098099	0.263962545686319	8.4725909514358	9.50732413052617
8.84048304705761	0.27924371165952	8.29316537220495	9.38780072191027
8.65647082891463	0.291548878020937	8.08503502799359	9.22790662983566
9.32806181451953	0.289294653034873	8.76104429457117	9.89507933446788
9.09289119363876	0.303577926596888	8.49787845750886	9.68790392976866
9.10393122750661	0.299876799049102	8.51617270137037	9.69168975364285
8.60294113837165	0.253251505720877	8.10656818715874	9.09931408958457
9.0671561894386	0.279046709988291	8.52022463786155	9.61408774101565
8.90781377243707	0.262009443416034	8.39427526334165	9.4213522815325
8.80537820422818	0.253656612764773	8.30821124320923	9.30254516524714
8.83761103529322	0.271041838509408	8.30636903181478	9.36885303877166
9.28447829314335	0.290977860814229	8.71416168594746	9.85479490033924
9.03331147561589	0.268456378008488	8.50713697471925	9.55948597651252
9.02465725366775	0.266121252734625	8.50305959830789	9.54625490902761
8.57089045403029	0.245593515663619	8.0895271633296	9.05225374473099
8.96251777581068	0.271555778769129	8.43026844942318	9.49476710219817
8.68763929391819	0.285906596586769	8.12726236460812	9.24801622322826
9.20287115229882	0.27771815253732	8.65854357332567	9.74719873127197
8.80314505956998	0.274989615120125	8.26416541393453	9.34212470520542
8.86445169267653	0.289935515328524	8.29617808263262	9.43272530272044
9.05441976368126	0.315022738068318	8.43697519706735	9.67186433029516
9.34910893172396	0.301106971545667	8.75893926749446	9.93927859595347
9.27952502562671	0.269696249115236	8.75092037736085	9.80812967389257
8.81277410686235	0.255113674566708	8.3127513047116	9.3127969090131
9.2401563238311	0.319600813808242	8.61373872876695	9.86657391889525
9.14487040860998	0.285598744666989	8.58509686906268	9.70464394815728
8.80915238769727	0.238039227886394	8.34259550103994	9.2757092743546
8.81769196673413	0.247657975984876	8.33228233380378	9.30310159966449
8.98332179222159	0.255446233762208	8.48264717404766	9.48399641039552
8.64317703220271	0.262376107097733	8.12891986229116	9.15743420211427
8.98010866083906	0.34079973301174	8.31214118413606	9.64807613754207
9.42384181871521	0.323717345253455	8.78935582201843	10.058327815412
8.87672889115228	0.267446039592371	8.35253465355123	9.40092312875333
9.69885327917255	0.280504207103072	9.14906503325053	10.2486415250946
9.23094712930885	0.271085243247418	8.69962005254391	9.76227420607379
9.16314567948185	0.250314868885736	8.67252853646581	9.65376282249789
9.10201591085628	0.300090431890071	8.51383866435174	9.69019315736082
8.82329589985342	0.269173157940648	8.29571651028975	9.35087528941709
8.8116579410279	0.228590141890012	8.36362126292348	9.25969461913232
9.07674815052738	0.24538056245089	8.59580224812363	9.55769405293112
9.06455743007751	0.26288445891878	8.5493038905967	9.57981096955832
8.82240884491059	0.291449223847976	8.25116836616855	9.39364932365262
9.31217988211686	0.332887633165202	8.65972012111307	9.96463964312066
9.21901673226808	0.270179775952124	8.68946437140192	9.74856909313425
8.63561887526265	0.245517408090485	8.1544047554053	9.11683299512
9.33146757514261	0.292974771933027	8.75723702215388	9.90569812813134
9.24732048910332	0.314255925724555	8.63137887468319	9.86326210352345
9.63834066969446	0.308070350081018	9.03452278353567	10.2421585558533
8.79437724987659	0.272441151600725	8.26039259273917	9.32836190701401
9.0089521042093	0.245491728822072	8.52778831571804	9.49011589270056
8.9685349816418	0.304726412698946	8.37127121275187	9.56579875053174
8.81595307567805	0.279422124250922	8.26828571214624	9.36362043920986
9.01422059857576	0.296134760291108	8.43379646840519	9.59464472874633
8.7316109164342	0.258464593520646	8.22502031313374	9.23820151973467
8.95207416998556	0.286132698789147	8.39125408035883	9.51289425961229
8.87269978051369	0.255749138654989	8.37143146874991	9.37396809227747
8.94364075684435	0.306674057217471	8.34255960469811	9.5447219089906
8.77726286683208	0.268923848677251	8.25017212342467	9.3043536102395
8.49723830909502	0.250956510912557	8.00536354770641	8.98911307048363
8.85572988410752	0.296742314457208	8.27411494777139	9.43734482044364
9.71415240439546	0.327510413235194	9.07223199445448	10.3560728143364
9.3374663607084	0.325919868695033	8.69866341806613	9.97626930335066
9.27005345823144	0.312070620587834	8.65839504187928	9.88171187458359
9.48060750856227	0.342626385841362	8.8090597923132	10.1521552248113
9.00863376874256	0.256604679240749	8.50568859743069	9.51157894005443
9.18361239871798	0.283732133853681	8.62749741636477	9.7397273810712
8.93778081777972	0.279875464094246	8.389224908155	9.48633672740445
9.94595611981059	0.366846817319271	9.22693635786482	10.6649758817564
9.18628506406492	0.311883235425097	8.57499392263173	9.79757620549811
9.04672906084112	0.275124230842177	8.50748556839045	9.58597255329178
8.84327481989694	0.283990853192757	8.28665274763913	9.39989689215474
9.53047291109031	0.296313822562973	8.94969781886689	10.1112480033137
9.23929603264246	0.325075842945888	8.60214738046852	9.8764446848164
8.66695497527673	0.272392928337748	8.13306483573474	9.20084511481872
9.51449600111623	0.322877258955226	8.88165657356399	10.1473354286685
8.87635899941109	0.278465968520206	8.33056570111149	9.4221522977107
8.63417333815926	0.256615127856165	8.13120768756118	9.13713898875735
8.18850142452695	0.287260638756465	7.62547057256428	8.75153227648963
8.95984074145276	0.306421212756749	8.35925516444953	9.56042631845599
9.04058662227014	0.284017370946253	8.48391257521548	9.59726066932479
8.85811705618082	0.264854200838789	8.33900282253679	9.37723128982484
8.9265251247271	0.274967367359509	8.38758908470246	9.46546116475174
9.26282866240445	0.293964855045621	8.68665754651503	9.83899977829387
8.3925789198555	0.248644697962667	7.90523531184867	8.87992252786233
8.8302917746065	0.270658577563238	8.29980096258256	9.36078258663045
8.6276754518677	0.269741686448428	8.09898174642878	9.15636915730662
9.15017605770833	0.262706337623894	8.6352716359655	9.66508047945117
9.01408837094577	0.259495502353728	8.50547718633246	9.52269955555908
8.84049435032962	0.278370305095439	8.29488855234256	9.38610014831668
8.78628657179536	0.275779214141574	8.24575931207788	9.32681383151285
8.41740256633197	0.259789563248077	7.90821502236574	8.9265901102982
8.74093092634613	0.269390185958882	8.21292616186672	9.26893569082553
9.03815002229902	0.260681448741253	8.52721438276616	9.54908566183187
9.04764271181119	0.291408779672409	8.47648150365326	9.61880391996911
8.74013147738969	0.286825527483865	8.17795344352131	9.30230951125806
8.55425278583937	0.23118966805311	8.10112103645528	9.00738453522347
9.0876842252165	0.283359874884525	8.53229887044283	9.64306957999017
8.98187936723732	0.281408803525141	8.43031811232804	9.5334406221466
8.71477507054986	0.239791653332436	8.24478343001829	9.18476671108144
9.4803754389594	0.314473350230773	8.86400767250709	10.0967432054117
8.5715830254624	0.252847781524535	8.07600137367431	9.06716467725049
9.03611143448385	0.276813951526981	8.49355608949097	9.57866677947673
9.31938186142371	0.264095351747722	8.80175497199818	9.83700875084925
8.70079917183698	0.255563394586532	8.19989491844738	9.20170342522658
8.88800375509324	0.319051992850998	8.26266184910529	9.5133456610812
8.69478562139276	0.252748417044712	8.19939872398513	9.1901725188004
9.42425335019735	0.300664480501528	8.83495096841435	10.0135557319803
8.68870228566505	0.225028161977493	8.24764708818916	9.12975748314093
8.89106578620372	0.29811368983277	8.30676295413149	9.47536861827595
9.14398944593348	0.256639127279651	8.64097675646537	9.6470021354016
9.2241834906482	0.27057535958344	8.69385578586466	9.75451119543174
9.00975727530615	0.282695330439973	8.45567442764381	9.5638401229685
8.40469282702429	0.246473025533174	7.92160569697927	8.88777995706931
8.94630667396572	0.235845188955115	8.48405010361369	9.40856324431774
9.07603170336625	0.268956992292031	8.54887599847387	9.60318740825863
9.13614330257232	0.327196496429185	8.49483816957111	9.77744843557352
8.99057292351417	0.267557800443995	8.46615963464394	9.5149862123844
9.01456486884717	0.308775656506063	8.40936458209529	9.61976515559905
9.53391289097869	0.279916089056699	8.98527735642756	10.0825484255298
8.89247607235948	0.272768816816016	8.35784919140009	9.42710295331887
9.4972261264474	0.319748046799778	8.87051995471983	10.123932298175
9.41524309204376	0.283715994268812	8.85915974327689	9.97132644081064
9.33596345068291	0.270683168980292	8.80542443948154	9.86650246188429
8.79561157571403	0.271341446589377	8.26378234039885	9.32744081102921
8.86514739868865	0.261815525849138	8.35198896802434	9.37830582935296
9.34520012130668	0.313051450695388	8.73161927794372	9.95878096466964
9.12328760232085	0.268345013361743	8.59733137613184	9.64924382850987
9.13298316385818	0.300722178711358	8.54356769358392	9.72239863413244
8.66224080242937	0.257085970446498	8.15835230035424	9.16612930450451
9.19450182522402	0.279215115072163	8.64724019968258	9.74176345076546
9.24817890859241	0.304917118472391	8.65054135638653	9.8458164607983
8.93174788286295	0.275737261215015	8.39130285088152	9.47219291484438
9.14234123591661	0.308638447779126	8.53740987826953	9.7472725935637
8.80668603646167	0.274324545727365	8.26900992683604	9.34436214608731
8.67431627234888	0.226524994016341	8.23032728407686	9.11830526062091
9.21176427186485	0.328090719393271	8.56870646185404	9.85482208187566
9.04291269303762	0.269998941028361	8.51371476862204	9.57211061745321
8.36036760019803	0.235241469246271	7.89929432047534	8.82144087992072
8.8721129768969	0.281702057132028	8.31997694491813	9.42424900887568
8.87471721701022	0.283361331974247	8.31932900634069	9.43010542767974
8.78684199998545	0.250967567477098	8.29494556773034	9.27873843224056
9.23919914171713	0.287170679794932	8.67634460931907	9.8020536741152
8.77011771347311	0.263036302970344	8.25456655965124	9.28566886729499
8.90402873981807	0.298029221341709	8.31989146598832	9.48816601364782
8.91609560225694	0.285150041942068	8.35720152005049	9.4749896844634
9.4137173395933	0.282562879391248	8.85989409598646	9.96754058320015
8.91313555429183	0.303165871889594	8.31893044538822	9.50734066319543
8.50503535819818	0.240396441423182	8.03385833300874	8.97621238338762
9.16891312286431	0.30508052319076	8.57095529741042	9.76687094831821
9.24092879018322	0.305468335269797	8.64221085305442	9.83964672731203
9.42023523092855	0.287789425739502	8.85616795647913	9.98430250537798
9.11669821713326	0.282201812691644	8.56358266425764	9.66981377000888
8.80455612897253	0.27911147644635	8.25749763513768	9.35161462280737
8.86759619942223	0.273481748956985	8.33157197146654	9.40362042737792
9.10230086857795	0.290633327911244	8.53265954587191	9.67194219128398
9.08539451346565	0.255982713943241	8.5836683941369	9.5871206327944
9.13249187720215	0.279392281462571	8.58488300553551	9.68010074886879
9.05331006120154	0.268149005242913	8.52773801092543	9.57888211147765
8.58212675766128	0.28243550688062	8.02855316417527	9.1357003511473
8.87215678995775	0.259652853358484	8.36323719737513	9.38107638254038
8.87037491571429	0.277602352550783	8.32627430471476	9.41447552671383
9.05584716537103	0.295187625433336	8.47727941952169	9.63441491122037
9.24741327740533	0.317526156816221	8.62506201004553	9.86976454476512
9.05704820588095	0.288457185485091	8.49167212233017	9.62242428943172
9.43693348968495	0.30105298169447	8.84686964556379	10.0269973338061
8.90254926659184	0.288076763227259	8.33791881066641	9.46717972251727
8.75620749762319	0.275210325616711	8.21679525941444	9.29561973583194
9.19265018279497	0.297064757398695	8.61040325829353	9.77489710729641
8.88089738879632	0.273371592454494	8.34508906758551	9.41670571000713
8.88580713104764	0.289941050885028	8.31752267131299	9.4540915907823
8.98082712200519	0.272767399878833	8.44620301824267	9.5154512257677
9.08047517755853	0.286426489450105	8.51907925823633	9.64187109688074
8.8527930358517	0.284704568603925	8.29477208138801	9.4108139903154
8.82128105315032	0.258248961997401	8.31511308763541	9.32744901866522
8.83625720864686	0.322749942888734	8.20366732058494	9.46884709670878
8.8011374777394	0.267963151108801	8.27592970156615	9.32634525391265
9.23282743976366	0.291633596890014	8.66122558985923	9.80442928966808
8.85772810228399	0.322522519477907	8.22558396410729	9.48987224046068
8.93880362619103	0.250373911354585	8.44807075993605	9.42953649244602
9.14938555738956	0.262202537607673	8.63546858367852	9.6633025311006
9.49496990653804	0.309666010210654	8.88802452652516	10.1019152865509
8.82522217994064	0.268500303257392	8.29896158555615	9.35148277432513
9.66108076558794	0.294252497162591	9.08434587114926	10.2378156600266
8.84203496244773	0.299864177380431	8.25430117478208	9.42976875011337
8.91352740165792	0.245443395044147	8.43245834737139	9.39459645594445
9.01811794696285	0.282911839648446	8.4636107412519	9.5726251526738
9.02945606441015	0.312888622556741	8.41619436419894	9.64271776462136
8.73032943995813	0.266768589745314	8.20746300405732	9.25319587585895
8.33485150053935	0.246201217418556	7.85229711439898	8.81740588667972
8.90728839628741	0.339583084099282	8.24170555145281	9.572871241122
9.2780648213129	0.304257985602737	8.68171916953153	9.87441047309426
8.79998438849137	0.272700701445001	8.26549101365917	9.33447776332358
8.58805264245576	0.259385712520474	8.07965664591563	9.09644863899589
8.98961393131599	0.279000716629238	8.44277252672268	9.5364553359093
9.01244953139983	0.285721367845814	8.45243565042203	9.57246341237762
9.27892442567353	0.325045487127508	8.64183527090362	9.91601358044345
8.58635785043577	0.246539378914277	8.10314066776379	9.06957503310776
9.10745008042026	0.274318213882998	8.56978638120959	9.64511377963094
8.97269289392659	0.275505182576474	8.4327027360767	9.51268305177648
8.6782375090964	0.24476702354338	8.19849414295138	9.15798087524143
8.8828433721409	0.256352364765236	8.38039273720104	9.38529400708076
8.97024012993806	0.268377947052624	8.44421935371492	9.4962609061612
9.28327780121538	0.296635352401929	8.7018725105076	9.86468309192316
8.85819072087906	0.265925209518523	8.33697731022276	9.37940413153537
8.98879492204861	0.345366930716633	8.31187573784401	9.66571410625321
9.37747925346667	0.335046957670894	8.72078721643171	10.0341712905016
8.94768165349261	0.278768094574079	8.40129618812741	9.49406711885781
8.9062678785619	0.265402319940785	8.38607933147796	9.42645642564584
8.97025023550353	0.295331027229812	8.3914014221331	9.54909904887396
9.61416074669737	0.335832557824475	8.9559289333614	10.2723925600333
8.86949915304598	0.259682210909642	8.36052201966308	9.37847628642888
9.06410686354891	0.26814221155789	8.53854812889544	9.58966559820237
8.88828386370763	0.270602880666613	8.35790221760107	9.41866550981419
9.43206512023	0.285311085164499	8.87285539330759	9.99127484715242
9.3436929417341	0.27493739064859	8.80481565606287	9.88257022740534
9.02048874937408	0.273454357960038	8.48451820777241	9.55645929097576
8.61800936456819	0.252426119157832	8.12325417101884	9.11276455811754
8.86713967493478	0.263897105328194	8.34990134849152	9.38437800137804
9.38027640047083	0.365916914289796	8.66307924846283	10.0974735524788
9.03311539909678	0.286423447066534	8.47172544284638	9.59450535534719
8.72469540521857	0.288579252870335	8.15908006959272	9.29031074084443
8.86701356559498	0.27530468529408	8.32741638241859	9.40661074877138
9.21362158180782	0.301597460264758	8.62249055968889	9.80475260392675
8.60111831929608	0.275930438816304	8.06029465921612	9.14194197937604
9.16324113824517	0.298957790743834	8.57728386838725	9.74919840810308
8.8597198551478	0.271955747779419	8.32668658950013	9.39275312079546
8.97143337031972	0.262451868196642	8.4570277086543	9.48583903198514
9.26001869859915	0.271574076128751	8.7277335093868	9.7923038878115
8.86383335390882	0.295391866262737	8.28486529603386	9.44280141178379
8.78881498466939	0.269438430528432	8.26071566083366	9.31691430850511
8.81185744399467	0.2786093010185	8.26578321399841	9.35793167399093
9.0616661256038	0.271859796144032	8.5288209251615	9.59451132604611
9.27473935677832	0.307730875988072	8.67158683984169	9.87789187371494
9.21556732821012	0.294317855658166	8.63870433112011	9.79243032530012
8.3793426587494	0.263764797396906	7.86236365585147	8.89632166164734
8.83997892645508	0.2722217223814	8.30642435058754	9.37353350232263
8.91292130964354	0.268157584671661	8.38733244368708	9.4385101756
9.16166718727894	0.285028618955959	8.60301109412526	9.72032328043262
9.18003962133144	0.289328212732978	8.6129563243748	9.74712291828807
9.1481650562394	0.283739208620661	8.5920362073429	9.70429390513589
8.68404727057045	0.285909230590568	8.12366517861294	9.24442936252796
8.83771939927077	0.246289141480422	8.35499268196915	9.3204461165724
8.81742599473282	0.319985818962062	8.19025378956718	9.44459819989846
9.13418325970693	0.277188952637297	8.59089291253783	9.67747360687603
9.3524309899026	0.390784250363652	8.58649385918984	10.1183681206154
8.64155441503799	0.279369482760648	8.09399022882712	9.18911860124886
9.1614562155649	0.314152810448549	8.54571670708575	9.77719572404406
8.77208165208236	0.281910315611115	8.21953743348457	9.32462587068014
8.77438433782928	0.28536324053747	8.21507238637584	9.33369628928272
8.96004716647227	0.282729428882684	8.40589748586221	9.51419684708233
9.08860134759638	0.301561278973116	8.49754124080907	9.67966145438368
9.18732777381244	0.325051146045364	8.55022752756353	9.82442802006135
9.02965966362816	0.301424586487237	8.43886747411318	9.62045185314315
8.60022058005257	0.258246947741967	8.09405656247831	9.10638459762682
9.21828922351963	0.276510496384377	8.67632865060625	9.76024979643301
9.20264598480556	0.284231756483275	8.64555174209834	9.75974022751278
8.82564587542191	0.270109661172111	8.29623093952457	9.35506081131925
8.74718304963586	0.27443491782679	8.20929061069536	9.28507548857637
9.04786409200615	0.287523248031533	8.48431852586435	9.61140965814796
8.76156113143699	0.312587715096618	8.14888920984762	9.37423305302637
9.31399953072341	0.264762381342876	8.79506526329138	9.83293379815545
8.58274803637888	0.237526692400569	8.11719571927377	9.048300353484
8.70647144767534	0.275570336158332	8.16635358880501	9.24658930654567
8.86573818381624	0.29541146198652	8.28673171832266	9.44474464930981
9.44522744528293	0.288882377850842	8.87901798469528	10.0114369058706
9.26685329098665	0.280370052186243	8.71732798870161	9.81637859327169
9.00233620939202	0.292437767088906	8.42915818589777	9.57551423288628
8.63251782521756	0.286094993199064	8.07177163854739	9.19326401188772
8.91533413189467	0.262127662265654	8.40156391385399	9.42910434993535
8.66681644305357	0.257003408458853	8.16308976247421	9.17054312363292
9.19113678693742	0.300079835096369	8.60298031014853	9.7792932637263
8.9762499775866	0.29084520010807	8.40619338537478	9.54630656979841
9.46647330661437	0.259340401256544	8.95816612015154	9.9747804930772
8.80028395772057	0.296480584498077	8.21918201210434	9.3813859033368
9.64568787245834	0.310621187591609	9.03687034477879	10.2545054001379
8.75063220278628	0.279245312022939	8.20331139122132	9.29795301435124
8.86018309758369	0.253932332051669	8.36247572676241	9.35789046840496
9.30175302974199	0.268160815799203	8.77615783077555	9.82734822870843
9.45776720119341	0.283153746280703	8.90278585848324	10.0127485439036
9.21334560500034	0.299659952233983	8.62601209862173	9.80067911137895
8.71805113298281	0.258535737153376	8.21132108816219	9.22478117780343
8.66535593315789	0.243048938485297	8.18898001372671	9.14173185258907
8.88319056980241	0.278652176775518	8.3370323033224	9.42934883628243
9.22085510945	0.252121496476175	8.7266969763567	9.71501324254331
9.06662464966354	0.277217285392742	8.52327877029376	9.60997052903332
9.11314458754961	0.296645017338647	8.53172035356587	9.69456882153336
8.75328859590538	0.2808253255269	8.20287095787265	9.3037062339381
8.77792762834504	0.252484186638959	8.28305862253268	9.2727966341574
8.92106931128686	0.284706979828519	8.36304363082296	9.47909499175076
9.09185763010558	0.304074470353943	8.49587166821185	9.68784359199931
8.77166744593959	0.276169910562073	8.23037442123793	9.31296047064126
9.12236659847054	0.267114986392127	8.59882122514197	9.64591197179911
9.2170639215933	0.261916680407066	8.70370722799545	9.73042061519115
9.34305027983829	0.301041895327175	8.75300816499703	9.93309239467955
8.86638695833989	0.284755997682694	8.30826520288181	9.42450871379797
9.30712012381966	0.288728447207924	8.74121236729213	9.87302788034719
9.58885329943938	0.290578990218362	9.01931847861139	10.1583881202674
8.2780332818169	0.276627718177448	7.7358429541891	8.8202236094447
9.09307446708466	0.29936258775342	8.50632379508796	9.67982513908137
9.59050931446879	0.322522979509117	8.95836427463092	10.2226543543067
8.91752309405284	0.273209586298546	8.38203230490769	9.45301388319799
8.76908299970713	0.262570370665748	8.25444507320226	9.283720926212
8.96135037745075	0.290391713660255	8.39218261867665	9.53051813622485
8.73439417903809	0.276416689880513	8.19261746687229	9.2761708912039
8.45212115779728	0.260830202200806	7.9408939614837	8.96334835411086
8.90115267127576	0.284673128165927	8.34319334007054	9.45911200248098
9.88896501493164	0.346714464701113	9.20940466411746	10.5685253657458
9.07133169575777	0.314519746794684	8.45487299204019	9.68779039947535
8.64553871808367	0.28219248348602	8.09244145045107	9.19863598571627
9.14795029553553	0.290839083989883	8.57790569091536	9.7179949001557
8.93915045260856	0.282695710336376	8.38506686034926	9.49323404486785
8.7425103366338	0.268201063445416	8.21683625228078	9.26818442098681
8.84930543130031	0.28748006587473	8.28584450218584	9.41276636041478
8.81385376668049	0.272352377293283	8.28004310718565	9.34766442617532
9.60508043056002	0.335061163311594	8.94836055046929	10.2618003106507
9.02587466749775	0.265829900716599	8.50484806209322	9.54690127290229
9.13882337769084	0.297837843654387	8.55506120412825	9.72258555125344
8.80656608568459	0.244891529216859	8.32657868841955	9.28655348294964
8.89459249530003	0.26398376028844	8.37718432513469	9.41200066546538
8.93666526517033	0.255145427869574	8.43658022654596	9.4367503037947
8.84543799478859	0.264114821140991	8.32777294535225	9.36310304422494
8.86948805139177	0.277336607242226	8.32590830119701	9.41306780158654
8.82976750793777	0.332353769535449	8.17835411964829	9.48118089622725
8.57429883576178	0.269276731507283	8.0465164420075	9.10208122951605
9.11945836796991	0.272597518060873	8.5851672325706	9.65374950336922
9.47839858096575	0.29579251857475	8.89864524455924	10.0581519173723
8.88604417997806	0.280264650854356	8.33672546430352	9.4353628956526
8.39889881442594	0.264464233072566	7.88054891760371	8.91724871124817
9.16119524021061	0.294856034003654	8.58327741356345	9.73911306685777
8.85572621172234	0.237967412486201	8.38931008324938	9.32214234019529
8.91420589820273	0.269908509679092	8.38518521923171	9.44322657717375
8.86829952178429	0.28342739860103	8.31278182052628	9.42381722304231
8.85470857957939	0.25330185333174	8.35823694704919	9.3511802121096
8.77787181477485	0.258413793279639	8.27138077994676	9.28436284960295
8.90857429711172	0.246177067290873	8.42606724522161	9.39108134900183
8.35510992645432	0.244392140918374	7.8761013302543	8.83411852265433
9.20193966890138	0.263973785735001	8.68455104886078	9.71932828894198
9.13958806127139	0.316985599782812	8.51829628569707	9.7608798368457
9.31958188580539	0.314115541859104	8.70391542376155	9.93524834784924
9.21192505255474	0.306407523194391	8.61136630709374	9.81248379801575
8.91104987311604	0.236083944688635	8.44832534152632	9.37377440470577
9.28627255707008	0.302005430237909	8.69434191380378	9.87820320033638
8.642298333121	0.270296269659727	8.11251764458793	9.17207902165406
8.71742925656985	0.286639754733576	8.15561533729204	9.27924317584766
8.23271101355802	0.241013790248809	7.76032398467035	8.70509804244568
8.72498929938495	0.256830453438326	8.22160161064583	9.22837698812407
8.55806759317131	0.240963274524652	8.08577957510299	9.03035561123963
8.78306734640251	0.270827462053974	8.25224552077672	9.3138891720283
8.58730223906738	0.273788305208939	8.05067716085786	9.1239273172769
8.59247051357768	0.225801588563787	8.14989939999265	9.0350416271627
9.06142804192935	0.250726352765491	8.57000439050898	9.55285169334971
8.90621233913162	0.297927469168288	8.32227449956177	9.49015017870146
9.109108110973	0.291875736066808	8.53703166828206	9.68118455366394
8.61365111224354	0.248696305660764	8.12620635314844	9.10109587133863
9.29910550606612	0.307718504048933	8.69597723813022	9.90223377400203
9.04940083951097	0.297006294133748	8.46726850300882	9.63153317601311
8.77773232485523	0.270122331302239	8.24829255550284	9.30717209420761
9.29408369859114	0.265613941125197	8.77348037398575	9.81468702319652
8.99437919913995	0.262233625502664	8.48040129315473	9.50835710512518
8.99727948054388	0.266608261492238	8.4747272880191	9.51983167306867
8.87043541229602	0.284587293582909	8.31264431687352	9.42822650771852
9.23058262478066	0.311029168759091	8.62096545401285	9.84019979554848
8.88828855928468	0.279903955331724	8.3396768068345	9.43690031173486
8.50456465676828	0.242086116693895	8.03007586804825	8.97905344548832
9.1928860692405	0.297631056574728	8.60952919835404	9.77624294012697
8.88988814651421	0.256862011809165	8.38643860336824	9.39333768966017
8.37059227606776	0.264778461236245	7.85162649204472	8.8895580600908
8.9179116612278	0.257217286893689	8.41376577891617	9.42205754353943
8.68791368289233	0.30121722314552	8.09752792552711	9.27829944025754
8.5983082976715	0.28458314498554	8.04052533349984	9.15609126184316
9.03995716324182	0.313387587262091	8.42571749220812	9.65419683427551
8.94349412335356	0.283220828023888	8.38838130042674	9.49860694628038
9.04525269219656	0.293228273186894	8.47052527675024	9.61998010764287
9.33412415237511	0.29904692801516	8.7479921734654	9.92025613128483
9.0976681847524	0.280732730849389	8.54743203228759	9.6479043372172
9.16982957881813	0.28682663145442	8.60764938116747	9.73200977646879
8.87803017899014	0.30849802742917	8.27337404522897	9.48268631275132
8.29368483833653	0.235535773841044	7.83203472160808	8.75533495506498
8.83679533353725	0.293061615688438	8.26239456678791	9.41119610028659
8.72457238780105	0.267070004621729	8.20111517874246	9.24802959685963
8.8955726297446	0.273931915612487	8.35866607514413	9.43247918434508
9.00646823687583	0.283011622234845	8.45176545729553	9.56117101645612
9.33942249362453	0.249971669367381	8.84947802166446	9.82936696558459
8.94410570889971	0.302143008229138	8.35190541277059	9.53630600502882
8.90184833731393	0.264791309442979	8.3828573708057	9.42083930382217
9.35950538561059	0.282383348609815	8.80603402233535	9.91297674888583
9.11940471742885	0.263137430199036	8.60365535423874	9.63515408061896
8.83471140784162	0.300782950764572	8.24517682434306	9.42424599134018
9.51766047131284	0.307049682702846	8.91584309321526	10.1194778494104
8.91462033847116	0.275349081622299	8.37493613849146	9.45430453845087
9.24553770841497	0.302362821959915	8.65290657737354	9.8381688394564
8.58824590908343	0.271429534199809	8.0562440220518	9.12024779611506
9.23124313618758	0.268059658497268	8.70584620553293	9.75664006684222
8.87542996823135	0.287666504429737	8.31160361954907	9.43925631691363
8.69949461367303	0.264036171503944	8.1819837175253	9.21700550982076
9.18768191980391	0.257009693965738	8.68394291963107	9.69142091997676
9.16089946039045	0.270825085615772	8.63008229258354	9.69171662819737
9.09760281233739	0.274872273046778	8.55885315716571	9.63635246750908
8.85900500012353	0.281215625662817	8.30782237382441	9.41018762642265
9.38259710899571	0.335343218185497	8.72532440135213	10.0398698166393
8.97554114599272	0.303381193451504	8.38091400682777	9.57016828515767
8.92290056042107	0.28374498798999	8.36676038396069	9.47904073688145
8.90037656699371	0.287588315026478	8.33670346954182	9.46404966444561
9.41898582164538	0.283818082067585	8.86270238079291	9.97526926249785
8.94539559135543	0.282936902869583	8.39083926173104	9.49995192097981
8.80864385032731	0.285315515597832	8.24942543975556	9.36786226089906
8.98103243946044	0.279551051078245	8.43311237934708	9.5289524995738
8.77785644538038	0.24104777488775	8.30540280660039	9.25031008416037
8.65659867302156	0.255918929591442	8.15499757102233	9.15819977502078
8.98318283228191	0.290690338007727	8.41342976978677	9.55293589477706
8.95960250688507	0.272499806352541	8.42550288643409	9.49370212733605
8.82952053899776	0.270661285805962	8.29902441881807	9.36001665917744
8.98198443828224	0.301359569153187	8.39131968274199	9.57264919382248
8.99587174469359	0.293002732952392	8.42158638810691	9.57015710128028
9.03012141309794	0.276580349811375	8.48802392746764	9.57221889872823
9.21250663924791	0.278711715166043	8.66623167752247	9.75878160097336
8.80850731351247	0.321451302261361	8.1784627610802	9.43855186594474
9.0874679290675	0.317743192750596	8.46469127127633	9.71024458685866
8.58060486697717	0.238076482561372	8.11397496115688	9.04723477279746
8.91969898390462	0.257137147073663	8.41571017564024	9.423687792169
8.76247956289568	0.248227284430143	8.2759540854126	9.24900504037876
8.57351232584863	0.303387107488458	7.97887359517125	9.16815105652601
8.91355253502843	0.30089401968863	8.32380025643871	9.50330481361814
9.40203001545083	0.280665062599975	8.85192649275488	9.95213353814678
9.24157286816317	0.332852420407755	8.58918212416397	9.89396361216237
8.94503710565956	0.249409248268161	8.45619497905397	9.43387923226516
8.98848641847236	0.248624652983983	8.50118209862376	9.47579073832097
9.4934912696009	0.29032946192401	8.92444552422984	10.062537014972
9.02662262605262	0.274039954625523	8.4895043149866	9.56374093711865
8.75118342661774	0.261575187352394	8.23849605940704	9.26387079382843
8.9863114661061	0.262689882142388	8.47143929710702	9.50118363510518
9.27137027230873	0.294276235674487	8.69458885038673	9.84815169423072
8.82851315679991	0.287787365407334	8.26444992060154	9.39257639299829
9.62569811912517	0.279876322920272	9.07714052620144	10.1742557120489
8.85404611701051	0.277426543813453	8.31029009113614	9.39780214288487
9.08942157012744	0.256379321256014	8.58691810046566	9.59192503978923
9.05926004640112	0.26252964268092	8.54470194674652	9.57381814605573
8.41846549758243	0.237654934831477	7.95266182531274	8.88426916985213
8.88439026894393	0.280632522311653	8.33435052521309	9.43443001267477
9.29738733326221	0.338230508045361	8.63445553749331	9.96031912903112
9.21185820614184	0.341861102235607	8.54181044576005	9.88190596652363
8.67047408979439	0.261724971803227	8.15749314506007	9.18345503452872
8.95812301966206	0.259288159809659	8.44991822643513	9.46632781288899
9.33090267578928	0.300752457794105	8.74142785851284	9.92037749306573
8.7107291861516	0.268405900762884	8.18465362065634	9.23680475164685
8.5521067908516	0.267066830137887	8.02865580378134	9.07555777792186
9.36260442066421	0.295763540598975	8.78290788109022	9.9423009602382
8.96349458568987	0.248029215795597	8.4773573227305	9.44963184864925
8.78156091096721	0.258033336969103	8.27581557050777	9.28730625142665
9.09572738661424	0.260909435749327	8.58434489254556	9.60710988068292
9.22596916312449	0.284881614331602	8.66760119903455	9.78433712721443
8.74155928314062	0.239498989924003	8.27214126288958	9.21097730339167
8.96321128212925	0.301853584228443	8.37157825704151	9.554844307217
9.02570858274722	0.298384994977017	8.44087399259227	9.61054317290218
9.20992677544306	0.269305501004282	8.68208799347467	9.73776555741145
9.09752281971377	0.306946813287525	8.49590706567022	9.69913857375732
9.24715848575062	0.27537558354028	8.70742234201167	9.78689462948957
9.10506317078839	0.247226717981836	8.62049880354399	9.58962753803279
9.06016550262218	0.331326192443898	8.41076616543214	9.70956483981222
8.68588853134875	0.256535169767676	8.18307959860411	9.1886974640934
9.097618307618	0.287419036596193	8.53427699588946	9.66095961934654
9.15546505193063	0.306620043061492	8.5544897675301	9.75644033633115
9.09806679088297	0.312728088455299	8.48511973751059	9.71101384425536
9.29607313912803	0.368958826517815	8.57291383915311	10.0192324391029
8.94950373908243	0.2752442846253	8.41002494121684	9.48898253694802
8.90035725101044	0.265388542234273	8.38019570823127	9.42051879378961
9.07121036252802	0.29043395406718	8.50195981255634	9.64046091249969
8.82007923914613	0.264614176686851	8.3014354528399	9.33872302545236
8.63446664084507	0.287369414553578	8.07122258832006	9.19771069337008
9.23248257444738	0.282924985097446	8.67794960365638	9.78701554523837
9.02048391169036	0.263879137628663	8.50328080193818	9.53768702144254
9.01087539615328	0.289824249167827	8.44281986778434	9.57893092452222
8.75405140022592	0.259722488012498	8.24499532372142	9.26310747673041
8.5313545125493	0.267576733983338	8.00690411394196	9.05580491115664
9.29785505553553	0.3096500020144	8.69094105158731	9.90476905948375
9.1659946164971	0.298333979458053	8.58126001675932	9.75072921623489
8.77060790838904	0.285245797149987	8.21152614597506	9.32968967080301
8.89557954203184	0.285180761488746	8.33662524951389	9.45453383454978
9.2942963306752	0.269028390645885	8.76700068500927	9.82159197634114
8.97659291984023	0.26047138781023	8.46606899973218	9.48711683994828
9.15369977689445	0.280123104393427	8.60465849228333	9.70274106150556
9.11832386605889	0.272117302302537	8.58497395354591	9.65167377857186
9.28240110075663	0.268393225527977	8.75635037872179	9.80845182279146
9.46138276262557	0.292051882001749	8.88896107390214	10.033804451349
9.11070115143383	0.274532391656292	8.5726176637875	9.64878463908016
9.01002824108695	0.285358889004751	8.45072481863764	9.56933166353626
8.89801278326543	0.286732712536264	8.33601666669435	9.46000889983651
8.73643412792828	0.277389365454852	8.19275097163677	9.28011728421979
9.22542632929499	0.310334455675371	8.61717079617127	9.83368186241872
9.4235688365012	0.288021462903501	8.85904676921034	9.98809090379206
8.78758123332681	0.246569985735643	8.30430406128495	9.27085840536867
9.33023282439892	0.334711364410044	8.67419855015523	9.9862670986426
8.79981724799054	0.298688967156854	8.2143868723631	9.38524762361797
9.50015606419182	0.331822894065332	8.84978319182377	10.1505289365599
8.82518150049542	0.266319577306579	8.30319512897453	9.34716787201632
8.62463389480108	0.234943550516483	8.16414453578877	9.08512325381339
9.28076506055543	0.26130503080676	8.76860720017418	9.79292292093668
8.85805958440686	0.279175327297603	8.31087594290356	9.40524322591016
9.28650410702302	0.300455099774325	8.69761211146534	9.87539610258069
8.88842910795833	0.280295592802531	8.33904974606537	9.43780846985129
8.75005706457312	0.26002860348055	8.24040100175124	9.259713127395
9.06673421479966	0.284783240635909	8.50855906315328	9.62490936644604
9.10944030723914	0.28601334030531	8.54885416024073	9.67002645423755
8.58804956057178	0.269362508662825	8.06009904359264	9.11600007755092
8.84654932778386	0.283300492217074	8.29128036303839	9.40181829252932
8.26426545638634	0.243978665906352	7.78606727120989	8.74246364156279
9.11841635881589	0.289049482392695	8.55187937332621	9.68495334430557
8.85531907709861	0.266330594507025	8.33331111186484	9.37732704233238
8.90114568610397	0.275200382626601	8.36175293615583	9.44053843605211
9.0335984047364	0.246409090250219	8.55063658784597	9.51656022162683
8.99785329614756	0.322910666908091	8.3649483890077	9.63075820328741
8.71736802193601	0.243202875861649	8.24069038524718	9.19404565862484
8.90841603293057	0.271081386166807	8.37709651604363	9.43973554981752
8.89895410509772	0.275900667353697	8.35818879708447	9.43971941311096
8.86122845020862	0.31465258742331	8.24450937885893	9.47794752155831
8.98463269035875	0.25495426841567	8.48492232426403	9.48434305645346
8.92189626236013	0.248944156415352	8.43396571578604	9.40982680893422
9.44150190424039	0.340167534828808	8.77477353597593	10.1082302725049
9.47074856415624	0.312911394056415	8.85744223180567	10.0840548965068
9.11586549544387	0.288722973071952	8.54996846822284	9.68176252266489
9.23651706525138	0.279710917427217	8.68828366709403	9.78475046340872
8.84164633153024	0.265842279159647	8.32059546437733	9.36269719868314
