estFinal_msm11	sdFinal_msm11	X1	X2
8.85638555479506	0.197943983185447	8.46841534775159	9.24435576183854
9.07662732666265	0.21382545298532	8.65752943881142	9.49572521451388
9.16777412628801	0.229520090752156	8.71791474841378	9.61763350416223
8.80006888906279	0.216701924715064	8.37533311662127	9.22480466150432
8.98660343052059	0.207381765412526	8.58013517031204	9.39307169072914
9.0231743345116	0.230581394383531	8.57123480151988	9.47511386750332
8.68175266180955	0.202399979944357	8.28504870111861	9.07845662250049
9.05769715349838	0.189469307428981	8.68633731093758	9.42905699605918
8.76560659474752	0.223271451749353	8.32799454931878	9.20321864017625
8.90846243564915	0.217082733394826	8.48298027819529	9.333944593103
8.92431562298547	0.252962842961565	8.42850845078081	9.42012279519014
9.06310528215916	0.240356004035549	8.59200751424949	9.53420305006884
8.85081561664371	0.219647309298371	8.4203068904189	9.28132434286852
9.34227446735964	0.238150976131048	8.87549855414278	9.80905038057649
9.00903775730578	0.240341834318514	8.53796776204149	9.48010775257007
9.21052814626525	0.228262876841023	8.76313290765685	9.65792338487366
9.2301738068167	0.222610284093158	8.79385764999411	9.66648996363929
8.82908812513692	0.218580920676648	8.40066952061069	9.25750672966315
8.79850977308782	0.211075074793766	8.38480262649204	9.2122169196836
8.86776956041717	0.200413186135584	8.47495971559143	9.26057940524291
8.9283783587897	0.199936707178868	8.53650241271912	9.32025430486028
8.91266520744552	0.219894875555435	8.48167125135687	9.34365916353418
9.03552878835244	0.232990212404603	8.57886797203942	9.49218960466546
8.98589338272985	0.201518140170332	8.590917827996	9.3808689374637
9.05519677383308	0.206604160471525	8.65025261930889	9.46014092835727
8.74624410561791	0.215827961108795	8.32322130184467	9.16926690939115
8.92987297043754	0.230128895763718	8.47882033474065	9.38092560613443
8.82286276167048	0.223676070641043	8.38445766321404	9.26126786012692
8.91253477339245	0.212978852402051	8.49509622268443	9.32997332410047
9.08360233140759	0.212147112206259	8.66779399148333	9.49941067133186
9.00037763862098	0.215903065284646	8.57720763066307	9.42354764657888
8.86067172367969	0.210452282961692	8.44818524907477	9.2731581982846
8.85364820436537	0.20054851437525	8.46057311618988	9.24672329254086
8.74724843448607	0.210248117425212	8.33516212433265	9.15933474463948
9.26264542904752	0.22172139741604	8.82807149011209	9.69721936798296
9.11069135740598	0.228543886720627	8.66274533943355	9.55863737537841
8.90111510553126	0.210711751258234	8.48812007306513	9.3141101379974
8.57831411279302	0.212302131822098	8.1622019344217	8.99442629116433
8.74825107275414	0.20385485591969	8.34869555515155	9.14780659035674
9.02868527947144	0.214687816543568	8.60789715904605	9.44947339989683
8.77913031388626	0.201005816425586	8.38515891369211	9.17310171408041
9.18978108624325	0.228250740487631	8.7424096348875	9.63715253759901
8.66077235801134	0.198007497416291	8.2726776630754	9.04886705294727
8.87089436678807	0.195466131836261	8.487780748389	9.25400798518714
8.85547559568584	0.198902422701332	8.46562684719123	9.24532434418045
9.00012733669369	0.205545346858354	8.59725845685132	9.40299621653606
9.10636234978754	0.232725602895829	8.65022016811172	9.56250453146337
9.22762508207573	0.213389532483546	8.80938159840798	9.64586856574348
9.06798029212741	0.232882628676829	8.61153033992082	9.524430244334
9.02111889352457	0.212651440460785	8.60432207022143	9.43791571682771
9.19138947573053	0.218608342450758	8.76291712452704	9.61986182693402
8.94557655247473	0.220013627781528	8.51434984202293	9.37680326292653
8.58948462451621	0.208661517299099	8.18050805060997	8.99846119842244
9.07414890935797	0.21052365090193	8.66152255359019	9.48677526512576
8.7081847011787	0.214280784815033	8.28819436294124	9.12817503941617
8.80419997782594	0.209782439202361	8.39302639698931	9.21537355866257
9.09115937028226	0.212732906236064	8.67420287405958	9.50811586650495
8.43559699350116	0.2132066958903	8.01771186955617	8.85348211744615
9.00144853914743	0.210568458286449	8.58873436090599	9.41416271738887
9.0485158484559	0.220623674932062	8.61609344558906	9.48093825132274
8.96974827905677	0.209026857015349	8.56005563930668	9.37944091880685
9.15121901282583	0.208278781304876	8.74299260146827	9.55944542418339
9.12653521238005	0.214633547863585	8.70585345856743	9.54721696619268
9.00285752329142	0.208749466944723	8.59370856807976	9.41200647850308
9.00771382420075	0.209791584505038	8.59652231857087	9.41890532983062
8.95609119170017	0.21250792445605	8.53957565976632	9.37260672363403
8.80333755085533	0.190880251320603	8.42921225826695	9.17746284344372
8.98562201133715	0.229660291574808	8.53548783985053	9.43575618282378
9.14634287632067	0.241981777269771	8.67205859287192	9.62062715976942
9.39063886421451	0.258440447438866	8.88409558723434	9.89718214119469
8.86821118930367	0.182400654918726	8.51070590566297	9.22571647294437
8.97792649392809	0.211582220699333	8.5632253413574	9.39262764649879
8.92839157640298	0.229547323788123	8.47847882177826	9.3783043310277
8.99324944604672	0.232716690821975	8.53712473203565	9.44937416005779
8.65436659566923	0.209131235071927	8.24446937492825	9.06426381641021
9.16556446720385	0.219231881088463	8.73586998027046	9.59525895413724
8.74298656663386	0.206799819335537	8.33765892073621	9.14831421253152
9.18978751845585	0.212752599219125	8.77279242398636	9.60678261292533
9.27050337465213	0.22580720591265	8.82792125106334	9.71308549824093
8.54044083677229	0.193079887358241	8.16200425755014	8.91887741599444
9.00924117001788	0.216779958379056	8.58435245159493	9.43412988844083
8.92818838431428	0.204172880504664	8.52800953852513	9.32836723010342
9.03544208650406	0.225899187961122	8.59267967810026	9.47820449490786
8.8692488063846	0.233063891386195	8.41244357926765	9.32605403350154
9.07068828200591	0.233454367564929	8.61311772157865	9.52825884243317
9.0320314569742	0.217713542407877	8.60531291385476	9.45875000009364
9.16996051759141	0.226105738035376	8.72679327104208	9.61312776414075
9.05454994304685	0.208501802710655	8.64588640973397	9.46321347635974
9.11401000419387	0.22098230655575	8.6808846833446	9.54713532504314
9.65484048136651	0.240107511877445	9.18422975808672	10.1254512046463
8.87566162860729	0.192576645597974	8.49821140323527	9.25311185397932
9.26211354234502	0.243241647853515	8.78535991255213	9.73886717213791
8.67677148349263	0.200060775709557	8.2846523631019	9.06889060388336
8.88797062969827	0.204565206479802	8.48702282499786	9.28891843439868
8.80565221354787	0.230212518204668	8.35443567786672	9.25686874922902
8.82607357025818	0.214071804989765	8.40649283247825	9.24565430803812
8.69168177023151	0.202879911182622	8.29403714431357	9.08932639614945
8.68237278250618	0.195663730078316	8.29887187155268	9.06587369345968
9.04527352522651	0.226978306598242	8.60039604429396	9.49015100615907
9.24448126360087	0.24614647034617	8.76203418172238	9.72692834547937
9.09549703204719	0.231609907872983	8.64154161261614	9.54945245147823
8.97003865793596	0.224804118245626	8.52942258617453	9.41065472969739
8.58334864920681	0.205060746377383	8.18142958630714	8.98526771210648
8.79903523764724	0.205868251776076	8.39553346416612	9.20253701112835
9.36449977429704	0.215189928887324	8.94272751367788	9.78627203491619
8.95640879022768	0.257244585744696	8.45220940216808	9.46060817828729
8.96347836077532	0.229734051018755	8.51319962077856	9.41375710077208
8.88051959633368	0.212897969337135	8.4632395764329	9.29779961623447
8.89250385139017	0.207157597971799	8.48647495936544	9.29853274341489
9.30231940058145	0.218402982955487	8.8742495539887	9.73038924717421
9.2527278812049	0.242142659127902	8.77812826931421	9.72732749309559
9.08137855964634	0.20437228107516	8.68080888873903	9.48194823055365
8.78894895177306	0.217781866150557	8.36209649411797	9.21580140942815
9.05301087242694	0.210860181342201	8.63972491699623	9.46629682785766
9.27108579964282	0.228643422291204	8.82294469195206	9.71922690733357
9.06074722972723	0.228946164142717	8.6120127480075	9.50948171144695
9.14096807388454	0.218003835685534	8.71368055594089	9.56825559182819
8.99685158624724	0.204640378272858	8.59575644483244	9.39794672766204
8.87142310695678	0.200256901311846	8.47891958038556	9.26392663352799
8.91105901262763	0.188869755538308	8.54087429177255	9.28124373348272
9.21691163790274	0.251513044866707	8.723946069964	9.70987720584149
9.11781457241175	0.235580696367349	8.65607640753174	9.57955273729175
9.19427312347926	0.206434593936674	8.78966131936338	9.59888492759514
8.93475801062312	0.238946131459837	8.46642359296184	9.4030924282844
8.95078036981768	0.198752665546712	8.56122514534613	9.34033559428924
9.14445683255144	0.214133229568401	8.72475570259738	9.56415796250551
9.07065332576253	0.216567343977841	8.64618133156596	9.4951253199591
8.71608754148979	0.223468870097912	8.27808855609788	9.1540865268817
9.23664019576883	0.229538142445735	8.78674543657519	9.68653495496248
9.07146491101706	0.245189811892532	8.5908928797077	9.55203694232643
9.22969718627265	0.229643678201878	8.77959557699697	9.67979879554833
8.87977316533344	0.221647538351066	8.44534399016536	9.31420234050153
9.16369444086486	0.228598776781947	8.71564083837225	9.61174804335748
8.75017116187006	0.203154920217003	8.35198751824474	9.14835480549539
9.2423223704778	0.233959770270937	8.78376122074676	9.70088352020884
8.96234693611533	0.217177667911487	8.53667870700882	9.38801516522185
9.10814570162935	0.210104346282393	8.69634118291586	9.51995022034284
8.67979579091901	0.180835295581939	8.32535861157841	9.03423297025961
9.0311988726052	0.213228093961903	8.61327180843987	9.44912593677053
8.5837202997147	0.198586924115101	8.1944899284491	8.9729506709803
8.92434128513792	0.22023053611842	8.49268943434581	9.35599313593002
8.84434355550152	0.220020307465593	8.41310375286896	9.27558335813409
9.04146531666697	0.219873769465023	8.61051272851553	9.47241790481842
8.66811625243078	0.206436348615563	8.26350100914428	9.07273149571728
9.07960003463139	0.226257890124114	8.63613456998813	9.52306549927465
8.96930337713645	0.211910879365183	8.5539580535807	9.38464870069221
9.19006100574262	0.222120975552549	8.75470389365963	9.62541811782562
8.40678138367594	0.200456745203298	8.01388616307747	8.7996766042744
9.47632528269988	0.234232996260946	9.01722861002842	9.93542195537133
9.0823055789933	0.234258321199826	8.62315926944165	9.54145188854496
9.48965104599587	0.223895486549783	9.05081589235829	9.92848619963344
8.75618413418759	0.213770161068328	8.33719461849366	9.17517364988151
8.72872396108511	0.218260592304314	8.30093320016866	9.15651472200157
9.07088707690209	0.255005355455189	8.57107658020992	9.57069757359427
9.13102481956851	0.21420082993811	8.71119119288981	9.5508584462472
8.86012430289204	0.208297805356621	8.45186060439307	9.26838800139102
9.10578117572177	0.231028630710999	8.65296505952821	9.55859729191532
8.90642746902909	0.234585239743517	8.4466403991318	9.36621453892639
8.59944473969379	0.226540050104636	8.15542624148871	9.04346323789888
8.96779715772577	0.206628232301345	8.56280582241513	9.3727884930364
9.09391486545608	0.231318617809952	8.64053037454857	9.54729935636358
9.20275445728164	0.217635040869534	8.77618977717735	9.62931913738593
8.70408830109572	0.215067651801068	8.28255570356562	9.12562089862581
8.96494135303988	0.232932966235107	8.50839273921907	9.42148996686069
9.18331942398589	0.223813540873154	8.74464488387451	9.62199396409727
9.02679895793969	0.239598475889377	8.55718594519652	9.49641197068287
9.19631814829327	0.226941736575122	8.75151234460604	9.64112395198051
9.15061281664034	0.21167068038386	8.73573828308798	9.56548735019271
9.04184481211557	0.209466976284238	8.63128953859847	9.45240008563268
8.88311731969348	0.208782126371771	8.4739043520048	9.29233028738215
8.91566602351379	0.21847831659109	8.48744852299525	9.34388352403233
8.79643870004086	0.214500137450039	8.37601843063878	9.21685896944293
8.67179362843679	0.208146235063293	8.26382700771274	9.07976024916085
9.03833904868261	0.222040466517442	8.60313973430842	9.47353836305679
9.08810904021204	0.201174912815692	8.69380621109328	9.48241186933079
8.95680122454968	0.210948359102013	8.54334244070974	9.37026000838963
8.84753840160439	0.214796030065947	8.42653818267513	9.26853862053364
8.84700595948132	0.206913591661178	8.44145531982541	9.25255659913723
9.09471035150307	0.236812886179462	8.63055709459132	9.55886360841481
9.05647029315305	0.212420522005817	8.64012607002165	9.47281451628445
8.97904129569859	0.212336214023729	8.56286231621209	9.3952202751851
9.10263781671686	0.231507916265882	8.64888230083573	9.55639333259799
9.17886372541128	0.23242709981984	8.72330660976439	9.63442084105816
8.72457075978764	0.232133716084593	8.26958867626183	9.17955284331344
8.93447160522609	0.207972435713612	8.52684563122741	9.34209757922477
8.79602875852125	0.192710653367349	8.41831587792125	9.17374163912126
8.95405634697537	0.243207455659848	8.47736973388207	9.43074296006868
9.06142893277253	0.218225109886096	8.63370771739578	9.48915014814928
8.5583448441962	0.220708794193412	8.12575560757711	8.99093408081528
9.00287202294913	0.214475230674484	8.58250057082714	9.42324347507112
9.19263104643989	0.204551324280165	8.79171045085077	9.59355164202901
9.15102808024718	0.223328310817618	8.71330459104465	9.58875156944971
8.79072981176771	0.234501622681577	8.33110663131182	9.2503529922236
8.85642142170036	0.210981476149503	8.44289772844734	9.26994511495339
8.62398703099309	0.200699154609189	8.23061668795908	9.0173573740271
9.37538510568715	0.238653264317598	8.90762470762466	9.84314550374964
8.99764266676653	0.221736806912371	8.56303852521829	9.43224680831478
9.14312234207487	0.202293085656554	8.74662789418803	9.53961678996172
9.29852025323877	0.238662068732992	8.8307425985221	9.76629790795543
9.28824809181076	0.222674550218112	8.85180597338326	9.72469021023826
9.08349462016787	0.23165577535801	8.62944930046617	9.53753993986957
8.96015711709304	0.215802072706344	8.53718505458861	9.38312917959748
8.8741970460561	0.214165767904629	8.45443214096303	9.29396195114917
9.55426879176899	0.212202483232033	9.1383519246342	9.97018565890377
9.28521468497158	0.208915328383926	8.87574064133909	9.69468872860408
8.94495001518015	0.234606342518756	8.48512158384339	9.40477844651691
8.66749721924636	0.212072193038179	8.25183572089153	9.0831587176012
8.78317989302825	0.204902930333636	8.38157014957432	9.18478963648217
8.9585397437499	0.237022306921515	8.49397602218373	9.42310346531607
9.52555402764297	0.221572081866447	9.09127274718473	9.95983530810121
8.84779235635243	0.203376509468296	8.44917439779457	9.24641031491029
8.90971503239169	0.234126924156832	8.4508262610443	9.36860380373908
9.24813294459293	0.216264033005131	8.82425543990288	9.67201044928299
8.66169339530987	0.220584687997577	8.22934740683462	9.09403938378512
8.64252131169326	0.198152075828074	8.25414324307023	9.03089938031628
8.95333961521731	0.22994698287289	8.50264352878645	9.40403570164818
8.96232064180833	0.217313134933891	8.53638689733791	9.38825438627876
9.05279201670996	0.205796470683725	8.64943093416986	9.45615309925006
8.93314109687186	0.210592927274045	8.52037895941473	9.34590323432899
8.98558825411041	0.209824071902838	8.57433307318085	9.39684343503998
8.83175846943805	0.205649773682995	8.42868491301938	9.23483202585672
9.02179162784541	0.235273895155295	8.56065479334103	9.48292846234979
8.68015456306886	0.207550953701945	8.27335469381305	9.08695443232468
8.94860326903502	0.208460717407346	8.54002026291662	9.35718627515342
9.38952496974915	0.217193548784625	8.96382561413128	9.81522432536701
9.33513989979597	0.21894571911059	8.90600629033921	9.76427350925272
8.41159169165988	0.199558403539992	8.0204572207215	8.80272616259827
9.05780249320001	0.227380195640229	8.61213730974516	9.50346767665486
8.79725280006285	0.217167298656777	8.37160489469557	9.22290070543013
9.01748119938609	0.224729365437696	8.5770116431282	9.45795075564397
8.95485066323663	0.204408490523293	8.55421002181097	9.35549130466228
8.65738032064066	0.204963257645939	8.25565233565462	9.0591083056267
8.96721893596288	0.233711974283183	8.50914346636784	9.42529440555792
8.78252014482359	0.234236609255778	8.32341639068226	9.24162389896492
8.7606071454847	0.215981571669144	8.33728326501318	9.18393102595622
8.6516327496043	0.213654134156679	8.23287064665721	9.07039485255139
9.11480058400473	0.215985002086214	8.69146997991575	9.53813118809371
8.92661854548789	0.229962292392731	8.47589245239814	9.37734463857764
8.79765085824221	0.216753735926622	8.37281353582603	9.22248818065839
8.71403012047352	0.21223698507608	8.2980456297244	9.13001461122264
9.01692989356478	0.221693959633917	8.5824097326823	9.45145005444725
9.31486174548888	0.217940863340996	8.88769765334052	9.74202583763723
8.71928102021543	0.204754883090162	8.31796144935872	9.12060059107215
8.99301012798857	0.213115792310512	8.57530317505997	9.41071708091718
8.87297577393982	0.242619803781302	8.39744095852847	9.34851058935117
8.94114117593848	0.226806379262916	8.49660067258316	9.3856816792938
9.16423924183525	0.241741487728312	8.69042592588776	9.63805255778274
9.03010619631697	0.228163811150944	8.58290512646112	9.47730726617282
9.04574890394562	0.231339459179957	8.5923235639529	9.49917424393833
9.21926737711537	0.245523773811534	8.73804078044476	9.70049397378597
9.10377677871997	0.20960185525666	8.69295714241692	9.51459641502303
9.23638129724742	0.223780566975443	8.79777138597555	9.67499120851929
9.05995980079826	0.221714935532495	8.62539852715457	9.49452107444194
8.89223037531273	0.216438677300997	8.46801056780277	9.31645018282268
9.02429764545187	0.224098225751447	8.58506512297903	9.4635301679247
8.94793194815558	0.241539013861924	8.47451548098621	9.42134841532496
8.74155810728528	0.217881991945063	8.31450940307296	9.1686068114976
8.9808277354133	0.235521164929858	8.51920625215078	9.44244921867582
9.11854498766546	0.219970316413563	8.68740316749488	9.54968680783604
9.12112402734955	0.226410799463784	8.67735886040053	9.56488919429857
9.22115925458658	0.230284882184879	8.76980088550421	9.67251762366894
8.91963533564616	0.208073871013893	8.51181054845893	9.32746012283339
8.81222496006409	0.220699682823711	8.37965358172961	9.24479633839856
8.76676110790326	0.210599754791766	8.3539855885114	9.17953662729512
8.96123758557641	0.219724649223927	8.53057727309752	9.39189789805531
9.07181337780536	0.213966279424629	8.65243947013309	9.49118728547763
8.91680304844683	0.212601366652061	8.5001043698088	9.33350172708487
9.27109345943722	0.232122933356378	8.81613251005872	9.72605440881572
8.81292490891008	0.223123293677117	8.37560325330294	9.25024656451723
8.84756842572471	0.217597857163966	8.42107662568333	9.27406022576608
9.08307998266751	0.219104849454593	8.65363447773651	9.51252548759851
8.96532105341418	0.222762130201282	8.52870727821966	9.40193482860869
8.88390811165473	0.208373119045468	8.47549679832562	9.29231942498385
9.07250691470278	0.237321233102461	8.60735729782196	9.5376565315836
8.88507434122161	0.200018522512113	8.49303803709786	9.27711064534535
8.95815847727213	0.22593520330423	8.51532547879584	9.40099147574842
8.85530355767976	0.217471088743204	8.42906022374308	9.28154689161644
8.92219240415767	0.240308895910343	8.4511869681734	9.39319784014194
8.88802262764153	0.212175349774832	8.47215894208286	9.3038863132002
9.03361900586506	0.208909466917001	8.62415645070774	9.44308156102238
8.95132243772082	0.216531716140875	8.5269202740847	9.37572460135693
8.74752178266043	0.213699916426991	8.32866994646353	9.16637361885733
9.07242764253842	0.238153071259634	8.60564762286954	9.53920766220731
8.975125069961	0.227407837610292	8.52940570824483	9.42084443167718
8.89425733285926	0.201435442747214	8.49944386507472	9.2890708006438
8.99424385272934	0.215228713029037	8.57239557519243	9.41609213026626
9.02993439737333	0.212758504556636	8.61292772844232	9.44694106630434
8.97195684215767	0.206824217193641	8.56658137645813	9.37733230785721
8.82130510352788	0.201670993046149	8.42602995715743	9.21658024989833
8.88209883403939	0.210252153719018	8.47000461275011	9.29419305532866
8.79879577754093	0.214724784934646	8.37793519906903	9.21965635601284
8.81192068692472	0.218563046434726	8.38353711591265	9.24030425793678
8.83592981433642	0.202489413917705	8.43905056305772	9.23280906561512
9.01143836282337	0.208162565452885	8.60343973453572	9.41943699111103
8.8818017274211	0.201370375889943	8.48711579067681	9.27648766416539
9.14175520304741	0.212213718526907	8.72581631473467	9.55769409136015
9.35443270249001	0.22318716807919	8.9169858530548	9.79187955192522
9.31411786804734	0.223489947089456	8.87607757175201	9.75215816434267
8.74048114530555	0.210262939841939	8.32836578321535	9.15259650739575
9.2598989137755	0.218727492402927	8.83119302866576	9.68860479888524
9.27544020334856	0.218096212766555	8.84797162632611	9.702908780371
9.05806574729319	0.192903158484097	8.67997555666436	9.43615593792202
9.13754713729225	0.202408988155235	8.74082552050799	9.53426875407651
9.01397359676217	0.210823462814068	8.60075960964659	9.42718758387774
8.66181497360668	0.212942254486839	8.24444815481247	9.07918179240088
9.01838235537959	0.218104184566005	8.59089815363023	9.44586655712896
8.89108228069603	0.201944077699695	8.49527188840463	9.28689267298743
9.24143440724809	0.227405187896412	8.79572023897112	9.68714857552506
8.90173180444777	0.211543608275341	8.4871063322281	9.31635727666743
9.25957684688593	0.235549824058357	8.79789919173155	9.72125450204031
9.2202352157947	0.217042143409776	8.79483261471154	9.64563781687786
8.99095629775128	0.233151287796919	8.53397977366932	9.44793282183324
9.42528953644065	0.216718919020015	9.00052045516142	9.85005861771988
9.1410473669354	0.23865639200898	8.6732808385978	9.608813895273
9.0801782901088	0.195908777652957	8.696197085909	9.46415949430859
9.03556808735044	0.216155889436212	8.61190254405546	9.45923363064542
8.83643114168379	0.218591923344111	8.40799097192933	9.26487131143825
9.00871262706913	0.224591317900743	8.56851364398368	9.44891161015459
9.125177322449	0.237934550451027	8.65882560356499	9.59152904133301
9.14180009612071	0.216669022311636	8.71712881238991	9.56647137985152
8.75575092945929	0.200892924994078	8.3620007964709	9.14950106244769
8.92102245760555	0.212206897065881	8.50509693935642	9.33694797585467
9.21201492439687	0.213967558340169	8.79263851005014	9.6313913387436
8.89515006006782	0.23547189344111	8.43362514892325	9.3566749712124
9.04775513624425	0.187013813130236	8.68120806250898	9.41430220997951
9.03630244634972	0.204752539129567	8.63498746965577	9.43761742304367
9.07907146599699	0.212563839806095	8.66244633997704	9.49569659201694
8.7827929490888	0.222972623537018	8.34576660695625	9.21981929122136
8.82188205385092	0.216012181490411	8.39849817812971	9.24526592957212
9.08334188021447	0.204262201970645	8.682987964352	9.48369579607693
8.90104896913753	0.216697755661916	8.47632136804017	9.32577657023488
9.11571552851388	0.204076206591047	8.71572616359543	9.51570489343233
9.16901990146568	0.200232582843343	8.77656403909273	9.56147576383864
8.77147252015769	0.191160306460384	8.39679831949534	9.14614672082005
8.90079987737656	0.220357957972513	8.46889827975044	9.33270147500269
8.81667068280989	0.210497762651705	8.40409506801254	9.22924629760723
8.79995465913887	0.189534569511202	8.42846690289692	9.17144241538083
8.85354810937086	0.240567730572522	8.38203535744872	9.325060861293
8.96268722953459	0.210513405418484	8.55008095491436	9.37529350415482
8.85194308161893	0.235848399934036	8.38968021774822	9.31420594548964
9.02675251985255	0.202574053777248	8.62970737444915	9.42379766525596
8.87606568637737	0.221923160727084	8.44109629135228	9.31103508140245
8.66931994344005	0.2100835680281	8.25755615010497	9.08108373677513
9.09822189791442	0.22293040408664	8.6612783059046	9.53516548992423
9.12034817098345	0.216480991113549	8.69604542840089	9.544650913566
8.63960388081655	0.217953435152197	8.21241514791825	9.06679261371486
9.27021299287002	0.228324440015077	8.82269709044047	9.71772889529957
9.29513531408723	0.206095967802552	8.89118721719422	9.69908341098023
9.21847772135892	0.220599252346472	8.78610318675983	9.650852255958
8.5424951252023	0.220751355337679	8.10982246874044	8.97516778166415
9.01340391619454	0.241416440744431	8.54022769233545	9.48658014005363
8.90425197938796	0.23215490882305	8.44922835809478	9.35927560068114
9.16311464743563	0.223001043814833	8.72603260155855	9.6001966933127
8.8490337805042	0.193363562807835	8.47004119740085	9.22802636360756
8.58970532500892	0.186283126445034	8.22459039717665	8.95482025284118
8.86431686493301	0.214966987995853	8.44298156846114	9.28565216140488
8.78791401571748	0.212175667990742	8.37204970645562	9.20377832497933
9.04436965066357	0.215651572902252	8.62169256777516	9.46704673355199
9.06984818523233	0.226556460657704	8.62579752234323	9.51389884812144
9.30453973577616	0.225105101702126	8.86333373643999	9.74574573511232
8.85858061341302	0.204604043570303	8.45755668801523	9.25960453881081
9.02723280708677	0.21605083444654	8.60377317157155	9.45069244260199
9.07902208542308	0.218588304288837	8.65058900901696	9.5074551618292
9.29725120763904	0.247858039028638	8.81144945114291	9.78305296413517
8.94945239720968	0.204563611087859	8.54850771947747	9.35039707494188
8.81208775770421	0.217345762715698	8.38609006278144	9.23808545262697
8.8244371556771	0.208375665902131	8.41602085050892	9.23285346084527
8.93020757096599	0.207998965015385	8.52252959953583	9.33788554239614
8.91218509433259	0.218442849758888	8.48403710880517	9.34033307986001
9.16438586381012	0.22355201729664	8.7262239099087	9.60254781771154
8.70746104696316	0.21399377428084	8.28803324937271	9.1268888445536
9.14564442488359	0.227381173601489	8.69997732462467	9.59131152514251
9.14924118809346	0.212481832976425	8.73277679545967	9.56570558072725
8.81731511231933	0.202673642243758	8.42007477352156	9.21455545111709
8.73725743803555	0.200339633516606	8.344591756343	9.1299231197281
9.12696989918336	0.231642043770346	8.67295149339348	9.58098830497324
9.3058780177992	0.250898607194744	8.81411674769751	9.7976392879009
9.2281158077122	0.203980578865578	8.82831387313566	9.62791774228873
8.8141828233599	0.218539906375858	8.38584460686322	9.24252103985659
9.0131462610045	0.218106178445322	8.58565815125166	9.44063437075733
9.33225174278722	0.216852392305862	8.90722105386773	9.75728243170671
8.92044290359648	0.210431750184285	8.50799667323528	9.33288913395768
8.8180285717658	0.22349623769765	8.3799759458784	9.25608119765319
8.99957342064935	0.229996457600961	8.54878036375146	9.45036647754723
9.46899385591882	0.2285454669117	9.02104474077189	9.91694297106576
9.18752026108891	0.251320506958855	8.69493206744955	9.68010845472827
9.04078704326655	0.21442522762937	8.62051359711299	9.46106048942012
9.11352751139544	0.200368942398844	8.72080438429371	9.50625063849717
8.88773920697664	0.209470367123123	8.47717728741532	9.29830112653796
8.87020500644501	0.231189486210041	8.41707361347333	9.32333639941669
9.19626663722494	0.21489892824938	8.77506473785616	9.61746853659373
9.08340017525581	0.240167135171889	8.61267259031891	9.55412776019272
8.87098212905907	0.224341505212625	8.43127277884233	9.31069147927582
9.0523686214046	0.230483280004651	8.60062139259549	9.50411585021372
9.04400231149958	0.216101064799011	8.62044422449352	9.46756039850564
8.90945209191104	0.203400961999566	8.51078620639189	9.30811797743018
9.06627679337252	0.21955243033789	8.63595402991026	9.49659955683479
9.11148577109067	0.238538615393234	8.64395008491993	9.57902145726141
9.10652770779562	0.211489459192826	8.69200836777768	9.52104704781356
8.90920032147665	0.218288702628203	8.48135446432537	9.33704617862792
8.94929133384544	0.215306722476328	8.52729015779184	9.37129250989905
8.91645396446825	0.21919334893012	8.48683500056521	9.34607292837129
9.11977800077017	0.215121253229115	8.69814034444111	9.54141565709923
8.63878750927892	0.192756552953452	8.26098466549016	9.01659035306768
9.02280625551891	0.219172524284604	8.59322810792109	9.45238440311673
9.01177054829944	0.211189514438462	8.59783910000005	9.42570199659882
9.56278678157016	0.241658784567685	9.08913556381749	10.0364379993228
8.98092877632362	0.211798031213519	8.56580463514512	9.39605291750212
9.02898234338719	0.218668848763509	8.60039139981071	9.45757328696367
8.94310925613921	0.217990461232526	8.51584795212346	9.37037056015497
8.94046286370549	0.217332752774516	8.51449066826744	9.36643505914354
9.21394298794817	0.232007119254457	8.75920903420943	9.6686769416869
8.91688727736789	0.220684888641775	8.48434489563001	9.34942965910578
8.78704055222276	0.226526761504855	8.34304809967324	9.23103300477227
8.92784003174343	0.216979130288786	8.50256093637741	9.35311912710945
8.7713053793933	0.220091226212746	8.33992657601631	9.20268418277028
9.00268522030149	0.221549141907271	8.56844890216323	9.43692153843974
8.76738091142709	0.21501858963261	8.34594447574717	9.188817347107
9.31734866791425	0.22388001075978	8.87854384682508	9.75615348900341
9.11860373970508	0.231347001028026	8.66516361769015	9.57204386172002
9.10281896595997	0.204833389294793	8.70134552294217	9.50429240897776
8.97869040881853	0.218100541900768	8.55121334669302	9.40616747094403
9.24001923045289	0.223179920796778	8.80258658569121	9.67745187521458
9.00131472106862	0.221458367929622	8.56725631992656	9.43537312221068
8.83063073639002	0.228523785835133	8.38272411615316	9.27853735662688
8.90692470063383	0.233393908838413	8.44947263931054	9.36437676195712
8.96548302152643	0.230039450489101	8.5146056985678	9.41636034448507
9.45338058182572	0.251180445265064	8.9610669091062	9.94569425454524
9.01991943498947	0.202434562723065	8.62314769205226	9.41669117792667
9.14547192650712	0.218984329641376	8.71626264041002	9.57468121260422
9.03540278480852	0.225741357528367	8.59294972405292	9.47785584556412
9.00104129287125	0.224230076791813	8.5615503423593	9.44053224338321
8.94354712389177	0.210463383667932	8.53103889190263	9.35605535588092
8.98501264482269	0.221188462687099	8.55148325795598	9.41854203168941
9.16241064916682	0.213064348671126	8.74480452577142	9.58001677256223
9.21936174951935	0.208574989174914	8.81055477073652	9.62816872830219
9.03240764077788	0.214439873862172	8.61210548800802	9.45270979354774
9.0596766464444	0.210430347649297	8.64723316505178	9.47212012783702
8.88959724652836	0.216459977865537	8.46533568991191	9.31385880314481
9.23155740496826	0.248280438304136	8.74492774589216	9.71818706404437
9.00778108273998	0.207790425467835	8.60051184882302	9.41505031665694
9.27819428145605	0.23292804683689	8.82165530965575	9.73473325325636
9.00551387715649	0.242957404522347	8.52931736429269	9.48171039002029
9.16540906223542	0.202634686376801	8.76824507693689	9.56257304753395
9.03161922832905	0.226765269198325	8.58715930070034	9.47607915595777
8.96630762642478	0.233985438672743	8.5076961666262	9.42491908622335
9.26879893136464	0.209854572938245	8.85748396840568	9.6801138943236
8.72172447422613	0.2121639423492	8.3058831472217	9.13756580123056
8.85337634513848	0.203113905950882	8.45527308947475	9.25147960080221
8.71127350296167	0.200636348182799	8.31802626052338	9.10452074539995
9.10384394659559	0.219792042441317	8.6730515434106	9.53463634978057
8.71574302235808	0.208883419137113	8.30633152084933	9.12515452386682
9.0720860016497	0.227643608561597	8.62590452886897	9.51826747443043
8.81969388386141	0.201443045637313	8.42486551441228	9.21452225331054
8.74745517835429	0.207886864786812	8.33999692337214	9.15491343333644
9.18730645922767	0.219950011096391	8.75620443747874	9.61840848097659
9.04483354475817	0.228788750167088	8.59640759443067	9.49325949508566
8.62120322733643	0.179863450431708	8.26867086449028	8.97373559018258
8.92865514084467	0.225543377619317	8.48659012071081	9.37072016097853
8.67459257773264	0.204640975437549	8.27349626587505	9.07568888959024
8.86121212913005	0.211026897241325	8.44759941053706	9.27482484772305
8.67884046114347	0.229274917841496	8.22946162217414	9.12821930011281
8.85931831502091	0.21296591440165	8.44190512279368	9.27673150724815
8.93412384407952	0.219401939279069	8.50409604309255	9.3641516450665
8.52798604018784	0.205253421758492	8.12568933354119	8.93028274683448
9.05104801715596	0.224758785077819	8.61052079840343	9.49157523590848
9.11166746671831	0.22917911262085	8.66247640598144	9.56085852745517
9.11921404408284	0.21267149263929	8.70237791850983	9.53605016965585
9.12632760887982	0.219656801424908	8.695800278087	9.55685493967264
8.9936888391427	0.206872126620756	8.58821947096602	9.39915820731938
9.20075908989253	0.233399231374059	8.74329659639937	9.65822158338568
9.19726905704194	0.214593633597077	8.77666553519166	9.61787257889221
8.87379070595076	0.202015020016578	8.47784126671826	9.26974014518325
8.9261647716917	0.207117701196026	8.52021407734748	9.33211546603591
8.78218465213325	0.204416658672865	8.38152800113444	9.18284130313207
8.71376972078627	0.224576948373912	8.2735989019734	9.15394053959914
9.0396274701572	0.209838996783209	8.62834303646211	9.45091190385229
9.19682400653195	0.212890103772237	8.77955940313837	9.61408860992554
8.83872494355798	0.213262847323506	8.4207297628039	9.25672012431205
8.86559688683308	0.207238085347299	8.45941023955237	9.27178353411379
8.7968476815866	0.221086648056851	8.36351785139517	9.23017751177803
9.16654436722075	0.198460036428972	8.77756269581997	9.55552603862154
9.25669704123719	0.223149725523813	8.81932357921051	9.69407050326386
9.29585934712915	0.237528445053019	8.83030359482523	9.76141509943307
8.65893114351913	0.205875439277225	8.25541528253576	9.06244700450249
9.1274177336575	0.21570860295936	8.70462887185715	9.55020659545784
8.96505042454574	0.223145503143922	8.52768523838365	9.40241561070782
8.9024013859353	0.192610510023264	8.52488478628971	9.2799179855809
8.99371473658751	0.214285091379148	8.57371595748438	9.41371351569064
9.16509188508935	0.244986045024246	8.68491923684183	9.64526453333687
9.05770345192098	0.220157789431147	8.62619418463593	9.48921271920603
9.03442119350182	0.216884376707388	8.60932781515534	9.4595145718483
8.73372182825026	0.218534854447934	8.30539351353231	9.16205014296821
8.85893765632056	0.203199808412728	8.46066603183161	9.2572092808095
8.81560471350035	0.218235832352976	8.38786248208851	9.24334694491218
9.10784210804763	0.227347152316894	8.66224168950652	9.55344252658875
8.82736523216201	0.212478066409267	8.41090822199985	9.24382224232417
8.69934957227909	0.206441440444682	8.29472434900751	9.10397479555067
9.11012917747283	0.241292413389798	8.63719604722882	9.58306230771683
9.04695746701542	0.205575961498326	8.6440285824787	9.44988635155213
9.31573946292924	0.213025917914057	8.89820866381769	9.7332702620408
8.96336763222435	0.206307657654468	8.55900462322159	9.36773064122711
9.20027147654522	0.235298997654168	8.73908544114305	9.66145751194739
9.07360214915341	0.235749816809028	8.61153250820772	9.53567179009911
8.92893495610893	0.208984199658573	8.51932592477813	9.33854398743974
8.81593505606096	0.19372055292632	8.43624277232538	9.19562733979655
8.92485295955957	0.197451343993644	8.53784832533203	9.31185759378712
9.00033505963455	0.202942271958784	8.60256820659533	9.39810191267377
8.97825104297061	0.244294224375494	8.49943436319464	9.45706772274658
9.34928676854648	0.260122251831289	8.83944715495716	9.85912638213581
9.02128876891626	0.213793353541293	8.60225379597533	9.4403237418572
9.47381175429822	0.216539613413038	9.04939411200867	9.89822939658778
9.16618330135036	0.214165810337464	8.74641831308893	9.58594828961179
9.06708388482814	0.216754071543318	8.64224590460324	9.49192186505304
9.02503256045051	0.225814151067375	8.58243682435845	9.46762829654256
8.87674643902744	0.201082198206936	8.48262533054185	9.27086754751303
8.81633891933197	0.196546314021735	8.43110814384937	9.20156969481457
9.05616133697783	0.213725831264088	8.63725870770021	9.47506396625544
8.92021371889606	0.199433748846136	8.52932357115763	9.31110386663448
8.61668368288557	0.225785180176492	8.17414472973964	9.05922263603149
9.29691021847992	0.26960697054347	8.76848055621472	9.82533988074512
9.07656689392729	0.199711475385892	8.68513240217094	9.46800138568364
8.96067618984093	0.21666380519692	8.53601513165497	9.38533724802689
9.34768821560209	0.220676104787707	8.91516305021818	9.78021338098599
9.22357573251767	0.232176433564723	8.76850992273081	9.67864154230453
9.20826751042955	0.201489120295961	8.81334883464946	9.60318618620963
8.817977579795	0.206763330327457	8.41272145235319	9.22323370723682
9.0571814957035	0.212255661692891	8.64116039878543	9.47320259262156
9.0776952273243	0.222253958775475	8.64207746812437	9.51331298652423
8.8689413041991	0.214243051971532	8.4490249223349	9.2888576860633
9.01029439143529	0.227350431210213	8.56468754626328	9.45590123660731
8.74604479927682	0.199585721522888	8.35485678509196	9.13723281346168
8.69630642604312	0.205316910911587	8.29388528065641	9.09872757142984
9.09064794058018	0.222501153874114	8.65454567898692	9.52675020217345
8.80580602949583	0.228444421267807	8.35805496381093	9.25355709518073
8.76593747793169	0.20600909193819	8.36215965773284	9.16971529813055
8.81697722186244	0.197718878348552	8.42944822029927	9.2045062234256
8.89247204602955	0.210906260085685	8.47909577626161	9.3058483157975
9.38080173196036	0.232418989604304	8.92526051233592	9.83634295158479
9.09905077993671	0.235439661118234	8.63758904414497	9.56051251572845
9.086304604461	0.206951845628877	8.6806789870284	9.4919302218936
9.4285374395083	0.264132638487563	8.91083746807268	9.94623741094392
9.06894294442767	0.207828777152615	8.66159854120855	9.4762873476468
9.12951554527811	0.238291596571757	8.66246401599747	9.59656707455875
8.77631744946385	0.205243763307413	8.37403967338132	9.17859522554638
9.64095859648939	0.243381255362276	9.16393133597933	10.1179858569994
8.81099861300206	0.216310934454001	8.38702918147222	9.23496804453191
9.06870079367026	0.242275922834375	8.59383998491489	9.54356160242564
9.1592072630254	0.231922870775904	8.70463843630463	9.61377608974617
9.38144457719895	0.218099936190455	8.95396870226566	9.80892045213225
9.15876903862945	0.237223246693905	8.6938114751094	9.62372660214951
8.72142778314339	0.211553157106162	8.30678359521531	9.13607197107147
9.23387086462284	0.237225225545276	8.7689094225541	9.69883230669157
9.07920083894382	0.231150584380751	8.62614569355755	9.53225598433009
8.80940513632411	0.206233986901303	8.40518652199756	9.21362375065066
8.61558720747184	0.217221953571814	8.18983217847108	9.04134223647259
8.70599473067926	0.209842479948796	8.29470346997962	9.1172859913789
8.97126397897496	0.218038811010974	8.54390790939345	9.39862004855647
8.8021058776343	0.201696108373764	8.40678150522172	9.19743025004688
8.8634260156255	0.209262725010761	8.45327107460441	9.27358095664659
9.25665199198267	0.227926275493608	8.8099164920152	9.70338749195014
8.72099446818141	0.214907942370434	8.29977490113536	9.14221403522746
9.04934774526303	0.210932803944243	8.63591944953232	9.46277604099375
8.98274381261614	0.21790267064486	8.55565457815221	9.40983304708006
9.10101193221077	0.216896256745595	8.6758952689894	9.52612859543214
8.93379003356528	0.219617806837014	8.50333913216473	9.36424093496583
8.85645534058352	0.209080145171355	8.44665825604766	9.26625242511938
8.83551611791929	0.21099084772874	8.42197405637096	9.24905817946762
8.69221304371449	0.21875889752967	8.26344560455633	9.12098048287264
9.16448857714963	0.225706539461531	8.72210375980503	9.60687339449423
9.2399665896557	0.208198092491033	8.83189832837328	9.64803485093813
8.92722310650798	0.225744680659914	8.48476353241455	9.36968268060142
8.97150093084252	0.223744263029552	8.5329621753046	9.41003968638045
8.87750053801569	0.205537749795879	8.47464654841576	9.28035452761561
9.25337341231804	0.239499343813458	8.78395469844366	9.72279212619242
8.8960334009802	0.22089555040083	8.46307812219457	9.32898867976582
8.71542753290714	0.196982492308129	8.3293418479832	9.10151321783107
9.16915053251479	0.231647215992741	8.71512198916901	9.62317907586056
8.61841665261271	0.197489639251126	8.2313369596805	9.00549634554492
8.92188941773014	0.195646669389542	8.53842194572664	9.30535688973364
8.8746877944788	0.200515235841001	8.48167793223044	9.26769765672717
8.71496265866743	0.208664674482711	8.30597989668132	9.12394542065355
8.93481409686072	0.250479763679107	8.44387376004967	9.42575443367177
8.90913212296419	0.201366032714771	8.51445469884324	9.30380954708514
9.18751446311816	0.21713989581801	8.76192026731486	9.61310865892146
8.85903593297017	0.207611987925202	8.45211643663677	9.26595542930357
8.89777129698641	0.224682859284896	8.45739289278801	9.3381497011848
9.37993480651975	0.213953947520579	8.96058506937942	9.79928454366009
9.39159320335769	0.217601536108919	8.96509419258421	9.81809221413117
9.07712401263771	0.223530280783119	8.63900466230279	9.51524336297262
8.69131268191311	0.20482020234611	8.28986508531473	9.09276027851149
8.91884003494521	0.205028613012938	8.51698395343985	9.32069611645056
8.9666279166138	0.213557855079601	8.54805452065778	9.38520131256981
9.01526988847817	0.241037740226144	8.54283591763493	9.48770385932142
8.88518712707116	0.212063866225861	8.46954194926847	9.30083230487385
9.1768943696954	0.24191520721536	8.7027405635533	9.65104817583751
9.11267795997806	0.210621175362494	8.69986045626757	9.52549546368855
8.81849418239823	0.198118957488733	8.43018102572031	9.20680733907614
9.41295233816421	0.248508851506486	8.9258749892115	9.90002968711692
9.4216828912445	0.234937193901927	8.96120599119672	9.88215979129227
9.12047825641818	0.208278907877521	8.71225159697824	9.52870491585812
8.90778823045985	0.218624839557851	8.47928354492647	9.33629291599324
8.91990793957439	0.218416985745554	8.4918106475131	9.34800523163567
9.20320474735007	0.233423063789888	8.7456955423219	9.66071395237825
9.17868696911589	0.213625859239234	8.75998028500699	9.59739365322479
9.14900848806539	0.233093958431564	8.69214432953953	9.60587264659126
8.6980831381161	0.195975336186953	8.31397147918967	9.08219479704253
9.15412501633217	0.221817551041031	8.71936261629175	9.58888741637259
9.16742565684134	0.2404969112637	8.69605171076449	9.63879960291819
8.92533867262638	0.209530276778208	8.51465933014109	9.33601801511167
9.3866147614348	0.256056223145689	8.88474456406925	9.88848495880035
8.95328205649141	0.210376873108415	8.54094338519892	9.3656207277839
8.89476774811735	0.189211149062636	8.52391389595458	9.26562160028011
9.10513782149741	0.232852675145455	8.64874657821231	9.5615290647825
9.0689307050993	0.215165999049971	8.64720534696136	9.49065606323724
8.81472220983075	0.204157908709929	8.41457270875929	9.21487171090221
8.8135887956149	0.210816000628582	8.40038943438288	9.22678815684692
9.04466384779024	0.22502872616584	8.60360754450519	9.48572015107528
8.92112436718882	0.198794891662832	8.53148637952966	9.31076235484797
9.20183148263957	0.230251388016634	8.75053876212697	9.65312420315217
8.66972693062376	0.193281859124042	8.29089448674064	9.04855937450688
8.84924433473301	0.239323396701372	8.38017047719832	9.3183181922677
8.94492530011902	0.228253940041551	8.49754757763757	9.39230302260046
9.14911529397675	0.210523906199222	8.73648843782627	9.56174215012723
9.038887273801	0.225543017666697	8.59682295917428	9.48095158842773
8.72013440545234	0.218390100299112	8.29208980886608	9.1481790020386
9.20314149104029	0.226793267858802	8.75862668603704	9.64765629604354
9.39016104931376	0.239930370085738	8.91989752394572	9.86042457468181
9.03741882381262	0.207360258131877	8.63099271787414	9.4438449297511
8.92602507026925	0.221649535967939	8.49159197977209	9.36045816076641
8.86328591363566	0.212446931536926	8.44688992782328	9.27968189944803
8.97131910346647	0.224513131748185	8.53127336524003	9.41136484169291
8.95366539656555	0.216032336097438	8.53024201781457	9.37708877531653
9.22218841505846	0.225207828694284	8.78078107081766	9.66359575929926
9.30039663571711	0.228457715079389	8.85261951416151	9.74817375727272
8.82331427351074	0.207822093872687	8.41598296952028	9.23064557750121
8.82994827044584	0.230752370745173	8.3776736237853	9.28222291710638
8.82167676989055	0.19237615393425	8.44461950817942	9.19873403160168
9.02098905671654	0.22761450376914	8.57486462932902	9.46711348410405
9.13296085842889	0.223959183428756	8.69400085890853	9.57192085794925
9.04801738392593	0.242874574348651	8.57198321820258	9.52405154964929
8.96805398978561	0.204836927095539	8.56657361267835	9.36953436689286
9.440249839657	0.244586270173713	8.96086075011653	9.91963892919748
9.01638219102172	0.205501008459843	8.61360021444042	9.41916416760301
9.09202253670189	0.225018760326253	8.65098576646244	9.53305930694134
9.23139111138041	0.219976250876899	8.80023765966169	9.66254456309913
8.98167648320339	0.206309505841103	8.57730985175483	9.38604311465195
9.02962229621002	0.238949691194914	8.56128090146799	9.49796369095205
9.00607528580679	0.213395808845981	8.58781950046867	9.42433107114491
8.76770236581276	0.199548479849174	8.37658734530838	9.15881738631715
8.8165456361904	0.216023272689316	8.39314002171934	9.23995125066146
8.87169084906067	0.206673812243607	8.4666101770632	9.27677152105814
8.72218078928526	0.229525566192711	8.27231067954754	9.17205089902297
8.84430644474969	0.199673767565802	8.45294586032072	9.23566702917866
9.43578169878059	0.239621948824982	8.96612267908363	9.90544071847756
8.88697006061625	0.234244440888677	8.42785095647445	9.34608916475806
9.05757822423846	0.21503217919848	8.63611515300944	9.47904129546748
9.18501014055732	0.222810085811348	8.74830237236708	9.62171790874756
9.170002847591	0.212693339191179	8.75312390277629	9.58688179240572
8.80976069265958	0.194785621357151	8.42798087479957	9.1915405105196
9.25350559105878	0.221915277979619	8.81855164621873	9.68845953589884
8.71203554814082	0.22973466634652	8.26175560210164	9.16231549418
8.7048447604311	0.198603994585464	8.31558093104359	9.09410858981861
9.16092163531372	0.22675452982831	8.71648275685023	9.60536051377721
9.10114169588489	0.219439996716117	8.6710393023213	9.53124408944848
8.72964967792342	0.197486661500289	8.34257582138286	9.11672353446399
8.42457927603728	0.194000778364313	8.04433775044322	8.80482080163133
8.62362521602341	0.225033707747664	8.18255914883798	9.06469128320883
9.37969788297139	0.220002127817269	8.94849371244954	9.81090205349324
9.04669528601791	0.21533093325093	8.62464665684609	9.46874391518973
8.80827154596427	0.203472131375345	8.40946616846859	9.20707692345994
8.97939288059554	0.218910089985324	8.55032910422431	9.40845665696678
8.88194801755433	0.218781272563574	8.45313672332973	9.31075931177894
9.17003825694326	0.234841354333687	8.70974920244923	9.63032731143729
8.90973632118075	0.225088697098054	8.46856247486856	9.35091016749293
9.11050599565542	0.217554681255987	8.68409882039368	9.53691317091715
9.01616209452462	0.214766414850759	8.59521992141713	9.43710426763211
8.53521217011458	0.192769075953896	8.15738478124494	8.91303955898422
8.9466344623583	0.207131496953278	8.54065672832987	9.35261219638672
9.04354435240685	0.212313939619369	8.62740903075289	9.45967967406081
9.08727111668428	0.211418396143154	8.6728910602437	9.50165117312486
8.952167169763	0.208910006992681	8.54270355605735	9.36163078346866
8.9318162733089	0.238888011553655	8.46359577066374	9.40003677595407
9.45031886395062	0.242641199919997	8.97474211210742	9.92589561579381
8.65617140722814	0.210466193097636	8.24365766875677	9.0686851456995
8.85607576693224	0.205205304565752	8.45387336998336	9.25827816388111
9.18559231410617	0.227347143065497	8.73999191369779	9.63119271451454
9.36911281235428	0.24029684275094	8.89813100056243	9.84009462414612
9.13356915736028	0.222398459362514	8.69766817700976	9.56947013771081
8.89131238529173	0.195123815127813	8.50886970764122	9.27375506294224
8.80461983308912	0.217010530208482	8.37927919388049	9.22996047229774
9.09436306205118	0.211287218975724	8.68024011285876	9.50848601124359
9.30642454471405	0.220287083232049	8.87466186157923	9.73818722784887
9.09501418256992	0.20946580721245	8.68446120043352	9.50556716470633
9.08783992592247	0.207325498740144	8.68148194839179	9.49419790345315
8.81470444452121	0.213242467876318	8.39674920748363	9.2326596815588
9.06522566443578	0.238521541983115	8.59772344214888	9.53272788672269
9.04929612234791	0.201681846211196	8.65399970377397	9.44459254092186
8.86859828787767	0.213706743324603	8.44973307096144	9.28746350479389
8.90428137627798	0.203174111735568	8.50606011727627	9.30250263527969
9.14822029549318	0.232009170438127	8.69348232143446	9.60295826955191
8.63125231759611	0.208615306107104	8.22236631762619	9.04013831756603
9.0323564398497	0.211650601624752	8.61752126066519	9.44719161903421
9.11444754588124	0.225173247601681	8.67310798058195	9.55578711118054
9.04102854993956	0.206260353657391	8.63675825677108	9.44529884310805
9.15104621180392	0.222563927715539	8.71482091348146	9.58727151012638
8.98943940836088	0.231379166472312	8.53593624207515	9.44294257464661
8.55293942567062	0.20013194287405	8.16068081763749	8.94519803370376
8.83405837811498	0.202940199716518	8.4362955866706	9.23182116955935
8.88465771311208	0.195063955159517	8.50233236099943	9.26698306522473
9.08176863418826	0.219214031011871	8.65210913340499	9.51142813497153
9.04724329932031	0.226770596845253	8.60277292950362	9.49171366913701
8.65660668609745	0.191424229854655	8.28141519558233	9.03179817661258
8.71713545844555	0.205043822599515	8.3152495661505	9.1190213507406
9.11761026888211	0.224473646043056	8.67764192263772	9.55757861512649
9.11387560151096	0.218304772082253	8.68599824822975	9.54175295479218
9.11611019821239	0.207042464800316	8.71030696720377	9.52191342922102
9.1607428421519	0.207283232890285	8.75446770568695	9.56701797861686
8.88276783088918	0.228239202284629	8.43541899441131	9.33011666736706
8.81182006968626	0.20469044003394	8.41062680721974	9.21301333215278
8.77441011562145	0.209341466562892	8.36410084115819	9.18471939008472
9.30894749255662	0.223415977491351	8.87105217667357	9.74684280843967
9.54253338280709	0.228250379496198	9.09516263899455	9.98990412661964
8.62640760641088	0.211696624258473	8.21148222286427	9.04133298995748
9.18529525106712	0.240172616492143	8.71455692274252	9.65603357939172
8.72392140937278	0.207885536652778	8.31646575753334	9.13137706121223
8.82173888521044	0.200692659883706	8.42838127183837	9.2150964985825
8.85000071900451	0.22557293492956	8.40787776654258	9.29212367146645
8.96800700162417	0.214676431206803	8.54724119645884	9.38877280678951
8.95941826873604	0.219963020786054	8.52829074799537	9.39054578947671
8.98609729572641	0.201764534029505	8.59063880902858	9.38155578242424
8.94664402711734	0.224300819153532	8.50701442157641	9.38627363265826
9.39151782783463	0.231272000247473	8.93822470734958	9.84481094831968
9.20407476939688	0.223996097357224	8.76504241857672	9.64310712021704
9.08028214181501	0.226400737733625	8.63653669585711	9.52402758777292
8.79660987996704	0.212520451945643	8.38006979415358	9.2131499657805
8.92979034046115	0.218480241646804	8.50156906683341	9.35801161408888
8.94867943133882	0.212512319661889	8.53215528480152	9.36520357787612
8.9726843642792	0.213555014432741	8.55411653599103	9.39125219256737
8.89871339181855	0.196090189145667	8.51437662109304	9.28305016254406
8.8394593125169	0.235713196647238	8.37746144708831	9.30145717794548
8.85684338696842	0.212851205061022	8.43965502504881	9.27403174888802
9.4085184670655	0.240192071376844	8.93774200716689	9.87929492696412
9.14321767293622	0.212234871878391	8.72723732405457	9.55919802181787
8.92327584628497	0.210661290599357	8.51037971671023	9.33617197585971
8.91469630390162	0.214006319137659	8.49524391839181	9.33414868941143
8.9629681509047	0.204236017714744	8.5626655561838	9.3632707456256
8.86819581488711	0.22396093912341	8.42923237420522	9.30715925556899
8.89321035401685	0.20640246337667	8.48866152579858	9.29775918223513
8.87165365444861	0.215856858692737	8.44857421141084	9.29473309748637
9.37292456510617	0.210224963041171	8.96088363754548	9.78496549266687
8.60744909506132	0.221464283718957	8.17337909897216	9.04151909115047
9.6436983493426	0.240711386545023	9.17190403171435	10.1154926669708
8.85450584171724	0.219330575400728	8.42461791393181	9.28439376950266
8.76553566473554	0.199623656170376	8.3742732986416	9.15679803082948
9.20958209095872	0.217910629077635	8.78247725796656	9.63668692395089
9.4839154469817	0.219707408634443	9.05328892605819	9.9145419679052
9.30556058019721	0.232904940498913	8.84906689681934	9.76205426357508
8.93729685813599	0.21023053327049	8.52524501292583	9.34934870334614
8.90858486953364	0.204616749887465	8.50753603975421	9.30963369931307
8.73436423539822	0.201736887262792	8.33895993636315	9.12976853443329
9.03401415955947	0.194080829793328	8.65361573316455	9.4144125859544
9.06573829587499	0.202345551828467	8.66914101429119	9.46233557745879
9.0131139879805	0.216417469086266	8.58893574857142	9.43729222738958
9.12982096022462	0.230328661317534	8.67837678404226	9.58126513640699
9.05785051103519	0.226171356293189	8.61455465270054	9.50114636936984
8.97497777918439	0.228669669937178	8.52678522610752	9.42317033226126
9.04234352696555	0.235924787497305	8.57993094347084	9.50475611046027
9.1710350813661	0.223270042345609	8.7334257983687	9.60864436436349
8.87561278256351	0.215323765302695	8.45357820257023	9.2976473625568
9.33870582762661	0.216096197464376	8.91515728059644	9.76225437465679
9.18633665264768	0.238667809309686	8.71854774640069	9.65412555889466
8.67976278913192	0.2123396482557	8.26357707855075	9.0959484997131
9.35311177451284	0.222776330365119	8.91647016699721	9.78975338202847
9.36813138559848	0.213760727500086	8.94916035969831	9.78710241149865
8.4153767286072	0.227059636766154	7.97033984054554	8.86041361666887
8.84573114971238	0.223042139145643	8.40856855698692	9.28289374243784
9.4101397988319	0.242110779415199	8.93560267117811	9.8846769264857
8.89707433558226	0.205815975344212	8.4936750239076	9.30047364725691
9.09553955707718	0.229952116255686	8.64483340921603	9.54624570493833
9.08950412211119	0.21436385836173	8.6693509597222	9.50965728450018
8.86823019841006	0.20367908582122	8.46901919020047	9.26744120661965
8.60843031989728	0.207537658708833	8.20165650882796	9.01520413096659
9.11273073430485	0.224447459369044	8.67281371394152	9.55264775466817
9.33046084860943	0.235593021244812	8.8686985269696	9.79222317024927
8.9359037341487	0.216571117563933	8.51142434372339	9.36038312457401
9.10587300120988	0.236189688012761	8.64294121270487	9.56880478971489
9.01288218154461	0.240707344508608	8.54109578630774	9.48466857678148
8.89070901283989	0.198586406318952	8.50147965645474	9.27993836922504
8.93738443026118	0.215497424105479	8.51500947901445	9.35975938150792
8.83825973352913	0.215379699888208	8.41611552174824	9.26040394531002
9.1672420727387	0.224430004291374	8.72735926432761	9.60712488114979
9.39298692072382	0.249691816274309	8.90359096082617	9.88238288062147
8.76871691072542	0.212431530498954	8.35235111094747	9.18508271050337
9.16171893819972	0.239623973808706	8.69205594953466	9.63138192686478
8.68789113895999	0.202411435516266	8.29116472534811	9.08461755257187
8.77219480569227	0.203536129737066	8.37326399140762	9.17112561997692
8.78228184660467	0.193408620204685	8.40320095100349	9.16136274220585
8.89064954078574	0.210030118359535	8.47899050880106	9.30230857277043
8.99702763962399	0.217313574337124	8.57109303392323	9.42296224532475
8.88814965534134	0.230994206638474	8.43540101032993	9.34089830035275
9.06086459834331	0.210853488349017	8.64759176117924	9.47413743550739
9.00592941086936	0.214144616509291	8.58620596251115	9.42565285922757
9.20408367483896	0.21299039140825	8.78662250767879	9.62154484199912
8.85550272102294	0.214625620524193	8.43483650479553	9.27616893725036
8.57097445273909	0.217198900474453	8.14526460780917	8.99668429766902
9.08510656007106	0.222263914359575	8.64946928792629	9.52074383221582
8.96892035886114	0.211353913779623	8.55466668785308	9.3831740298692
8.88205383323653	0.202036960255666	8.48606139113542	9.27804627533763
8.99776017453981	0.218175154513238	8.57013687169387	9.42538347738576
8.80393632510779	0.193245924737415	8.42517431262246	9.18269833759313
8.82414331307164	0.219928269449292	8.39308390495103	9.25520272119225
9.13396470028722	0.224427425286533	8.69408694672562	9.57384245384883
8.81499215268543	0.19238041793125	8.43792653354018	9.19205777183068
9.02422950738516	0.21859155969059	8.5957900503916	9.45266896437871
8.95122935173223	0.243027252853439	8.47489593613949	9.42756276732497
9.17565835959659	0.217582912369095	8.74919585135316	9.60212086784002
9.12411375441274	0.227677101814853	8.67786663485563	9.57036087396985
9.01394281588626	0.21127071975036	8.59985220517555	9.42803342659696
9.02909153779873	0.219173566947155	8.5995113465823	9.45867172901515
8.92984143228557	0.220957282656892	8.49676515827806	9.36291770629308
8.76005900024426	0.210893561046322	8.34670762059347	9.17341037989505
8.4909574018727	0.203997984431554	8.09112135238685	8.89079345135854
8.73246618603234	0.216193285598641	8.308727346259	9.15620502580568
8.6204561888001	0.197846843867273	8.23267637482024	9.00823600277995
8.78792588285275	0.20543476555784	8.38527374235939	9.19057802334612
8.8700364979496	0.215617684414117	8.44742583649793	9.29264715940127
8.75997581447944	0.205315966219964	8.35755652068831	9.16239510827057
9.14008734732397	0.218954671681181	8.71093619082886	9.56923850381909
8.85629396016635	0.217729932398515	8.42954329266526	9.28304462766743
9.16792932003952	0.231261876771979	8.71465604156644	9.6212025985126
8.64546894908745	0.201194036127737	8.25112863827709	9.03980925989782
9.05613475396777	0.218630652900814	8.62761867428217	9.48465083365337
8.91598106282621	0.213963152253764	8.49661328440883	9.33534884124359
8.97377111805858	0.208336629641253	8.56543132396172	9.38211091215543
8.86735374385684	0.206997605406451	8.46163843726019	9.27306905045348
8.98202056236979	0.212998944405663	8.56454263133469	9.39949849340489
9.15078355347993	0.224852240415986	8.7100731622646	9.59149394469527
8.9120537802578	0.212950690159037	8.49467042754609	9.32943713296951
9.38454306609264	0.244588411961487	8.90514977864812	9.86393635353715
8.97699635013045	0.210785883532024	8.56385601840769	9.39013668185322
8.94207234989954	0.214418977289328	8.52181115441246	9.36233354538662
9.16473576146141	0.230673617973825	8.71261547023271	9.6168560526901
8.96109041721453	0.19901676091153	8.57101756582794	9.35116326860113
8.60054948426928	0.209341859692269	8.19023943927244	9.01085952926613
8.95461092694591	0.203579197812658	8.5555956992331	9.35362615465872
8.72460386824053	0.196353528583397	8.33975095221708	9.10945678426399
8.93035137842064	0.230742731174224	8.47809562531916	9.38260713152212
9.01162512105822	0.234866483228038	8.55128681393126	9.47196342818517
9.0168525468923	0.214960819858663	8.59552933996932	9.43817575381528
9.18767926003968	0.240699206842801	8.71590881462779	9.65944970545157
9.19735343031616	0.231571114957102	8.74347404500024	9.65123281563208
9.01255329574287	0.214568759006297	8.59199852809053	9.43310806339521
9.16207554703855	0.234955506228867	8.70156275482997	9.62258833924713
8.67650397932331	0.211055509917056	8.26283517988588	9.09017277876074
8.60641925552075	0.209631933255226	8.1955406663405	9.01729784470099
8.92033730802638	0.221131678791879	8.4869192175943	9.35375539845846
8.92102432102988	0.204527435334744	8.52015054777378	9.32189809428598
9.18055800092998	0.228437504680085	8.73282049175702	9.62829551010295
9.20136293031658	0.223473563707393	8.76335474545009	9.63937111518307
9.37434932316325	0.21568536952004	8.95160599890398	9.79709264742253
9.02450045026837	0.233375129887789	8.5670851956883	9.48191570484843
8.85264679568955	0.200560870194313	8.4595474901087	9.24574610127041
9.24577991354077	0.232452671825194	8.79017267676338	9.70138715031815
9.14813706352608	0.217450492213619	8.72193409878739	9.57434002826478
8.81089575745017	0.22560184852778	8.36871613433572	9.25307538056462
9.2658337416845	0.231624461326342	8.81184979748487	9.71981768588413
8.95735819998976	0.218544829773522	8.52901033363366	9.38570606634587
9.19299192455867	0.23285559530465	8.73659495776156	9.64938889135579
8.69892174690704	0.212616520490954	8.28219336674477	9.11565012706931
8.99563504178126	0.206208385396353	8.5914666064044	9.39980347715811
8.6837584021149	0.209099519001919	8.27392334487114	9.09359345935866
8.95327200943484	0.220834467183422	8.52043645375534	9.38610756511435
8.98201772807645	0.205338850599182	8.57955358090205	9.38448187525085
9.22850000888309	0.217622402462401	8.80196010005679	9.6550399177094
9.08177462830667	0.219844750610207	8.65087891711066	9.51267033950267
8.92115840556251	0.218596195663751	8.49270986206156	9.34960694906346
9.25401051146535	0.239364803290342	8.78485549701628	9.72316552591442
9.25185908858787	0.248351398820989	8.76509034689874	9.73862783027701
8.95837764023625	0.21702081852559	8.53301683592609	9.3837384445464
9.07146486587133	0.245246288828165	8.59078213976813	9.55214759197453
9.14732498287986	0.218110195123253	8.71982900043828	9.57482096532143
8.94244037066869	0.232847373438072	8.48605951873007	9.39882122260732
9.33841730707213	0.23412611224641	8.87953012706917	9.7973044870751
8.77345469701039	0.216720639033604	8.34868224450452	9.19822714951625
8.86897113045547	0.195815072931283	8.48517358751015	9.25276867340078
8.62622582532232	0.204239504261807	8.22591639696918	9.02653525367546
8.83040616986668	0.210441250184576	8.41794131950491	9.24287102022844
9.02967198168703	0.205795997122289	8.62631182732734	9.43303213604671
8.90099640234622	0.203964877346843	8.50122524274641	9.30076756194604
8.83886706344023	0.214617325800758	8.41821710487075	9.25951702200972
9.059597607409	0.223718735333929	8.6211088861545	9.4980863286635
9.2366788206511	0.221267222113214	8.8029950653092	9.670362575993
9.24101586378256	0.224148657959444	8.80168449418205	9.68034723338307
8.94813259426126	0.203950327507605	8.54838995234635	9.34787523617616
9.05909560255982	0.243414477899742	8.58200322587633	9.53618797924331
8.7688840579842	0.205435269148699	8.36623093045275	9.17153718551565
9.1069383160459	0.223462385523917	8.66895204041902	9.54492459167278
8.98531927527251	0.194252348940195	8.60458467134973	9.36605387919529
9.06980705558049	0.221275393269495	8.63610728477228	9.5035068263887
8.68955708335208	0.199799109211549	8.29795082929745	9.08116333740672
9.34824985676284	0.226288577488029	8.90472424488631	9.79177546863938
9.10620739431056	0.221820588387672	8.67143904107073	9.5409757475504
8.88454503172859	0.194154555923428	8.50400210211868	9.26508796133851
8.97430384883941	0.201519678217121	8.57932527953386	9.36928241814497
9.20971934438818	0.222566637962713	8.77348873398127	9.6459499547951
8.97921898503241	0.211061431812871	8.56553857867918	9.39289939138564
8.90005550580116	0.228642617569126	8.45191597536568	9.34819503623665
9.12464663516837	0.225206367085208	8.68324215568136	9.56605111465537
9.39328527466301	0.225976126846345	8.95037206604417	9.83619848328185
8.82061872992239	0.225021144937645	8.3795772858446	9.26166017400017
9.25966355325488	0.217394723532161	8.83356989513185	9.68575721137792
8.88435427374043	0.226405766709133	8.44059897099053	9.32810957649034
9.18584515800905	0.224218700731185	8.74637650457593	9.62531381144217
9.06163669438106	0.215822468444937	8.63862465622898	9.48464873253313
8.83291191100036	0.205763198627031	8.42961604169138	9.23620778030934
9.01103779990777	0.221340310863738	8.57721079061484	9.4448648092007
9.00715612743253	0.234436231390559	8.54766111390703	9.46665114095802
8.96812092437849	0.236188957891865	8.50519056691044	9.43105128184655
8.5908170152518	0.211711284543893	8.17586289754577	9.00577113295783
8.87066225113458	0.221069015243376	8.43736698125756	9.3039575210116
9.09985201477736	0.219235677845817	8.67015008619956	9.52955394335516
8.65137160471218	0.198170638616717	8.26295715302342	9.03978605640095
8.72490740082985	0.217069773448118	8.29945064487154	9.15036415678816
9.24910440377615	0.211357545242103	8.83484361510163	9.66336519245067
8.9844019433984	0.203627443994567	8.58529215316905	9.38351173362775
8.70306269114277	0.210973466421459	8.2895546969567	9.11657068532883
8.8135900788512	0.211017046376713	8.39999666795284	9.22718348974955
9.18286542951737	0.218412500118238	8.75477692928562	9.61095392974912
9.1089072671618	0.213112522847074	8.69120672238154	9.52660781194207
8.9838343110167	0.223614722573651	8.54554945477235	9.42211916726106
8.80534914068877	0.201440601595378	8.41052556156183	9.20017271981571
9.25906825473019	0.224105844076514	8.81982080034022	9.69831570912015
8.92676958174396	0.227696827530213	8.48048379978474	9.37305536370318
9.25402950489965	0.225305462828871	8.81243079775507	9.69562821204424
9.28294930009808	0.215981682465693	8.85962520246532	9.70627339773084
9.12661337788402	0.245513453814425	8.64540700840775	9.60781974736029
8.73108860699475	0.208320696337362	8.32278004217352	9.13939717181598
9.07306884083694	0.247256993681106	8.58844513322197	9.55769254845191
9.33126901223154	0.227791482352524	8.8847977068206	9.77774031764249
9.02775303395715	0.239131550682847	8.55905519461877	9.49645087329553
9.25123494123275	0.240807712962926	8.77925182382541	9.72321805864008
9.14849056918854	0.217165780345868	8.72284563971064	9.57413549866644
8.99097128885842	0.205260249325084	8.58866120018126	9.39328137753559
8.98258649084692	0.22926879953779	8.53321964375285	9.43195333794099
9.09564354071435	0.220432161502734	8.66359650416899	9.52769057725971
8.87782647361307	0.224776737794644	8.43726406753557	9.31838887969057
9.13971386065792	0.21574376242081	8.71685608631313	9.5625716350027
9.15737061050887	0.207602080232254	8.75047053325365	9.56427068776409
8.99101155518925	0.221964258448861	8.55596160862948	9.42606150174902
9.17095423987407	0.208913790513552	8.76148321046751	9.58042526928063
8.96043756939553	0.231604672403563	8.50649241148454	9.41438272730651
9.12577920017282	0.229985239136159	8.67500813146595	9.57655026887969
8.8219585142295	0.224764240219377	8.38142060339952	9.26249642505948
9.18987704819435	0.218296956273196	8.76201501389889	9.61773908248981
9.07815117403148	0.258407378123266	8.57167271290988	9.58462963515309
9.38393381089101	0.219449335113412	8.95381311406873	9.8140545077133
9.17070207876871	0.230450585923435	8.71901893035878	9.62238522717865
9.04082059458742	0.217961497251038	8.61361605997538	9.46802512919945
9.06126360599197	0.219970836730862	8.63012076599948	9.49240644598446
9.47245627579625	0.225629712899674	9.03022203851289	9.91469051307961
9.31614735723896	0.230320657557021	8.8647188684272	9.76757584605072
8.92294744484132	0.203263092606875	8.52455178333185	9.3213431063508
8.91651247932077	0.219551100598671	8.48619232214738	9.34683263649417
8.81481248310751	0.208568717239056	8.40601779731896	9.22360716889606
8.74108601838209	0.208636240773411	8.33215898646621	9.15001305029798
8.83727893006884	0.201055832921367	8.44320949754296	9.23134836259472
9.47398518659734	0.220988371563467	9.04084797833294	9.90712239486174
8.94488886021795	0.204762111164018	8.54355512233647	9.34622259809943
9.38322092204903	0.228680071470742	8.93500798196638	9.83143386213169
8.97380416241631	0.222608074903793	8.53749233560488	9.41011598922775
9.3082144919617	0.232296117553614	8.85291410155662	9.76351488236678
8.84502828179244	0.199365409268487	8.4542720796262	9.23578448395867
8.6609444292792	0.186248088656512	8.29589817551244	9.02599068304596
9.22133745133733	0.215003979116093	8.79992965226978	9.64274525040487
8.73596596188913	0.224597801502122	8.29575427094497	9.17617765283329
9.09336347664053	0.243514426912655	8.61607519989172	9.57065175338933
8.89395765812075	0.229702191837555	8.44374136211914	9.34417395412236
8.82365126137625	0.190790042895215	8.44970277730163	9.19759974545087
9.01531349596539	0.209766631950001	8.60417089734339	9.42645609458739
9.22959947966318	0.217374060217345	8.80354632163718	9.65565263768917
8.85787320642739	0.214668906893797	8.43712214891554	9.27862426393923
8.90694956128718	0.22550753451398	8.46495479363977	9.34894432893458
8.72171982630226	0.21655055538621	8.29728073774529	9.14615891485923
8.99385324604787	0.231955119564367	8.53922121170171	9.44848528039403
9.06723105165796	0.224871861597203	8.62648220292744	9.50797990038848
9.04320720587588	0.222856507549708	8.60640845107845	9.4800059606733
9.27011318024307	0.20832166703875	8.86180271284712	9.67842364763903
8.7464785553496	0.230379436783952	8.29493485925306	9.19802225144615
8.85654938493595	0.199613941309233	8.46530605996985	9.24779270990205
8.94839496208781	0.214781641510948	8.52742294472635	9.36936697944926
8.77711040519638	0.204847760601235	8.37560879441796	9.1786120159748
8.84257962324543	0.227281872528737	8.39710715308911	9.28805209340176
9.13658552563455	0.213830324521638	8.71747808957213	9.55569296169696
8.96924618073417	0.202362662450363	8.57261536233146	9.36587699913688
9.39425000390906	0.245347477360327	8.91336894828282	9.8751310595353
9.34736428144383	0.228549318787184	8.89940761662095	9.79532094626671
8.89854128545686	0.211367247227069	8.4842614808918	9.31282109002191
8.99874011119404	0.212737354738192	8.58177489590718	9.41570532648089
8.91906062652518	0.194912765628849	8.53703160589264	9.30108964715772
