estFinal_msm11	sdFinal_msm11	X1	X2
9.20138296426444	0.236208557681686	8.73841419120833	9.66435173732054
9.02022120295634	0.231436439255153	8.56660578201624	9.47383662389644
8.69214411311489	0.218046855566513	8.26477227620453	9.11951595002526
8.74972292900875	0.217131554219957	8.32414508273763	9.17530077527986
9.45935880361315	0.225495534830132	9.01738755534609	9.90133005188021
8.92340218681757	0.254751119481284	8.42408999263425	9.42271438100089
8.9649726144468	0.226927707931743	8.52019430690058	9.40975092199301
8.96808536307827	0.234600900525616	8.50826759804806	9.42790312810848
8.84884475900393	0.218385472883821	8.42080923215165	9.27688028585622
9.23951821728974	0.225102762751532	8.79831680229674	9.68071963228274
9.28825976114152	0.256803080572895	8.78492572321864	9.79159379906439
9.11016284998296	0.223702094458874	8.67170674484357	9.54861895512236
8.90555465819879	0.219092474436365	8.47613340830351	9.33497590809406
9.12232844691245	0.239778189450815	8.65236319558885	9.59229369823604
9.2067820315693	0.232020690922128	8.75202147736192	9.66154258577667
9.16283975465543	0.227779896681634	8.71639115715943	9.60928835215143
9.2565969745287	0.223859049332404	8.81783323783719	9.69536071122022
8.96285155741677	0.218971177074683	8.53366805035039	9.39203506448314
8.80931159471697	0.206835384992242	8.40391424013218	9.21470894930177
9.15042284978603	0.210988907864853	8.73688459037092	9.56396110920114
9.42524761164837	0.246509245584418	8.94208949030291	9.90840573299383
9.22250868768169	0.244135756201573	8.7440026055266	9.70101476983677
9.24338021640265	0.221172382133932	8.80988234742014	9.67687808538515
8.91331381775064	0.230247990343565	8.46202775667725	9.36459987882402
8.85143363541701	0.199273715136447	8.46085715374958	9.24201011708445
8.9848137494162	0.238579726622247	8.5171974852366	9.45243001359581
8.96490883736781	0.227306582793775	8.51938793509201	9.41042973964361
8.7678481407414	0.236522440214343	8.30426415792129	9.23143212356151
9.26581632360612	0.226930862693569	8.82103183272673	9.71060081448552
9.14758068309003	0.246887509228343	8.66368116500248	9.63148020117758
9.14484983377805	0.241309770953073	8.67188268271002	9.61781698484607
8.76410500716986	0.230329242703368	8.31265969147126	9.21555032286846
9.31681869793464	0.236966363419588	8.85236462563225	9.78127277023704
8.64801885437951	0.221459416876636	8.2139583973013	9.08207931145772
9.34272218585181	0.243226069330089	8.86599908996483	9.81944528173878
9.10355316718957	0.23928656253477	8.63455150462141	9.57255482975772
8.9466481572216	0.222408234432106	8.51072801773467	9.38256829670853
8.67866786227697	0.178222285343796	8.32935218300313	9.02798354155081
9.05984249637875	0.2046043095017	8.65881804975542	9.46086694300208
8.57063328493567	0.20253408525822	8.17366647782956	8.96760009204178
9.05612731488023	0.233590465911874	8.59829000169296	9.51396462806751
8.88677902613385	0.226592063501386	8.44265858167113	9.33089947059656
8.83835862035243	0.227019293351381	8.39340080538372	9.28331643532114
8.59486654552619	0.208748026856994	8.18572041288649	9.0040126781659
9.11690517430374	0.220710010533809	8.68431355365747	9.54949679495
8.96082917931204	0.210209654601778	8.54881825629255	9.37284010233152
9.18086821581954	0.220122488549788	8.74942813826196	9.61230829337712
8.41596855416662	0.195281950836353	8.03321593052737	8.79872117780588
9.54638446246441	0.232470903290136	9.09074149201574	10.0020274329131
9.1265245860914	0.228584661221798	8.67849865009668	9.57455052208613
9.21942843721915	0.219131046068554	8.78993158692478	9.64892528751351
9.01080942454398	0.221222208929714	8.57721389504174	9.44440495404621
9.29898035058961	0.2492450352026	8.81046008159251	9.78750061958671
9.08548129411904	0.215793969074523	8.66252511473298	9.5084374735051
8.93212219884919	0.216921926510461	8.50695522288868	9.35728917480969
8.83562324562386	0.197346444504246	8.44882421439554	9.22242227685218
8.92413419128309	0.208266469915088	8.51593191024952	9.33233647231667
8.83095050192569	0.203153237921738	8.43277015559908	9.2291308482523
8.9358654352563	0.250040468866471	8.44578611627802	9.42594475423459
9.28397845946585	0.271310898926161	8.75220909757057	9.81574782136112
9.14777952423491	0.224051664116537	8.7086382625665	9.58692078590332
9.5244146215453	0.234462294661828	9.06486852400812	9.98396071908248
9.2637812088602	0.222642431527229	8.82740204306683	9.70016037465357
9.19790998162918	0.22995344434533	8.74720123071234	9.64861873254603
9.02905904294441	0.225910998146749	8.58627348657678	9.47184459931204
8.79542063354108	0.228678568532321	8.34721063921773	9.24363062786443
8.81155086518475	0.226322872280932	8.36795803551412	9.25514369485538
9.04516239844238	0.198584064797872	8.65593763143855	9.43438716544621
8.95025453380548	0.222574734675807	8.51400805384089	9.38650101377006
8.69579037890359	0.209362250053574	8.28544036879858	9.10614038900859
9.41697798393158	0.273696865908205	8.8805321267515	9.95342384111166
9.03774768000264	0.218451256348121	8.60958321756032	9.46591214244495
9.00853771042345	0.221940228994032	8.57353486159514	9.44354055925175
9.27268484966577	0.233397522605172	8.81522570535963	9.73014399397191
9.26642893493638	0.234782382866201	8.80625546451863	9.72660240535414
9.11148939400939	0.208118412952348	8.70357730462279	9.51940148339599
8.82732071591675	0.201230506732258	8.43290892272152	9.22173250911198
9.05812701299453	0.220421629508416	8.62610061915803	9.49015340683103
9.16106897271152	0.235298967848265	8.69988299572892	9.62225494969411
8.77889231572494	0.21682439372438	8.35391650402515	9.20386812742472
9.10536209432527	0.227449157005055	8.65956174659536	9.55116244205517
8.75880991549399	0.206777799314335	8.3535254288379	9.16409440215009
8.69099036429612	0.210294643782709	8.27881286248201	9.10316786611023
9.01613082009621	0.224074999922407	8.57694382024829	9.45531781994413
8.8444816386625	0.245217601014168	8.36385514067473	9.32510813665027
8.91598515614679	0.218903667688599	8.48693396747713	9.34503634481644
8.75829153775572	0.220184484324664	8.32672994847938	9.18985312703206
8.9366768254271	0.229948649234644	8.48597747292719	9.387376177927
9.66117744371099	0.238568537886774	9.19358310945291	10.1287717779691
9.02079627878441	0.242613897718653	8.54527303925585	9.49631951831297
9.16255260429162	0.228019026321098	8.71563531270227	9.60946989588097
9.41615606859503	0.25973863818934	8.90706833774392	9.92524379944613
9.05847522739638	0.226276391552641	8.6149734999532	9.50197695483955
9.06922216239354	0.231517937772652	8.61544700435914	9.52299732042794
8.79544387812716	0.210518290024957	8.38282802967824	9.20805972657607
9.83806493701915	0.24960265968981	9.34884372402712	10.3272861500112
8.8157262745553	0.225313088721956	8.37411262066026	9.25733992845033
9.02042535407652	0.234452944188262	8.56089758346753	9.47995312468551
9.13752997211312	0.229387143072711	8.68793117169061	9.58712877253564
9.3790334301049	0.254659427334715	8.87990095252886	9.87816590768094
8.86301732828256	0.229295007482362	8.41359911361713	9.31243554294799
9.12848339862833	0.232742944380027	8.67230722764348	9.58465956961319
9.12595506246662	0.224350312964741	8.68622844905572	9.56568167587751
8.71404763609468	0.230439581637311	8.26238605608555	9.16570921610381
9.0028919134309	0.211955224086212	8.58745967422193	9.41832415263988
8.96576355494039	0.230668049168446	8.51365417857024	9.41787293131055
8.72642949709481	0.221035547949551	8.29319982311369	9.15965917107593
9.23318933135877	0.221815461003926	8.79843102779108	9.66794763492647
8.67694295935624	0.234377119652475	8.21756380483739	9.13632211387509
8.75907106276562	0.209475400985671	8.34849927683371	9.16964284869754
8.78897466385715	0.241195849220844	8.31623079938429	9.26171852833
9.06562477473588	0.256419763822188	8.56304203764439	9.56820751182737
8.89774864902902	0.210600375633526	8.48497191278731	9.31052538527073
9.30294823982565	0.252329243434213	8.8083829226946	9.79751355695671
9.01675873842482	0.242854967747418	8.54076300163989	9.49275447520976
9.06162787892627	0.229366831649236	8.61206888889376	9.51118686895877
9.14310135073665	0.230454055913764	8.69141140114567	9.59479130032762
8.97847701296433	0.23363356693647	8.52055522176885	9.43639880415981
8.71103839791517	0.218995694619642	8.28180683646068	9.14026995936967
8.64322942454561	0.208002058638889	8.23554538961339	9.05091345947783
8.8293846961832	0.223703947743542	8.39092495860585	9.26784443376054
8.84022792159965	0.228490505708197	8.39238653041158	9.28806931278771
8.99675665239439	0.229432587574586	8.54706878074821	9.44644452404058
8.9766694482271	0.222787025805886	8.54000687764757	9.41333201880664
9.02779916733168	0.220353576262438	8.59590615785731	9.45969217680606
8.8413643521904	0.204964308714132	8.4396343071107	9.2430943972701
8.96601047756965	0.221677892867906	8.53152180754856	9.40049914759075
8.86315668525246	0.235086399704501	8.40238734183164	9.32392602867328
8.81700456393861	0.226524552967422	8.37301644012246	9.26099268775476
9.05547858419179	0.222446027961687	8.61948436938688	9.49147279899669
8.93001577019186	0.205884158714838	8.52648281911077	9.33354872127294
8.88566603062043	0.219415794917139	8.45561107258284	9.31572098865802
8.9053403555496	0.219485498604765	8.47514877828426	9.33553193281494
8.72272700407096	0.20474602377985	8.32142479746246	9.12402921067947
9.24605785858289	0.241484991447899	8.772747275345	9.71936844182077
9.05672689147955	0.238231137109139	8.58979386274564	9.52365992021346
8.93759031950535	0.212366060341092	8.52135284123681	9.3538277977739
8.72656956850657	0.221532655188496	8.29236556433712	9.16077357267602
8.71008517887811	0.217130544400561	8.28450931185301	9.13566104590321
9.08598860578777	0.226674536476117	8.64170651429458	9.53027069728096
8.85610767289512	0.206769066299404	8.45084030294828	9.26137504284195
9.26802724759313	0.248672872818156	8.78062841686954	9.75542607831672
8.740924788585	0.192149161594852	8.36431243185909	9.11753714531091
8.83518238474372	0.221028380397297	8.40196675916502	9.26839801032243
8.8137399380202	0.22187677782393	8.3788614534853	9.2486184225551
8.886111484395	0.212802828958825	8.4690179396357	9.3032050291543
9.08494948300827	0.228664292258908	8.63676747018081	9.53313149583573
9.39388618271718	0.23150982690172	8.94012692198981	9.84764544344455
9.16870381264004	0.237543217118055	8.70311910708865	9.63428851819143
9.07228304534944	0.21004085449092	8.66060297054723	9.48396312015164
9.08717050499056	0.23738852517612	8.62188899564536	9.55245201433575
8.92400889195683	0.223606604968006	8.48573994621954	9.36227783769412
8.74800312400758	0.225248703877177	8.30651566440832	9.18949058360685
8.90912611709588	0.211526214587984	8.49453473650343	9.32371749768833
8.71097404394276	0.223903202950216	8.27212376616034	9.14982432172518
8.86716188317802	0.23250033338577	8.41146122974191	9.32286253661413
9.06177204801436	0.23069980437302	8.60960043144324	9.51394366458548
8.4831753450484	0.222156072620497	8.04774944271223	8.91860124738457
9.02273563415054	0.211083939349169	8.60901111302617	9.43646015527492
9.05121411223689	0.217218564556276	8.62546572570659	9.47696249876719
8.98420693003284	0.214198031944272	8.56437878742207	9.40403507264361
9.22499331726545	0.209874338794372	8.81363961322848	9.63634702130242
9.08125293422241	0.215684816870609	8.65851069315602	9.50399517528881
8.96787035711852	0.21703533832065	8.54248109401005	9.393259620227
9.04244291479132	0.221434018992191	8.60843223756663	9.47645359201602
9.12106016644379	0.235231202585247	8.66000700937671	9.58211332351088
8.70525760824484	0.181143885202664	8.35021559324762	9.06029962324206
9.07060869591228	0.221293091728693	8.63687423612404	9.50434315570052
9.12791209539125	0.23640455655688	8.66455916453976	9.59126502624273
9.5073554208858	0.247597183124747	9.0220649419613	9.99264589981031
8.78452586762315	0.191587178836552	8.4090149971035	9.16003673814279
8.85775663217249	0.221206395299461	8.42419209738555	9.29132116695944
8.89902393236961	0.24521171843483	8.41840896423735	9.37963890050188
8.99450925725496	0.223167257203457	8.55710143313618	9.43191708137373
8.65279058118875	0.224945742820476	8.21189692526062	9.09368423711688
9.12974664497785	0.224115602261838	8.69048006454465	9.56901322541105
8.64498895526722	0.210964963426896	8.23149762695051	9.05848028358394
9.15660162982343	0.217249299855556	8.73079300210654	9.58241025754032
9.28671476328956	0.239221398890614	8.81784082146396	9.75558870511517
8.63158046261451	0.193298650840567	8.252715106967	9.01044581826202
9.00747013909774	0.24342657331514	8.53035405540006	9.48458622279541
8.78326567885549	0.219808830030154	8.35244037199639	9.21409098571459
9.06484271641387	0.225045882605999	8.62375278650611	9.50593264632163
8.98310988647411	0.244654342275105	8.50358737561491	9.46263239733332
8.98366808667592	0.228921919490189	8.53498112447515	9.43235504887669
9.07506295762856	0.236898858347525	8.61074119526741	9.53938471998971
9.26994432850513	0.230433275641537	8.81829510824772	9.72159354876255
9.0821509908507	0.209886739627346	8.6707729811811	9.49352900052029
8.9522403703698	0.240773131551878	8.48032503252812	9.42415570821148
9.47357434640381	0.239750655642792	9.00366306134394	9.94348563146369
8.84579512438561	0.197258945999427	8.45916759022674	9.23242265854449
9.18416055463403	0.238535540726578	8.71663089480994	9.65169021445812
8.63469533558764	0.212782581438035	8.21764147596909	9.05174919520619
8.82044277833797	0.231031445153385	8.36762114583733	9.2732644108386
8.86953588765223	0.244598188263828	8.39012343865513	9.34894833664933
8.82078839032265	0.227439322645689	8.3750073179371	9.2665694627082
8.74500149153374	0.204587734982806	8.34400953096744	9.14599345210004
8.66490155736514	0.212645046161492	8.24811726688862	9.08168584784167
9.0018886220065	0.226569633307971	8.55781214072287	9.44596510329012
9.09319290117881	0.258572939082739	8.58638994057665	9.59999586178098
9.43640047429055	0.238396002408656	8.96914430956959	9.90365663901152
8.7424505948411	0.218759705017992	8.31368157300583	9.17121961667636
8.84472154202108	0.228354987130632	8.39714576724504	9.29229731679712
9.12139241125765	0.235811869243188	8.659201147541	9.5835836749743
9.19894621236632	0.227170824544768	8.75369139625858	9.64420102847407
8.85885047642121	0.218399048277024	8.43078834179824	9.28691261104417
9.08313648678578	0.238296801176628	8.61607475647959	9.55019821709197
8.96632183089956	0.218012764742971	8.53901681200333	9.39362684979578
8.63099232796495	0.240870211452826	8.15888671351741	9.10309794241249
8.9223848326669	0.217812908607801	8.49547153179561	9.34929813353819
8.99347149766072	0.225053178047761	8.5523672686871	9.43457572663433
9.21881772761173	0.225727489162599	8.77639184885304	9.66124360637043
8.66471151005448	0.222847306864606	8.22793078859985	9.10149223150911
9.03624053735501	0.227837961604526	8.58967813261014	9.48280294209988
9.14065762170729	0.220579224564081	8.70832234156169	9.57299290185289
9.00579912176407	0.253367143804819	8.50919951990662	9.50239872362151
9.22849389585092	0.225932534415603	8.78566612839634	9.6713216633055
9.12820574351569	0.237786151775942	8.66214488603485	9.59426660099654
9.10362207160174	0.233421666051355	8.64611560614108	9.56112853706239
8.8751425628288	0.212996215377801	8.45766998068831	9.29261514496929
8.97734831875431	0.233526881486287	8.51963563104119	9.43506100646743
8.88679351231717	0.203759750566546	8.48742440120675	9.2861626234276
8.60441913230696	0.224933671885568	8.16354913541125	9.04528912920268
8.9127476962149	0.23209831607798	8.45783499670206	9.36766039572774
9.21442736083206	0.21593602579071	8.79119275028227	9.63766197138185
8.97630885353972	0.207189964342743	8.57021652342794	9.3824011836515
8.85230062575044	0.230431804982555	8.40065428798463	9.30394696351625
8.81586622888851	0.216483056749152	8.39155943766017	9.24017302011685
8.96760726891392	0.232794866811395	8.51132932996358	9.42388520786425
9.02002205981445	0.228401283251866	8.57235554464079	9.46768857498811
9.06893814941101	0.223691799888585	8.63050222162938	9.50737407719263
9.01328899609941	0.249972817637541	8.52334227352983	9.50323571866899
9.37642148167783	0.241832804410012	8.90242918503421	9.85041377832145
8.80218866137631	0.231932510403911	8.34760094098465	9.25677638176798
8.9296277572042	0.22509398111653	8.4884435542158	9.3708119601926
8.84247724165505	0.220073094475491	8.41113397648308	9.27382050682701
9.00140453710276	0.24040948974655	8.53020193719952	9.472607137006
9.02573281482248	0.222538703828589	8.58955695531844	9.46190867432651
8.55855523391058	0.235180563917156	8.09760132863296	9.01950913918821
9.02506353772027	0.224217278816816	8.58559767123931	9.46452940420123
9.23376396361849	0.235701538738295	8.77178894769143	9.69573897954554
9.10438729235363	0.241994279562663	8.63007850441081	9.57869608029645
8.9238133533208	0.247029132944385	8.43963625274981	9.4079904538918
8.91467774151499	0.22011573341542	8.48325090402077	9.34610457900922
8.52308437001428	0.198468256581897	8.13408658711377	8.9120821529148
9.32034619402139	0.268487991911082	8.79410972987567	9.84658265816711
8.92034008188796	0.209334263572838	8.51004492528519	9.33063523849072
9.27029621013703	0.215437940425149	8.84803784690374	9.69255457337032
9.39205968794966	0.225885622834206	8.94932386719461	9.8347955087047
9.17175583856228	0.226583529217153	8.72765212129666	9.6158595558279
9.00046634887932	0.230522524696956	8.54864220047329	9.45229049728536
9.10734728286305	0.220384994059099	8.67539269450722	9.53930187121888
8.99414117088265	0.22200047936086	8.55902023133537	9.42926211042994
9.49584344517522	0.2431615272312	9.01924685180206	9.97244003854837
9.1974345083329	0.226625558185028	8.75324841429024	9.64162060237555
8.80114598817373	0.248911419631485	8.31327960569602	9.28901237065145
8.69089050744605	0.215981207658701	8.267567340435	9.11421367445711
8.75744955942818	0.22067750659037	8.32492164651106	9.18997747234531
9.05025773372171	0.239977058380098	8.57990269929672	9.5206127681467
9.54617187915068	0.238948269223268	9.07783327147307	10.0145104868283
8.87920030388597	0.226714666641283	8.43483955726905	9.32356105050288
8.78474438173859	0.239104826478859	8.31609892184003	9.25338984163716
9.1367495792316	0.232722503885885	8.68061347161527	9.59288568684794
8.59683359921591	0.206142484435	8.19279432972331	9.00087286870851
8.56783002642727	0.206034289548914	8.1640028189114	8.97165723394314
8.94829872872718	0.218975110822278	8.51910751151551	9.37748994593884
9.01743278586217	0.225069044474051	8.57629745869303	9.45856811303131
9.01289398007487	0.221150466697575	8.57943906534762	9.44634889480212
8.9372961889041	0.227519855749497	8.49135727163508	9.38323510617311
8.99082694995033	0.206508192449942	8.58607089274845	9.39558300715222
8.93641134194799	0.216220523576834	8.51261911573739	9.36020356815858
8.9196043747339	0.237301807982426	8.45449283108835	9.38471591837945
8.71129513279984	0.202187641031163	8.31500735637876	9.10758290922092
8.99099892224105	0.218649658486777	8.56244559160697	9.41955225287514
9.26535826176275	0.221525192005136	8.83116888543269	9.69954763809282
9.34748742093397	0.248799831391053	8.8598397514075	9.83513509046043
8.47858647443291	0.207365598732607	8.072149900917	8.88502304794882
8.8422554985804	0.230667592636885	8.3901470170121	9.29436398014869
8.92410753966823	0.237741406932159	8.4581343820812	9.39008069725526
8.88410035264828	0.219358451684543	8.45415778734658	9.31404291794999
8.97614948492924	0.214147951853005	8.55641949929736	9.39587947056113
8.73549719855192	0.213490837348734	8.3170551573484	9.15393923975544
8.92209076849532	0.239667439161244	8.45234258773928	9.39183894925135
8.74067638790847	0.235782321399017	8.27854303796639	9.20280973785054
8.71599580776934	0.225379014050514	8.27425294023034	9.15773867530835
8.57568449230436	0.217391543232443	8.14959706756877	9.00177191703995
8.98533356718743	0.237657628437377	8.51952461545017	9.45114251892469
8.89621276899839	0.237349381205638	8.43100798183534	9.36141755616144
8.91019029122421	0.226068580539131	8.46709587336751	9.35328470908091
8.72637549581018	0.21243846175461	8.30999611077114	9.14275488084921
9.14562519906356	0.225376371301418	8.70388751131278	9.58736288681434
9.33840087035584	0.229792245453529	8.88800806926692	9.78879367144475
8.67084121197675	0.212503004702516	8.25433532275982	9.08734710119368
8.98711469956105	0.220053544276569	8.55580975277897	9.41841964634312
8.96802203516541	0.249935521504046	8.47814841301748	9.45789565731335
9.11353854154387	0.234464470280843	8.65398817979342	9.57308890329432
9.09663213976166	0.246414817864496	8.61365909674725	9.57960518277607
8.96632216202311	0.237003542446428	8.50179521882812	9.43084910521811
9.06574197049275	0.227766697633023	8.61931924313203	9.51216469785348
9.08347620673717	0.240669786015422	8.61176342614694	9.55518898732739
9.01885527505729	0.215150034478726	8.59716120747899	9.4405493426356
9.0968786749928	0.233079738985852	8.64004238658053	9.55371496340507
8.9699626795566	0.229077581260289	8.52097062028644	9.41895473882677
8.95657582627416	0.224328833468665	8.51689131267558	9.39626033987275
9.02604156234048	0.226470606262263	8.58215917406645	9.46992395061452
8.74529338341165	0.237770975721735	8.27926227099705	9.21132449582626
8.70768549761644	0.218813187610653	8.27881164989956	9.13655934533332
9.1232517517043	0.23430534681234	8.66401327195211	9.58249023145648
9.09056139575641	0.224872822333555	8.64981066398264	9.53131212753018
9.1326981122595	0.229422592562662	8.68302983083669	9.58236639368232
9.29171789275492	0.223072401686501	8.85449598544938	9.72893980006046
8.82718410537198	0.226041037218809	8.38414367242312	9.27022453832085
8.66795138579664	0.209877141378899	8.256592188694	9.07931058289929
8.69983876673825	0.22542170460254	8.25801222571727	9.14166530775923
8.93971618732193	0.223394808307837	8.50186236303857	9.37757001160529
9.20953401541282	0.224423043100263	8.7696648509363	9.64940317988933
9.00061046533465	0.213106044572675	8.58292261797221	9.4182983126971
9.30432860740943	0.240381147869753	8.83318155758472	9.77547565723415
8.74287253930243	0.23340556465532	8.285397632578	9.20034744602686
8.96674095512097	0.232275441494386	8.51148108979197	9.42200082044996
9.18071361380222	0.232599464690601	8.72481866300865	9.6366085645958
9.17637950894308	0.217938357215377	8.74922032880094	9.60353868908522
8.83329976115689	0.20353435226067	8.43437243072598	9.23222709158781
9.20849948845988	0.257159603990473	8.70446666463855	9.71253231228121
9.03350257513629	0.213695304022026	8.61465977925312	9.45234537101946
8.8108012448077	0.216844338739569	8.38578634087814	9.23581614873725
8.89772375354061	0.233089865590596	8.44086761698304	9.35457989009818
8.99058430867366	0.241168877810396	8.51789330816529	9.46327530918204
8.95731895962353	0.220842629612107	8.5244674055838	9.39017051366326
9.08619603658207	0.22097930716804	8.65307659453271	9.51931547863142
9.05165928664944	0.235527118494244	8.59002613440072	9.51329243889816
8.62719867137286	0.2077412169124	8.22002588622455	9.03437145652116
9.0590202501477	0.240135588120486	8.58835449743155	9.52968600286385
9.10396583374701	0.221461382821621	8.66990152341663	9.53803014407739
8.8075464984032	0.227889438024575	8.36088319987503	9.25420979693137
8.97619778147651	0.229387607053504	8.52659807165165	9.42579749130138
8.96734908940842	0.216994393725665	8.54204007770612	9.39265810111073
9.11919000401483	0.222653008719513	8.68279010692459	9.55558990110508
8.88491909502807	0.202837885311814	8.48735683981691	9.28248135023923
8.93065926492174	0.229952945112051	8.47995149250212	9.38136703734136
8.63831749419438	0.228466729894778	8.19052270360061	9.08611228478814
8.75914883430377	0.239114536811194	8.29048434215383	9.22781332645371
8.70792223171826	0.209540028755929	8.29722377535663	9.11862068807988
8.93921099164761	0.222959984110238	8.50220942279154	9.37621256050367
9.00700266341078	0.218325007352717	8.57908564899945	9.4349196778221
9.07363248176164	0.220120194333832	8.64219690086733	9.50506806265595
9.39475170753835	0.2337876851687	8.93652784460769	9.852975570469
9.18720151106409	0.22849375598204	8.73935374933929	9.63504927278889
8.85884651367695	0.218132230780216	8.43130734134773	9.28638568600617
9.38326382362466	0.227142587127159	8.93806435285543	9.82846329439389
9.27482990652884	0.211782777453452	8.85973566272008	9.68992415033761
9.16022258876435	0.214683218398208	8.73944348070386	9.58100169682484
9.18088474237153	0.217750455112879	8.75409385035029	9.60767563439277
9.18761143646229	0.203728502149034	8.78830357225019	9.5869193006744
8.57169275345148	0.233114402687879	8.11478852418324	9.02859698271972
9.0392058987956	0.214435891291109	8.61891155186503	9.45950024572618
8.86698100067182	0.208997428153529	8.4573460414909	9.27661595985274
9.1369141499792	0.224604806347674	8.69668872953776	9.57713957042064
8.85366631046363	0.218559668024548	8.42528936113552	9.28204325979174
9.2852484852626	0.250595562764571	8.79408118224404	9.77641578828116
9.13375606435907	0.222035921339042	8.69856565853455	9.56894647018359
8.97371255224146	0.233849451410311	8.51536762747725	9.43205747700567
9.38479195605543	0.231948494482156	8.93017290687041	9.83941100524046
9.17166454851553	0.223249229183592	8.73409605931569	9.60923303771537
9.13357539122506	0.218707085093764	8.70490950444129	9.56224127800884
9.00252374717631	0.226618322476857	8.55835183512167	9.44669565923095
8.91644454630298	0.23597184232975	8.45393973533667	9.37894935726929
8.93983522242327	0.221092346223366	8.50649422382547	9.37317622102107
9.18146338015686	0.263620666178838	8.66476687444634	9.69815988586738
9.08489596290585	0.222075411748394	8.649628155879	9.5201637699327
8.79332070904663	0.221187665189344	8.35979288527551	9.22684853281774
8.92278336585585	0.229593560033805	8.47277998818959	9.37278674352211
9.32882475170268	0.217822073091197	8.90189348844393	9.75575601496142
8.79207476791944	0.237249592154623	8.32706556729638	9.2570839685425
9.06650625296292	0.214282363849409	8.64651281981808	9.48649968610776
8.88153040664876	0.221209400871649	8.44795998094033	9.31510083235719
9.11854703517624	0.209934715552472	8.70707499269339	9.53001907765908
8.87676363446139	0.231613694124886	8.42280079397661	9.33072647494617
8.89403141322146	0.219209965194312	8.46437988144061	9.32368294500231
8.99460126292724	0.209229278445718	8.58451187717363	9.40469064868085
8.91974223842143	0.22792562753474	8.47300800845334	9.36647646838952
9.17104179531193	0.220104017470363	8.73963792107002	9.60244566955384
9.20552134555637	0.208705744831354	8.79645808568691	9.61458460542582
8.734391809795	0.209185604614054	8.32438802475146	9.14439559483855
8.954361892788	0.235495665197416	8.49279038900106	9.41593339657493
8.86301555932204	0.217544233817786	8.43662886103918	9.28940225760491
8.69009877264754	0.196195492884237	8.30555560659444	9.07464193870065
8.82078489201841	0.229309984587518	8.37133732222687	9.27023246180994
9.08240064562926	0.226895895305011	8.63768469083144	9.52711660042708
8.99553375416829	0.239773387720374	8.52557791423636	9.46548959410023
9.08689117381692	0.217760616038446	8.66008036638157	9.51370198125228
8.85419352656634	0.249111795822	8.36593440675522	9.34245264637746
8.8405746100548	0.23064226619167	8.38851576831912	9.29263345179047
9.26741138940976	0.225212648542517	8.82599459826643	9.7088281805531
9.11472912429722	0.233731079494395	8.65661620848821	9.57284204010624
8.62169268374798	0.229366748143327	8.17213385738706	9.0712515101089
9.28467826577616	0.232266728688359	8.82943547754697	9.73992105400534
9.36326661890443	0.214376812596816	8.94308806621467	9.78344517159419
9.22302616650263	0.231098449275739	8.77007320592218	9.67597912708308
8.46653775743322	0.218068499291956	8.03912349882099	8.89395201604546
8.88583454056838	0.254993719976051	8.38604684941532	9.38562223172144
8.88207180852142	0.233668657964985	8.42408123891005	9.34006237813279
9.09236108466031	0.220005088046812	8.66115111208856	9.52357105723206
8.73496117317689	0.207874692577784	8.32752677572444	9.14239557062935
8.66661548079318	0.209150593899859	8.25668031674946	9.0765506448369
8.8620087338591	0.232036131003125	8.40721791709298	9.31679955062523
8.78989993352138	0.222125579427373	8.35453379784373	9.22526606919904
9.07662612266299	0.224694531004708	8.63622484189376	9.51702740343222
9.04153490625523	0.230522976079174	8.58970987314005	9.49335993937041
9.27214348990398	0.227439920134006	8.82636124644133	9.71792573336663
8.93716823698804	0.220409956955388	8.50516472135548	9.3691717526206
9.08491587437438	0.2256369531793	8.64266744614295	9.52716430260581
8.9903432957708	0.213139540249332	8.57258979688211	9.40809679465949
9.43156082482584	0.246634480980576	8.94815724210391	9.91496440754777
8.98836842065053	0.228337271443568	8.54082736862114	9.43590947267993
8.80235287738697	0.226709120366503	8.35800300146863	9.24670275330532
9.01918829256382	0.222059809317926	8.58395106630068	9.45442551882695
8.98937998102486	0.235813768472273	8.5271849948192	9.45157496723051
8.85751113668595	0.237831285744405	8.39136181662691	9.32366045674498
9.34979892130898	0.225932549030832	8.90697112520855	9.79262671740942
8.59401742434871	0.21476196765914	8.17308396773679	9.01495088096062
9.24167606483207	0.238453238770636	8.77430771684162	9.70904441282251
9.08494328228567	0.217238710651368	8.65915540940899	9.51073115516235
8.8987371416796	0.215780024545469	8.47580829357048	9.32166598978872
8.8367899413886	0.199612191609498	8.44555004583399	9.22802983694322
9.2393061266807	0.245908659207003	8.75732515463497	9.72128709872643
9.23282067162132	0.267580526181964	8.70836284030467	9.75727850293797
9.27746974124627	0.221619279058312	8.84309595429198	9.71184352820057
8.79774441914194	0.214941124766624	8.37645981459935	9.21902902368452
8.95915783036036	0.204836059451568	8.55767915383528	9.36063650688543
9.23741980755785	0.21260866810898	8.82070681806425	9.65413279705145
8.96021636861162	0.210074562110445	8.54847022687515	9.37196251034809
8.73063599332595	0.23323435617549	8.27349665522198	9.18777533142991
9.02651471974465	0.246603717571398	8.54317143330471	9.50985800618459
9.47562326006372	0.240675509047816	9.00389926233	9.94734725779743
9.32572348427334	0.250965186130254	8.83383171945804	9.81761524908864
9.06282470939643	0.235710242345178	8.60083263439988	9.52481678439297
9.13302303180228	0.232241351065394	8.67782998371411	9.58821607989045
9.04400124642881	0.221499762596374	8.60986171173992	9.4781407811177
8.99608929019851	0.232889038110669	8.5396267755016	9.45255180489542
9.22430478805799	0.240031092837851	8.7538438460958	9.69476573002018
9.12360850020585	0.258261642871041	8.61741568017861	9.62980132023309
8.77451652217282	0.223973733901434	8.33552800372601	9.21350504061963
9.13764086399239	0.244530465840347	8.65836115094531	9.61692057703947
9.06141869123303	0.229318404743671	8.61195461793543	9.51088276453063
8.909548931821	0.237143286800884	8.44474808969127	9.37434977395073
8.96095456471646	0.237143901670584	8.49615251744211	9.4257566119908
9.14891248731055	0.253708695961711	8.6516434432256	9.64618153139551
9.09713205422733	0.222310323131499	8.66140382088959	9.53286028756507
8.76269809398888	0.239460288086877	8.2933559293386	9.23204025863915
8.85807187313686	0.207086490667745	8.45218235142808	9.26396139484565
8.96799766481587	0.249003902314462	8.47995001627952	9.45604531335221
9.17895481014825	0.252672709615662	8.68371629930155	9.67419332099495
8.675991881173	0.207575539857861	8.2691438230516	9.08283993929441
9.07895954351341	0.224633935562859	8.63867702981021	9.51924205721662
9.06868692584303	0.221369447251521	8.63480280923005	9.50257104245601
9.58113734377256	0.236705483033678	9.11719459702655	10.0450800905186
9.02357435276735	0.220125405508597	8.5921285579705	9.4550201475642
8.88021072719418	0.217656909312161	8.45360318494235	9.30681826944602
8.99726486494273	0.21340357459324	8.57899385873998	9.41553587114548
9.0494073038087	0.229572522742687	8.59944515923303	9.49936944838437
9.17279189268581	0.228782780322653	8.72437764325341	9.62120614211821
8.89250192189405	0.238088790265359	8.42584789297394	9.35915595081415
8.87055917476477	0.213477306863319	8.45214365331267	9.28897469621688
8.99421549234451	0.218750560160621	8.56546439442969	9.42296659025933
8.82160776049748	0.230037076446892	8.37073509066157	9.27248043033339
9.0972205454846	0.226715203571217	8.65285874648502	9.54158234448419
8.67984411077966	0.224684153666981	8.23946316959237	9.12022505196694
9.21134714057415	0.237171041908783	8.74649189843294	9.67620238271537
9.11567977149649	0.2337580470855	8.65751399920891	9.57384554378407
9.22752195235477	0.220022407658792	8.79627803334353	9.658765871366
8.8800882485516	0.229037679771481	8.4311743961995	9.3290021009037
9.30233788404778	0.245051781077644	8.8220363931356	9.78263937495997
8.97509715565796	0.228415672869677	8.52740243683339	9.42279187448252
8.87690512807378	0.230786368630777	8.42456384555745	9.3292464105901
8.94246163768686	0.230988105901397	8.48972495012012	9.3951983252536
8.83858358022605	0.238103406937552	8.37190090262845	9.30526625782365
9.52461359941491	0.258365502840153	9.01821721384821	10.0310099849816
8.99019806443248	0.21476142039364	8.56926568046094	9.41113044840401
9.1805370126104	0.217271850994856	8.75468418466048	9.60638984056032
8.92629920806594	0.22963676968302	8.47621113948722	9.37638727664466
9.05047504990293	0.232481023219301	8.5948122443931	9.50613785541276
9.0484767988314	0.21788113670557	8.62142977088848	9.47552382677431
9.14830189248185	0.224902501659692	8.70749298922885	9.58911079573485
9.13006100326106	0.21693734205631	8.70486381283069	9.55525819369143
9.15069808799506	0.230319104402084	8.69927264336697	9.60212353262314
8.92642412009295	0.220779879461818	8.49369555634778	9.35915268383811
8.98516154905341	0.231812536281023	8.53080897794261	9.43951412016422
8.91585670836502	0.232444302924438	8.46026587463312	9.37144754209692
9.39832042850443	0.251642495872542	8.90510113659425	9.89153972041461
9.02269030753074	0.216497102206129	8.59835598720673	9.44702462785475
9.24266037759444	0.23471167779636	8.78262548911357	9.7026952660753
8.94553378551044	0.246573008498451	8.46225068885347	9.4288168821674
9.27822696855927	0.225524682518654	8.83619859082271	9.72025534629583
9.08219504098822	0.250762837349055	8.59069987978407	9.57369020219237
9.01696748257195	0.229140253875077	8.56785258497679	9.4660823801671
9.39859442006544	0.240201778158435	8.92779893487491	9.86938990525597
8.6898560410537	0.209884651157952	8.27848212478412	9.10122995732329
8.68985921930833	0.207469477135987	8.28321904412179	9.09649939449486
8.70263259759035	0.202312061778931	8.30610095650365	9.09916423867706
9.20898846918664	0.234496471502276	8.74937538504218	9.66860155333111
8.70372922390181	0.226043117010038	8.26068471456213	9.14677373324148
9.3048573253529	0.235698481929412	8.84288830077125	9.76682634993454
8.75641348262601	0.203417430384796	8.35771531907181	9.15511164618021
8.86765046567356	0.213622805045573	8.44894976778423	9.28635116356288
9.28228225376881	0.23332332968952	8.82496852757735	9.73959597996026
9.1415723844421	0.246164447743628	8.65909006686459	9.62405470201961
8.63709881133597	0.19867311482977	8.24769950626962	9.02649811640231
8.96928091716723	0.218645219071329	8.54073628778742	9.39782554654703
8.75811497472599	0.198545664596597	8.36896547211666	9.14726447733532
8.8350898006835	0.213410696927044	8.41680483470649	9.25337476666051
8.71352809838672	0.239669582414382	8.24377571685454	9.18328047991891
8.77392461551582	0.229978088633505	8.32316756179415	9.22468166923749
8.93053057321839	0.225498973031487	8.48855258607668	9.37250856036011
8.49942960892591	0.200819966157993	8.10582247525624	8.89303674259557
9.09302487298042	0.23188779002459	8.63852480453222	9.54752494142862
9.15882748672258	0.224344287272335	8.71911268366881	9.59854228977636
9.05278307969218	0.24608784039129	8.57045091252525	9.53511524685911
9.08165668896661	0.227583617043326	8.6355927995617	9.52772057837153
9.01044455346573	0.227433172427252	8.56467553550832	9.45621357142314
9.37453833462419	0.258839026506955	8.86721384267056	9.88186282657782
9.24720439406428	0.216219939318013	8.82341331300097	9.67099547512758
8.81186979601087	0.224993563092977	8.37088241234864	9.25285717967311
9.0006199425876	0.232976963724655	8.54398509368728	9.45725479148793
8.88394952304528	0.21312178985754	8.4662308149245	9.30166823116605
8.71369269913469	0.245790811706359	8.23194270819023	9.19544269007916
8.92599142527689	0.212827805181297	8.50884892712155	9.34313392343224
8.93062338959681	0.218858799473314	8.50166014262912	9.35958663656451
8.88832591978226	0.223225903928069	8.45080314808325	9.32584869148128
8.96387735444043	0.21054698533391	8.55120526318596	9.37654944569489
8.90663375687261	0.220417193206663	8.47461605818756	9.33865145555767
9.28280828606028	0.205722851817546	8.87959149649789	9.68602507562267
9.1757338599496	0.232820990949348	8.71940471768888	9.63206300221033
9.30292614413683	0.2578311464585	8.79757709707817	9.80827519119549
8.56746639951603	0.209569014213381	8.1567111316578	8.97822166737426
9.19642247327251	0.233682948926478	8.73840389337662	9.65444105316841
8.91250012034294	0.226967108276331	8.46764458812133	9.35735565256454
8.97473594066323	0.219105031935674	8.54529007806931	9.40418180325715
9.09398432979158	0.222850393074295	8.65719755936596	9.53077110021719
9.06903731765031	0.244596971023942	8.58962725444338	9.54844738085723
9.10928948549238	0.233980605706974	8.65068749830671	9.56789147267805
9.02403821471928	0.215295683994119	8.60205867409081	9.44601775534776
8.7750117856864	0.220068196586829	8.34367812037622	9.20634545099658
8.74299507076175	0.22445961240385	8.3030542304502	9.18293591107329
8.66622912463074	0.219604878876609	8.23580356203259	9.0966546872289
9.03612673516128	0.229301431580667	8.58669592926317	9.48555754105939
8.97464978684417	0.220614994347447	8.54224439792318	9.40705517576517
8.90257187750065	0.20694559691734	8.49695850754266	9.30818524745863
9.16994435758735	0.245029183167395	8.68968715857926	9.65020155659545
9.0266760903086	0.214708438200546	8.60584755143553	9.44750462918167
9.18712461496269	0.21743451582707	8.76095296394163	9.61329626598375
8.80322172198414	0.211439814404831	8.38879968575068	9.21764375821761
9.27285057643111	0.22934034392432	8.82334350233944	9.72235765052278
9.17351145015815	0.232987678686084	8.71685559993343	9.63016730038288
8.76841926021804	0.202877279258258	8.37077979287186	9.16605872756423
8.72676823804425	0.244105471135536	8.2483215146186	9.2052149614699
8.7048028378125	0.222338482907377	8.26901941131404	9.14058626431095
8.9194803922502	0.222359840299177	8.48365510526381	9.35530567923659
8.73281386918845	0.218101743417228	8.30533445209069	9.16029328628622
9.01169266146775	0.211434247962789	8.59728153546068	9.42610378747482
9.30034168195738	0.247584695123382	8.81507567951555	9.78560768439921
8.84658698749016	0.234666103722268	8.38664142419452	9.30653255078581
9.0771539370425	0.23527991805752	8.61600529764976	9.53830257643524
9.01421628268342	0.239583216658314	8.54463317803313	9.48379938733372
9.01917789686409	0.214207353428734	8.59933148414378	9.43902430958441
9.00784802923819	0.209295233427065	8.59762937172114	9.41806668675523
8.90074001986156	0.230382408243707	8.44919049970389	9.35228954001922
8.9138528632794	0.206929321359294	8.50827139341518	9.31943433314362
8.60419297865667	0.210247764044115	8.1921073611302	9.01627859618313
9.1315692852777	0.228385701254049	8.68393331081976	9.57920525973563
9.25748512420881	0.222595567800953	8.82119781131895	9.69377243709868
8.95118464806073	0.222842188350889	8.51441395889299	9.38795533722847
8.90863808759187	0.238236387294555	8.44169476849454	9.37558140668919
8.96499738942364	0.211170608671214	8.55110299642806	9.37889178241922
9.45778037311786	0.24164050815313	8.98416497713772	9.93139576909799
8.9705744505738	0.226103063010413	8.52741244707339	9.41373645407421
8.60294601002399	0.201084727211413	8.20881994468962	8.99707207535836
9.08482065627463	0.224893042509095	8.6440302929568	9.52561101959246
8.61015930585795	0.206488029964427	8.20544276712768	9.01487584458823
8.99248078007822	0.219881074494961	8.5615138740681	9.42344768608834
8.97603708957867	0.204416539207325	8.57538067273232	9.37669350642503
8.67519496089765	0.20895713393838	8.26563897837842	9.08475094341687
9.0243550953486	0.251680633737024	8.53106105322404	9.51764913747317
8.81114682092476	0.214279997234869	8.39115802634442	9.23113561550511
9.11108419957262	0.242812337484685	8.63517201810264	9.5869963810426
8.91177901412691	0.231629762944775	8.45778467875515	9.36577334949866
8.94332493123998	0.236981268449888	8.4788416450782	9.40780821740176
9.36532328956646	0.227813425337689	8.91880897590459	9.81183760322833
9.40765141411969	0.225201587840782	8.96625630195176	9.84904652628762
9.05023843474577	0.239563462042187	8.58069404914308	9.51978282034846
8.66017743843303	0.221681564045773	8.22568157290332	9.09467330396275
8.78696620306371	0.216453699470882	8.36271695210078	9.21121545402664
8.94239112586462	0.219134284716515	8.51288792782025	9.37189432390899
9.12092976431078	0.239531677381101	8.65144767664382	9.59041185197773
8.96175579562175	0.219626761029238	8.53128734400444	9.39222424723906
9.21583746927233	0.246672370689006	8.73235962272188	9.69931531582278
9.21125059543402	0.227165418352999	8.76600637546214	9.6564948154059
8.61886670863513	0.197604416546592	8.23156205220381	9.00617136506645
9.42827167607906	0.243686827824016	8.95064549354399	9.90589785861413
9.34495937186585	0.240448176408388	8.87368094610541	9.81623779762629
9.23905483215497	0.222180407330307	8.80358123378757	9.67452843052237
8.94542659010355	0.217253763973119	8.51960921271623	9.37124396749086
8.92900926630909	0.2450057368097	8.44879802216208	9.40922051045611
9.14216206759961	0.225896617503849	8.69940469729207	9.58491943790716
9.23557914313533	0.223956786381889	8.79662384182683	9.67453444444384
9.20835798084899	0.223612723605106	8.77007704258299	9.646638919115
8.57633458735084	0.20464526468558	8.1752298685671	8.97743930613458
9.16221082299731	0.204069988785956	8.76223364497684	9.56218800101779
9.18874637230491	0.238028736550559	8.72221004866582	9.65528269594401
9.11642631448945	0.209252940878285	8.70629055036801	9.52656207861089
9.39160098687566	0.245331047811637	8.91075213316486	9.87244984058647
9.02761439816363	0.242327485329797	8.55265252691723	9.50257626941004
8.86810884165865	0.207385425681501	8.46163340732291	9.27458427599439
9.12102755150729	0.236750803558502	8.65699597653263	9.58505912648195
9.16847226946171	0.245406538065469	8.6874754548534	9.64946908407003
8.71101132834462	0.219809937735715	8.28018385038262	9.14183880630662
8.78574370089636	0.218250656197588	8.35797241474909	9.21351498704363
8.94354292254663	0.232536182837528	8.48777200418508	9.39931384090819
9.01728278122539	0.210893720415656	8.6039310892107	9.43063447324008
9.25353183656459	0.233105765743513	8.79664453570731	9.71041913742188
8.69182534585527	0.210871662368939	8.27851688761215	9.10513380409839
8.88322269149862	0.237800526026779	8.41713366048613	9.34931172251111
8.79661441624998	0.234858506020228	8.33629174445033	9.25693708804962
9.12699031895944	0.229839821661969	8.67650426850198	9.5774763694169
9.09574365476666	0.219392737690906	8.66573388889248	9.52575342064084
8.79907242075208	0.216120260922835	8.37547670934333	9.22266813216084
9.22549515353758	0.229109393136601	8.77644074298984	9.67454956408532
9.41892329270574	0.248735618771258	8.93140147991407	9.9064451054974
9.22541978150444	0.231391814777726	8.77189182454009	9.67894773846878
8.86864758128025	0.234981806392542	8.40808324075087	9.32921192180964
8.82028567836831	0.21372585971736	8.40138299332229	9.23918836341434
9.08499717660709	0.22745545832206	8.63918447829586	9.53080987491833
8.96951890319574	0.225238771574628	8.52805091090947	9.41098689548202
9.14611409672217	0.232284062961189	8.69083733331824	9.6013908601261
9.31138028013918	0.233412103543352	8.85389255719421	9.76886800308415
8.73494346400589	0.211306244098072	8.32078322557367	9.14910370243811
8.67211839571615	0.215914249326689	8.24892646703583	9.09531032439646
8.71244322131206	0.212832565980817	8.29529139198966	9.12959505063446
9.03853743475734	0.25689247835503	8.53502817718148	9.54204669233319
9.08223760792451	0.228202805093445	8.63496010994136	9.52951510590766
9.07587459328892	0.231022680203635	8.6230701400898	9.52867904648804
8.83277511477882	0.242634149086178	8.35721218256991	9.30833804698772
9.42148614707185	0.251338612994063	8.92886246560349	9.91410982854022
9.07507479306635	0.195916123981023	8.69107919006355	9.45907039606916
9.17684053749852	0.233360812669763	8.71945334466578	9.63422773033125
9.22197884304784	0.210839929216149	8.80873258178419	9.63522510431149
9.00595325113	0.228438397478588	8.55821399207197	9.45369251018803
9.06705146130291	0.217778958920928	8.64020470181789	9.49389822078793
8.85988882584496	0.215825408356236	8.43687102546674	9.28290662622318
8.94060423860147	0.213019803617713	8.52308542351075	9.35812305369219
8.78449951301073	0.228799889412176	8.33605172976286	9.23294729625859
8.98375839074053	0.213805966336842	8.56469869672032	9.40281808476074
8.78158959663992	0.238074983831422	8.31496262833033	9.24821656494951
8.90178841761616	0.197795794374766	8.51410866064162	9.2894681745907
9.39800974340821	0.251205198057534	8.90564755521544	9.89037193160098
8.90441479276404	0.25973613149198	8.39533197503976	9.41349761048832
9.23992688138162	0.229596347651368	8.78991803998494	9.6899357227783
9.17966806517004	0.228535092958153	8.73173928297206	9.62759684736801
9.34095165706067	0.22531971090076	8.89932502369518	9.78257829042616
8.84059037827632	0.22410145727873	8.40135152201001	9.27982923454264
9.26580568615294	0.204159070647091	8.86565390768464	9.66595746462123
8.54039433615506	0.228871005490859	8.09180716539298	8.98898150691714
8.89219847471386	0.213064394158103	8.47459226216398	9.30980468726375
9.11145243586085	0.231385350728856	8.65793714843229	9.56496772328941
9.07339369410192	0.218029320516342	8.64605622588989	9.50073116231395
8.77553097494881	0.20383953011205	8.37600549592919	9.17505645396843
8.43383828233081	0.211571387378721	8.01915836306852	8.84851820159311
8.63152309002139	0.236350265872902	8.1682765689105	9.09476961113227
9.52070135238058	0.239611935128711	9.0510619595283	9.99034074523285
9.1201715980971	0.238978675558756	8.65177339400194	9.58856980219226
8.77066417884987	0.225205533999273	8.32926133221129	9.21206702548844
9.06425930681166	0.224419710972446	8.62439667330567	9.50412194031766
8.90424526480678	0.23903851806604	8.43572976939734	9.37276076021621
9.35828802548711	0.251589815136065	8.86517198782042	9.85140406315379
8.92271471250012	0.229487795424602	8.4729186334679	9.37251079153234
9.11676240677502	0.225073195110425	8.67561894435859	9.55790586919145
9.12116841631213	0.219718455647155	8.69052024324371	9.55181658938056
8.58418019186879	0.203741983720998	8.18484590377563	8.98351447996195
8.8458876794614	0.228744476757795	8.39754850501612	9.29422685390668
9.03591080891337	0.220100937448521	8.60451297151427	9.46730864631247
9.00877015523968	0.226916254154124	8.5640142970976	9.45352601338176
8.89512537331176	0.21118209354702	8.4812084699596	9.30904227666392
8.85408942775724	0.243554910547587	8.37672180308397	9.33145705243051
9.54922658508644	0.252100667145623	9.05510927748102	10.0433438926919
8.79691291631514	0.226338043343788	8.35329035136132	9.24053548126896
8.80832428172303	0.226143074516789	8.36508385567012	9.25156470777593
9.20924688482533	0.224520437306126	8.76918682770532	9.64930694194534
9.20143418281934	0.244004988008296	8.72318440632308	9.6796839593156
9.12071260466918	0.235582271723747	8.65897135209064	9.58245385724773
8.88634403085745	0.211837601714981	8.47114233149609	9.30154573021882
8.83935464241732	0.225702015801815	8.39697869144576	9.28173059338888
9.08182794434467	0.212367533663069	8.66558757836506	9.49806831032429
9.42401967034026	0.240382478298994	8.95287001287423	9.89516932780629
9.05093711330142	0.225986934765784	8.60800272116048	9.49387150544235
9.22373279920871	0.22769619657222	8.77744825392716	9.67001734449026
8.85021556684104	0.225424613448213	8.40838332448254	9.29204780919954
9.01289702087311	0.26498335835874	8.49352963848998	9.53226440325624
9.0444618340846	0.202168174939173	8.64821221120382	9.44071145696538
8.86462671839954	0.212588033176723	8.44795417337316	9.28129926342592
8.85967804023324	0.22091629203201	8.4266821078505	9.29267397261598
9.08216266036563	0.231185135310613	8.62903979515683	9.53528552557443
8.61242404977491	0.233292541541543	8.15517066835348	9.06967743119633
9.0649420579231	0.223868334002042	8.6261601232791	9.5037239925671
9.04497301480523	0.242941572294935	8.56880753310716	9.5211384965033
9.06863303905897	0.222675669665835	8.63218872651393	9.50507735160401
9.15786013738756	0.230415512670324	8.70624573255372	9.60947454222139
9.01616196561732	0.230768722960646	8.56385526861445	9.46846866262018
8.75873609027101	0.207160074684784	8.35270234388884	9.16476983665319
8.70393897863281	0.222601818388828	8.26763941459071	9.14023854267491
8.9110602204808	0.212776354745605	8.49401856517941	9.32810187578218
9.11234453721992	0.23917051766865	8.64357032258936	9.58111875185047
9.04331559651978	0.230009165036228	8.59249763304878	9.49413355999079
8.55740793950079	0.200109350469106	8.16519361258134	8.94962226642023
8.64281580071778	0.219952970802557	8.21170797794477	9.07392362349079
9.11852675457155	0.21748758090154	8.69225109600453	9.54480241313857
9.02048126687604	0.232941359079308	8.56391620308059	9.47704633067148
9.13584666264594	0.223752536248534	8.69729169159881	9.57440163369306
9.25277100473852	0.221751728318641	8.81813761723398	9.68740439224305
8.9238639889014	0.241560648698023	8.45040511745328	9.39732286034953
8.82181832530606	0.212619798527096	8.40508352019295	9.23855313041916
8.91671493119794	0.231720598784023	8.46254255758125	9.37088730481463
9.35123892876487	0.235922877031496	8.88883008978314	9.81364776774661
9.54085252497723	0.243386913695556	9.06381417413395	10.0178908758205
8.91903203582997	0.220532078246938	8.48678916246597	9.35127490919397
9.18874347460934	0.251584537480051	8.69563778114844	9.68184916807024
8.57713676044909	0.227640429681403	8.13096151827354	9.02331200262464
8.72818751479217	0.220267345786588	8.29646351705046	9.15991151253388
8.88951753394163	0.238631604839829	8.42179958845556	9.35723547942769
8.97652359841042	0.238881040116498	8.50831675978209	9.44473043703876
9.03929831854301	0.229167283640409	8.5901304426078	9.48846619447821
9.01587974392374	0.218713846228255	8.58720060531636	9.44455888253112
8.88386785900104	0.220364975857424	8.45195250632049	9.31578321168159
9.31222499741709	0.258001544947896	8.80654196931921	9.81790802551497
9.19736386307762	0.233912607853772	8.73889515168423	9.65583257447102
9.09478229244134	0.235140019967055	8.63390785330592	9.55565673157677
8.75254207144152	0.234417802860143	8.29308317783564	9.2120009650474
8.95915683703391	0.217595945132498	8.53266878457421	9.3856448894936
8.89359584894764	0.22175733896066	8.45895146458475	9.32824023331053
8.91933629755737	0.217899022659675	8.49225421314441	9.34641838197033
8.91835741540927	0.223951146296164	8.47941316866879	9.35730166214975
8.84822423195991	0.234528156022895	8.38854904615503	9.30789941776478
8.83533983004859	0.220771433292153	8.40262782079597	9.26805183930122
9.24252072951989	0.238819365605633	8.77443477293285	9.71060668610693
9.13305056670428	0.226957896148213	8.68821309025378	9.57788804315478
9.00591955274229	0.210717634766735	8.59291298859949	9.41892611688509
9.03078219625522	0.215124707848003	8.60913776887314	9.45242662363731
8.92487386022136	0.210432842834428	8.51242548826588	9.33732223217684
8.87813769739668	0.226825927435761	8.43355887962259	9.32271651517077
8.892726509882	0.226085973306662	8.44959800220094	9.33585501756305
8.76779076697077	0.219313970670444	8.3379353844567	9.19764614948484
9.25485222474446	0.237165458853397	8.7900079253918	9.71969652409711
8.47375496939159	0.228948257385569	8.02501638491588	8.92249355386731
9.65083755147373	0.246721880576423	9.16726266554394	10.1344124374035
8.92499811120863	0.211297132659942	8.51085573119514	9.33914049122212
8.7949500389402	0.209510511559295	8.38430943628398	9.20559064159642
9.18444415535647	0.202243427072931	8.78804703829353	9.58084127241942
9.43491130255067	0.226075345742326	8.99180362489571	9.87801898020563
9.34072683100575	0.249088222145955	8.85251391559968	9.82893974641183
8.79389934873631	0.215713923041712	8.37110005957455	9.21669863789806
9.11420573163524	0.228201121390022	8.6669315337108	9.56147992955969
8.69172669522638	0.207642709139875	8.28474698531223	9.09870640514054
8.96345332117829	0.201431818900768	8.56864695613279	9.3582596862238
9.18207731729114	0.219174396277842	8.75249550058657	9.6116591339957
8.96143719711417	0.221598447935025	8.52710423916152	9.39577015506682
9.03083765753083	0.230669200360979	8.57872602482331	9.48294929023835
8.955704543214	0.226481802679557	8.51180020996206	9.39960887646593
9.10549696421552	0.237734073074762	8.63953818098898	9.57145574744205
8.90257942466536	0.230693924833605	8.45041933199149	9.35473951733922
9.19288774004027	0.219259727123897	8.76313867487744	9.62263680520311
8.96740877128084	0.224986056956293	8.52643609964651	9.40838144291518
9.14945945640878	0.241971757106494	8.67519481248005	9.62372410033751
9.17812530063193	0.231870131622127	8.72365984265256	9.6325907586113
8.67548455481765	0.208032298049117	8.26774125064138	9.08322785899392
9.33508933913931	0.230209917483949	8.88387790087077	9.78630077740785
9.13475809459143	0.231943729166417	8.68014838542525	9.58936780375761
8.58470764692619	0.229281772031688	8.13531537374408	9.0340999201083
8.88711469234558	0.235675297303291	8.42519110963112	9.34903827506003
9.45484525860741	0.24501310437131	8.97461957403964	9.93507094317518
8.9640693621196	0.222296436945767	8.52836834570589	9.3997703785333
9.18593673533754	0.231821042315678	8.73156749239881	9.64030597827627
8.98996018636015	0.234439653234551	8.53045846602043	9.44946190669987
8.88133495937725	0.209221062593331	8.47126167669432	9.29140824206018
8.72444601385238	0.20169711658907	8.3291196653378	9.11977236236696
9.12820718960044	0.215462614366167	8.70590046544275	9.55051391375813
9.51977197851787	0.229262017971677	9.07041842329338	9.96912553374235
8.75571734997002	0.235884327612875	8.29338406784878	9.21805063209125
9.03527054184703	0.233872419193051	8.57688060022865	9.49366048346541
8.94878896195163	0.258210553564131	8.44269627696593	9.45488164693733
8.77527918949144	0.215350420073794	8.35319236614681	9.19736601283608
8.85623506135965	0.226345645583846	8.41259759601531	9.29987252670399
8.91294522276502	0.222293714854474	8.47724954165025	9.34864090387978
8.93430279681601	0.237439911424691	8.46892057042361	9.3996850232084
9.38670578414191	0.249861942695208	8.8969763764593	9.87643519182451
8.69215370821974	0.221248638148377	8.25850637744892	9.12580103899055
9.05751141147341	0.257480984950763	8.55284868096991	9.5621741419769
8.66358159815504	0.196127616736273	8.27917146935195	9.04799172695814
8.54988890541849	0.218575619104704	8.12148069197327	8.97829711886371
8.99524518350674	0.229740957994029	8.54495290583844	9.44553746117504
8.81282039164699	0.227832585802972	8.36626852347317	9.25937225982082
8.92828765533152	0.219917291394277	8.49724976419873	9.3593255464643
8.85063201316577	0.230528532306754	8.39879608984453	9.30246793648701
8.95481980445108	0.223235229994896	8.51727875366108	9.39236085524107
8.94564755935699	0.216626984812461	8.52105866912457	9.37023644958942
9.33326911191003	0.244011041578252	8.85500747041665	9.8115307534034
8.8936932711127	0.221697352709269	8.45916645980253	9.32822008242286
8.59682794323641	0.225536088613002	8.15477720955493	9.03887867691789
9.03750556077893	0.230013922373999	8.5866782729259	9.48833284863197
9.02208440070134	0.220679234106737	8.58955310185214	9.45461569955054
8.94686083958319	0.220852715438106	8.51398951732451	9.37973216184188
8.9355022552017	0.246631051282604	8.4521053946878	9.41889911571561
8.75876937225256	0.203601519569985	8.35971039389539	9.15782835060974
8.9145813158804	0.2291215531987	8.46550307161095	9.36365956014985
9.00754245804914	0.25010192268033	8.5173426895957	9.49774222650259
8.75317928425828	0.202809773370247	8.3556721284526	9.15068644006396
9.15023832750389	0.219965476895823	8.71910599278808	9.5813706622197
8.97693811035737	0.242615072490845	8.50141256827531	9.45246365243943
9.17603244440414	0.2324435519036	8.72044308267308	9.63162180613519
9.09006702007353	0.229668667776419	8.63991643123175	9.54021760891531
8.99092019486985	0.225771646007981	8.5484077686942	9.43343262104549
8.98639687057158	0.229824629384647	8.53594059697767	9.43685314416548
8.81809078171844	0.232047971393498	8.36327675778718	9.2729048056497
8.78073766581043	0.216313096340744	8.35676399698257	9.20471133463829
8.62019680101849	0.214755228342696	8.1992765534668	9.04111704857017
8.70364874593109	0.233661564301921	8.24567207989932	9.16162541196285
8.6249335866923	0.200280491171831	8.23238382399551	9.01748334938909
8.8624987764915	0.203455605746365	8.46372578922862	9.26127176375437
8.8336958010999	0.226295259257088	8.39015709295601	9.27723450924379
8.74693018092949	0.221645281694775	8.31250542880773	9.18135493305125
9.19503190672771	0.23723575229423	8.73004983223102	9.6600139812244
8.97709177265321	0.240058479413129	8.50657715300348	9.44760639230295
9.2833599559794	0.231644492003807	8.82933675165193	9.73738316030686
8.60766788525531	0.213716208092149	8.1887841173947	9.02655165311593
9.03852896962327	0.242922869733437	8.56240014494573	9.5146577943008
8.94318878781986	0.222398107366172	8.50728849738217	9.37908907825756
9.0264499390692	0.234717376873204	8.56640388039772	9.48649599774068
8.77236524645873	0.231333698578703	8.31895119724447	9.22577929567299
9.02849683239693	0.22124649514077	8.59485370192102	9.46213996287284
9.03645570369975	0.232891572763501	8.57998822108329	9.49292318631622
8.91073977972973	0.217642736870164	8.48416001546421	9.33731954399525
9.58474678031605	0.24610980747441	9.1023715576662	10.0671220029659
8.93393374238073	0.21444743092547	8.51361677776681	9.35425070699465
9.09642069539955	0.242425545163607	8.62126662687888	9.57157476392022
9.13369609176356	0.23709984438797	8.66898039676314	9.59841178676399
8.99094000691307	0.220355507462567	8.55904321228643	9.4228368015397
8.60344965883928	0.211066906108491	8.18975852286664	9.01714079481192
8.84731128149513	0.20122622582352	8.45290787888104	9.24171468410923
8.72803087791296	0.215599068009786	8.30545670461377	9.15060505121214
8.85524651242175	0.234121077969212	8.39636919960209	9.3141238252414
8.99572164895956	0.232698277277371	8.53963302549591	9.45181027242321
9.11037506494143	0.234661418882738	8.65043868393127	9.5703114459516
9.26439804435655	0.262669967478676	8.74956490809834	9.77923118061475
9.15163386407627	0.252302206877952	8.65712153859549	9.64614618955706
9.04691845990415	0.22317092559387	8.60950344574016	9.48433347406813
9.19215677172674	0.234092064713197	8.73333632488887	9.6509772185646
8.72116703370308	0.22147284397558	8.28708025951094	9.15525380789522
8.56403679239505	0.225747189871422	8.12157230024707	9.00650128454304
8.87879334194732	0.221123188009929	8.44539189344786	9.31219479044678
8.8772518513458	0.223920561205602	8.43836755138282	9.31613615130878
9.19297697227914	0.250396873261462	8.70219910068667	9.6837548438716
9.03783621642486	0.236872156163141	8.5735667903451	9.50210564250461
9.37481101690296	0.211576124878126	8.96012181214183	9.78950022166408
9.0284269897847	0.235983992226773	8.56589836502023	9.49095561454918
8.66276342819598	0.217374449123229	8.23670950791445	9.08881734847751
9.26860326739845	0.223095953374614	8.83133519878421	9.7058713360127
9.33336691239045	0.227770481211534	8.88693676921584	9.77979705556505
8.89056921255756	0.237142545945681	8.42576982250403	9.3553686026111
9.35628406629656	0.255367656086428	8.85576346036716	9.85680467222596
9.03609284758691	0.254561555671043	8.53715219847166	9.53503349670215
9.27237735247328	0.235996368366153	8.80982447047562	9.73493023447094
8.69392344436624	0.208866143601951	8.28454580290641	9.10330108582606
8.83176183954029	0.219487918590956	8.40156551910201	9.26195815997856
8.67244604090692	0.22871816018656	8.22415844694127	9.12073363487258
8.97954119974567	0.225824508525487	8.53692516303571	9.42215723645562
9.10821306515981	0.201636526667952	8.71300547289062	9.50342065742899
9.22943615592198	0.233504214875988	8.77176789476505	9.68710441707892
9.06694788078817	0.230990410282699	8.61420667663408	9.51968908494226
8.94054583172441	0.223159314528623	8.50315357524831	9.37793808820051
9.23903957395722	0.244331747400891	8.76014934905148	9.71792979886297
9.06795261171292	0.242920666234336	8.59182810589362	9.54407711753222
8.95706719854585	0.238290050683354	8.49001869920648	9.42411569788522
9.11030044212509	0.239919243860235	8.64005872415903	9.58054216009115
9.10693990152307	0.232146203029417	8.65193334358542	9.56194645946073
8.89519693337313	0.235526122361957	8.43356573354369	9.35682813320256
9.28272906423333	0.249112519305163	8.79446852639521	9.77098960207145
8.78242823810622	0.209832589755469	8.3711563621855	9.19370011402694
8.83395513582281	0.222471024963425	8.3979119268945	9.26999834475112
8.55622122509805	0.221638946553428	8.12180888985333	8.99063356034277
8.8118831996152	0.200073799074791	8.4197385534286	9.20402784580179
8.8424013540757	0.226137102275339	8.39917263361604	9.28563007453537
8.92238096833826	0.214152451574347	8.50264216325254	9.34211977342398
8.99773168692199	0.212486047045727	8.58125903471236	9.41420433913162
9.0315009564968	0.22801810283993	8.58458547493054	9.47841643806307
9.33261254787914	0.236167389019921	8.8697244654001	9.79550063035819
9.23816218074809	0.228129945509177	8.79102748755011	9.68529687394608
8.86810144737388	0.221619186585726	8.43372784166586	9.30247505308191
9.09675724120366	0.237971993055476	8.63033213481492	9.56318234759239
8.78354386721903	0.22474670174939	8.34304033179022	9.22404740264783
9.00315436710687	0.248835037425422	8.51543769375304	9.49087104046069
8.92601635395498	0.215305416695792	8.50401773723122	9.34801497067873
9.15872279197117	0.242608677369478	8.68320978432699	9.63423579961534
8.80384715917691	0.20653674887048	8.39903513139076	9.20865918696305
9.38521455861462	0.246058677542899	8.90293955063054	9.8674895665987
9.18917111979427	0.241544418202821	8.71574406011674	9.6625981794718
8.92931370371817	0.210790967620112	8.51616340718275	9.34246400025359
9.08573221180225	0.21321475470065	8.66783129258898	9.50363313101553
9.1421125600553	0.224612609646423	8.70187184514831	9.58235327496229
8.94950513124573	0.229124229252122	8.50042164191157	9.39858862057989
8.83809732637682	0.23033936767977	8.38663216572447	9.28956248702917
9.122585898265	0.236921932006651	8.65821891153196	9.58695288499803
9.37088491820013	0.251871924885798	8.87721594542397	9.86455389097629
8.62852953199669	0.225957514708583	8.18565280316786	9.07140626082551
9.23211314473902	0.220061512929437	8.80079257939732	9.66343371008071
8.89493930613694	0.217773294695095	8.46810364853455	9.32177496373933
9.19882470926329	0.227073441485704	8.75376076395131	9.64388865457527
9.0375466768359	0.213965336554472	8.61817461718914	9.45691873648267
8.88736857592264	0.218870476892501	8.45838244121333	9.31635471063194
8.91270909039548	0.231537171077301	8.45889623508397	9.36652194570699
9.18564046675557	0.246221365141396	8.70304659107843	9.6682343424327
8.99393361302385	0.260656628367182	8.48304662142417	9.50482060462353
8.55516574674761	0.210284939994559	8.14300726435827	8.96732422913695
9.02843421663869	0.218910486437834	8.59936966322053	9.45749877005684
9.1211148661875	0.216019355917566	8.69771692858907	9.54451280378593
8.68323611813745	0.217355481921855	8.25721937357061	9.10925286270428
8.74576597055953	0.216214870753512	8.32198482388264	9.16954711723641
9.28556412022438	0.236360239813513	8.8222980501899	9.74883019025887
9.07265027572222	0.215567566785033	8.65013784482355	9.49516270662088
8.68527070099436	0.224012066397682	8.24620705085491	9.12433435113382
8.89578257042416	0.222054600076069	8.46055555427507	9.33100958657326
9.14662340149687	0.226186205036659	8.70329843962502	9.58994836336872
9.23207446087727	0.225357444561432	8.79037386953687	9.67377505221768
8.97801313128934	0.248003291116659	8.49192668070069	9.46409958187799
8.77667344202341	0.227291560497589	8.33118198344814	9.22216490059869
9.31543118842603	0.223898621888807	8.87658988952397	9.75427248732809
8.88865865122972	0.239131476306566	8.41996095766885	9.35735634479059
9.41950650493768	0.236889109271582	8.95520385076538	9.88380915910999
9.3394550395322	0.235937616151812	8.87701731187465	9.80189276718975
9.11783138815958	0.249744152830168	8.62833284861245	9.60732992770671
8.69798948284204	0.220333576258496	8.26613567337539	9.1298432923087
9.10669305539901	0.246639383756136	8.62327986323698	9.59010624756104
9.232465595846	0.218869614858384	8.80348115072357	9.66145004096844
9.03882573758636	0.256299749330446	8.53647822889868	9.54117324627403
9.37363445648711	0.2300426996833	8.92275076510784	9.82451814786638
9.15454648039566	0.229867548410025	8.70400608551201	9.60508687527931
8.98331213188129	0.224324533361104	8.54363604649352	9.42298821726905
9.04993648473354	0.223293124829685	8.61228196006735	9.48759100939972
9.08577812835301	0.244034405846564	8.60747069289375	9.56408556381228
8.94168539619101	0.242397673032771	8.46658595704678	9.41678483533524
8.9724067860042	0.22319058388943	8.53495324158091	9.40986033042748
9.21058398153197	0.211230984458411	8.79657125199348	9.62459671107045
8.9990546437292	0.221164183136906	8.56557284478086	9.43253644267753
9.19440079503305	0.236014226203666	8.73181291167386	9.65698867839223
9.10927256852519	0.241702590910801	8.63553549034002	9.58300964671036
8.95799136468954	0.224323580694032	8.51831714652923	9.39766558284984
8.88165538809298	0.225146962064221	8.44036734244711	9.32294343373885
9.19049895798326	0.237246440731282	8.72549593414995	9.65550198181657
9.15335205781306	0.265304597213169	8.63335504727524	9.67334906835087
9.39962668720084	0.232476647755809	8.94397245759946	9.85528091680223
9.15142680948452	0.261951928671855	8.63800102928768	9.66485258968135
8.98921651042898	0.220292127431739	8.55744394066277	9.42098908019519
9.02886790658766	0.242130027765752	8.55429305216678	9.50344276100853
9.3781278708087	0.235118684771427	8.9172952486567	9.83896049296069
9.21062545473957	0.226397957048381	8.76688545892474	9.65436545055439
9.05077146682324	0.213658751347351	8.63200031418243	9.46954261946405
8.75092376968145	0.210327226571411	8.33868240560149	9.16316513376142
8.89286080903308	0.224378962789045	8.45307804196656	9.33264357609961
8.62823357912981	0.216522648602693	8.20384918786853	9.05261797039109
8.82958558144007	0.235078183673131	8.36883234144073	9.29033882143941
9.36739347197362	0.234543272829114	8.90768865722855	9.82709828671868
8.89370997339477	0.226007465778475	8.45073534046896	9.33668460632058
9.36031921397204	0.25016198033488	8.87000173251568	9.85063669542841
9.00978899278173	0.222760481846893	8.57317844836182	9.44639953720164
9.35070500030251	0.250809979181321	8.85911744110712	9.8422925594979
8.8313444029194	0.201512540617125	8.43637982330983	9.22630898252896
8.81813852929676	0.19367583892716	8.43853388499952	9.19774317359399
9.13024376130196	0.225149664579604	8.68895041872594	9.57153710387799
8.79675575274231	0.206690412580048	8.39164254408542	9.20186896139921
9.20168706703743	0.237067577028025	8.7370346160625	9.66633951801235
8.89129507215264	0.236594144261635	8.42757054939984	9.35501959490545
8.83814897691902	0.220118079440716	8.40671754121522	9.26958041262282
8.90567894838374	0.221179160821131	8.47216779317432	9.33919010359315
9.38082543337975	0.246084975187505	8.89849888201224	9.86315198474726
8.88908194313424	0.230615634634167	8.43707529925127	9.3410885870172
8.79784499214343	0.21830307156987	8.36997097186649	9.22571901242038
8.76451564044321	0.225551031089374	8.32243561950804	9.20659566137838
9.0688332503335	0.219537247073973	8.63854024606851	9.49912625459849
9.04971220532839	0.220803398234294	8.61693754478917	9.4824868658676
9.07447188821912	0.22508916789638	8.63329711914222	9.51564665729603
9.47789132542347	0.231635168290453	9.02388639557418	9.93189625527276
8.75492052764509	0.226457262950272	8.31106429226256	9.19877676302762
8.8397417844152	0.206648316547873	8.43471108398137	9.24477248484903
8.89806212111464	0.223447577937661	8.46010486835683	9.33601937387246
8.76832134565935	0.215153279814126	8.34662091722366	9.19002177409504
9.02281252414745	0.222938118033857	8.58585381280109	9.45977123549381
9.08170307655639	0.218013560381605	8.65439649820844	9.50900965490433
9.01262945574627	0.23844438849421	8.54527845429761	9.47998045719492
9.43902697580884	0.256092839087808	8.93708501119674	9.94096894042095
9.33638159116123	0.241295574485024	8.86344226517058	9.80932091715188
8.94525260301716	0.21776418325031	8.51843480384655	9.37207040218776
9.19616686334111	0.223522254820792	8.75806324389236	9.63427048278986
8.88380704745118	0.21323966819002	8.46585729779874	9.30175679710362
