estFinal_msm11	sdFinal_msm11	X1	X2
10.4402114162439	0.387264043451997	9.68117389107799	11.1992489414098
10.4261928133045	0.353566882278138	9.7332017240394	11.1191839025697
9.84137990856681	0.340721610511203	9.17356555196485	10.5091942651688
10.2058402189635	0.386459227819597	9.44838013243704	10.9633003054899
10.3198546571846	0.368410776547845	9.59776953515082	11.0419397792184
10.5938678551246	0.39210523465407	9.82534159520267	11.3623941150466
10.1915806977008	0.377495580518696	9.4516893598842	10.9314720355175
10.0594041338376	0.376849341911144	9.32077942369174	10.7980288439834
9.64018531256793	0.345049521376886	8.96388825066924	10.3164823744666
9.77944174122929	0.362883166214835	9.06819073544821	10.4906927470104
10.5561489664227	0.428612294790418	9.71606886863345	11.3962290642119
10.5694284705734	0.379684754579752	9.82524635159706	11.3136105895497
10.1086844454582	0.363005397807012	9.39719386575645	10.8201750251599
10.6548990561891	0.398937824568691	9.87298092003444	11.4368171923437
10.4702975804556	0.370528129114207	9.74406244739173	11.1965327135194
10.1365055872555	0.371903888144129	9.40757396649304	10.865437208018
10.3756150295869	0.395155000829308	9.60111122796144	11.1501188312123
9.79528058771865	0.354390754684605	9.10067470853682	10.4898864669005
10.0730909269867	0.32611716415928	9.43390128523449	10.7122805687389
10.7071873075815	0.358663489622155	10.0042068679221	11.4101677472409
10.2250147597582	0.421196383531125	9.3994698480372	11.0505596714792
10.5852664376619	0.402030249052389	9.79728714951921	11.3732457258046
10.8567255835621	0.339081373588203	10.1921260913292	11.5213250757949
10.1498179882067	0.381898939418773	9.40129606694589	10.8983399094675
10.1766341273831	0.327557409697661	9.53462160437569	10.8186466503905
10.6367584758452	0.402034251470164	9.84877134296366	11.4247456087267
10.1333542438738	0.368678119019598	9.41074513059536	10.8559633571522
10.0596335359766	0.382391179345008	9.31014682446042	10.8091202474929
10.4423053983901	0.395517332764087	9.66709142617252	11.2175193706077
10.8125478155968	0.446953761768946	9.93651844252965	11.6885771886639
11.0067768064162	0.428882327504487	10.1661674445074	11.847386168325
10.1788328207254	0.355586187850728	9.48188389253802	10.8757817489129
10.6534868309965	0.365965729335984	9.93619400149798	11.370779660495
10.2695421822985	0.351283256260342	9.58102700002819	10.9580573645687
10.6978299059891	0.377800381221017	9.9573411587959	11.4383186531823
10.33085689604	0.366616731973659	9.61228810137167	11.0494256907084
10.4659673454914	0.370590922106432	9.73960913816275	11.19232555282
9.88724499814159	0.274030330921486	9.35014554953548	10.4243444467477
10.8387749001309	0.358313121957621	10.1364811810939	11.5410686191678
9.51829720784683	0.306603198805307	8.91735493818843	10.1192394775052
10.468573442892	0.40353686920512	9.67764117924995	11.259505706534
10.6645440262349	0.401334361475954	9.87792867774199	11.4511593747277
9.65710760646013	0.369598845381849	8.9326938695117	10.3815213434086
9.80942574406183	0.343403380432289	9.13635511841454	10.4824963697091
10.3996239535326	0.364695223298057	9.68482131586842	11.1144265911968
10.3802728213572	0.331676603380084	9.73018667873227	11.0303589639822
10.7739429903249	0.335572308088405	10.1162212664716	11.4316647141781
9.44194857301764	0.353981581373096	8.74814467352637	10.1357524725089
10.8659996127477	0.426115299611259	10.0308136255096	11.7011855999858
10.4993969317455	0.380511915330629	9.7535935776975	11.2452002857936
10.8010907267003	0.392069068006315	10.0326353534079	11.5695460999927
9.91229916974847	0.333275713289574	9.25907877170091	10.565519567796
10.894142173169	0.462195215249432	9.98823955128007	11.8000447950578
10.6949883843615	0.352678024846043	10.0037394556632	11.3862373130597
10.0517879722271	0.362566548798169	9.34115753658272	10.7624184078715
10.3392484805162	0.330628621816334	9.69121638175617	10.9872805792762
10.2651616122375	0.325206882324543	9.62775612288137	10.9025671015936
10.0115429099065	0.339364549356817	9.34638839316716	10.6766974266459
10.2991315227448	0.387715460769916	9.53920921963578	11.0590538258539
10.5322845768412	0.441391635175534	9.66715697189713	11.3974121817852
10.2949080210248	0.363830917091705	9.58179942352509	11.0080166185246
11.0333673545528	0.366612983758603	10.3148059063859	11.7519288027196
10.6897369019411	0.383044766314852	9.93896915996402	11.4405046439182
10.0564760960145	0.317327042966696	9.43451509179974	10.6784371002292
10.5200056536638	0.398767444466683	9.73842146250912	11.3015898448185
10.2202514538383	0.362193926444813	9.5103513580065	10.9301515496702
10.0348205522738	0.32102222996676	9.4056169815389	10.6640241230086
10.335728985599	0.315102517726961	9.71812805085419	10.9533299203439
10.3559626845488	0.393666399630049	9.58437654127391	11.1275488278237
10.0435238302053	0.32150655383015	9.41337098469816	10.6736766757123
10.8856682899149	0.449136301873156	10.0053611382435	11.7659754415863
10.5786681556105	0.386517720558235	9.82109342331636	11.3362428879046
9.62700120681279	0.352444708318602	8.93620957850833	10.3177928351172
10.3990537310313	0.374573315202876	9.66489003323364	11.1332174288289
10.6360059034467	0.375223593614007	9.9005676599632	11.3714441469301
10.2859276590775	0.339394266235794	9.62071489725536	10.9511404208997
10.1521139086393	0.346594515564047	9.47278865813379	10.8314391591449
10.7136481690588	0.378991884205092	9.97082407601687	11.4564722621008
10.3970941154389	0.360017478114745	9.69145985833399	11.1027283725438
9.95143632560331	0.396049234188208	9.17517982659442	10.7276928246122
10.3356984730349	0.362947938589953	9.62432051339861	11.0470764326712
9.96032815411533	0.324988465109736	9.32335076250024	10.5973055457304
9.60616464824316	0.321077064547874	8.97685360172932	10.235475694757
10.3111825896484	0.385451529576556	9.55569759167834	11.0666675876184
10.3513585151267	0.418051461474986	9.53197765063569	11.1707393796176
10.1004761372321	0.350920116444398	9.4126727090011	10.7882795654631
10.1460535980008	0.411670081199423	9.33918023884993	10.9529269571517
10.2219819404286	0.380821504305259	9.47557179199033	10.9683920888669
11.3296593225363	0.406899470200108	10.5321363609441	12.1271822841285
10.2219902869152	0.425168846038097	9.38865934868057	11.0553212251499
10.7986572921024	0.405842948599797	10.0032051128468	11.594109471358
10.9297432321718	0.452061522529271	10.0437026480145	11.8157838163292
10.3018619664781	0.349540369908273	9.61676284145786	10.9869610914983
10.3187336945496	0.384364343053103	9.56537958216552	11.0720878069337
9.66889185260973	0.325935481200623	9.03005830945651	10.3077253957629
11.5045066701065	0.439926682445402	10.6422503725135	12.3667629676995
10.2804838490289	0.390663557544635	9.51478327624144	11.0461844218164
10.1799408388954	0.385739527726309	9.42389136455181	10.9359903132389
10.2103595208997	0.399035445436847	9.42825004784348	10.9924689939559
11.0190169511407	0.398091151476509	10.2387582942467	11.7992756080346
10.3335398086791	0.381094676642396	9.58659424246003	11.0804853748982
10.0616980975112	0.379056138515101	9.31874806602165	10.8046481290008
10.7935044107438	0.399578256107018	10.010331028774	11.5766777927135
10.3207036419655	0.411012684735946	9.51511877988303	11.1262885040479
10.3138082265195	0.334453109170406	9.65828013254555	10.9693363204935
10.3937805103662	0.381461352783605	9.6461162589103	11.141444761822
9.58126742973624	0.356550003678177	8.88242942252701	10.2801054369455
11.0268949621862	0.352738739608575	10.3355270325534	11.718262891819
9.96373206442013	0.411072047827829	9.15803085067759	10.7694332781627
9.82405772262715	0.360971877999584	9.11655284174796	10.5315626035063
9.91182094395867	0.402084762073301	9.123734810295	10.6999070776223
10.0483431754719	0.404141799343527	9.25622524875858	10.8404611021852
10.5482640484741	0.358461833037249	9.84567885572111	11.2508492412271
10.6300834188528	0.399864369519829	9.84634925459391	11.4138175831116
10.5233633922598	0.40909426020151	9.72153864226482	11.3251881422547
10.7262595050226	0.389846645499904	9.96216007984282	11.4903589302024
10.6914224323578	0.395170408976849	9.91688843076315	11.4659564339524
10.1865299653416	0.372837544803852	9.45576837752607	10.9172915531572
9.93470317648593	0.366137837673678	9.21707301464552	10.6523333383263
10.2798769189486	0.366293852696738	9.56194096766298	10.9978128702342
10.5673320618193	0.381452983239605	9.81968421466968	11.3149799089689
10.1651524374192	0.379269173286843	9.42178485777701	10.9085200170614
10.6168666205739	0.420266885093852	9.79314352578998	11.4405897153579
10.2015918075133	0.353209109941617	9.50930195202772	10.8938816629989
9.6148136662142	0.313150011091978	9.00103964447393	10.2285876879545
10.3453498152822	0.342190474378613	9.67465648550015	11.0160431450643
10.1567310374853	0.377167358913652	9.41748301401451	10.895979060956
10.5435275320317	0.387167935033473	9.78467837936614	11.3023766846974
10.104786388184	0.394991651417867	9.33060275140495	10.878970024963
10.4370493810643	0.398612822293112	9.65576824936984	11.2183305127588
10.8512610264941	0.356192459147568	10.1531238065649	11.5493982464234
10.288268886301	0.375303084892591	9.55267483991152	11.0238629326905
10.2515719778901	0.351868831156417	9.56190906882355	10.9412348869567
10.2738911781553	0.335754726652053	9.61581191391732	10.9319704423934
10.778094619707	0.43531167042732	9.92488374566948	11.6313054937446
10.8447725051196	0.432831852329544	9.99642207455366	11.6931229356855
9.70434591014623	0.309426071845493	9.09787080932907	10.3108210109634
9.64275753444358	0.362900136906515	8.93147326610681	10.3540418027804
10.1635962725517	0.34461332786986	9.48815414992673	10.8390383951766
10.3374001256746	0.353913538821841	9.64372958958379	11.0310706617654
10.5284230081808	0.387667709793177	9.76859429698617	11.2882517193754
10.7538477542351	0.394047360399811	9.9815149278515	11.5261805806188
10.1442222597345	0.311227594936121	9.53421617365972	10.7542283458093
9.76723341665987	0.324626787380642	9.13096491339382	10.4035019199259
10.3273155179001	0.395184028814107	9.5527548214244	11.1018762143757
9.82995020664575	0.329032347228128	9.18504680607862	10.4748536072129
10.339834387346	0.393391073900515	9.56878788250103	11.110880892191
10.922397305965	0.388194531565452	10.1615360240967	11.6832585878333
10.7972685450621	0.4057187726721	10.0020597506247	11.5924773394994
10.5062967725469	0.367235800253299	9.78651460405048	11.2260789410434
10.2820156402965	0.374420792930942	9.54815088615187	11.0158803944412
9.96478194110552	0.358006045943042	9.26309009105716	10.6664737911539
9.82132667261976	0.370310378187654	9.09551833137196	10.5471350138676
10.0604586412266	0.301416813733496	9.46968168630892	10.6512355961442
9.67690367160824	0.317411048656229	9.05477801624203	10.2990293269744
9.90066492273009	0.422607234596183	9.07235474292157	10.7289751025386
10.4286911980171	0.405669002165996	9.63357995377173	11.2238024422624
9.60658571184801	0.322559709533855	8.97436868116165	10.2388027425344
10.3694948649209	0.352084795594373	9.6794086655559	11.0595810642858
10.6129811032247	0.36427750314152	9.89899719706734	11.3269650093821
10.0971353324792	0.347931549275023	9.41518949590011	10.7790811690582
10.7194815073655	0.352000022258842	10.0295614637382	11.4094015509929
10.2946193912132	0.351846321399654	9.60500060126988	10.9842381811565
9.91182581106421	0.321797010215817	9.28110367104121	10.5425479510872
10.2506545156698	0.36825885982186	9.52886715041898	10.9724418809207
10.3768242489071	0.365993063018251	9.65947784539133	11.0941706524229
10.0602401169816	0.319049069150997	9.43490394144563	10.6855762925175
10.4173016009949	0.377909682208005	9.67659862386726	11.1580045781226
10.4346414536798	0.40477078404056	9.64129071696034	11.2279921903993
11.0068026250424	0.410040349853999	10.2031235393285	11.8104817107562
9.81289753810571	0.297326579782602	9.23013744173181	10.3956576344796
10.1016173632321	0.330773695668967	9.45330091972097	10.7499338067433
10.2167142557813	0.424717743189146	9.38426747913056	11.049161032432
10.225339882811	0.367830885248822	9.50439134772335	10.9462884178987
9.98802986032381	0.359097970228471	9.28419783867601	10.6918618819716
11.1312798417109	0.399296284150001	10.3486591247769	11.9139005586449
9.81464975683759	0.345577051610553	9.13731873568091	10.4919807779943
10.3730415351089	0.328818037057442	9.72855818247629	11.0175248877415
10.5404522336344	0.396627974372908	9.76306140386351	11.3178430634053
9.82905798847274	0.331284115193344	9.17974112269378	10.4783748542517
10.4344316459837	0.397003922965078	9.65630395697219	11.2125593349953
9.84283040625694	0.342402319517722	9.1717218600022	10.5139389525117
10.5284171170284	0.38150243850234	9.7806723375638	11.276161896493
10.4896675765329	0.411192881105538	9.68372952956601	11.2956056234997
10.4679350688211	0.387267713905052	9.70889034956724	11.226979788075
10.7945990862596	0.406714582459145	9.99743850463968	11.5917596678795
10.8446929038963	0.361446651412335	10.1362574671281	11.5531283406645
10.2127351287304	0.341971581924938	9.54247082815753	10.8829994293033
10.4521933838002	0.405332220265645	9.65774223207954	11.2466445355209
11.4907513872991	0.408427932229903	10.6902326401285	12.2912701344697
10.0624793524207	0.366643539827622	9.34385801435859	10.7811006904829
10.6809833447576	0.364457286300577	9.96664706360846	11.3953196259067
9.95825922871624	0.359781740653069	9.25308701703623	10.6634314403963
10.2010846602643	0.377387998785515	9.46140418264471	10.9407651378839
10.0631061655899	0.429226014005464	9.22182317813917	10.9043891530406
9.84296462269957	0.369481948334823	9.11878000396331	10.5671492414358
9.93753511081078	0.362819817114261	9.22640826926683	10.6486619523547
10.0367475384024	0.372394152643179	9.30685499922175	10.766640077583
10.818904639352	0.393251155020333	10.0481323755122	11.5896769031919
10.4782563366257	0.446328984431534	9.60345152713987	11.3530611461115
11.2072627863482	0.424237972916786	10.3757563594313	12.0387692132651
10.0323425151727	0.348278323958203	9.34971700021466	10.7149680301308
10.0893001809377	0.365042827929798	9.37381623819528	10.8047841236801
10.5435922226709	0.380430340640999	9.79794875501455	11.2892356903273
10.8735600267896	0.386424769610829	10.1161674783523	11.6309525752268
10.3233343034391	0.370418506619157	9.59731403046555	11.0493545764126
10.3442723987899	0.387971262363928	9.58384872455659	11.1046960730232
10.4683917303887	0.383995442275062	9.71576066352962	11.2210227972479
10.0199768530472	0.386253274272351	9.26292043547342	10.777033270621
9.82189275730047	0.340989128352368	9.15355406572983	10.4902314488711
10.4636883676486	0.364352017446073	9.74955841345429	11.1778183218429
10.54790935904	0.376334440467368	9.81029385572397	11.2855248623561
9.73791992154998	0.375351626557636	9.00223073349702	10.4736091096029
10.7411978392896	0.372978531740313	10.0101599170786	11.4722357615006
10.4495804078632	0.358764876684878	9.74640124956081	11.1527595661655
10.3462240910191	0.454796232608217	9.45482347510703	11.2376247069312
10.4849346699797	0.352487112331597	9.79405992980977	11.1758094101496
10.1260726593947	0.376716683012441	9.38770796069028	10.8644373580991
10.5071236723878	0.39378567611308	9.73530374720612	11.2789435975694
10.1008842960809	0.340934589294192	9.43265250106432	10.7691160910976
10.1745673388351	0.362470967669518	9.46412424220281	10.8850104354673
10.2646940692274	0.370619605543686	9.53827964236182	10.9911084960931
10.1727098210228	0.385760100309804	9.41662002441556	10.92879961763
9.98390017810094	0.324376993123875	9.34812127157815	10.6196790846237
10.5136184763844	0.342980086287152	9.8413775072616	11.1858594455072
10.4346874793185	0.32587349659497	9.7959754259924	11.0733995326447
10.1837774718104	0.424716065375944	9.35133398367355	11.0162209599473
9.83939483093065	0.340095104822446	9.17280842547865	10.5059812363826
10.5199102506034	0.398859902194217	9.73814484230277	11.3016756589041
10.5009838110466	0.376569648367674	9.76290730024592	11.2390603218472
10.4117429267039	0.383810571711825	9.65947420614874	11.1640116472591
10.1341536068258	0.392711169688035	9.3644397142373	10.9038674994144
10.7605427683333	0.410569812965238	9.95582593492147	11.5652596017452
9.67175675231816	0.359755630495969	8.96663571654606	10.3768777880903
9.97482253349254	0.364068717827651	9.26124784655034	10.6883972204347
9.93282281606275	0.325688258498824	9.29447382940506	10.5711718027204
10.1605682623487	0.382937238493102	9.4100112749022	10.9111252497952
10.6066433148368	0.391159751958619	9.83997020099794	11.3733164286757
9.71958821996149	0.382358893960514	8.97016478779888	10.4690116521241
10.3941228952322	0.386850278456082	9.63589634945829	11.1523494410061
10.3842408941445	0.3378333159061	9.72208759496852	11.0463941933204
10.734810236606	0.394915062619808	9.96077671387122	11.5088437593409
9.54370828944116	0.412388554859951	8.73542672191565	10.3519898569667
9.81576035076439	0.341799151475582	9.14583401387225	10.4856866876565
9.90293699834339	0.363068890583129	9.19132197280045	10.6145520238863
11.1475951187557	0.467639635465962	10.2310214332424	12.064168804269
10.3140841967655	0.347326115041979	9.63332501128327	10.9948433822478
10.3773379479828	0.33180912347237	9.72699206597696	11.0276838299887
11.0236137844713	0.398140301946007	10.2432587926571	11.8039687762854
10.27683625177	0.359244713234391	9.57271661383062	10.9809558897094
10.3113095670076	0.38788430528854	9.55105632864202	11.0715628053731
10.455519973097	0.357556895595076	9.75470845773067	11.1563314884634
10.1291774995915	0.363930200361968	9.41587430688199	10.8424806923009
11.2845960462488	0.382961769194984	10.5339909786267	12.035201113871
10.7026001677156	0.400648550108966	9.91732900950202	11.4878713259292
9.91532892263614	0.385679754125767	9.15939660454963	10.6712612407226
10.0566705725187	0.40026520162916	9.27215077732559	10.8411903677119
9.91333348093654	0.352777546309525	9.22188949016987	10.6047774717032
10.2782573168311	0.426316825146685	9.44267633954359	11.1138382941186
11.0129350993026	0.390459992837812	10.2476335133405	11.7782366852647
9.88969943605519	0.349218363620114	9.20523144335976	10.5741674287506
9.91195458152361	0.400765446603146	9.12645430618144	10.6974548568658
9.79871532469003	0.364096342894746	9.08508649261633	10.5123441567637
10.0636416012222	0.35628449842819	9.36532398430296	10.7619592181415
9.91083376059169	0.342291718980658	9.2399419913896	10.5817255297938
9.9430162570103	0.350366687318115	9.2562975498668	10.6297349641538
10.1736358396679	0.366642747370496	9.45501605482175	10.8922556245141
10.0402580143364	0.377252891892634	9.30084234622683	10.779673682446
10.0491977691832	0.334472115253674	9.39363242328602	10.7047631150804
10.2879144837762	0.334798155962396	9.63171009808995	10.9441188694625
10.3942679525461	0.361875207738068	9.68499254537952	11.1035433597127
10.2766260309471	0.396332096337182	9.49981512212619	11.0534369397679
9.98049585131101	0.333368410650249	9.32709376643652	10.6338979361855
10.120404611525	0.356851895198978	9.42097489693503	10.819834326115
10.7700609747067	0.389458412604643	10.0067224860016	11.5333994634118
10.7821688160959	0.447391926246956	9.90528064065183	11.6590569915399
10.0298069088226	0.322384015685586	9.39793423807884	10.6616795795663
10.3503673656632	0.421153526856081	9.52490645302532	11.1758282783012
10.444587769071	0.422195958160913	9.61708369107563	11.2720918470664
10.2621359397532	0.388220170051213	9.50122440645279	11.0230474730535
10.5468988913993	0.344877309728566	9.87093936433132	11.2228584184673
10.0364705477787	0.382537599855105	9.28669685206269	10.7862442434947
10.288941778289	0.339359557863565	9.62379704487646	10.9540865117016
10.0044058929552	0.375328182406389	9.26876265543864	10.7400491304717
9.87748604068363	0.388976798181134	9.11509151624861	10.6398805651187
9.75666541192181	0.364445038260865	9.04235313693051	10.4709776869131
10.3218331773582	0.379356449504668	9.57829453632908	11.0653718183874
10.050123477244	0.403214682851525	9.25982269885504	10.840424255633
10.0677768683955	0.371275306706442	9.34007726725092	10.7954764695402
10.2611060330698	0.357755975624968	9.55990432084483	10.9623077452947
10.0226738083787	0.375399571420019	9.2868906483955	10.758456968362
9.97450188566475	0.325955766610091	9.33562858310897	10.6133751882205
10.1261910198188	0.35226918317739	9.43574342079111	10.8166386188465
9.87873045040511	0.339655087330676	9.21300647923698	10.5444544215732
9.80135021565963	0.395021674033641	9.02710773455369	10.5755926967656
10.4267430398005	0.344193554220356	9.75212367352864	11.1013624060724
10.5625079517596	0.421363424414023	9.73663563990814	11.3883802636111
10.0533986430017	0.363401018694046	9.34113264636139	10.7656646396421
10.7867955016165	0.373665259756766	10.0544115924933	11.5191794107398
10.6684425684719	0.381331980162238	9.92103188735392	11.4158532495899
10.2238026135809	0.35567063588819	9.52668816724007	10.9209170599218
10.4440165363644	0.360755430785036	9.73693589202569	11.151097180703
10.2685241660948	0.372126734897677	9.53915576569532	10.9978925664942
10.4306697258828	0.385685999777602	9.6747251663187	11.1866142854469
10.3547991959319	0.38419837129843	9.60177038818697	11.1078280036768
10.4488954989227	0.384689484279075	9.69490410973569	11.2028868881097
10.1237238902655	0.372851483644937	9.39293498232142	10.8545127982096
10.4811525065717	0.461210604447334	9.57717972185493	11.3851252912885
10.2950261830466	0.396061171189931	9.51874628751435	11.0713060785789
10.4877123312394	0.399107012737299	9.70546258627428	11.2699620762045
10.6742795318728	0.380656730385569	9.92819234031712	11.4203667234286
9.98621134828716	0.380889872086161	9.23966719899829	10.732755497576
10.4844940058205	0.408688415346983	9.6834647117404	11.2855232999006
9.72129189959042	0.375671742028006	8.98497528521553	10.4576085139653
10.3822126738997	0.394703446804941	9.60859391816206	11.1558314296374
10.4218787855365	0.377126563102155	9.68271072185624	11.1610468492167
10.1245933631808	0.325738083988778	9.48614671856282	10.7630400077988
10.7234078426724	0.383813011997415	9.97113433915746	11.4756813461873
10.4469672807519	0.411535761102575	9.64035718899088	11.253577372513
10.2527077025094	0.386152435440099	9.4958489290468	11.009566475972
10.6405916761635	0.362843803398796	9.92941782150186	11.3517655308251
10.3707272255291	0.372895858390139	9.63985134308443	11.1016031079738
10.1453431179323	0.319352440069024	9.51941233539703	10.7712739004676
10.3804151679529	0.407748465571545	9.58122817543268	11.1796021604731
10.1970062486343	0.355383854444957	9.50045389392214	10.8935586033464
10.1430088142448	0.35594056875651	9.44536529948207	10.8406523290076
10.089696023284	0.38474393122777	9.33559791807761	10.8437941284905
10.5831559248051	0.421546862824877	9.75692407366833	11.4093877759419
10.2359855790334	0.392778171194831	9.46614036349154	11.0058307945753
10.148832747566	0.341520989770716	9.47945160761535	10.8182138875166
10.7017050415705	0.415816268261874	9.88670515577726	11.5167049273638
9.85010022728887	0.36476832095379	9.13515431821945	10.5650461363583
10.3173835483291	0.391793699710366	9.54946789689678	11.0852991997614
10.286007257352	0.357738074591211	9.58484063115322	10.9871738835508
10.3037321742716	0.356814522576324	9.60437571002205	11.0030886385212
10.5681351475313	0.407112295916457	9.77019504753508	11.3660752475276
10.5179726218004	0.379643295427981	9.77387176276157	11.2620734808393
10.6833388094365	0.334670097973757	10.0273854174079	11.339292201465
9.9992306706574	0.319523657883063	9.3729643012066	10.6254970401082
10.3743830492041	0.353453735225978	9.68161372816117	11.067152370247
9.67591588037473	0.359997317430628	8.9703211382107	10.3815106225388
9.7785506717765	0.379880408906396	9.03398507031996	10.523116273233
9.57362546914357	0.330526245440679	8.92579402807984	10.2214569102073
10.4091138362406	0.366630974713774	9.69051712580157	11.1277105466796
10.045391384655	0.332225801708164	9.394228813307	10.696553956003
10.3576558570851	0.360901601379607	9.65028871838102	11.0650229957891
11.0721684236546	0.398837048848864	10.2904478079108	11.8538890393983
11.0068914772977	0.379014166948709	10.2640237100782	11.7497592445172
10.0548558381868	0.328609742426499	9.41078074303088	10.6989309333428
10.60072638347	0.368956520327013	9.87757160362906	11.3238811633109
10.6019813224572	0.372208127701746	9.87245339216181	11.3315092527527
10.3755890092713	0.349215647952163	9.6911263392851	11.0600516792576
10.4214935646771	0.349561981679465	9.7363520805853	11.1066350487688
10.4778881637555	0.356564368171321	9.77902200213973	11.1767543253713
9.71355184700475	0.399472491737737	8.93058576319878	10.4965179308107
10.3442067209572	0.352002804244842	9.65428122463733	11.0341322172771
10.478092944385	0.326679623866087	9.83780088160745	11.1183850071625
10.2899376556288	0.378729081834467	9.54762865523323	11.0322466560243
10.373598094329	0.372829984492347	9.64285132472405	11.104344863934
11.1248252542086	0.457814956205678	10.2275079400455	12.0221425683718
10.3181932265749	0.356831583491337	9.61880332293186	11.0175831302179
10.5008795123118	0.371499847208842	9.77273981178247	11.2290192128411
10.3700481940183	0.342218380924803	9.69930016740567	11.0407962206309
10.7182497270033	0.397973986186476	9.93822071407782	11.4982787399288
10.5778339970459	0.358213554794283	9.87573542964906	11.2799325644426
10.0554549180894	0.360184142290029	9.34949399920099	10.7614158369779
10.0079324952768	0.375135033823321	9.27266782898305	10.7431971615705
10.1770571619219	0.35417848047145	9.48286734019789	10.871246983646
10.4308396952183	0.446442816594203	9.55581177469368	11.305867615743
10.6127570950474	0.386631605108693	9.85495914903434	11.3705550410604
9.97546789751224	0.350709681030536	9.28807692269239	10.6628588723321
10.174330985364	0.351468404364389	9.48545291280979	10.8632090579182
10.8755401877885	0.406003693799301	10.0797729479419	11.6713074276352
10.2373526565779	0.389006541718862	9.47489983480892	10.9998054783469
10.615989373437	0.350202356099744	9.92959275548151	11.3023859913925
10.2887164761291	0.366811761329173	9.56976542392393	11.0076675283343
10.5451064237767	0.356233041803927	9.84688966184097	11.2433231857124
10.1403293793693	0.374777730234401	9.40576502810985	10.8748937306287
10.1305658118393	0.387697836202637	9.37067805288214	10.8904535707965
10.241905665675	0.369198307438805	9.51827698309493	10.965534348255
10.4749844786691	0.351227740014171	9.78657810824137	11.1633908490969
10.501674371868	0.352336052392922	9.8110957091779	11.1922530345582
10.4639640429761	0.32685176192921	9.82333458959486	11.1045934963574
9.93571732280807	0.329427740925928	9.29003895059325	10.5813956950229
9.67496516201058	0.360384337962314	8.96861185960444	10.3813184644167
10.539572869483	0.369181161622964	9.81597779270199	11.263167946264
10.3382968888346	0.359744596940969	9.63319747883032	11.0433962988389
9.75909116567513	0.361717064515393	9.05012571922496	10.4680566121253
10.1496099667972	0.362886644964858	9.43835214266605	10.8608677909283
10.4414446833177	0.388544154512509	9.67989814047322	11.2029912261623
10.5670606133943	0.365148589608459	9.85136937776176	11.2827518490269
10.918493955378	0.427211858296099	10.0811587131176	11.7558291976383
10.0978886043487	0.344007147838107	9.42363459458599	10.7721426141114
10.8296685947884	0.383192847634107	10.0786106134256	11.5807265761513
10.5822588197826	0.369795231839322	9.8574601653775	11.3070574741876
9.73626270636591	0.354905270672356	9.04064837584809	10.4318770368837
10.7400590477428	0.382913319865196	9.98954894080703	11.4905691546786
11.2000343672089	0.354135641682546	10.5059285095111	11.8941402249067
10.4205887270427	0.337205969516169	9.759665026791	11.0815124272944
9.87856206053625	0.390044293244808	9.11407524577643	10.6430488752961
10.5992427054572	0.416287420774939	9.78331936073832	11.4151660501761
9.84258675079419	0.343328213347546	9.169663452633	10.5155100489554
10.4317256717292	0.357889347239205	9.73026255114036	11.133188792318
9.74401648809103	0.321363880305826	9.11414328269161	10.3738896934905
10.0289251263867	0.368295724304477	9.30706550674989	10.7507847460234
10.276267457192	0.376253491775692	9.53881061331165	11.0137243010724
10.0481563512646	0.343397656012272	9.37509694548058	10.7212157570487
10.4222296199538	0.410548436785521	9.61755468385422	11.2269045560535
10.4399367011103	0.377433333996218	9.70016736647773	11.1797060357429
10.7480659275161	0.423187373182716	9.91861867607797	11.5775131789542
10.2426158762377	0.390975168701122	9.47630454558352	11.0089272068919
10.0730488560205	0.374458337049799	9.33911051540294	10.8069871966382
10.3431670093085	0.410367639764453	9.53884643537019	11.1474875832468
11.015847434996	0.412730547374801	10.2068955621413	11.8247993078506
10.2169402648009	0.394960675978858	9.44281733988231	10.9910631897194
10.0796294562866	0.401688460388113	9.29232007392593	10.8669388386473
9.94322846850548	0.326721471967329	9.30285438344952	10.5836025535614
9.96771831364613	0.345302838464471	9.29092475025577	10.6445118770365
9.86643002161977	0.389026159954974	9.10393874810802	10.6289212951315
10.5072846872587	0.376407949210417	9.76952510680629	11.2450442677111
10.0510572713737	0.338233039470484	9.38812051401159	10.7139940287359
10.348630989131	0.365415497357038	9.63241661431126	11.0648453639508
10.7639222981937	0.391285286011585	9.99700313761098	11.5308414587764
10.0327701063524	0.36714435154864	9.31316717731704	10.7523730353877
10.1230880579065	0.352311569244067	9.43255738218813	10.8136187336249
10.5722974234797	0.364181983162828	9.85850073648059	11.2860941104789
11.1468070906714	0.423112893720388	10.3175058189794	11.9761083623633
10.8252352876164	0.368256214096104	10.103453107988	11.5470174672448
9.90892975118764	0.34772071918872	9.22739714157774	10.5904623607975
10.3948109246028	0.33645017256077	9.73536858638367	11.0542532628219
11.1078035442531	0.389346455856923	10.3446844907735	11.8709225977327
10.3289848222845	0.353253973025553	9.63660703515444	11.0213626094146
10.1429572215498	0.385631620791106	9.3871192447992	10.8987951983003
10.7419096419703	0.415066380441452	9.92837953630503	11.5554397476355
10.7468513980437	0.369467202852368	10.0226956804531	11.4710071156344
10.2737143783185	0.377662974455612	9.53349494838545	11.0139338082515
10.3959081337504	0.378550615797204	9.65394892678792	11.137867340713
10.6411505227408	0.37970246946761	9.89693368258427	11.3853673628973
9.99808480253489	0.370246835879047	9.27240100421196	10.7237686008578
10.3922888650487	0.405677900251888	9.59716018055499	11.1874175495424
10.6362729725243	0.377244341099162	9.8968740639699	11.3756718810786
10.1848835259837	0.403946700164115	9.39314799366206	10.9766190583054
9.68965787716499	0.354917255360461	8.99402005665849	10.3852956976715
10.3823904728459	0.392520554005584	9.61305018699491	11.1517307586968
10.1246881164612	0.356130096803662	9.42667312672604	10.8227031061964
10.0087289923789	0.352463676211479	9.31790018700435	10.6995577977534
10.5847097810385	0.368244915850676	9.86294974597121	11.3064698161059
10.2435103734924	0.424537640515579	9.41141659808189	11.075604148903
10.2912768451266	0.383487912085271	9.53964053743946	11.0429131528137
10.0789598405022	0.405205320546146	9.28475741223175	10.8731622687726
10.2084746925759	0.351381340672516	9.51976726485779	10.8971821202941
10.1939257621868	0.414580517517424	9.3813479478527	11.006503576521
10.1662419011405	0.381958146921289	9.41760393317477	10.9148798691062
10.1748831168718	0.351836255096096	9.48528405688346	10.8644821768602
10.4945537926421	0.358609027157551	9.79168009941329	11.1974274858709
9.97929865592803	0.33712617751686	9.31853134799499	10.6400659638611
11.0071108452188	0.38071938048568	10.2609008594669	11.7533208309707
10.4504705150845	0.342664543759159	9.77884800931652	11.1220930208524
10.3853138677303	0.379842554333317	9.64082246123695	11.1298052742236
10.7664366230813	0.372506415680489	10.0363240483476	11.4965491978151
10.565563816278	0.401796249003895	9.77804316823034	11.3530844643256
10.4662084368177	0.377779119845471	9.72576136192058	11.2066555117148
10.2379234691087	0.368821393272845	9.51503353829396	10.9608133999235
10.1616465130387	0.342204037791339	9.49092659896769	10.8323664271097
10.1206544265568	0.38213812135644	9.37166370869816	10.8696451444154
9.72351316450654	0.361062796504017	9.01583008335867	10.4311962456544
10.4158752447688	0.367211939596068	9.69613984316049	11.1356106463771
10.2229679030835	0.407793676039329	9.42369229804644	11.0222435081206
10.5916702281494	0.38020511419543	9.84646820432632	11.3368722519724
10.7960919104624	0.396938874088811	10.0180917172483	11.5740921036764
10.0404338613966	0.341717668938198	9.37066723027778	10.7102004925155
10.3522702845179	0.38582748485302	9.59604841420601	11.1084921548299
10.4823178617215	0.388099325672575	9.72164318340322	11.2429925400397
9.87821522508393	0.388199974494747	9.11734327507423	10.6390871750936
10.1450563741693	0.396834521274509	9.36726071247128	10.9228520358674
9.78736242907206	0.383353661228716	9.03598925306378	10.5387356050803
10.1589182506238	0.388538193840932	9.39738339069558	10.920453110552
10.4936138121848	0.402298361200887	9.70510902423102	11.2821186001385
10.1361175366318	0.339046628365665	9.47158614503513	10.8006489282285
11.0668911851444	0.375545929879507	10.3308211625806	11.8029612077082
10.208204577107	0.407824018332151	9.40886950117598	11.007539653038
10.7831467527509	0.375788641693353	10.046601015032	11.5196924904699
10.6363037837043	0.368976255956989	9.9131103220286	11.35949724538
10.6893515014784	0.394832888265711	9.91547904047757	11.4632239624792
10.6360229311817	0.379408129572845	9.89238299721896	11.3796628651445
10.8591804326338	0.382814153694459	10.1088646913926	11.6094961738749
10.2174904032054	0.347488546619609	9.536412851831	10.8985679545799
10.4355867758936	0.407886395680234	9.63612944036038	11.2350441114269
10.3557480984464	0.392962764856943	9.58554107932674	11.125955117566
10.2172905214418	0.400264181416565	9.43277272586535	11.0018083170183
10.6369365930656	0.365605085712786	9.92035062506858	11.3535225610627
10.5528041523548	0.361964378526646	9.84335397044261	11.2622543342671
10.2474082674474	0.417058265112022	9.42997406782786	11.064842467067
10.7219166013916	0.352112129178617	10.0317768282015	11.4120563745817
10.3934297924111	0.372002246651482	9.66430538897419	11.122554195848
10.5659992258792	0.369165966103793	9.84243393231573	11.2895645194426
10.3587648196712	0.373220519713542	9.62725260103263	11.0902770383097
9.89657884186545	0.33753864682231	9.23500309409372	10.5581545896372
10.1884635539594	0.318136288306222	9.56491642887921	10.8120106790396
9.85057255673387	0.33655962012454	9.19091570128977	10.510229412178
10.3810736833896	0.364267991499673	9.66710842005022	11.0950389467289
9.94778020064267	0.360927914573586	9.24036148807845	10.6551989132069
10.3505791360417	0.363630967425811	9.63786243988714	11.0632958321963
10.3645082532929	0.359722963459736	9.65945124491186	11.069565261674
10.3589670927228	0.368263092991663	9.63717143045918	11.0807627549865
10.4791282106537	0.370213862842536	9.75350903948231	11.204747381825
10.8835018346769	0.383929400041086	10.1310002105964	11.6360034587575
9.34094678014173	0.32221651190799	8.70940241680206	9.97249114348139
9.93681212074676	0.347140145269936	9.25641743601768	10.6172068054758
10.1434705499683	0.320050316677913	9.51617192927959	10.770769170657
10.3371255711679	0.371994179389871	9.60801697956378	11.0662341627721
10.5611786829074	0.454091445752787	9.67115944923195	11.4511979165829
10.1321028404484	0.388784600842058	9.37008502279797	10.8941206580988
10.2756717016085	0.370927277042212	9.54865423860572	11.0026891646112
9.96073164570768	0.342425974893469	9.28957673491648	10.6318865564989
10.4517598519824	0.377894752139792	9.71108613778838	11.1924335661764
10.5449419247255	0.365334102943026	9.82888708295722	11.2609967664939
10.5206542006823	0.421635462853751	9.69424869348892	11.3470597078756
10.3063026263659	0.3887570413915	9.54433882523855	11.0682664274932
10.2824040095628	0.411131496625568	9.47658627617666	11.0882217429489
10.545702690992	0.412518161314761	9.73716709481507	11.3542382871689
10.8221041640291	0.334877005521973	10.165745233206	11.4784630948522
9.73433848469622	0.331509560143545	9.08457974681487	10.3840972225776
10.1460373447898	0.382766010721126	9.39581596377639	10.8962587258032
10.0929718550867	0.357599495351267	9.39207684419824	10.7938668659752
9.85850035424118	0.387168802496058	9.09964950134891	10.6173512071335
10.8178292542333	0.391421338472372	10.0506434308274	11.5850150776391
9.84495763373665	0.35839516216028	9.1425031159025	10.5474121515708
10.7609306369967	0.381333980973038	10.0135160342896	11.5083452397039
10.2614266181364	0.35512201772445	9.5653874633965	10.9574657728763
10.3565228768543	0.358149222807417	9.65455040015172	11.0584953535568
10.6732651240667	0.345676833749051	9.99573852991856	11.3507917182148
10.5654772145484	0.388932097169079	9.80317030409702	11.3277841249998
10.5975797493458	0.389570853412085	9.83402087665807	11.3611386220334
10.1584695939844	0.344761420995212	9.48273720883378	10.834201979135
10.1207845291955	0.367059637744729	9.40134763921583	10.8402214191752
10.4696513686523	0.376110911206872	9.73247398268687	11.2068287546178
10.6293211658286	0.379938584966407	9.88464153929447	11.3740007923628
10.3742446884794	0.373313302015954	9.6425506165281	11.1059387604306
10.5519459788757	0.392925315016683	9.78181236144303	11.3220795963084
10.7081521970564	0.382783223601165	9.9578970787981	11.4584073153147
10.355214134797	0.342273139445166	9.68435878148445	11.0260694881095
9.73086286414052	0.370092178059825	9.00548219514326	10.4562435331378
10.3144756512376	0.386157890358993	9.55760618613397	11.0713451163412
10.1081118062463	0.388710985010872	9.346238275625	10.8699853368676
10.4559495519115	0.398672610481568	9.67455123536765	11.2373478684554
10.0252299877631	0.353431319351935	9.33250460183326	10.7179553736928
10.1518160619174	0.362720032111746	9.44088479897841	10.8627473248565
10.6520199046789	0.43231848699381	9.80467567017104	11.4993641391868
10.8955030825238	0.375475010742835	10.1595720614679	11.6314341035798
10.3248556757339	0.400662247489386	9.53955767065466	11.110153680813
10.0698101604358	0.359937307588336	9.36433303756265	10.7752872833089
11.1929374171047	0.395658576058221	10.4174466080306	11.9684282261788
10.4254689533481	0.383127178318287	9.67453968384424	11.1763982228519
9.85064089457872	0.287611942027801	9.28692148820423	10.4143603009532
9.87613865432563	0.371220761084218	9.14854596260056	10.6037313460507
10.6462230663781	0.415237213568967	9.83235812778293	11.4600880049733
10.3051225143548	0.360209294687984	9.59911229676638	11.0111327319433
9.5708929733028	0.347335510541116	8.89011537264221	10.2516705739634
10.3159162219166	0.393123550970736	9.54539406201398	11.0864383818193
10.7882414460003	0.398945158248546	10.0063089358331	11.5701739561674
10.0414478007319	0.391906353034716	9.27331134878386	10.8095842526799
10.6883852735819	0.374789615193513	9.95379762780265	11.4229729193612
10.4073700822473	0.415089127522115	9.59379539230398	11.2209447721907
10.3888297963687	0.351030460652417	9.70081009348991	11.0768494992474
10.2233084267795	0.341139511035311	9.5546749851503	10.8919418684087
9.46084609024024	0.360124534165719	8.75500200327543	10.166690177205
10.4399296568898	0.359387485391877	9.73553018552175	11.1443291282579
9.81302665763904	0.334711856306872	9.15699141927757	10.4690618960005
10.3168032096021	0.384228968097576	9.56371443213085	11.0698919870734
10.3843150690132	0.326921341818339	9.74354923904928	11.0250808989772
10.3528400303254	0.388153848382852	9.59205848749503	11.1136215731558
10.3390720851104	0.433022782792901	9.49034743083635	11.1877967393845
10.1428755810976	0.339240969922225	9.47796328005008	10.8077878821452
11.1234599172814	0.426730116143306	10.2870688896405	11.9598509449222
10.3927000613515	0.382968905918774	9.64208100575069	11.1433191169523
9.96370490574482	0.34657128204005	9.28442519294632	10.6429846185433
10.3364984829927	0.360630806687634	9.62966210188495	11.0433348641005
10.1736180887408	0.379919364562686	9.42897613419794	10.9182600432837
10.3374345209989	0.339682787096478	9.67165625828978	11.003212783708
10.5773434957653	0.357347972672915	9.87694146932641	11.2777455222042
9.88085816094989	0.349361844537473	9.19610894565645	10.5656073762433
10.7492583626077	0.48553978532772	9.79760038336534	11.70091634185
10.1731368515569	0.324232551468313	9.53764105067901	10.8086326524348
10.6164453443954	0.38349644785595	9.86479230659778	11.3680983821931
10.0371408473697	0.335549188816945	9.37946443728851	10.6948172574509
10.1423045701813	0.395324985128698	9.36746759932908	10.9171415410336
10.0141393872121	0.339317051786839	9.34907796570986	10.6792008087143
10.8955707052415	0.389796572441729	10.1315694232557	11.6595719872272
10.5404987287646	0.406920335646209	9.74293487089803	11.3380625866312
10.2071941716131	0.371607159737152	9.47884413852832	10.935544204698
10.7366426222287	0.341710759392608	10.0668895338192	11.4063957106382
10.3933179132364	0.377057738131516	9.65428474649864	11.1323510799742
10.5255027769994	0.409820115566535	9.722255350489	11.3287502035098
10.4536575466516	0.35994875802145	9.74815798092953	11.1591571123736
10.4286613864442	0.421936494473389	9.60166585727636	11.255656915612
11.0868307637069	0.402160776539505	10.2985956416895	11.8750658857243
9.95094507835863	0.335526465805202	9.29331320538043	10.6085769513368
10.7054318894853	0.396611796563273	9.92807276822128	11.4827910107493
10.4168760112046	0.385916129559783	9.66048039726739	11.1732716251417
10.8115394436345	0.357730734233019	10.1103872045378	11.5126916827312
10.1377170850019	0.382485841493334	9.388044835675	10.8873893343289
9.98335492113599	0.393645411667381	9.21180991426793	10.7548999280041
10.3025826614291	0.387531381245921	9.54302115418705	11.0621441686711
10.8527336653246	0.409895023557754	10.0493394191515	11.6561279114978
10.6166179045881	0.393940274973853	9.84449496563933	11.3887408435368
9.74803412516559	0.352724041976741	9.05669500289117	10.43937324744
10.4579618499518	0.336127304295295	9.79915233353303	11.1167713663706
11.0293522612644	0.401148441140752	10.2431013166285	11.8156032059003
10.7680100936659	0.379596563953164	10.0240008283177	11.5120193590141
11.0189601611864	0.436230773384788	10.1639478453522	11.8739724770206
10.3895063224265	0.378754982909373	9.64714655592412	11.1318660889289
9.84695988209611	0.31921796732818	9.22129266613287	10.4726270980593
10.6733912510813	0.42354245277722	9.84324804363793	11.5035344585246
10.0199594687469	0.381424597061804	9.27236725850578	10.767551678988
9.72929185035857	0.34330580089873	9.05641248059706	10.4021712201201
10.5429476434478	0.395870593711003	9.76704127977424	11.3188540071214
10.616598258565	0.402788331337726	9.82713312914307	11.406063387987
10.0415091006366	0.320550180038354	9.41323074776145	10.6697874535118
10.5498485096074	0.341185231316693	9.88112545622671	11.2185715629881
9.8673419483967	0.353524812488544	9.17443331591915	10.5602505808742
10.1805438171055	0.408587512133646	9.37971229332352	10.9813753408874
10.145552778681	0.38802071412963	9.38503217898695	10.9060733783751
10.9192788367497	0.385251634376417	10.1641856333719	11.6743720401275
10.4437843984587	0.358287638831014	9.74154062634994	11.1460281705675
9.84548074870809	0.324124624921917	9.21019648386114	10.4807650135551
10.7643778613467	0.370979150247816	10.0372587268609	11.4914969958324
10.4840936196344	0.389321177974369	9.72102411080459	11.2471631284641
10.3706699181261	0.369381306525336	9.64668255733647	11.0946572789158
10.4170008917229	0.401714673655379	9.62964013135838	11.2043616520875
9.94999627905975	0.342796273987556	9.27811558204414	10.6218769760754
10.3979590411387	0.360834799689029	9.69072283374817	11.1051952485292
10.3400036471587	0.398922405265325	9.55811573283869	11.1218915614788
10.4103274696804	0.390031153375491	9.64586640906444	11.1747885302964
10.2779721196381	0.325280517806132	9.64042230473809	10.9155219345381
9.86175860434871	0.316754810223365	9.24091917631092	10.4825980323865
9.97187908791091	0.350153563487161	9.28557810347607	10.6581800723457
10.0180535876996	0.345138752810634	9.34158163219074	10.6945255432084
10.6279010589181	0.427064049056973	9.79085552276639	11.4649465950697
9.86834068623083	0.374186593581142	9.13493496281179	10.6017464096499
10.4885462253102	0.357938376190235	9.78698700797729	11.190105442643
9.84678813444264	0.382703643328755	9.09668899351828	10.596887275367
11.2808078630552	0.411604977035575	10.4740621080654	12.0875536180449
10.476219739849	0.321405876236834	9.84626422242478	11.1061752572732
10.406097979336	0.373600497556464	9.67384100412538	11.1383549545467
10.5058204602138	0.358140569207485	9.80386494456718	11.2077759758605
9.99304932795586	0.335089282243907	9.3362743347578	10.6498243211539
10.2997929830424	0.405529553352328	9.5049550584718	11.0946309076129
9.89871626655047	0.347805055861981	9.21701835706099	10.58041417604
10.3137875865943	0.343001033333325	9.64150556126095	10.9860696119276
10.0041199099327	0.364959464550843	9.288799359413	10.7194404604523
10.4325490475577	0.364173558399228	9.71876887309526	11.1463292220202
10.3470863097346	0.419345989874279	9.52516816958099	11.1690044498882
10.4292650910089	0.354143714506365	9.73514341057643	11.1233867714414
11.113963607038	0.408506403604502	10.3132910559732	11.9146361581029
10.0579634532017	0.422878163656289	9.22912225243533	10.886804653968
10.5274728042491	0.360175033771191	9.8215297380576	11.2334158704407
10.8085807881809	0.397744984065117	10.0290006194133	11.5881609569486
10.843148134069	0.382853541875008	10.092755191994	11.593541076144
10.2040622158939	0.345483251418045	9.52691504311456	10.8812093886733
11.1927211791369	0.372550662702655	10.4625218802397	11.9229204780341
9.86216682614113	0.381479712222838	9.11446659018437	10.6098670620979
10.2464235332735	0.361485646731558	9.53791166567964	10.9549354008673
10.6188959315898	0.393562398915242	9.84751362971594	11.3902782334637
10.6183001033315	0.383213507098982	9.86720162941748	11.3693985772455
9.794824775108	0.344221726510678	9.12015019114707	10.4694993590689
9.23601772043721	0.315332337325772	8.61796633927869	9.85406910159572
9.75171361467633	0.404128620420448	8.95962151865225	10.5438057107004
10.8887170800474	0.375886042577668	10.1519804365952	11.6254537234996
10.2095100114721	0.371046311763114	9.48225924041637	10.9367607825278
10.2457622451111	0.403939460659529	9.45404090221839	11.0374835880037
10.3046922562315	0.396521579591045	9.52750996023306	11.08187455223
10.4420317239041	0.405248295473426	9.64774506477622	11.2363183830321
10.1760196331383	0.361896761752451	9.46670198010346	10.8853372861731
10.2538835134681	0.38278839931784	9.50361825080516	11.0041487761311
11.0655421283446	0.385878275185005	10.309220708982	11.8218635477072
10.6012502186655	0.358266481602889	9.89904791472383	11.3034525226072
9.4675238832124	0.319656413060508	8.8409973136138	10.094050452811
10.316195093322	0.373086784579243	9.58494499554669	11.0474451910973
10.1577841246977	0.343948413730873	9.4836452337852	10.8319230156102
10.557566825859	0.365046316102038	9.84207604629897	11.273057605419
9.94488987268491	0.355947201594857	9.24723335755899	10.6425463878108
10.322229844392	0.41530380303033	9.50823439045259	11.1362252983315
11.1112083166084	0.418111831229685	10.2917091273982	11.9307075058186
10.4865243197684	0.368150929160341	9.76494849861411	11.2081001409226
9.95594299266999	0.365511824490841	9.23953981666794	10.672346168672
10.255315251527	0.384755836491245	9.50119381200421	11.0094366910499
10.8981802542076	0.437810158049229	10.0400723444311	11.7562881639841
10.4565202758016	0.366232496699087	9.73870458227142	11.1743359693318
10.2034686807389	0.346640228146006	9.52405383357273	10.8828835279051
9.86723386120459	0.363491976080831	9.15478958808617	10.579678134323
10.7748085252543	0.367035393918835	10.0554191531734	11.4941978973352
11.0288526691087	0.384680929442754	10.2748780474009	11.7828272908165
10.1257751408118	0.375843389057977	9.38912209825818	10.8624281833654
10.1681515712083	0.397625501811136	9.38880558765852	10.9474975547582
10.323759866279	0.369855818082649	9.598842462837	11.048677269721
10.3845933421631	0.401975944387801	9.59672049116298	11.1724661931632
10.3408474350935	0.344149429729077	9.66631455282448	11.0153803173625
10.2697232627543	0.397727953683118	9.4901764735354	11.0492700519732
9.92226968296008	0.374263453896874	9.1887133133222	10.6558260525979
10.6936082140954	0.351906042446332	10.0038723709005	11.3833440572902
10.0161705974856	0.362735667322251	9.30520868953402	10.7271325054372
10.2383476471751	0.349268875100709	9.55378065197772	10.9229146423725
10.1675840651831	0.399273329997587	9.38500833838781	10.9501597919783
10.3632054485122	0.370674502797445	9.63668342302918	11.0897274739952
10.4264139112703	0.393268526779619	9.65560759878224	11.1972202237583
10.2082811514211	0.404574849604076	9.41531444619714	11.0012478566451
9.92169971832108	0.370516424505769	9.19548752628977	10.6479119103524
10.24374800429	0.365587479835274	9.52719654381284	10.9602994647671
10.1729430145111	0.374490224578581	9.43894217433711	10.9069438546852
10.6137074819748	0.409996792413149	9.81011376884499	11.4173011951045
10.3672782815016	0.369596113704398	9.64286989864103	11.0916866643623
9.62292066810696	0.366205979285451	8.90515694870748	10.3406843875064
10.1331395661762	0.371912802930376	9.40419047243268	10.8620886599198
10.6591361392616	0.363628094087851	9.9464250748494	11.3718472036738
10.2950583662532	0.376650617835877	9.55682315529489	11.0332935772115
10.6840199897937	0.393133485348377	9.91347835851089	11.4545616210765
10.7855292000132	0.36765148778822	10.0649322839483	11.5061261160782
10.1671953123432	0.398201832524968	9.38671972059429	10.9476709040922
10.2676494502521	0.343006084679602	9.59535752428004	10.9399413762241
10.3418036638189	0.392000712560587	9.57348226720013	11.1101250604376
10.8824989639073	0.384246941775493	10.1293749580273	11.6356229697873
10.448753990172	0.382706943166147	9.69864838156631	11.1988595987776
9.65314435032833	0.376724679664211	8.91476397818647	10.3915247224702
10.7746280478535	0.422700878502675	9.9461343259883	11.6031217697188
9.92754892295737	0.369922111542737	9.2025015843336	10.6525962615811
9.85662483003603	0.381836702341156	9.10822489344737	10.6050247666247
10.4668477809792	0.374144887344282	9.73352380178442	11.200171760174
10.7737158170831	0.417318268110672	9.95577201158621	11.59165962258
10.2991744697254	0.379739586268923	9.55488488063826	11.0434640588124
10.1847377408155	0.354149143205184	9.49060542013337	10.8788700614977
10.8208844350778	0.41231151911151	10.0127538576193	11.6290150125364
11.2190437904723	0.458813938820719	10.3197684703837	12.1183191105609
10.7000083008086	0.405514213319179	9.90520044270298	11.4948161589142
10.4441399907337	0.4068327205862	9.64674785838474	11.2415321230826
10.5171498678944	0.335375870766701	9.85981316119165	11.1744865745971
10.2697757691415	0.397838735344021	9.49001184786722	11.0495396904158
10.1480511590494	0.361958677607744	9.43861215093825	10.8574901671606
10.4296774353735	0.342183452536528	9.75899786840193	11.1003570023451
10.1728462425375	0.357198530421577	9.47273712291123	10.8729553621638
9.94798540770374	0.347973032698261	9.26595826361515	10.6300125517923
10.0702499247633	0.384386643484862	9.31685210353293	10.8236477459936
11.2621573800914	0.391939495274182	10.493955969354	12.0303587908288
10.6130452703721	0.394378320739182	9.8400637617233	11.3860267790209
10.1095341034358	0.342876404054987	9.43749635148807	10.7815718553836
10.2135002261737	0.349302429116255	9.52886746510588	10.8981329872416
9.71276269527596	0.32804544725772	9.06979361865083	10.3557317719011
10.0204513345539	0.367687850635044	9.29978314730921	10.7411195217986
9.92047512730719	0.372451944608949	9.19046931587365	10.6504809387407
10.3410142935428	0.413280375447293	9.53098475766612	11.1510438294195
10.8029814511923	0.35028790550869	10.1164171563952	11.4895457459893
10.0972500184179	0.366972179860012	9.37798454589232	10.8165154909436
11.295951124417	0.408747731403135	10.4948055708669	12.0970966779671
9.91222134405023	0.349838347344787	9.22653818325445	10.597904504846
10.0728994600019	0.339093671355435	9.40827586414525	10.7375230558586
10.3414846619302	0.303792172130374	9.74605200455469	10.9369173193058
10.691646962	0.392243195676839	9.92285029847337	11.4604436255266
10.055765375466	0.379618399689222	9.31171331207517	10.7998174388569
9.66950787802341	0.33736122542299	9.00827987619435	10.3307358798525
9.99299280034178	0.324747057082491	9.3564885684601	10.6294970322235
9.63395882256093	0.335210444853734	8.97694635064761	10.2909712944742
10.0768792426366	0.329343958721039	9.4313650835434	10.7223934017299
10.5900226110519	0.35911991208458	9.88614758336615	11.2938976387377
10.6884035824737	0.411178310637091	9.88249409362502	11.4943130713224
10.2871180068516	0.375218197440738	9.55169033986775	11.0225456738354
9.94997986410681	0.326853523030707	9.30934695896663	10.590612769247
10.7906443317905	0.397848048972971	10.0108621558034	11.5704265077775
10.4989209811177	0.425244958767773	9.66544086193287	11.3324011003025
10.5373851015054	0.340701986644526	9.86960920768208	11.2051609953286
10.7198592781996	0.380210857836656	9.97464599683978	11.4650725595595
10.6021243692882	0.395854326070081	9.82624989019082	11.3779988483855
10.4480227794377	0.391329566786386	9.68101682853637	11.215028730339
10.2349435223949	0.340770784430122	9.56703278491188	10.902854259878
11.1604698297937	0.415198800232526	10.346680181338	11.9742594782495
10.6438918542496	0.410911451694612	9.83850540892815	11.449278299571
9.52556184113157	0.350860685912007	8.83787489674404	10.2132487855191
10.6367077985266	0.375657687066587	9.90041873187607	11.3729968651771
10.4980981956962	0.403381930145987	9.70746961261005	11.2887267787823
10.472996876946	0.374495925967113	9.73898486205046	11.2070088918415
10.6973538705548	0.387630714944433	9.93759766926367	11.4571100718459
10.4837725343067	0.391066510070826	9.71728217456787	11.2502628940455
10.2737367098496	0.346669296303542	9.59426488909468	10.9532085306046
9.93771063866834	0.361168959702907	9.22981947765064	10.645601799686
10.2141537168237	0.3564266914068	9.5155574016664	10.9127500319811
10.830531765653	0.38360232648883	10.0786712057349	11.5823923255711
10.2818973099173	0.412993384435963	9.47243027642279	11.0913643434118
10.4493687311798	0.393101031681377	9.67889070908432	11.2198467532753
10.3988080737447	0.367733094796428	9.6780512079437	11.1195649395457
10.3666621767596	0.343145402286936	9.69409718827723	11.039227165242
10.3506523260257	0.349935198340949	9.66477933727745	11.036525314774
9.96363740917379	0.392406570290011	9.19452053140537	10.7327542869422
10.0714569801996	0.368691668369693	9.34882131019503	10.7940926502042
10.787282809274	0.410443047615693	9.98281443594725	11.5917511826008
10.6958114626863	0.364024229691529	9.9823239724909	11.4092989528817
10.5190760522954	0.488017637004063	9.56256148376742	11.4755906208233
10.6401497777979	0.391077125360657	9.87363861209106	11.4066609435048
9.63135088802861	0.323126671393531	8.99802261209729	10.2646791639599
10.2400572617049	0.362124401274738	9.53029343520642	10.9498210882034
9.62012019668902	0.333005463638775	8.96742948795702	10.272810905421
10.3730475727399	0.370489453289136	9.64688824429316	11.0992069011866
10.0973077930204	0.376550015132527	9.35926976336063	10.8353458226801
10.2954484147636	0.367797096848162	9.57456610494122	11.016330724586
10.6914849445461	0.39748380678356	9.91241668325029	11.4705532058418
10.7889298439895	0.396888818448651	10.0110277598301	11.5668319281488
10.5405308843448	0.357703902210349	9.83943123601252	11.2416305326771
9.36793893119973	0.346817264167942	8.68817709343056	10.0477007689689
10.5590604336995	0.36811302120636	9.83755891213507	11.280561955264
10.1756254686457	0.385589222952336	9.41987059165909	10.9313803456322
9.92270911737117	0.353620720489186	9.22961250521236	10.61580572953
10.0623924747787	0.399361161420065	9.27964459839533	10.845140351162
10.1468213378013	0.288692857136879	9.58098333781297	10.7126593377895
9.86091941293415	0.35792591867812	9.15938461232503	10.5624542135433
10.5411027140061	0.410143087233482	9.7372222630285	11.3449831649837
9.71675350336775	0.323302627699489	9.08308035307675	10.3504266536587
10.5426363025939	0.377555293555776	9.8026279272246	11.2826446779632
10.6517452129561	0.409611989195884	9.84890571413217	11.45458471178
10.5304821468156	0.37210109656075	9.80116399755652	11.2598002960747
10.605959161761	0.398483587247746	9.82493133075546	11.3869869927666
10.3479756150157	0.374481032008194	9.61399279227966	11.0819584377518
10.0900378763391	0.350781645703377	9.40250585076051	10.7775699019177
9.92553638571978	0.363265893200646	9.21353523504652	10.637537536393
10.1662055991861	0.376254270728961	9.42874722855737	10.9036639698149
9.48519629228184	0.334175999706203	8.83021133285768	10.140181251706
10.1833288412659	0.379990486452137	9.43854748781967	10.928110194712
9.40268793418175	0.306774230000189	8.80141044338138	10.0039654249821
9.949044907037	0.344543088367991	9.27374045383574	10.6243493602383
10.2915211746706	0.409455649069439	9.48898810249445	11.0940542468467
10.1333571962408	0.358241426727142	9.43120399985563	10.835510392626
10.6105825390691	0.379676602211888	9.86641639873381	11.3547486794044
10.3480290092607	0.414977848252847	9.53467242668511	11.1613855918363
11.1391987082169	0.402746882601259	10.3498148183185	11.9285825981154
9.51688636017495	0.294456446473079	8.93975172508771	10.0940209952622
10.8800980311739	0.392175795583425	10.1114334718304	11.6487625905175
10.3949978363111	0.377388125038659	9.65531711123533	11.1346785613869
10.4191404762911	0.377285695632477	9.67966051285148	11.1586204397308
10.5435054447675	0.399597883831747	9.76029359245723	11.3267172970777
10.2515441735298	0.363370950287127	9.53933711096698	10.9637512360925
10.4144138155468	0.398463567431236	9.63342522338159	11.195402407712
9.71914619205614	0.332559631877284	9.06732931357667	10.3709630705356
10.7577713464065	0.426779251595625	9.92128401327908	11.5942586795339
10.3662337681621	0.364763580377912	9.65129715062143	11.0811703857028
10.0006833212762	0.396081992255177	9.22436261645606	10.7770040260964
10.4454231240783	0.412227690710479	9.63745685028577	11.2533893978708
10.1854114447266	0.368331726000553	9.46348126176551	10.9073416276877
9.39032175672564	0.33558687072014	8.73257149011417	10.0480720233371
10.0618641518294	0.347388147855569	9.3809833820325	10.7427449216263
9.75377432115751	0.345445314319038	9.07670150509219	10.4308471372228
10.1609378862939	0.391481836703363	9.39363348635536	10.9282422862325
10.4167020972537	0.353601500789768	9.72364315570575	11.1097610388016
10.631513917917	0.403309859581545	9.8410265931372	11.4220012426969
10.3651116635128	0.391567523536664	9.59763931738096	11.1325840096447
10.6440194924933	0.404352640711735	9.85148831669828	11.4365506682883
10.4025382338549	0.408545674101615	9.60178871261576	11.2032877550941
10.3427010255469	0.39800967577598	9.56260206102597	11.1227999900678
9.87582326857567	0.373545069024918	9.14367493328683	10.6079716038645
9.55951517644075	0.378895441762087	8.81688011058706	10.3021502422944
10.0868155428645	0.391939176719224	9.31861475649487	10.8550163292342
10.4106701690334	0.381971892170577	9.66200526037907	11.1593350776877
10.3260382039414	0.391746206221783	9.55821563974671	11.0938607681361
10.5170552563306	0.427575384904533	9.67900750191768	11.3551030107435
10.6892509078426	0.31696728715953	10.06799502501	11.3105067906753
10.7762306130972	0.418343931381274	9.95627650758987	11.5961847186045
9.9303097273441	0.316692444706902	9.30959253571857	10.5510269189696
10.9173632565735	0.397872821639561	10.1375325261599	11.697193986987
10.8011992234099	0.354825652395012	10.1057409447156	11.4966575021041
9.99202291144311	0.368287879849922	9.27017866693727	10.713867155949
10.9019683446914	0.420336156335224	10.0781094782744	11.7258272111085
10.0421494294683	0.421618886308436	9.2157764123038	10.8685224466329
10.4042736708726	0.40790818644255	9.60477362544516	11.2037737163
9.65252062633351	0.350617849920313	8.9653096404897	10.3397316121773
10.9244820962854	0.366228410227368	10.2066744122397	11.642289780331
10.5168946980742	0.420065985126002	9.69356536722729	11.3402240289212
10.2646792314041	0.389833285737652	9.50060599135834	11.0287524714499
10.2531155893738	0.31294230855613	9.63974866460375	10.8664825141438
10.8321138464128	0.379956383748662	10.0873993342654	11.5768283585601
10.2160353892349	0.340369977890712	9.54891023256914	10.8831605459007
10.3946168945635	0.37079590585469	9.66785691908831	11.1213768700387
10.864188706612	0.407097846584532	10.0662769273063	11.6621004859177
10.5244664068327	0.394544809571522	9.75115858007249	11.2977742335929
10.6727973680156	0.38631298084404	9.91562392556131	11.4299708104699
10.672613560459	0.412137841440696	9.86482339123519	11.4804037296827
10.8819960399496	0.390260637927168	10.1170851896123	11.6469068902868
10.1426647987471	0.381123606382728	9.39566253023695	10.8896670672572
10.4359224646913	0.400023784387192	9.65187584729239	11.2199690820902
9.99782963297547	0.340936803604491	9.32959349791067	10.6660657680403
10.2907541033605	0.358530340034694	9.58803463689252	10.9934735698285
9.90459890319629	0.367770363978336	9.18376898979875	10.6254288165938
10.600867515397	0.346909441989113	9.92092500909836	11.2808100216957
10.0959335127672	0.364858833924442	9.38081019827526	10.8110568272591
10.0423565327848	0.342220742509427	9.37160387746634	10.7131091881033
10.3077934843964	0.370494392472974	9.58162447514938	11.0339624936434
10.0979367764767	0.355174230227152	9.40179528523149	10.7940782677219
10.6737985327031	0.394993154638544	9.89961194961155	11.4479851157946
11.1724419197235	0.386452157790021	10.4149956904551	11.929888148992
10.135151082242	0.364907547445372	9.41993228924902	10.8503698752349
10.6635500157391	0.398292561045541	9.88289659608979	11.4442034353883
9.91571977784557	0.34327569128952	9.24289942291811	10.588540132773
10.6361673754716	0.383794584197961	9.88392999044357	11.3884047604996
9.94553546700278	0.315367228487815	9.32741569916666	10.5636552348389
10.1463293501878	0.40754085508418	9.34754927422283	10.9451094261528
10.1161057590943	0.344416253726171	9.44104990179098	10.7911616163976
11.0283876315238	0.457607463714817	10.1314770026428	11.9252982604049
10.4699695558959	0.383031280355179	9.71922824639974	11.220710865392
10.2855088902759	0.361823309184491	9.57633520427429	10.9946825762775
10.4431266016845	0.354864605616359	9.74759197467639	11.1386612286925
10.2214904691511	0.374520046443308	9.48743117812221	10.95554976018
9.98067303591897	0.334503404302067	9.32504636348692	10.636299708351
10.1092567901097	0.38132535772316	9.36185908897227	10.8566544912471
10.4363407792479	0.35950428528413	9.73171238009104	11.1409691784048
10.4615463365002	0.394612223481732	9.68810637847599	11.2349862945244
10.0292761446664	0.359146533777206	9.3253489384631	10.7332033508697
10.9768523758783	0.390127745963145	10.2122019937906	11.7415027579661
10.1306372250952	0.349816869303856	9.44499616125963	10.8162782889307
10.7092516235465	0.37416288865873	9.97589236177534	11.4426108853176
10.7677013078237	0.380344146550358	10.022226780585	11.5131758350624
10.3599552835718	0.362288594221403	9.64986963889781	11.0700409282457
10.4476948403402	0.38594620917092	9.69124027036521	11.2041494103152
10.5186399164668	0.426397951684065	9.68289993116599	11.3543799017675
10.3413233052596	0.401569343819151	9.55424739137406	11.1283992191451
9.54679721126849	0.326182296276587	8.90747991056637	10.1861145119706
10.3232753610218	0.318704027720254	9.6986154666901	10.9479352553535
10.392980276288	0.345214300504162	9.71636024729985	11.0696003052762
10.0836286095894	0.374292217937251	9.35001586243244	10.8172413567465
9.61396681523006	0.342023211076035	8.94360132152103	10.2843323089391
10.8257411779927	0.394546459039273	10.0524301182757	11.5990522377097
10.4350835448774	0.351874877793181	9.74540878440277	11.124758305352
9.94215565238196	0.359286477857669	9.23795415578093	10.646357148983
10.2038393300481	0.330492971252558	9.55607310639307	10.8516055537031
10.6023624591489	0.383655777605728	9.85039713504167	11.3543277832561
10.5600688748648	0.353725962269596	9.86676598881641	11.2533717609132
10.1080789958312	0.38926539427373	9.34511882305468	10.8710391686077
10.4719943657622	0.407355027668555	9.6735785115318	11.2704102199925
10.8562507848191	0.381469583462943	10.1085704012317	11.6039311684064
10.0830943227989	0.364491056512388	9.36869185203465	10.7974967935632
10.3309067338	0.35603833336043	9.63307160041359	11.0287418671865
10.762167345993	0.346820251582892	10.0823996528905	11.4419350390954
10.5083420225737	0.424808427956222	9.67571750377948	11.3409665413679
9.8853849901313	0.333210641673637	9.23229213245097	10.5384778478116
10.1400739828756	0.386139213000543	9.38324112539451	10.8969068403566
10.393560937915	0.346429638688492	9.71455884608551	11.0725630297444
10.3114540173781	0.399599903041986	9.52823820741578	11.0946698273404
10.2807125487489	0.412731292614188	9.4717592152251	11.0896658822727
10.6956623776559	0.393372582606256	9.92465211574759	11.4666726395641
9.40296127399062	0.341828550175304	8.73297731564703	10.0729452323342
10.239273472524	0.368857545387075	9.51631268356534	10.9622342614827
9.93719094174313	0.348643712898649	9.25384926446177	10.6205326190245
9.95968876570983	0.395216368842954	9.18506468277764	10.734312848642
10.5620519401245	0.364001838034647	9.84860833757658	11.2754955426724
10.3954918915741	0.328145355422051	9.75232699494689	11.0386567882013
10.2914579742012	0.339235829605968	9.62655574817349	10.9563602002289
9.74028641277184	0.370002440834389	9.01508162873644	10.4654911968072
10.7050628348844	0.389998389062828	9.94066599232128	11.4694596774476
10.730955017695	0.422476934174022	9.90290022671394	11.5590098086761
10.6791892709574	0.372637918057451	9.9488189515648	11.40955959035
10.3350404829755	0.42605924358723	9.4999643655445	11.1701166004064
10.3670800430757	0.42277270136965	9.53844554839114	11.1957145377602
11.2991294650597	0.394555842890604	10.5258000129941	12.0724589171253
10.3703837198887	0.427040365216175	9.53338460406504	11.2073828357124
10.6464501265527	0.37551661041687	9.91043757013565	11.3824626829698
10.4399584779112	0.396562995190035	9.6626950073387	11.2172219484836
10.7777987645424	0.356610979886935	10.078841243964	11.4767562851208
10.5805077920966	0.373452441615456	9.8485410065303	11.3124745776629
10.3266702633719	0.340803281706758	9.65869583122667	10.9946446955172
10.1170340275688	0.363044860232102	9.40546610151386	10.8286019536237
10.3788607490356	0.388967372696485	9.61648469855044	11.1412367995207
9.86455067935553	0.335888743860403	9.20620874138914	10.5228926173219
10.3317150470483	0.380643792768006	9.58565321322296	11.0777768808735
11.4935396663982	0.402240774551036	10.7051477482781	12.2819315845182
10.0243622916983	0.358032389184237	9.32261880889723	10.7261057744994
10.8428114133206	0.440019865334877	9.98037247726425	11.705250349377
9.94445494871566	0.375054088368674	9.20934893551306	10.6795609619183
10.8669358885158	0.430805165981071	10.0225577631929	11.7113140138387
9.74733798735891	0.331487131180482	9.09762321024516	10.3970527644727
9.90568896744832	0.312191971872286	9.29379270257864	10.517585232318
10.8476454910485	0.372000413429162	10.1185246807273	11.5767663013696
9.97784129812396	0.316109584603446	9.35826651230121	10.5974160839467
10.7951508937779	0.38181027542778	10.0468027539394	11.5434990336163
10.143565006288	0.396126739583487	9.36715659670434	10.9199734158716
10.1202897766724	0.363267796834611	9.4082848948766	10.8322946584683
10.4607726658251	0.390657413912708	9.69508413455617	11.226461197094
11.1323012437714	0.42114411969807	10.3068587691632	11.9577437183796
10.1853231193567	0.374483951938109	9.45133457355806	10.9193116651554
10.1469722197689	0.358493074702462	9.44432579335203	10.8496186461857
9.93746538061295	0.344831304650991	9.26159602349701	10.6133347377289
10.1927056127012	0.38224528951507	9.44350484525161	10.9419063801507
10.165902123313	0.375381362304307	9.4301546531966	10.9016495934295
10.2540410746714	0.362083549457877	9.54435731773394	10.9637248316088
10.7607895670539	0.424392396726682	9.92898046946962	11.5925986646382
10.1820824456789	0.375345722400595	9.4464048297737	10.917760061584
10.0763939182958	0.335638516823159	9.41854242532244	10.7342454112692
10.403974524811	0.394546486437988	9.63066341139255	11.1772856382295
10.1280500456461	0.355855006327392	9.43057423324441	10.8255258580478
10.4187773835316	0.338692400597698	9.75494027836013	11.0826144887031
10.4458019744405	0.340366075029189	9.7786844673833	11.1129194814977
10.5040617895753	0.390794118950815	9.73810531643166	11.2700182627189
11.2205600828564	0.449138326249433	10.3402489634075	12.1008712023053
10.8240816333197	0.409811575679094	10.0208509449887	11.6273123216507
10.6062869668785	0.353195931391486	9.91402294135123	11.2985509924059
10.5374920719809	0.419825997123659	9.71463311761849	11.3603510263432
10.4975803224103	0.369782558638227	9.77280650747942	11.2223541373413
