estFinal_ipw	sdFinal_ipw	X1.1	X2.1
9.54198574810486	0.225236065121112	9.10052306046748	9.98344843574224
9.22272102229044	0.21894223675255	8.79359423825544	9.65184780632544
9.04496893078059	0.192636165276783	8.66740204683809	9.42253581472308
8.97618928157042	0.201901716492312	8.58046191724549	9.37191664589535
8.85900099647524	0.198871365915755	8.46921311928036	9.24878887367012
8.93138690941497	0.211966217487891	8.51593312313871	9.34684069569124
8.75783807061048	0.194816026034772	8.37599865958233	9.13967748163863
9.26781350192364	0.227446979465465	8.82201742217133	9.71360958167595
8.94364342075974	0.206961770049728	8.53799835146228	9.34928849005721
9.1975359443968	0.229396490187221	8.74791882362985	9.64715306516375
8.74882243660702	0.194420985641499	8.36775730474968	9.12988756846436
9.60452172456689	0.216336603865805	9.18050198098991	10.0285414681439
9.15147048845877	0.217431939148912	8.72530388772691	9.57763708919064
9.23212057842072	0.238496793050969	8.76466686404082	9.69957429280062
9.19819436340866	0.213531907839382	8.77967182404347	9.61671690277385
9.26439006410228	0.234453615419635	8.8048609778798	9.72391915032477
8.72927266851675	0.205346887079031	8.32679276984185	9.13175256719165
8.98661158056424	0.201561498788156	8.59155104293945	9.38167211818902
8.96495530839181	0.205755451206892	8.5616746240263	9.36823599275732
8.81299018984359	0.201457686783918	8.41813312374711	9.20784725594007
8.51837368191655	0.192020443436342	8.14201361278132	8.89473375105178
9.03001252030781	0.206945522755522	8.62439929570699	9.43562574490863
9.16447785334007	0.225830104106043	8.72185084929223	9.60710485738791
8.91352130213027	0.207092241104243	8.50762050956595	9.31942209469458
8.87629482004351	0.218374554698258	8.44828069283492	9.30430894725209
8.81162378182697	0.180136155163967	8.45855691770559	9.16469064594834
8.95621770499578	0.202465934443072	8.55938447348736	9.3530509365042
8.94088961871022	0.200134161892355	8.54862666140121	9.33315257601924
9.29693484824316	0.21056902244395	8.88421956425302	9.7096501322333
9.08627411664699	0.210488608297068	8.67371644438474	9.49883178890925
8.94906236141778	0.20578902562576	8.54571587119129	9.35240885164427
9.11132534866652	0.248140869584238	8.62496924428141	9.59768145305163
8.96854151162531	0.199600332888677	8.57732485916351	9.35975816408712
8.80950262174736	0.216430932237314	8.38529799456222	9.23370724893249
9.66463276217354	0.248936044916337	9.17671811413752	10.1525474102096
9.05813147916754	0.217106865078891	8.63260202361292	9.48366093472217
8.84725794031908	0.201299394086444	8.45271112790965	9.24180475272851
8.88341145993568	0.200317294454407	8.49078956280504	9.27603335706632
9.22296440362574	0.20451294229819	8.82211903672128	9.62380977053019
9.05408816763678	0.246718349073728	8.57052020345228	9.53765613182129
8.63717630372068	0.199449470103891	8.24625534231705	9.0280972651243
9.18583374538783	0.221310164798826	8.75206582238213	9.61960166839353
8.91396646836069	0.206569880985305	8.50908950162949	9.31884343509189
9.38582561261599	0.254484541711456	8.88703591086153	9.88461531437044
8.80672733338652	0.172395077238845	8.46883298199839	9.14462168477466
9.10135237287605	0.208148001636505	8.6933822896685	9.5093224560836
8.75964935396717	0.217181631525557	8.33397335617708	9.18532535175726
8.79643448212337	0.192294336340967	8.41953758289508	9.17333138135167
9.1976861265413	0.231933781397432	8.74309591500233	9.65227633808026
8.54835848159958	0.178296737357869	8.19889687637816	8.89782008682101
9.15354464042534	0.211910621707618	8.73819982187841	9.56888945897227
8.53453579287815	0.195664854198951	8.15103267864821	8.91803890710809
9.12050267684873	0.21606603325235	8.69701325167412	9.54399210202333
8.85503699400412	0.202448808454629	8.45823732943305	9.25183665857519
9.12935720032937	0.234698493610115	8.66934815285355	9.5893662478052
8.74600876138333	0.207765096043103	8.33878917313884	9.15322834962781
8.97471554655927	0.209651048012444	8.56379949245488	9.38563160066366
8.87905391058407	0.178376494287591	8.5294359817804	9.22867183938775
8.8535056430609	0.200329276124178	8.46086026185751	9.24615102426429
9.26657336799138	0.204878282636067	8.86501193402469	9.66813480195807
9.01719235313356	0.218790803976908	8.58836237733883	9.4460223289283
9.00877163495548	0.207005443007708	8.60304096666038	9.41450230325059
8.67767307176941	0.196898305766149	8.29175239246776	9.06359375107106
9.01231421313197	0.212645055683228	8.59552990399284	9.4290985222711
8.69770611047053	0.194780975893704	8.31593539771887	9.07947682322219
8.90507206202763	0.19540291656786	8.52208234555463	9.28806177850064
9.02453088466253	0.205333497955972	8.62207722866883	9.42698454065624
9.0524003365663	0.200907292413	8.65862204343682	9.44617862969577
8.64185829826902	0.2108968196517	8.22850053175168	9.05521606478635
8.93189887519679	0.203536945022527	8.53296646295264	9.33083128744095
8.99384813052016	0.220591389358587	8.56148900737733	9.42620725366299
9.27680204296133	0.223204299499482	8.83932161594235	9.71428246998031
8.68702156893702	0.186588181609167	8.32130873298305	9.05273440489098
9.29118536260704	0.213975295278015	8.87179378386213	9.71057694135195
9.1982030849738	0.228419512070896	8.75050084131485	9.64590532863276
8.98640025486354	0.214918771280253	8.56515946315424	9.40764104657283
8.93739047053742	0.196211116425282	8.55281668234386	9.32196425873097
9.35632962758767	0.209830007479981	8.94506281292691	9.76759644224843
9.09828217121543	0.216314582297828	8.67430558991168	9.52225875251917
9.33900581437323	0.213093552356577	8.92134245175434	9.75666917699212
8.77565274879022	0.213240607595578	8.35770115790288	9.19360433967755
9.20465242224692	0.220365303751184	8.7727364268946	9.63656841759924
8.79027471773259	0.201978058858731	8.39439772236947	9.1861517130957
8.96305447530531	0.212628493523772	8.54630262799872	9.3798063226119
9.0184743812243	0.20913191671665	8.60857582445967	9.42837293798894
8.7794935084638	0.201513009651955	8.38452800954597	9.17445900738163
9.02113192713286	0.210024025402283	8.60948483734439	9.43277901692133
8.7834300628424	0.185963921054821	8.41894077757495	9.14791934810984
8.80999719885094	0.213430235446689	8.39167393737543	9.22832046032645
9.18306123137242	0.220422827050659	8.75103249035313	9.61508997239172
9.17460442921933	0.202465251637919	8.77777253600901	9.57143632242965
9.22463522679494	0.244183560063706	8.74603544907008	9.70323500451981
8.89657175223646	0.214708270061577	8.47574354291577	9.31739996155715
9.232858222386	0.224938565612407	8.79197863378568	9.67373781098632
9.11157885413749	0.232595288685795	8.65569208831333	9.56746561996165
8.90711541470645	0.215424690918714	8.48488302050577	9.32934780890713
9.07291350037921	0.219545105459614	8.64260509367836	9.50322190708005
9.08096501390658	0.229810206115792	8.63053700991963	9.53139301789353
8.90499931381173	0.194841449862513	8.52311007208121	9.28688855554226
9.24511723831435	0.213903009013521	8.82586734064785	9.66436713598085
9.06064554626495	0.204416603358788	8.65998900368173	9.46130208884818
9.05725672698241	0.203651918505287	8.65809896671205	9.45641448725278
8.73999587943386	0.190696220652897	8.36623128695418	9.11376047191354
9.2678197623584	0.214082061205969	8.8482189223947	9.6874206023221
9.08424511312965	0.229511282652456	8.63440299913083	9.53408722712846
8.89965617315512	0.198170958449397	8.5112410945943	9.28807125171594
8.96813697313582	0.217389386285583	8.54205377601607	9.39422017025556
9.0592163110978	0.195327063816599	8.67637526601726	9.44205735617833
9.02972914867874	0.203536032013072	8.63079852593312	9.42865977142436
9.39024062234437	0.205160391918503	8.98812625418411	9.79235499050464
8.72968680239327	0.213539450701592	8.31114947901815	9.14822412576839
8.87825747321713	0.193614592425149	8.49877287206384	9.25774207437042
9.15157491269069	0.218718134415709	8.7228873692359	9.58026245614549
8.96033586819235	0.240316516454824	8.4893154959409	9.43135624044381
8.94107863666181	0.229417433005578	8.49142046797087	9.39073680535274
8.94790597285896	0.206019531115314	8.54410769187295	9.35170425384498
8.81320163906743	0.190379794133153	8.44005724256645	9.18634603556841
9.06728627571805	0.2194138289844	8.63723517090862	9.49733738052747
9.22957297732884	0.219712692897159	8.79893609925041	9.66020985540727
8.90785691773938	0.188054243677835	8.53927060013083	9.27644323534794
9.02300247237524	0.218541213810803	8.59466169330607	9.45134325144442
8.58731415089787	0.17874639688332	8.23697121300657	8.93765708878918
9.08253008420621	0.196472583380526	8.69744382078038	9.46761634763204
9.26251232740333	0.222116369620217	8.82716424294771	9.69786041185896
9.07308412097676	0.199000368932702	8.68304339786866	9.46312484408485
9.38504436881896	0.219022468858215	8.95576032985685	9.81432840778106
8.74068039585643	0.199739262315827	8.34919144171741	9.13216934999545
8.88303151208187	0.194042833266675	8.50270755887918	9.26335546528455
9.13629873431771	0.212665326347809	8.71947469467601	9.55312277395942
9.02378525054882	0.208335026714406	8.61544859818859	9.43212190290906
8.41321160230087	0.188096559100252	8.04454234646438	8.78188085813737
9.30165416281365	0.209835925805097	8.89037574823566	9.71293257739164
8.92049482449043	0.202530081127979	8.5235358654796	9.31745378350127
8.83039667349325	0.195032252772714	8.44813345805874	9.21265988892777
8.71310079276148	0.194872080249466	8.33115151547253	9.09505007005043
9.14073046273937	0.230382929358595	8.68917992119653	9.59228100428222
8.99983658886156	0.19906373275349	8.60967167266472	9.39000150505839
9.01428772460891	0.212509714696837	8.59776868380311	9.43080676541471
9.29996330280892	0.214954651641254	8.87865218559206	9.72127442002578
9.05499303005504	0.214802600047408	8.63397993396212	9.47600612614796
8.96908797709372	0.208989612780719	8.55946833604351	9.37870761814393
9.35948367616163	0.211697726944061	8.94455613135126	9.77441122097199
8.86880742249681	0.222012762214022	8.43366240855733	9.3039524364363
9.14059361303841	0.215275137339093	8.71865434385379	9.56253288222303
9.37634308858157	0.214406398210118	8.95610654808974	9.7965796290734
8.88754882506464	0.198705067583516	8.49808689260094	9.27701075752833
8.99128287925755	0.217289404536811	8.5653956463654	9.4171701121497
8.77003760660311	0.188022661400324	8.40151319025848	9.13856202294775
9.11730460834175	0.203344244556175	8.71874988901164	9.51585932767185
9.11098995168597	0.210323493597054	8.69875590423574	9.52322399913619
9.21735413319404	0.228531598904588	8.76943219934105	9.66527606704704
8.99393669326598	0.205077186936592	8.59198540687026	9.3958879796617
8.53251918257497	0.199124470609291	8.14223522018076	8.92280314496918
9.03869761864135	0.205540877658492	8.63583749843071	9.441557738852
8.96012070347144	0.208548227954037	8.55136617668152	9.36887523026135
9.38065576660271	0.213810968217407	8.96158626889659	9.79972526430883
8.88052367961001	0.191925926376548	8.50434886391198	9.25669849530805
9.07980721337849	0.20597042655135	8.67610517733784	9.48350924941914
9.0720146742284	0.202349549457636	8.67540955729143	9.46861979116537
9.33964094504162	0.221385471652948	8.90572542060184	9.77355646948139
8.91043922288892	0.191128251749715	8.53582784945948	9.28505059631836
8.87213882080882	0.220713615692794	8.43954013405094	9.3047375075667
9.10295416259149	0.21414443268381	8.68323107453122	9.52267725065176
9.21931267570354	0.240191977931889	8.74853639895704	9.69008895245004
9.10826285130229	0.232051059249597	8.65344277517308	9.56308292743151
9.2831428647431	0.207832043539997	8.87579205940471	9.69049367008149
8.5333794765603	0.190662382229848	8.1596812073898	8.9070777457308
9.19025034114283	0.225123718876115	8.74900785214564	9.63149283014001
9.52317808538094	0.239591537219866	9.05357867243	9.99277749833187
9.08118574381696	0.202723461108219	8.68384776004485	9.47852372758907
9.17927853737793	0.224258283008107	8.73973230268204	9.61882477207382
8.70095896164673	0.180276060185655	8.34761788368284	9.05430003961061
8.92189783619074	0.226261353106533	8.47842558410193	9.36537008827954
8.61067848660168	0.204945368848653	8.20898556365832	9.01237140954504
8.737406604231	0.223927810966191	8.29850809473727	9.17630511372473
9.3564729617546	0.206319159758245	8.95208740862844	9.76085851488076
8.77291458550331	0.196406588547007	8.38795767195118	9.15787149905545
9.18381744184223	0.201528705768146	8.78882117853666	9.57881370514779
9.19906418834747	0.217053595349067	8.7736391414633	9.62448923523164
8.54331432738529	0.187425874123174	8.17595961410387	8.91066904066671
8.84565199645286	0.207390794053086	8.43916604010881	9.25213795279691
8.96439308985157	0.194796629041132	8.58259169693095	9.34619448277219
8.82760245785081	0.18395497867517	8.46705069964748	9.18815421605414
9.43927659876069	0.214025879429489	9.01978587507889	9.85876732244248
8.83672167653278	0.204446585792828	8.43600636837884	9.23743698468672
8.96272677271971	0.203909621577336	8.56306391442813	9.36238963101129
8.97123716293616	0.212262598358958	8.55520247015261	9.38727185571972
8.70877225058616	0.21827390943108	8.28095538810124	9.13658911307108
9.19630433324578	0.208174096688356	8.78828310373661	9.60432556275496
9.4034940900193	0.228862961053826	8.9549226863538	9.8520654936848
8.81407738785703	0.197595279349981	8.42679064033106	9.20136413538299
8.94702783574309	0.226348842266355	8.50338410490104	9.39067156658515
8.73018627344979	0.18697806716625	8.36370926180394	9.09666328509564
8.52597783606746	0.179081753631901	8.17497759894893	8.87697807318598
9.06211673270596	0.220036391446259	8.63084540547129	9.49338805994062
8.95876544358222	0.197640297554092	8.5713904603762	9.34614042678824
9.1363583422715	0.216131220283634	8.71274115051558	9.55997553402742
8.67600336540356	0.177665644122568	8.32777870292333	9.02422802788379
8.8503234631878	0.207949294489523	8.44274284598834	9.25790408038727
9.07444257706853	0.207958020625529	8.66684485664249	9.48204029749457
8.95439263357411	0.230921153217952	8.50178717326693	9.4069980938813
8.79338902709772	0.200334839751293	8.40073274118519	9.18604531301026
8.65015242426952	0.185808721371386	8.28596733038161	9.01433751815744
8.77326471133457	0.217796205871254	8.34638414782691	9.20014527484222
8.69623145956314	0.209132676102667	8.28633141440191	9.10613150472437
9.12031891069043	0.188735773133936	8.75039679534792	9.49024102603295
9.13957203693432	0.223960423560204	8.70060960675632	9.57853446711232
9.10039133841388	0.243981871220141	8.6221868708224	9.57859580600535
8.82064973810035	0.201968449437734	8.42479157720239	9.21650789899831
9.20021498265089	0.204656382434193	8.79908847307987	9.60134149222191
8.52064225309418	0.185353962346378	8.15734848689528	8.88393601929308
8.80989637337601	0.194281371150089	8.42910488592183	9.19068786083018
8.76268055892082	0.225209717020914	8.32126951355983	9.20409160428181
9.2466489996622	0.221192849162181	8.81311101530433	9.68018698402008
9.00385361835446	0.199995574982452	8.61186229138885	9.39584494532006
8.65366295221605	0.182892575121957	8.29519350497701	9.01213239945508
9.29059363983591	0.241082382829163	8.81807216949075	9.76311511018107
9.07740789488146	0.234220125235846	8.6183364494192	9.53647934034372
8.92584953759221	0.209956766400506	8.51433427544722	9.33736479973721
8.96435975822713	0.211525204372312	8.5497703576574	9.37894915879686
8.99642705968568	0.215636763639999	8.57377900295129	9.41907511642008
8.75267757499971	0.181089164178538	8.39774281320978	9.10761233678965
9.03162918589084	0.213839887778814	8.61250300584437	9.45075536593732
9.06806538006155	0.19765390029215	8.68066373548894	9.45546702463416
9.10952299691719	0.219163335130052	8.67996286006229	9.53908313377209
8.77684719649299	0.21204460606844	8.36123976859885	9.19245462438713
9.11295100579319	0.206182868581862	8.70883258337274	9.51706942821364
8.76897315806218	0.199633743037602	8.37769102170848	9.16025529441588
9.33068335068	0.21925386942626	8.90094576660453	9.76042093475547
8.61330847656481	0.185071872728534	8.25056760601688	8.97604934711274
8.68265903535147	0.194058338662243	8.30230469157348	9.06301337912947
9.41269968341219	0.226454060948272	8.96884972395358	9.85654964287081
9.2235487703979	0.230403921371897	8.77195708450899	9.67514045628682
8.7769208053304	0.186812278971246	8.41076873854676	9.14307287211404
9.01027711111086	0.203162184360106	8.61207922976505	9.40847499245667
9.3403648742181	0.220357037630919	8.9084650804615	9.7722646679747
9.034288438855	0.213322155288255	8.61617701449002	9.45239986321998
8.70063466718427	0.180997319068842	8.34587992180934	9.0553894125592
9.21272202232375	0.217819548433291	8.7857957073945	9.639648337253
9.07888621214067	0.209398465730247	8.66846521930939	9.48930720497195
9.23248375427854	0.207904825535514	8.82499029622893	9.63997721232815
8.53429417039721	0.203573596256675	8.13528992173413	8.93329841906029
8.97971209719219	0.206948469639694	8.57409309669839	9.38533109768599
9.12137924324609	0.188747481650938	8.75143417921025	9.49132430728193
8.72623114997296	0.196021791875705	8.34202843789658	9.11043386204934
9.03831176653187	0.209492494964209	8.62770647640202	9.44891705666172
9.18748668414665	0.199423825277215	8.7966159866033	9.57835738168999
9.03679801115571	0.209366620804233	8.62643943437941	9.447156587932
9.36172304240595	0.217450555289102	8.93551995403931	9.78792613077259
9.29966607541389	0.21870008232279	8.87101391406123	9.72831823676656
9.04498128282119	0.223285827193858	8.60734106152123	9.48262150412115
9.17162674052545	0.21306218899729	8.75402485009076	9.58922863096014
9.02834969245169	0.213944390185329	8.60901868768845	9.44768069721494
9.19861782075293	0.232618630881642	8.74268530422491	9.65455033728094
8.9531232451535	0.212595981643079	8.53643512113306	9.36981136917393
9.16305339197124	0.22779326644278	8.7165785897434	9.60952819419909
8.97655481722247	0.208795365525669	8.56731590079216	9.38579373365278
9.06057006896936	0.216118738662376	8.6369773411911	9.48416279674762
8.78406647872022	0.18693688406888	8.41767018594522	9.15046277149523
9.0761585364156	0.229148095194682	8.62702826983402	9.52528880299717
8.96021514029819	0.208421272765137	8.55170944567852	9.36872083491785
9.49018461045771	0.225700845651692	9.04781095298039	9.93255826793502
9.08868353100507	0.225213615751926	8.6472648441313	9.53010221787885
8.53029079733611	0.193589820524361	8.15085474910836	8.90972684556385
9.02862945979725	0.216050811498802	8.60516986925959	9.4520890503349
9.32523935135091	0.229329338467069	8.87575384795545	9.77472485474637
8.97052509722991	0.199988645241756	8.57854735255607	9.36250284190375
8.82731751672723	0.192610357372014	8.44980121627808	9.20483381717637
8.82184147166673	0.194072477841256	8.44145941509787	9.20222352823559
8.81369299612786	0.216705068853097	8.38895106117579	9.23843493107993
9.08656027819494	0.20584899858673	8.68309624096495	9.49002431542493
8.53276484163301	0.204284307239386	8.13236759944381	8.9331620838222
9.08828761890155	0.205120578136231	8.68625128575454	9.49032395204856
9.03498389018857	0.213438983939552	8.61664348166704	9.45332429871009
9.14223287479062	0.211700039364825	8.72730079763556	9.55716495194567
8.98262555716423	0.204666589652412	8.5814790414455	9.38377207288295
8.66129258212022	0.212957514869824	8.24389585297536	9.07868931126507
9.03578160052001	0.207844395800339	8.62840658475135	9.44315661628868
8.98769391673393	0.217383940256515	8.56162139383116	9.4137664396367
9.22414081573294	0.205423797597831	8.82151017244119	9.62677145902469
8.96766623008971	0.206779583029262	8.56237824735236	9.37295421282706
8.69515770558046	0.191295706090212	8.32021812164365	9.07009728951727
9.2750132096794	0.221878399027252	8.84013154758599	9.70989487177281
8.81136322615045	0.185440763067443	8.44789933053826	9.17482712176264
8.65930729692607	0.185332200688795	8.29605618357603	9.0225584102761
8.93938552459109	0.211121945037994	8.52558651231662	9.35318453686556
9.13347186638466	0.217264318552075	8.70763380202259	9.55930993074673
8.72318909598798	0.192019025513363	8.34683180598179	9.09954638599418
8.77046348736689	0.200329156711097	8.37781834021314	9.16310863452064
9.23541775803491	0.218502885042661	8.8071521033513	9.66368341271853
9.02548299916037	0.209444011492864	8.61497273663436	9.43599326168639
8.88685417836115	0.206446336779857	8.48221935827263	9.29148899844967
9.30732575921319	0.214009639654201	8.88786686549096	9.72678465293543
8.90468669979837	0.197593103604389	8.51740421673377	9.29196918286297
9.10015961803789	0.205350063862352	8.69767349286768	9.5026457432081
9.00965399956923	0.221395121508715	8.57571956141215	9.44358843772631
8.92082241514514	0.188139328652387	8.55206933098646	9.28957549930382
9.08904107427791	0.206013136775805	8.68525532619734	9.49282682235849
9.37407925316113	0.217985944650035	8.94682680164706	9.8013317046752
9.1385095061913	0.203572614143664	8.73950718246972	9.53751182991288
8.82577825258693	0.207046752390111	8.41996661790231	9.23158988727154
9.21006451367765	0.213316738440511	8.79196370633424	9.62816532102105
8.75043521320771	0.199479088248353	8.35945620024094	9.14141422617448
8.64298956873712	0.197269618788724	8.25634111591122	9.02963802156302
8.97774686302335	0.182823978525938	8.61941186511251	9.33608186093419
8.73998228044338	0.208825433495809	8.3306844307916	9.14928013009517
9.01142904819926	0.213251922235434	8.59345528061781	9.42940281578071
9.01333875567586	0.211628658188157	8.59854658562708	9.42813092572465
9.35710151437849	0.218329830485436	8.92917504662703	9.78502798212994
9.10896348918697	0.210773109593913	8.6958481943829	9.52207878399104
9.04748346104989	0.194480392027667	8.66630189267566	9.42866502942411
9.21417837645674	0.199518238519111	8.82312262895928	9.6052341239542
9.36088469947032	0.224004352380084	8.92183616880536	9.79993323013529
8.64500582277216	0.18211942969712	8.28805174056581	9.00195990497852
8.82818428705415	0.208181648870073	8.42014825526881	9.2362203188395
9.102237775562	0.203448632797937	8.70347845527805	9.50099709584596
8.92444084711741	0.201963832311911	8.52859173578607	9.32028995844876
9.09772321016551	0.196090515241082	8.71338580029299	9.48206062003803
9.07758872910934	0.221700006267038	8.64305671682595	9.51212074139274
9.13390640989675	0.237041469735185	8.66930512921579	9.59850769057771
9.03733393171123	0.194411286326676	8.65628781051095	9.41838005291152
9.07617649818217	0.194919809462442	8.69413367163579	9.45821932472856
8.87062268167494	0.195189293547617	8.48805166632161	9.25319369702827
9.25337005479788	0.222273317596581	8.81771435230859	9.68902575728718
9.1112765944685	0.207916781731873	8.70375970227403	9.51879348666297
9.22455700764885	0.212208894587113	8.80862757425811	9.64048644103959
9.00792759884447	0.242935590104353	8.53177384223993	9.484081355449
9.08751939720086	0.21242111829361	8.67117400534539	9.50386478905634
8.92638089219956	0.231174257896068	8.47327934672327	9.37948243767586
9.31803459360347	0.212416209435838	8.90169882310923	9.73437036409772
9.0144423134609	0.205741050077394	8.6111898553092	9.41769477161259
8.65769866007912	0.182450347255004	8.30009597945931	9.01530134069893
9.47464558195879	0.246948206935497	8.99062709636521	9.95866406755236
9.00913398229242	0.207473695171897	8.6024855397555	9.41578242482933
9.19088497787734	0.209173646830024	8.78090463009049	9.60086532566419
8.98488192974821	0.200149914783642	8.59258809677227	9.37717576272415
8.74779463788999	0.196120230962203	8.36339898520407	9.13219029057591
9.08282563731186	0.216117514900843	8.65923530810621	9.50641596651751
9.14094188586201	0.19365904455773	8.76137015852886	9.52051361319516
8.68182790616864	0.197660340621965	8.29441363854959	9.06924217378769
9.257590387185	0.209701395224563	8.84657565254486	9.66860512182514
9.02358392965596	0.205043532307278	8.62169860633369	9.42546925297822
9.18082084369962	0.208485907258747	8.77218846547247	9.58945322192676
8.79777336871654	0.210187155578045	8.38580654378357	9.20974019364951
8.89001949927139	0.201657655097663	8.49477049527997	9.28526850326281
8.93156311404021	0.216690597794928	8.50684954236215	9.35627668571827
8.9859441976686	0.20829013115838	8.57769554059817	9.39419285473902
9.05810463825695	0.220633359106631	8.62566325440795	9.49054602210594
8.83592541924706	0.216978461297313	8.41064763510433	9.2612032033898
8.77499203829328	0.19877301667358	8.38539692561306	9.1645871509735
8.93412237228672	0.203656717437524	8.53495520610918	9.33328953846427
9.15134026662735	0.233600965092136	8.69348237504676	9.60919815820793
9.15465617588887	0.232342760536804	8.69926436523674	9.61004798654101
9.1694486363609	0.236832716462274	8.70525651209484	9.63364076062696
8.84795873654389	0.217238223821883	8.422171817853	9.27374565523478
8.97126844403138	0.201757254548241	8.57582422511682	9.36671266294593
9.01913103385625	0.20524900990014	8.61684297445198	9.42141909326052
8.96226038591443	0.205209575421051	8.56004961808917	9.36447115373969
9.10009297232138	0.215290385643886	8.67812381645936	9.5220621281834
9.02931611001648	0.213859809674079	8.61015088305528	9.44848133697767
9.34402476137656	0.205810435730506	8.94063630734477	9.74741321540835
8.75968456618916	0.202053859897589	8.36365900078988	9.15571013158843
9.48744246321389	0.216791511013753	9.06253110162694	9.91235382480085
8.88926022140616	0.1967506960744	8.50362885710034	9.27489158571199
9.04744862557776	0.213482280187309	8.62902335641064	9.46587389474489
9.00306264427699	0.216935727212764	8.57786861893997	9.428256669614
8.94290722427604	0.219043932670618	8.51358111624163	9.37223333231045
9.33940414810019	0.213626937928437	8.92069534976045	9.75811294643993
9.09782940748123	0.213051822622885	8.68024783514037	9.51541097982209
8.75217619014573	0.194726999224173	8.37051127166636	9.13384110862511
9.06790397498687	0.2018455263583	8.6722867433246	9.46352120664914
9.19183607970123	0.217302682605527	8.7659228217944	9.61774933760806
9.03003556821123	0.206555539841224	8.62518671012243	9.43488442630003
9.06273049719485	0.219467896087789	8.63257342086278	9.49288757352691
8.92436176979602	0.2015363484031	8.52935052692594	9.3193730126661
9.18071657378947	0.21403747592376	8.7612031209789	9.60023002660004
9.21720773282425	0.200883780113158	8.82347552380246	9.61093994184604
8.7207148755455	0.197617405257331	8.33338476124113	9.10804498984987
8.97706192930128	0.197591417124171	8.58978275173791	9.36434110686466
8.62177858533153	0.194940064053816	8.23969605978605	9.00386111087701
8.78980427559031	0.200110330470222	8.39758802786868	9.18202052331195
9.02211670458217	0.212580534374193	8.60545885720875	9.43877455195558
8.82508311087987	0.198134135209388	8.43674020586947	9.21342601589027
8.87454016022969	0.213476883945957	8.45612546769562	9.29295485276377
9.51067468718389	0.224408357575407	9.0708343063361	9.95051506803169
9.01525971459188	0.198799186950436	8.62561330816903	9.40490612101474
8.86566437250609	0.197762299825306	8.47805026484849	9.25327848016369
8.87218760497894	0.213301881920516	8.45411591641473	9.29025929354315
9.14800384846091	0.20454538420146	8.74709489542605	9.54891280149577
9.01013409850498	0.205874316231243	8.60662043869174	9.41364775831821
8.87328967512553	0.197965319540686	8.48527764882578	9.26130170142527
8.85804119343806	0.199537353206215	8.46694798115388	9.24913440572224
9.05296477583581	0.217981513270772	8.6257210098251	9.48020854184652
9.23101018643266	0.227096072076273	8.78590188516317	9.67611848770216
8.70547293404357	0.207170290921703	8.29941916383703	9.11152670425011
8.70041921507857	0.190668339017008	8.32670927060524	9.07412915955191
9.0417720659532	0.220048071118117	8.61047784656169	9.47306628534471
8.94681682132171	0.198731879332239	8.55730233783052	9.3363313048129
8.73074241713047	0.198497276278986	8.34168775562366	9.11979707863728
9.31660815031738	0.221755588068864	8.88196719770241	9.75124910293235
9.0310492612012	0.217162065095992	8.60541161361306	9.45668690878935
8.4807428594226	0.20439181782842	8.0801348964789	8.8813508223663
8.84458337956051	0.197935315675947	8.45663016083565	9.23253659828536
9.05961642284296	0.19844065578286	8.67067273750856	9.44856010817737
9.05393257871017	0.211514473272941	8.63936421109521	9.46850094632514
8.98902646623695	0.20227471958097	8.59256801585825	9.38548491661565
9.18399527782442	0.204678088299062	8.78282622475825	9.58516433089058
8.41235076874668	0.195579874958106	8.02901421382879	8.79568732366457
8.77639071856153	0.196001552185877	8.39222767627721	9.16055376084585
9.25193785251059	0.212560481907384	8.83531930797212	9.66855639704906
8.97041114642307	0.213441247259149	8.55206630179514	9.388755991051
9.13465962765649	0.22457798227884	8.69448678238997	9.57483247292302
9.27773718068616	0.217518929558834	8.85140007875085	9.70407428262148
9.22034537627043	0.239598356456788	8.75073259761513	9.68995815492574
8.998967689265	0.225710690495296	8.55657473589422	9.44136064263578
9.15065844565013	0.213576324437776	8.73204884975209	9.56926804154817
9.35472939323153	0.220772579991883	8.92201513644744	9.78744365001562
9.00528336514587	0.222958978075142	8.56828376811859	9.44228296217315
9.28977123935962	0.208649196762167	8.88081881370577	9.69872366501347
9.2475257740832	0.214827443143051	8.82646398552282	9.66858756264358
8.88124204812704	0.202769046802928	8.4838147163933	9.27866937986078
8.87348061672186	0.19616410578064	8.4889989693918	9.25796226405191
8.80616505747948	0.206434959795672	8.40155253627996	9.21077757867899
8.92996262845811	0.199620188383666	8.53870705922612	9.32121819769009
8.98418196456066	0.191018954469025	8.60978481380137	9.35857911531995
9.23943020051362	0.198195547624921	8.85096692716878	9.62789347385847
9.00199581195283	0.207635034130444	8.59503114505716	9.4089604788485
8.9696392631554	0.223455783478126	8.53166592753827	9.40761259877253
8.94012744992206	0.191178541965973	8.56541750766875	9.31483739217536
8.84501204645785	0.196665369961871	8.45954792133258	9.23047617158312
9.16262536441085	0.204372316541864	8.7620556239888	9.5631951048329
8.90016027414232	0.195060672014905	8.5178413569931	9.28247919129153
9.12263529611256	0.208304787343906	8.7143579129185	9.53091267930662
8.98495492833565	0.212825862255545	8.56781623831479	9.40209361835652
8.76049018992662	0.200668246598843	8.36718042659289	9.15379995326035
8.87519854611719	0.217826792665555	8.44825803249271	9.30213905974168
8.95170271472393	0.215257946252643	8.52979714006875	9.37360828937911
8.72090563055811	0.202193653145113	8.32460607039368	9.11720519072253
9.35064487950919	0.202619088686349	8.95351146568395	9.74777829333443
8.94509771756597	0.195978883329334	8.56097910624048	9.32921632889147
9.12473321924658	0.208597762452422	8.71588160483983	9.53358483365332
9.21964647600123	0.222086765996081	8.78435641464891	9.65493653735355
9.08145431258909	0.205333174562688	8.67900129044622	9.48390733473196
9.17678748319108	0.215404719368078	8.75459423322965	9.59898073315252
8.62556799837746	0.193599005508926	8.24611394757996	9.00502204917495
9.15245976218931	0.214019725661628	8.73298109989252	9.5719384244861
8.76647350809572	0.218794711374902	8.33763587380091	9.19531114239052
9.0568342523027	0.214659511130842	8.63610161048625	9.47756689411915
8.81645099632643	0.203059389919816	8.41845459208359	9.21444740056927
8.67879991195856	0.20856041299957	8.2700215024794	9.08757832143771
9.15555688199537	0.219024371493484	8.72626911386815	9.5848446501226
9.09591956022416	0.218154043870122	8.66833763423872	9.5235014862096
9.03508187809986	0.204308098493748	8.63463800505212	9.43552575114761
8.71870419787556	0.213062443135156	8.30110180933066	9.13630658642047
9.26678447319377	0.201534048763664	8.87177773761699	9.66179120877055
8.95600197104338	0.210860995788131	8.54271441929865	9.36928952278812
9.31273089584799	0.219964160270491	8.88160114171783	9.74386064997815
9.21273576530577	0.213797854083916	8.79369197130129	9.63177955931024
8.36523823600835	0.18123208496268	8.0100233494815	8.7204531225352
8.90049189934774	0.196893924959153	8.5145798064278	9.28640399226768
9.00612847277365	0.20273804342802	8.60876190765473	9.40349503789257
9.13122472191567	0.207779518583189	8.72397686549262	9.53847257833872
8.74127968776554	0.195606850436149	8.35789026091069	9.12466911462039
9.09704751839889	0.209962833109073	8.6855203655051	9.50857467129267
8.58529031198831	0.186874567780838	8.21901615913787	8.95156446483876
9.04323241553487	0.213920384916421	8.62394846109868	9.46251636997106
9.29242527439071	0.226315112234808	8.84884765441049	9.73600289437093
8.98884453147226	0.235005366299906	8.52823401352444	9.44945504942008
9.04102729401723	0.227739222736558	8.59465841745357	9.48739617058088
8.86442639362078	0.199917609660311	8.47258787868657	9.25626490855499
9.02243756511995	0.195254934596915	8.63973789331	9.4051372369299
9.08946283550485	0.216344555670891	8.6654275063899	9.51349816461979
8.95057183899186	0.226743211939277	8.50615514359088	9.39498853439284
8.99585978551762	0.203359397561007	8.59727536629805	9.3944442047372
8.75260011803512	0.210577773691969	8.33986768159886	9.16533255447138
8.98983613256713	0.208516462437823	8.581143866189	9.39852839894527
8.71279076483878	0.211926204819317	8.29741540339292	9.12816612628465
9.01281359611984	0.206952564110582	8.6071865704631	9.41844062177658
8.87627341270041	0.226099316114996	8.43311875311502	9.31942807228581
8.77841741443567	0.193054842458969	8.40002992321609	9.15680490565525
9.12067205306789	0.208912129963612	8.71120427833921	9.53013982779657
9.18730975965944	0.214506874718421	8.76687628521133	9.60774323410754
9.20885186010497	0.219169902540799	8.779278851125	9.63842486908494
9.17539223373178	0.204337719603622	8.77489030330868	9.57589416415488
9.43614507338871	0.215648855531852	9.01347331654628	9.85881683023114
9.09333552232151	0.204152983557695	8.69319567454843	9.49347537009459
8.97768623605354	0.208827016543945	8.56838528362741	9.38698718847967
9.0558467300047	0.196916620492413	8.66989015383957	9.44180330616983
8.98194841588173	0.233577010160053	8.52413747596802	9.43975935579543
9.21501730788161	0.25213468629197	8.72083332274935	9.70920129301387
9.02060530045992	0.19851361398965	8.63151861704021	9.40969198387964
8.91684544558203	0.202626732300935	8.51969705027219	9.31399384089186
8.90773868389269	0.228010375758198	8.46083834740662	9.35463902037876
9.11180199510968	0.263174322704081	8.59598032260969	9.62762366760968
8.99181299503629	0.212779511814943	8.574765151879	9.40886083819358
8.76172931170676	0.20647756801369	8.35703327839993	9.1664253450136
8.86389115011879	0.181506057814825	8.50813927680173	9.21964302343585
9.0065624430434	0.225652587517943	8.56428337150824	9.44884151457857
8.88858073078926	0.219228701879133	8.45889247510616	9.31826898647236
8.78382216452254	0.194989281654802	8.40164317247913	9.16600115656595
8.7812319309641	0.207848327550257	8.37384920896559	9.1886146529626
8.87830828966941	0.209898916366476	8.46690641359112	9.2897101657477
9.11062172049768	0.209422514418235	8.70015359223794	9.52108984875742
8.84099713945551	0.188613797747955	8.47131409586952	9.2106801830415
9.01650199831518	0.223319529564807	8.57879572036816	9.4542082762622
8.71172599897356	0.192936343080926	8.33357076653495	9.08988123141218
9.1560280150526	0.220488015951157	8.72387150378833	9.58818452631687
8.9530121086207	0.226712709310407	8.5086551983723	9.3973690188691
9.19291672539222	0.215086602305391	8.77134698487366	9.61448646591079
8.99850868857543	0.220554948258446	8.56622098998888	9.43079638716198
9.14125876634863	0.200225931325338	8.74881594095097	9.53370159174629
9.03965731398843	0.204688122947899	8.63846859301055	9.44084603496631
8.73633061897314	0.182363774306402	8.37889762133259	9.09376361661369
8.83639876555387	0.214711031014187	8.41556514476606	9.25723238634168
8.97504153600334	0.199835808103156	8.58336335212115	9.36671971988552
9.43653286117442	0.211581861146437	9.0218324133274	9.85123330902143
8.83360924317634	0.186863186326951	8.46735739797551	9.19986108837716
9.34550624374494	0.231561507676818	8.89164568869837	9.7993667987915
9.12334327196201	0.205899330423402	8.71978058433214	9.52690595959188
8.87350186052999	0.200467012377263	8.48058651627056	9.26641720478943
8.97714297215476	0.207766705549247	8.56992022927824	9.38436571503128
8.91038706302743	0.21291713217104	8.4930694839722	9.32770464208267
9.00756524692984	0.250729284535067	8.51613584924111	9.49899464461857
8.78421091591526	0.200438206895113	8.39135203040084	9.17706980142968
8.8899296945901	0.20003703502663	8.49785710593791	9.28200228324229
8.67538615869583	0.182241778172849	8.31819227347705	9.03258004391462
8.72805578300607	0.189437821961518	8.35675765196149	9.09935391405064
9.06310668239247	0.225083315991289	8.62194338304954	9.50426998173539
8.88924821124382	0.211152629403943	8.4753890576121	9.30310736487555
9.02635225997722	0.235446390206004	8.56487733517345	9.48782718478099
9.39737529201184	0.232493441280469	8.94168814710212	9.85306243692156
9.15928606421491	0.194040866804701	8.77896596527769	9.53960616315212
9.12388665799984	0.212063589289472	8.70824202299248	9.53953129300721
8.91525207728433	0.225746693443186	8.47278855813569	9.35771559643297
8.99296800298684	0.207376847170716	8.58650938253224	9.39942662344145
9.37914334958432	0.237956479849934	8.91274864907845	9.84553805009019
8.85397570581797	0.202524297685174	8.45702808235503	9.25092332928091
8.73275345944547	0.182055128972644	8.37592540665909	9.08958151223186
8.89189123970479	0.19685950307803	8.50604661367185	9.27773586573773
9.02294385180845	0.203275379419951	8.62452410814535	9.42136359547155
9.01803394776404	0.212283069326963	8.60195913188319	9.43410876364488
8.79375925897208	0.214448791394715	8.37343962783844	9.21407889010572
8.70961829619955	0.1988013100498	8.31996772850194	9.09926886389716
8.9401736710847	0.220721867219394	8.50755881133469	9.37278853083471
8.90416563123626	0.198407900337462	8.51528614657483	9.29304511589769
9.0237809014156	0.197391280500867	8.6368939916339	9.4106678111973
9.32269801267758	0.217150105291514	8.89708380630621	9.74831221904895
8.89301222960815	0.207955905330829	8.48541865515972	9.30060580405657
9.25622751388259	0.23881439585694	8.78815129800298	9.72430372976219
8.9634192202158	0.205337528883751	8.56095766360365	9.36588077682796
8.93317842618284	0.223876782865187	8.49437993176708	9.37197692059861
9.08624482141342	0.226364427725815	8.64257054307082	9.52991909975601
9.34744001222186	0.214017861192567	8.92796500428443	9.76691502015929
8.95741537840176	0.222061303042616	8.52217522443823	9.39265553236529
9.28230571580717	0.215196479747697	8.86052061550168	9.70409081611265
8.72825947846102	0.207771758709108	8.32102683139117	9.13549212553087
8.61676358385745	0.204350746381512	8.21623612094969	9.01729104676522
8.91685190657151	0.209443458800005	8.5063427273235	9.32736108581952
9.19069557438543	0.220703670285549	8.75811638062575	9.62327476814511
8.90118082255246	0.205373087763895	8.49864957053523	9.3037120745697
9.0237886817491	0.206959797482102	8.61814747868418	9.42942988481402
8.71140669754087	0.178666985818303	8.36121940533699	9.06159398974474
9.04978534996415	0.210122809021024	8.63794464428294	9.46162605564535
8.82644636361739	0.234694482936101	8.36644517706264	9.28644755017215
8.9282857411595	0.203713580461894	8.52900712345419	9.32756435886481
8.63863771129568	0.189342502096849	8.26752640718586	9.0097490154055
9.08853674469308	0.209889624792457	8.67715308009986	9.49992040928629
8.71596526587613	0.19738258271836	8.32909540374815	9.10283512800412
8.97310212304794	0.198050466543285	8.5849232086231	9.36128103747278
8.96634640893502	0.195234579636993	8.58368663284652	9.34900618502353
9.06110117870725	0.205165443698992	8.65897690905723	9.46322544835728
9.02198013007045	0.206207359104552	8.61781370622553	9.42614655391537
8.63817740258706	0.209961471476198	8.22665291849371	9.0497018866804
9.13764710821796	0.218738503236641	8.70891964187415	9.56637457456178
8.65978258933109	0.209351869797256	8.24945292452847	9.07011225413371
8.92630617821419	0.18720890355442	8.55937672724753	9.29323562918086
8.80924708355104	0.203774671017757	8.40984872835624	9.20864543874584
8.8362577000057	0.196812361213709	8.45050547202683	9.22200992798457
8.97567455760901	0.20734538082103	8.56927761119979	9.38207150401823
8.7967448277951	0.208879541368364	8.3873409267131	9.20614872887709
9.14124133860665	0.211872458755701	8.72597131944548	9.55651135776782
9.24538567303807	0.211318705685003	8.83120100989546	9.65957033618067
9.02489136605343	0.210776110494769	8.61177018948368	9.43801254262318
8.89275653365502	0.197146989885226	8.50634843347998	9.27916463383007
9.24033049620687	0.219926693739614	8.80927417647723	9.67138681593652
8.83971990772567	0.206352187420361	8.43526962038176	9.24417019506958
8.94797595289542	0.235995829982119	8.48542412613047	9.41052777966038
9.12101061185442	0.2067453797972	8.71578966745191	9.52623155625694
8.71030092885691	0.184072520940699	8.34951878781314	9.07108306990068
9.05518028105858	0.209699325318526	8.64416960343427	9.46619095868289
8.94100840483831	0.2044853480781	8.54021712260524	9.34179968707139
8.74293318932794	0.194158720227821	8.36238209768142	9.12348428097447
9.08460721451142	0.224444324469245	8.6446963385517	9.52451809047114
9.03599459044851	0.203020132783591	8.63807513019267	9.43391405070435
8.73687941170993	0.198078064991875	8.34864640432585	9.125112419094
8.93943496269513	0.226919690745475	8.494672368834	9.38419755655626
8.82146517834163	0.190323494028282	8.4484311300462	9.19449922663706
8.85938616115143	0.211456495193145	8.44493143057287	9.27384089173
9.08830674004025	0.219579659858565	8.65793060671746	9.51868287336304
9.4203000085477	0.27363400167472	8.88397736526525	9.95662265183015
9.08034918214333	0.206732650462892	8.67515318723606	9.4855451770506
9.22240778806574	0.218432765163467	8.79427956834535	9.65053600778614
8.79729917009058	0.199394371130968	8.40648620267389	9.18811213750728
9.14347956113368	0.213933517542355	8.72416986675067	9.5627892555167
9.15417734384104	0.19863618888678	8.76485041362295	9.54350427405913
9.05398820276184	0.209612649172183	8.64314741038436	9.46482899513931
9.02749789107503	0.197076587414904	8.64122777974182	9.41376800240824
9.1210024359486	0.223533176721453	8.68287740957455	9.55912746232264
9.05511401120174	0.20086788370306	8.66141295914374	9.44881506325973
9.69773404094499	0.228658934924463	9.24956252849305	10.1459055533969
9.15721503867477	0.216920672827766	8.73205051993235	9.58237955741719
9.38554755334133	0.250089706404956	8.89537172878761	9.87572337789504
8.86986616377381	0.216845990235612	8.44484802291201	9.29488430463561
8.98214482405934	0.212405447463931	8.56583014703004	9.39845950108865
8.71892644622777	0.19782665678054	8.33118619893791	9.10666669351763
8.89121862856379	0.20450187084512	8.49039496170736	9.29204229542023
9.03164273836311	0.197860700950801	8.64383576449954	9.41944971222668
9.01847391919212	0.221475775558586	8.58438139909729	9.45256643928695
8.76146585908677	0.192023670008583	8.38509946586995	9.13783225230359
9.11253392601006	0.215729962768238	8.68970319898432	9.53536465303581
8.76327919271335	0.189482107163382	8.39189426267312	9.13466412275358
9.04722031231726	0.224563789950736	8.60707528401381	9.4873653406207
8.86059705362741	0.204595135611313	8.45959058782924	9.26160351942558
9.18111780145914	0.201047303494808	8.78706508660932	9.57517051630897
8.85414938684104	0.215146167888139	8.43246289778029	9.27583587590179
9.15119580020935	0.211688233196893	8.73628686314344	9.56610473727526
9.15556031269769	0.219531915844774	8.72527775764193	9.58584286775344
9.53035721855105	0.27426296752838	8.99280180219543	10.0679126349067
9.15532625567634	0.206479730856904	8.7506259831968	9.56002652815587
8.85961224284855	0.2024611674141	8.46278835471692	9.25643613098019
8.80164231170419	0.203582445711137	8.40262071811036	9.20066390529802
8.92707058127831	0.189519611037706	8.5556121436444	9.29852901891221
8.88489402881851	0.205623466690192	8.48187203410574	9.28791602353129
9.00845954327797	0.206450862236355	8.60381585329471	9.41310323326123
8.99410424662431	0.205745980915597	8.59084212402974	9.39736636921887
8.75498071420453	0.193062877842825	8.3765774736326	9.13338395477647
9.16849717001115	0.217978290274583	8.74125972107296	9.59573461894933
9.0729555518855	0.201355717584004	8.67829834542086	9.46761275835015
9.05627809154314	0.20807020310504	8.64846049345726	9.46409568962902
8.9356446690833	0.176535182278467	8.58963571181751	9.2816536263491
9.0200526888584	0.210999074864004	8.60649450212495	9.43361087559185
9.17892609444935	0.226412555793805	8.73515748509349	9.62269470380521
9.03467658259734	0.208786943396891	8.62545417353944	9.44389899165525
8.99272525341774	0.181247319596789	8.63748050700804	9.34796999982745
9.259694226646	0.204306044588844	8.85925437925187	9.66013407404014
9.19417504947499	0.202151197869566	8.79795870165064	9.59039139729934
8.81424273944329	0.207341898447675	8.40785261848585	9.22063286040073
8.73645245327597	0.205078835756668	8.3344979351929	9.13840697135904
8.97393467031703	0.193119637031278	8.59542018173572	9.35244915889833
9.11896537054355	0.200843972395547	8.72531118464828	9.51261955643882
9.04970999226263	0.217922024191082	8.62258282484811	9.47683715967715
8.92629189535654	0.219430109413046	8.49620888090697	9.35637490980611
9.10677108108977	0.222427906521164	8.67081238430829	9.54272977787125
9.21630759772229	0.205303322072764	8.81391308645967	9.61870210898491
8.98172659101826	0.204475796853496	8.5809540291854	9.38249915285111
8.86013791423275	0.204473325831095	8.4593701956038	9.26090563286169
8.91529114672826	0.210469491912977	8.50277094257882	9.32781135087769
8.98485594399172	0.204870661157242	8.58330944812353	9.38640243985992
9.05987207308294	0.191650499367572	8.6842370943225	9.43550705184338
9.29922622392729	0.22021021977065	8.86761419317681	9.73083825467776
8.94038037007111	0.212226269685161	8.5244168814882	9.35634385865403
8.89267981400971	0.225107116785761	8.45146986510962	9.3338897629098
8.91567164606793	0.204569131735353	8.51471614786664	9.31662714426922
9.0809898530476	0.219505866671672	8.65075835437112	9.51122135172408
8.55438360202707	0.188757224033009	8.18441944292237	8.92434776113176
8.98808451372459	0.20091753816201	8.59428613892705	9.38188288852213
8.67424352551414	0.187564565994277	8.30661697616536	9.04187007486292
8.85161914316245	0.220186025940319	8.42005453231942	9.28318375400547
8.9246764143013	0.198225183965539	8.53615505372884	9.31319777487376
9.03895988723385	0.216637777185389	8.61434984395049	9.46356993051722
8.7671048139332	0.198413276284244	8.37821479241608	9.15599483545032
9.30698607975837	0.214230438754376	8.88709441979979	9.72687773971694
8.92058467031149	0.197720194124048	8.53305308982836	9.30811625079463
9.16554093298064	0.209919392426569	8.75409892382457	9.57698294213672
9.22358517889966	0.216294599617178	8.79964776364999	9.64752259414933
9.20861786626275	0.193497007982241	8.82936373061755	9.58787200190794
9.39129803891074	0.218023305067454	8.96397236097853	9.81862371684295
8.87374605901529	0.212537584666809	8.45717239306835	9.29031972496224
8.84657265384705	0.191586063212352	8.47106396995084	9.22208133774326
8.72922305252777	0.188759834592142	8.35925377672717	9.09919232832836
8.86008964175062	0.20691268540788	8.45454077835118	9.26563850515007
9.08692306902075	0.202350826795122	8.69031544850231	9.48353068953919
8.94320316360235	0.215727822129319	8.52037663222888	9.36602969497581
9.11846751060825	0.219770075690173	8.68771816225551	9.54921685896099
8.67272650803098	0.205427992515195	8.27008764270119	9.07536537336076
9.22344477973973	0.199700003880537	8.83203277213388	9.61485678734558
8.80071486564749	0.202117793028714	8.40456399131121	9.19686573998377
9.27347534809049	0.213041348301228	8.85591430542008	9.6910363907609
8.75765529523559	0.211055283974161	8.34398693864623	9.17132365182494
8.98031423329511	0.194130227454337	8.59981898748461	9.36080947910561
9.21020630818015	0.199927424898797	8.8183485553785	9.60206406098179
9.07188111192567	0.217413888438738	8.64574989058574	9.4980123332656
9.00733520829138	0.200057468167074	8.61522257068392	9.39944784589884
9.17419696071351	0.218687203994337	8.7455700408846	9.60282388054241
9.12759861850424	0.20401837737949	8.72772259884044	9.52747463816804
8.71948776444714	0.197773198482045	8.33185229542233	9.10712323347195
9.22910955234571	0.21017162526784	8.81717316682074	9.64104593787068
8.7273460993511	0.19361032488865	8.34786986256934	9.10682233613285
8.8234964979615	0.191081582394532	8.44897659646822	9.19801639945478
9.04387146541441	0.217502278157741	8.61756700022524	9.47017593060358
9.10012765044807	0.22882537834495	8.65162990889197	9.54862539200417
8.93206171454273	0.194992751999432	8.54987592062384	9.31424750846161
9.26791881447301	0.230285552882671	8.81655913082298	9.71927849812305
9.18334624923295	0.216571837198196	8.75886544832448	9.60782705014141
8.9421368877706	0.201857520014481	8.54649614854221	9.33777762699898
8.62658429144573	0.196426948547567	8.2415874722925	9.01158111059896
9.24199390652589	0.203006888581335	8.84410040490648	9.63988740814531
8.87530039154702	0.194059213238046	8.49494433360045	9.25565644949359
8.91049181281344	0.20889955602612	8.50104868300224	9.31993494262463
8.91905507023356	0.210168472470135	8.50712486419209	9.33098527627502
9.00340274767584	0.217615523218821	8.57687632216695	9.42992917318473
8.69984113017327	0.179911241614748	8.34721509660836	9.05246716373818
8.92524314120578	0.223903271176267	8.4863927297003	9.36409355271127
8.73756824190305	0.222131087293445	8.3021913108079	9.1729451729982
8.74247660498207	0.195880347080632	8.35855112470403	9.12640208526011
9.21203323260432	0.218407270770294	8.78395498189454	9.64011148331409
9.23582004562022	0.201308729870423	8.84125493507419	9.63038515616625
9.33555146533998	0.211542215924139	8.92092872212867	9.75017420855129
8.99637827363822	0.18781332038016	8.62826416569311	9.36449238158334
8.94665425809564	0.213405102093817	8.52838025799176	9.36492825819952
9.05460331597155	0.207994987781752	8.64693313991931	9.46227349202378
8.91514439589179	0.210483255067428	8.50259721595963	9.32769157582394
9.64805515346411	0.219545355097137	9.21774625747372	10.0783640494545
8.92362845763938	0.213078781517039	8.50599404586598	9.34126286941278
9.01758270176305	0.22277662292369	8.58094052083261	9.45422488269348
8.49709177543455	0.207357253585683	8.09067155840661	8.90351199246248
9.09814514237334	0.21491087428336	8.67691982877795	9.51937045596872
8.88797395003031	0.193065554854045	8.50956546251638	9.26638243754424
9.25063356185688	0.230678671703123	8.79850336531875	9.702763758395
8.70714218576125	0.191608748145309	8.33158903939644	9.08269533212605
9.21626281187574	0.197759177276071	8.82865482441464	9.60387079933684
8.81348610505504	0.222364473886821	8.37765173623687	9.24932047387321
9.02517467754027	0.225192869452942	8.5837966534125	9.46655270166804
9.57743834561132	0.209789666801243	9.16625059868088	9.98862609254175
9.3621568935301	0.218904812989336	8.933103460071	9.7912103269892
8.97292261759729	0.196949931450174	8.58690075195495	9.35894448323964
9.08772750666269	0.208763501606108	8.67855104351472	9.49690396981066
9.0676202831284	0.221135414172644	8.63419487135001	9.50104569490678
9.12494919491532	0.195851855139249	8.7410795588424	9.50881883098825
9.0608751275513	0.195675822342702	8.6773505157596	9.44439973934299
9.07746207012967	0.228651015285992	8.62930608016913	9.52561806009022
8.4923026112394	0.188605504340905	8.12263582273122	8.86196939974757
9.14303038638615	0.215534888687194	8.72058200455925	9.56547876821305
9.11647984510041	0.200432546405034	8.72363205414654	9.50932763605427
8.95300850389549	0.226695247703708	8.50868581839622	9.39733118939476
8.93808830532044	0.209366047821568	8.52773085159017	9.34844575905072
9.09471446622728	0.210795939204403	8.68155442538665	9.50787450706791
8.88120188590699	0.205651361009493	8.47812521832838	9.28427855348559
8.7705607618453	0.214138866036789	8.3508485844132	9.19027293927741
8.78835624600845	0.207418364807403	8.38181625098594	9.19489624103096
8.96547756550171	0.205776810835302	8.56215501626452	9.3688001147389
8.92867132367958	0.210273445679918	8.51653537014694	9.34080727721221
9.09796946383931	0.196622350657307	8.71258965655099	9.48334927112763
8.86122979549414	0.204615382954041	8.46018364490422	9.26227594608406
9.12427281041911	0.209921575198588	8.71282652302988	9.53571909780834
9.09962751886848	0.211398640897452	8.68528618270948	9.51396885502749
9.05327042399727	0.194336851308737	8.67237019543214	9.43417065256239
8.98892882543972	0.208393784059532	8.58047700868304	9.3973806421964
8.93777782367246	0.197568182193	8.55054418657418	9.32501146077074
8.90192622759766	0.221118816947706	8.46853334638015	9.33531910881516
8.78041228434546	0.195765567059711	8.39671177290842	9.16411279578249
8.82298607523114	0.192891457607718	8.44491881832001	9.20105333214227
9.04925994449415	0.200266024642135	8.65673853619557	9.44178135279273
8.86644466707061	0.188681563076003	8.49662880344164	9.23626053069958
9.01612748873938	0.214351157310063	8.59599922041165	9.4362557570671
9.18924374505413	0.207099871625159	8.78332799666882	9.59515949343944
8.99467341395358	0.2227238221195	8.55813472259936	9.4312121053078
9.06991132809698	0.224881862007147	8.62914287856297	9.51067977763099
9.11146065327078	0.225789856635883	8.66891253426445	9.55400877227711
8.78685899122278	0.200961104731228	8.39297522594957	9.18074275649598
8.77382423024147	0.180592182041128	8.41986355344086	9.12778490704208
9.15354272816898	0.222628259916666	8.71719133873231	9.58989411760564
9.03384371470501	0.215118531991888	8.61221139200091	9.45547603740911
8.92397388105765	0.203076253083154	8.52594442501467	9.32200333710063
9.12284913528616	0.209273468367583	8.7126731372857	9.53302513328663
8.88763416858851	0.224091224715416	8.44841536814629	9.32685296903072
9.27809190318797	0.216178152590868	8.85438272410987	9.70180108226607
8.9285577951553	0.198508932266294	8.53948028791337	9.31763530239724
8.84013884104229	0.180779587073499	8.48581085037823	9.19446683170634
8.88898845885958	0.214205998008394	8.46914470276313	9.30883221495603
8.95317414417437	0.227411083600528	8.50744842031733	9.3988998680314
8.80830508156643	0.187786979842507	8.44024260107512	9.17636756205775
8.9172870866479	0.201474272919867	8.52239751172496	9.31217666157084
9.30909300471367	0.248688669161677	8.82166321315678	9.79652279627056
8.86298528624889	0.197912990953401	8.47507582398022	9.25089474851756
8.77473024369469	0.201587456060686	8.37961882981575	9.16984165757364
8.94832777044471	0.217437601299309	8.52215007189806	9.37450546899136
9.23061297285224	0.198121041590676	8.84229573133451	9.61893021436996
8.82665288969333	0.190634459347532	8.45300934937217	9.20029643001449
9.09012783662917	0.229079342225598	8.641132325867	9.53912334739135
9.10444928031459	0.201737980514016	8.70904283850712	9.49985572212206
9.38820119530814	0.214701362717289	8.96738652438225	9.80901586623403
8.98889636974077	0.188345193386513	8.6197397907032	9.35805294877833
8.77358584067463	0.188389625464332	8.40434217476454	9.14282950658472
9.00319480885421	0.201958890350706	8.60735538376683	9.3990342339416
8.90176178249468	0.221688283137841	8.46725274754451	9.33627081744484
9.13382938059282	0.198220043382727	8.74531809556268	9.52234066562296
9.09089669020876	0.228017260368808	8.6439828598859	9.53781052053162
8.98653504464524	0.197437548435727	8.59955744971121	9.37351263957926
8.8454508269561	0.206342866421643	8.44101880876968	9.24988284514252
8.7862706875099	0.200965168162242	8.39237895791191	9.1801624171079
9.06264794842743	0.230922627682472	8.61003959816978	9.51525629868507
9.18248744248822	0.206260639065011	8.7782165899208	9.58675829505564
8.98706325250569	0.191742924024535	8.6112471214176	9.36287938359378
8.5098043610208	0.18544358290618	8.14633493852469	8.87327378351691
8.88657189313874	0.188914060591232	8.51630033437992	9.25684345189755
9.07980456361308	0.208786099230815	8.67058380912068	9.48902531810548
8.85238033920598	0.220828590655759	8.41955630152069	9.28520437689127
8.71244474342461	0.211546236904195	8.29781411909238	9.12707536775683
9.11724545867837	0.222644968191366	8.68086132102329	9.55362959633344
8.92925163104896	0.203373688975034	8.53063920065789	9.32786406144002
8.82211607926219	0.20374321848624	8.42277937102916	9.22145278749522
8.96962739903184	0.204565563280681	8.56867889500171	9.37057590306198
9.04112057236532	0.203512626333967	8.64223582475075	9.4400053199799
9.36698762228477	0.221304936142271	8.93322994744592	9.80074529712362
8.84852720973725	0.188325252150098	8.47940971552305	9.21764470395144
9.18490344458635	0.208060079157541	8.77710568943757	9.59270119973513
8.96971674440023	0.192302821180283	8.59280321488688	9.34663027391359
8.76842577708767	0.182527092533783	8.41067267572146	9.12617887845389
8.82445120138857	0.214550814875012	8.40393160423355	9.2449707985436
8.78272701569004	0.208355433671181	8.37435036569453	9.19110366568556
9.34756004061084	0.243879960907458	8.86955531723222	9.82556476398945
9.09272988776426	0.203371180730625	8.69412237353223	9.49133740199628
8.76797298769389	0.201801119286743	8.37244279389187	9.1635031814959
9.03047209726968	0.20345086639021	8.63170839914487	9.42923579539449
9.40318468996115	0.215066209483699	8.9816549193731	9.8247144605492
9.30962220331867	0.226103997182609	8.86645836884075	9.75278603779658
8.90134092545555	0.18995555906996	8.52902802967843	9.27365382123267
9.14653119111602	0.20624500008763	8.74229099094427	9.55077139128777
9.06855057144622	0.211524909552273	8.65396174872376	9.48313939416868
9.11274792647494	0.214062243079992	8.69318593003816	9.53230992291173
8.65184865038996	0.218519872784981	8.22354969973139	9.08014760104852
9.19111821152705	0.220909022089304	8.75813652823201	9.62409989482209
8.8136330486106	0.186973988946968	8.44716403027454	9.18010206694666
8.90900082211343	0.21842776320926	8.48088240622328	9.33711923800358
8.86468357613581	0.206534866624739	8.45987523755132	9.26949191472029
9.14424028265305	0.206751602020451	8.73900714269296	9.54947342261313
8.65659544923819	0.20604196316457	8.25275320143563	9.06043769704075
9.02501041381518	0.202469517920044	8.62817015869189	9.42185066893847
8.78620885380801	0.204436186119876	8.38551392901305	9.18690377860297
9.09295828775325	0.204747684915005	8.69165282531984	9.49426375018666
9.15035317522407	0.210108224169259	8.73854105585232	9.56216529459581
8.68060805525083	0.21182181970022	8.2654372886384	9.09577882186326
9.10389207805834	0.216843791006866	8.67887824768488	9.52890590843179
8.98736465221752	0.204326910067884	8.58688390848447	9.38784539595057
8.80939296513596	0.186171255836022	8.44449730369735	9.17428862657456
9.02224745118128	0.211221755871295	8.60825280967354	9.43624209268902
8.80292893964408	0.21784773848127	8.37594737222079	9.22991050706738
9.2016091074538	0.236118464556351	8.73881691692335	9.66440129798425
8.95653456423283	0.215599413263271	8.53395971423682	9.37910941422884
9.32043553194618	0.219765464921015	8.88969522070099	9.75117584319137
9.00732814477085	0.192570267625558	8.62989042022476	9.38476586931695
8.60620381636074	0.18995746492514	8.23388718510746	8.97852044761401
8.75275420939948	0.184570242295642	8.39099653450002	9.11451188429894
9.29791086230888	0.218839397132339	8.8689856439295	9.72683608068827
8.9612029147208	0.216463561555305	8.53693433407241	9.3854714953692
8.98543981384961	0.206793450614194	8.58012465064579	9.39075497705343
9.5734425841291	0.229327071902691	9.12396152319983	10.0229236450584
9.0455525772522	0.208652032546078	8.63659459346188	9.45451056104251
8.76683476828088	0.204094166844662	8.36681020126534	9.16685933529642
8.99934352923863	0.211158291633035	8.58547327763788	9.41321378083938
9.02412583039449	0.205884859096343	8.62059150656566	9.42766015422332
9.26612148949379	0.207932430091943	8.85857392651358	9.673669052474
9.22431003738075	0.22021356246176	8.7926914549557	9.6559286198058
8.86624019787849	0.224876829527764	8.42548161200407	9.3069987837529
8.67203950697693	0.183109792826111	8.31314431303775	9.03093470091611
9.19878379793085	0.202597524707056	8.80169264950502	9.59587494635668
8.53168663949061	0.201334077076449	8.13707184842077	8.92630143056045
9.17700340020808	0.21334832153463	8.75884069000021	9.59516611041596
9.19545855428754	0.227334430103215	8.74988307128524	9.64103403728984
9.10927788176203	0.18567714774008	8.74535067219148	9.47320509133259
9.07465532259216	0.20331677972416	8.67615443433281	9.47315621085152
9.06714407537318	0.211918572198239	8.65178367386463	9.48250447688173
9.5545215719439	0.228634685923592	9.10639758753366	10.0026455563541
8.75019934854786	0.178583707679887	8.40017528149528	9.10022341560044
8.90961720927061	0.197682486916433	8.5221595349144	9.29707488362682
9.46410826200832	0.220367224396303	9.03218850219157	9.89602802182508
8.96343957318962	0.194578663185364	8.58206539334631	9.34481375303293
9.12501016962389	0.208322151390699	8.71669875289812	9.53332158634966
8.96490800872204	0.213028405480167	8.54737233398091	9.38244368346316
9.13229885408198	0.226529793486904	8.68830045884764	9.57629724931631
8.9021865685354	0.210035550109578	8.49051689032063	9.31385624675017
9.21335647213201	0.217440162796215	8.78717375305142	9.63953919121259
8.99001520234991	0.198383845918186	8.60118286435026	9.37884754034955
8.61666635881264	0.193661837398453	8.23708915751167	8.99624356011361
8.8900411843293	0.194310353390078	8.50919289168474	9.27088947697385
8.87637821727814	0.182046341464036	8.51956738800863	9.23318904654765
8.98640148079391	0.196748912301166	8.60077361268363	9.3720293489042
8.89628259739945	0.188665088596567	8.52649902375018	9.26606617104872
9.16943617978684	0.208484090217516	8.76080736296051	9.57806499661318
8.97925652958274	0.183955323942873	8.61870409465471	9.33980896451077
9.13660420781684	0.209931160719545	8.72513913280654	9.54806928282715
9.11724060084529	0.197959724353262	8.72923954111289	9.50524166057768
8.97539941693618	0.226745631103359	8.53097797997359	9.41982085389876
8.91356460492173	0.216842001096025	8.48855428277352	9.33857492706994
9.06427565848768	0.21507479608444	8.64272905816218	9.48582225881319
8.74571292440007	0.193767916291384	8.36592780846896	9.12549804033118
9.2815320495188	0.224145625311297	8.84220662390866	9.72085747512894
8.93086697218738	0.206319951355721	8.52647986753017	9.33525407684459
8.98178040599201	0.198876871718535	8.59198173742368	9.37157907456034
8.85615785158406	0.207680262888298	8.449104536323	9.26321116684512
8.85226407289678	0.208967047593186	8.44268865961414	9.26183948617942
8.72940189868393	0.209088817427473	8.31958781652608	9.13921598084178
9.33158450149277	0.221649591416937	8.89715130231558	9.76601770066997
9.23065619358706	0.197152331723173	8.84423762340964	9.61707476376447
8.64332171073151	0.21786137021717	8.21631342510586	9.07032999635716
9.0531048467677	0.214247734719373	8.63317928671773	9.47303040681767
9.1142338240748	0.211422358203435	8.69984600199607	9.52862164615354
8.97005351039393	0.211451812122312	8.5556079586342	9.38449906215367
8.67585072862028	0.213460250475348	8.2574686376886	9.09423281955196
9.07672798046555	0.214349873093094	8.65660222920309	9.49685373172801
9.01412059942074	0.203850873046022	8.61457288825053	9.41366831059094
9.1946329766274	0.210697147800082	8.78166656693924	9.60759938631556
8.66633628183088	0.183730586254443	8.30622433277217	9.02644823088959
9.04106519250503	0.198915642843026	8.6511905325327	9.43093985247736
9.15082847114268	0.208559193746555	8.74205245139943	9.55960449088593
9.02025481907823	0.210099404043177	8.6084599871536	9.43204965100286
9.03524305378819	0.207789014519145	8.62797658533066	9.44250952224571
8.98741335943908	0.201525289828825	8.59242379137458	9.38240292750358
9.18627624304706	0.207481102749619	8.7796132816578	9.59293920443631
8.70912899454391	0.196359218700358	8.32426492589121	9.09399306319661
9.06122547496036	0.217472143002935	8.6349800746746	9.48747087524611
8.83757536406541	0.207773309920962	8.43033967662033	9.2448110515105
8.74766480260692	0.196388604570926	8.3627431376479	9.13258646756593
9.25997707615213	0.226897271872325	8.81525842328237	9.70469572902189
8.74876598901382	0.209868933000136	8.33742288033355	9.16010909769408
8.98588261654285	0.204645025860632	8.58477836585601	9.38698686722969
9.32247052180892	0.212047588462083	8.90685724842323	9.7380837951946
8.77030989044097	0.214343047614751	8.35019751711606	9.19042226376588
9.10449033226414	0.211581238619677	8.68979110456957	9.5191895599587
8.9649873258985	0.206747638365415	8.55976195470229	9.37021269709472
8.71903940716099	0.19944374723137	8.3281296625875	9.10994915173447
8.85730642445568	0.215109676146548	8.43569145920845	9.27892138970292
8.81689773336749	0.191102513894492	8.44233680613428	9.19145866060069
8.97636635949903	0.216342505210072	8.55233504928729	9.40039766971077
8.71740273330055	0.197578511545506	8.33014885067136	9.10465661592974
8.91084183982575	0.209645201529379	8.49993724482817	9.32174643482333
8.68804258476106	0.193444528045868	8.30889130979116	9.06719385973096
9.63734445500933	0.223300619158201	9.19967524145926	10.0750136685594
9.05912277643298	0.200622902239673	8.66590188804322	9.45234366482274
9.20565424684538	0.188064828528202	8.8370471829301	9.57426131076065
9.30485508479803	0.192742400020818	8.92707998075723	9.68263018883883
8.81575104589932	0.190554256004978	8.44226470412956	9.18923738766908
9.1049378465581	0.210980971904032	8.6914151416262	9.51846055149
8.9270505341488	0.219436059521665	8.49695585748634	9.35714521081127
8.76402253323317	0.194220165419514	8.38335100901092	9.14469405745542
8.9029283761142	0.199481083410571	8.51194545262947	9.29391129959892
9.34891175764693	0.217226543905409	8.92314773159232	9.77467578370153
9.13724409986087	0.206748025201496	8.73201797046593	9.5424702292558
9.231995153103	0.206687915982398	8.8268868377775	9.6371034684285
9.44162922308941	0.217951150219363	9.01444496865946	9.86881347751936
8.66117817119263	0.210284983269693	8.24901960398403	9.07333673840122
8.76459730462068	0.228939066888553	8.31587673351912	9.21331787572224
8.61472994279414	0.216161715115303	8.19105298116815	9.03840690442013
9.23758623533755	0.21761983559163	8.81105135757796	9.66412111309715
9.21476944136807	0.207864411394284	8.80735519503527	9.62218368770086
9.03900725078947	0.194332600244485	8.65811535431027	9.41989914726866
9.17947017012127	0.205050668925301	8.77757085902768	9.58136948121486
8.81779127918219	0.224077304630749	8.37859976210592	9.25698279625846
8.65614754977339	0.193568453980277	8.27675337997205	9.03554171957473
9.15431240172419	0.213572311101558	8.73571067196513	9.57291413148324
8.68528433503647	0.186838350461983	8.31908116813099	9.05148750194196
8.89610811336178	0.194693348488128	8.51450915032505	9.27770707639851
8.82514119612721	0.205211610712667	8.42292643913038	9.22735595312403
9.35005219422593	0.208532054900454	8.94132936662104	9.75877502183082
8.93270209688936	0.199986264601214	8.54072901827098	9.32467517550774
8.72373475410453	0.200139235361459	8.33146185279607	9.11600765541299
8.77687831343085	0.206492058046261	8.37215387966018	9.18160274720153
8.92611032158412	0.216138384609542	8.50247908774942	9.34974155541882
9.29521121835165	0.230549323712405	8.84333454387534	9.74708789282797
8.92096922033496	0.203227855808071	8.52264262295114	9.31929581771878
9.10668909842525	0.200500786524451	8.71370755683732	9.49967064001317
9.12167937261237	0.200976474412612	8.72776548276365	9.51559326246109
8.98654285061212	0.212339632150163	8.5703571715978	9.40272852962644
9.22784744957035	0.211473670926866	8.81335905455369	9.64233584458701
9.0203746009255	0.210602192064015	8.60759430448003	9.43315489737097
8.97417724461499	0.189871714447225	8.60202868429842	9.34632580493155
8.91502457520947	0.203048835473642	8.51704885768113	9.31300029273781
9.35811381663291	0.200746471497526	8.96465073249776	9.75157690076806
8.82520547226826	0.197570305579157	8.43796767333311	9.21244327120341
9.11948253779165	0.195506725510796	8.73628935579049	9.50267571979281
8.78976844919506	0.184635580695125	8.42788271103262	9.15165418735751
8.74372802855132	0.190925471205456	8.36951410498862	9.11794195211401
8.50581405927539	0.206794957254096	8.10049594305736	8.91113217549342
8.78967999510174	0.205275545775737	8.3873399253813	9.19202006482219
9.25913444246042	0.208632895029485	8.85021396820263	9.66805491671821
9.21834390451924	0.193823859683244	8.83844913954008	9.5982386694984
8.79570857980269	0.206963706083665	8.3900597158787	9.20135744372667
9.09066197451685	0.201821989076256	8.69509087592738	9.48623307310631
8.85402915041488	0.198426964530766	8.46511229993457	9.24294600089518
9.2217852526134	0.220998805611576	8.78862759361471	9.65494291161209
8.84416967825065	0.189596129084594	8.47256126524485	9.21577809125645
8.70058412007152	0.208976851662823	8.29098949081238	9.11017874933065
8.77045697865058	0.195367762043486	8.38753616504534	9.15337779225581
9.03039045695515	0.211340149148154	8.61616376462477	9.44461714928553
9.25695303517727	0.213271156186604	8.83894156905152	9.67496450130301
8.93957287581475	0.191126795759265	8.56496435612659	9.31418139550291
8.72875372247855	0.186775271313217	8.36267419070464	9.09483325425245
9.00049679725022	0.210221156506427	8.58846333049762	9.41253026400282
8.84873427786274	0.187409728555324	8.4814112098943	9.21605734583117
