estFinal_ipw	sdFinal_ipw	X1.1	X2.1
9.6659295921615	0.275442525869857	9.12606224145658	10.2057969428664
9.27527886055812	0.264534947313626	8.75679036382341	9.79376735729282
9.26929489946466	0.236035035851729	8.80666622919527	9.73192356973405
9.11438278000028	0.25774256811535	8.60920734649419	9.61955821350636
9.17989172400188	0.25242366345569	8.68514134362873	9.67464210437503
9.10398251763308	0.244864099344324	8.6240488829182	9.58391615234795
9.04679833987814	0.240681527880456	8.57506254523244	9.51853413452383
9.56559089751336	0.253997981357514	9.06775485405263	10.0634269409741
9.02366233612399	0.233382441471392	8.56623275084007	9.48109192140792
9.18047544986169	0.262420056477561	8.66613213916567	9.69481876055771
9.01087192117927	0.235860838047302	8.54858467860655	9.47315916375198
9.82648987294042	0.272879246705777	9.2916465493971	10.3613331964837
9.17156282400701	0.255289760779882	8.67119489287844	9.67193075513558
9.28066465273919	0.256290754611044	8.77833477370154	9.78299453177684
9.61078753538958	0.255925916827799	9.10917273840709	10.1124023323721
9.52613868920293	0.278788698039045	8.9797128410464	10.0725645373595
9.05569432706738	0.251657024451543	8.56244655914235	9.5489420949924
8.99218341616604	0.23569886572638	8.53021363934233	9.45415319298974
9.14888521931947	0.243907519892847	8.67082648032949	9.62694395830946
9.19104464813077	0.232574212855789	8.73519919093342	9.64689010532812
8.93535275127713	0.227168318809291	8.49010284641092	9.38060265614334
9.18164314044639	0.234744055902147	8.72154479087818	9.6417414900146
9.2361277285894	0.250031155514339	8.7460666637813	9.7261887933975
8.78004987488925	0.232130281584935	8.32507452298278	9.23502522679573
9.02503932229358	0.237439540291886	8.55965782332148	9.49042082126567
9.00545630439765	0.232594684097024	8.54957072356749	9.46134188522782
9.16590581067981	0.246099304406682	8.68355117404272	9.64826044731691
9.21051879330899	0.245078370711245	8.73016518671495	9.69087239990303
9.64426468103538	0.238627622102388	9.1765545417147	10.1119748203561
9.33219924461969	0.258964033877732	8.82462973821934	9.83976875102005
9.31717666237579	0.249715107316152	8.82773505203613	9.80661827271545
9.16686829536534	0.273699249463266	8.63041776641733	9.70331882431334
8.9277387211442	0.234877335981256	8.46737914262094	9.38809829966747
9.03995476619199	0.258719705247615	8.53286414390667	9.54704538847732
9.83622286251762	0.29311309853739	9.26172118938433	10.4107245356509
9.1561708195891	0.257781982093766	8.65091813468532	9.66142350449288
9.16621120196471	0.239690774504034	8.69641728393681	9.63600511999262
9.09910404576312	0.23501721404128	8.63847030624221	9.55973778528403
9.23814270180952	0.247064247819072	8.75389677608413	9.7223886275349
9.05520817978329	0.248489197999027	8.5681693517052	9.54224700786139
8.60664785844698	0.237506047342696	8.14113600565529	9.07215971123866
9.46384342132587	0.251815907981738	8.97028424168166	9.95740260097007
9.3135120263179	0.255795410210218	8.81215302230587	9.81487103032993
9.69103106630257	0.28796024939256	9.12662897749315	10.255433155112
9.00595935251472	0.219539432609706	8.5756620645997	9.43625664042975
9.22231878163789	0.246847975207489	8.73849675023121	9.70614081304457
8.88169637553338	0.250779738542726	8.39016808798964	9.37322466307713
8.87119121827763	0.237980805892194	8.40474883872893	9.33763359782633
9.17434378406079	0.263465664613388	8.65795108141855	9.69073648670303
8.8472204849718	0.217543176219827	8.42083585958094	9.27360511036266
9.42145749262436	0.248747330069088	8.93391272568895	9.90900225955977
8.9876718964315	0.244724379406814	8.50801211279414	9.46733168006886
9.42523254135229	0.268710770969954	8.89855943025118	9.95190565245341
8.98815420926545	0.230705805850924	8.53597082979764	9.44033758873326
9.42413233327567	0.279715896264262	8.87588917659771	9.97237548995362
9.06817539653576	0.258019204638479	8.56245775544434	9.57389303762717
9.14812928294499	0.23909143424621	8.67951007182242	9.61674849406756
9.03456252326279	0.221783339593963	8.59986717765862	9.46925786886695
9.0235638318268	0.234902819534185	8.5631543055398	9.4839733581138
9.33286530111237	0.235144340118204	8.87198239448069	9.79374820774405
9.22817313487495	0.267864183069234	8.70315933605925	9.75318693369065
9.21968715232881	0.255461961786446	8.71898170722737	9.72039259743024
9.00363970758554	0.248535847625986	8.51650944623861	9.49076996893248
9.26507235202331	0.264541236853914	8.74657152778964	9.78357317625698
8.98415695103552	0.244724734407999	8.50449647159584	9.4638174304752
9.10900275778063	0.228273107755001	8.66158746658083	9.55641804898043
9.1896023154587	0.244394479090964	8.71058913644041	9.66861549447699
9.44985422800572	0.254090555559681	8.95183673910875	9.9478717169027
8.72507139506043	0.238916328796582	8.25679539061913	9.19334739950173
8.92622453593754	0.239481940068963	8.45683993340237	9.39560913847271
8.94667384371707	0.249773600539703	8.45711758665925	9.43623010077489
9.66167498107809	0.266261462061093	9.13980251543834	10.1835474467178
8.84649120932958	0.228526064127932	8.39858012363883	9.29440229502033
9.37479453611673	0.262102056450372	8.86107450547401	9.88851456675946
9.45144724046757	0.245201014688567	8.97085325167797	9.93204122925716
9.0507614784302	0.252892294218732	8.55509258176148	9.54643037509891
9.05953787563317	0.248480196527244	8.57251669043977	9.54655906082657
9.80618917389301	0.245969125096551	9.32408968870377	10.2882886590822
9.37834434169045	0.278437368678474	8.83260709908065	9.92408158430026
9.608649518796	0.262078177023104	9.09497629183072	10.1223227457613
8.89913647208137	0.250451582354924	8.40825137066572	9.39002157349702
9.48557052961463	0.255477691302632	8.98483425466148	9.98630680456779
9.13406377788032	0.243432353257608	8.65693636549541	9.61119119026523
9.23227993434091	0.270465093026172	8.70216835200961	9.7623915166722
9.46415944998253	0.26577480886772	8.9432408246018	9.98507807536326
9.01270472523561	0.227153011810478	8.56748482208708	9.45792462838415
9.27863286403782	0.247545934397967	8.79344283261781	9.76382289545784
8.60976339985217	0.219810861490323	8.17893411133113	9.0405926883732
8.90249068569407	0.253347302012596	8.40592997374938	9.39905139763876
9.22383501323617	0.247615276984871	8.73850907034582	9.70916095612652
9.51205591463939	0.242360844064919	9.03702866027215	9.98708316900663
9.43262120907683	0.279045031285321	8.8856929477576	9.97954947039606
8.99166724768301	0.250298462934414	8.50108226033156	9.48225223503447
9.34669508944329	0.261315686518918	8.83451634386621	9.85887383502037
9.33403400605989	0.268381925989799	8.80800543111988	9.8600625809999
9.49854935239212	0.284709629764637	8.94051847805343	10.0565802267308
9.17055025106273	0.249209145816098	8.68210032526318	9.65900017686228
9.18993831300626	0.278818731931802	8.64345359841993	9.73642302759259
9.13854429093263	0.229891423818718	8.68795710024795	9.58913148161732
9.61083732580729	0.255990457763632	9.10909602859057	10.112578623024
9.3583212482408	0.253294487997864	8.86186405176498	9.85477844471661
9.06383659078142	0.235668366707135	8.60192659203543	9.52574658952741
9.01178443585641	0.239345800402519	8.54266666706747	9.48090220464534
9.45417224535902	0.274870959948921	8.91542516385914	9.99291932685891
9.1374506187698	0.263193293440888	8.62159176362566	9.65330947391394
8.96853925667269	0.238711027326271	8.5006656431132	9.43641287023218
9.332436109551	0.270658868586733	8.80194472712101	9.862927491981
9.27591049781458	0.234329585072609	8.81662451107227	9.7351964845569
9.12114017228222	0.240279979527043	8.65019141240922	9.59208893215523
9.75594135292781	0.264749219492076	9.23703288272334	10.2748498231323
8.84390170395788	0.242001804677239	8.36957816679049	9.31822524112527
9.14839517966574	0.23538783298632	8.68703502701255	9.60975533231892
9.47511992090363	0.266951836206771	8.95189432193836	9.9983455198689
9.03907979348309	0.288907388071687	8.47282131286259	9.6053382741036
9.40217386900511	0.272307328715216	8.86845150472328	9.93589623328693
9.11595980558562	0.248313593571652	8.62926516218518	9.60265444898605
8.97448661840799	0.230482313904	8.52274128315615	9.42623195365983
9.43755890112179	0.269787055255978	8.90877627282007	9.96634152942351
9.40222727871965	0.272103200613452	8.86890500551729	9.93554955192202
9.2614094042204	0.23632914203203	8.79820428583762	9.72461452260318
9.11449843706576	0.254042195922282	8.61657573305809	9.61242114107343
8.80078046595559	0.215368790160409	8.37865763724119	9.22290329466999
9.39293078437824	0.249422863657007	8.90406197161051	9.88179959714598
9.52833288207368	0.264685770537146	9.00954877182088	10.0471169923265
9.30795683765273	0.245486585554358	8.82680312996619	9.78911054533927
9.66102672200276	0.270280053665967	9.13127781681747	10.1907756271881
9.02203499184079	0.236451553791199	8.55858994641004	9.48548003727154
8.86132813401836	0.227441254122991	8.4155432759373	9.30711299209942
9.40952667749272	0.267355209049496	8.88551046775571	9.93354288722973
9.43176380322763	0.253714898791415	8.93448260159646	9.92904500485881
8.35637949079289	0.213978520858938	7.93698158990937	8.77577739167641
9.58966661708353	0.257048197844358	9.08585214930859	10.0934810848585
9.12585504619695	0.238406571259527	8.65857816652827	9.59313192586562
8.90992855431304	0.228668809775973	8.46173768715213	9.35811942147394
8.82342574436396	0.234343279978722	8.36411291560566	9.28273857312225
9.3677812762555	0.268813677297575	8.84090646875225	9.89465608375875
9.35029453380902	0.252787423873917	8.85483118301614	9.8457578846019
9.36164403870886	0.252939947821589	8.86588174097854	9.85740633643917
9.51930867107329	0.257595987439949	9.01442053569099	10.0241968064556
9.38917063153104	0.265849320541365	8.86810596326996	9.91023529979211
9.1694302174925	0.256770404877914	8.66616022393178	9.67270021105321
9.85513151332356	0.261763437722855	9.34207517538676	10.3681878512604
8.90468739042474	0.24919018834761	8.41627462126343	9.39310015958606
9.55901452424684	0.268343065771911	9.03306211533389	10.0849669331598
9.65932523724686	0.261372945987976	9.14703426311042	10.1716162113833
8.8514775928361	0.239508429435543	8.38204107114243	9.32091411452976
9.02729371741162	0.250539430106453	8.53623643440297	9.51835100042026
8.9031775098411	0.245435733459691	8.4221234722601	9.38423154742209
9.36877330441316	0.257709586872718	8.86366251414263	9.87388409468369
9.33505862588321	0.255539725317186	8.83420076426152	9.83591648750489
9.31071438495206	0.249391647072952	8.82190675668908	9.79952201321505
9.5764224196982	0.261745583995087	9.06340107506783	10.0894437643286
8.71248639178542	0.235214318196173	8.25146632812092	9.17350645544992
9.17430450220803	0.243389803332188	8.69726048767695	9.65134851673912
9.0257339613772	0.250500160129243	8.53475364752388	9.51671427523051
9.53668116097054	0.260847434826775	9.02542018871006	10.047942133231
8.99556876844929	0.224735839837819	8.55508652236717	9.43605101453142
9.62919927591312	0.273497248463466	9.09314466892472	10.1652538829015
9.23807603874587	0.232157876434076	8.78304660093508	9.69310547655666
9.66979648286692	0.275002476765297	9.13079162840694	10.2088013373269
9.2612139631087	0.241977293289411	8.78693846826146	9.73548945795595
9.03052225873961	0.251356222689801	8.5378640622676	9.52318045521162
9.24055382934296	0.25820904599913	8.73446409918466	9.74664355950125
9.38732994255425	0.248829868668663	8.89962339996367	9.87503648514483
9.30660210970573	0.261406570217675	8.79424523207908	9.81895898733237
9.39792924242838	0.246948647557228	8.91390989321622	9.88194859164055
8.92113771064519	0.23406155103308	8.46237707062036	9.37989835067003
9.2568271938947	0.271286676137222	8.72510530866574	9.78854907912366
9.58469107911823	0.273788379842956	9.04806585462604	10.1213163036104
9.41800938315069	0.24341353260195	8.94091885925086	9.89509990705051
9.36570996141969	0.27203456058186	8.83252222267924	9.89889770016013
8.91753254274967	0.217591160878543	8.49105386742773	9.34401121807161
8.97614071484549	0.253175488807812	8.47991675678218	9.4723646729088
8.84974328805768	0.242321519158412	8.37479311050719	9.32469346560817
8.71807110014157	0.250690252824488	8.22671820460557	9.20942399567756
9.41747528687266	0.244020391785185	8.9391953189737	9.89575525477162
9.2141263394283	0.242317134070269	8.73918475665058	9.68906792220603
9.40686237091824	0.244153763515212	8.92832099442842	9.88540374740805
9.36065625331722	0.244012229043952	8.88239228439108	9.83892022224336
8.6236141101993	0.212950731951435	8.20623067557449	9.04099754482412
9.02800471015944	0.247907671212182	8.54210567458356	9.51390374573531
9.29957743370301	0.239642905960254	8.82987733802091	9.76927752938511
9.04713919442333	0.238518678468151	8.57964258462576	9.51463580422091
9.51433323618729	0.255570304357862	9.01341543964588	10.0152510327287
9.29138933917503	0.248906934594209	8.80353174737038	9.77924693097968
9.07923661978119	0.251849327014177	8.58561193883341	9.57286130072898
9.2484373810794	0.262224978853311	8.73447642252691	9.76239833963189
9.04687849069425	0.247274284056045	8.56222089394441	9.5315360874441
9.57804101904169	0.256372281178964	9.07555134793092	10.0805306901525
9.43608753278012	0.263881523927467	8.91887974588229	9.95329531967796
9.07757241409776	0.255877507163578	8.57605250005715	9.57909232813837
9.17066236726614	0.27144808249355	8.63862412557878	9.70270060895349
8.76567959754622	0.221556190829084	8.33142946352122	9.19992973157123
8.97656475607288	0.227676062824832	8.53031967293621	9.42280983920955
9.21126989048138	0.257294726613014	8.70697222631988	9.71556755464289
8.93190944492033	0.230681070753887	8.47977454624271	9.38404434359795
9.29297228416013	0.255406056061563	8.79237641427946	9.79356815404079
8.98850459303256	0.214747940719429	8.56759862922248	9.40941055684264
9.18204601624507	0.257454187231245	8.67743580927183	9.68665622321831
9.44882928429766	0.275953637961008	8.90796015389408	9.98969841470123
9.13669994342589	0.269462660889413	8.60855312808264	9.66484675876914
8.91251507141554	0.241146540779708	8.43986785148731	9.38516229134376
8.71321671421141	0.215684602637901	8.29047489304113	9.1359585353817
8.80988825465768	0.243238226649857	8.33314133042396	9.2866351788914
8.87839355948406	0.247589923407745	8.39311730960488	9.36366980936324
9.30687936112226	0.232817556473817	8.85055695043358	9.76320177181094
9.23308434595635	0.263828556500948	8.71598037521449	9.75018831669821
9.12819508406765	0.277904184494124	8.58350288245916	9.67288728567613
8.94381994267516	0.240054209623271	8.47331369181355	9.41432619353677
9.54904131296681	0.247742658543395	9.06346570222176	10.0346169237119
8.67094275078202	0.22496374246171	8.23001381555707	9.11187168600697
8.88506631795699	0.234575301696244	8.42529872663236	9.34483390928163
8.82863624929667	0.251104395090659	8.33647163491898	9.32080086367436
9.53943931992455	0.247355505232504	9.05462252966884	10.0242561101803
8.92272551981703	0.236608422027956	8.45897301264223	9.38647802699182
9.02559811890135	0.230898572474002	8.5730369168523	9.47815932095039
9.42768548063093	0.268455058647229	8.90151356568236	9.9538573955795
9.28102606725598	0.280251179838181	8.73173375477314	9.83031837973881
9.09129784515612	0.264829791986976	8.57223145286164	9.61036423745059
8.9875930677538	0.239185111624521	8.51879024896974	9.45639588653786
9.15312597600875	0.256638268241823	8.65011497025477	9.65613698176272
9.06470464333444	0.219243416901963	8.63498754620659	9.49442174046229
9.11800132229287	0.251048277773888	8.62594669785605	9.61005594672969
9.30812806102209	0.251504033011388	8.81518015631977	9.80107596572441
9.36824496281274	0.271517681722056	8.83607030663751	9.90041961898796
8.88126215068361	0.245041538669221	8.40098073489194	9.36154356647528
9.13444967097397	0.256103570546804	8.63248667270223	9.6364126692457
8.97268025150595	0.247186860625064	8.48819400468082	9.45716649833107
9.69185259885328	0.275645852033965	9.15158672886671	10.2321184688399
9.06919241317071	0.244195258039812	8.59056970741268	9.54781511892874
8.82920571711573	0.230826532156187	8.37678571408961	9.28162572014186
9.56222834499166	0.26292029887556	9.04690455919556	10.0775521307878
9.43189425785842	0.273417393376633	8.89599616684022	9.96779234887662
8.86054057827719	0.2177229270978	8.4338036411655	9.28727751538888
9.18847198377461	0.237669646495019	8.72263947664437	9.65430449090484
9.65650495260043	0.260695528447192	9.14554171684393	10.1674681883569
9.19236481771401	0.246963565365109	8.7083162295984	9.67641340582962
8.83072543092939	0.22949071172755	8.38092363594339	9.28052722591539
9.10050253180315	0.249777913876157	8.61093782060589	9.59006724300042
9.18979911273528	0.24956713907295	8.7006475201523	9.67895070531827
9.28060019087832	0.240145585881986	8.80991484254963	9.75128553920702
8.91893600625774	0.250061968515442	8.42881454796748	9.40905746454801
9.05561305152674	0.23802223301384	8.58908947481962	9.52213662823387
9.35018383294206	0.231652779896329	8.89614438434525	9.80422328153886
8.8620966607244	0.240046712802729	8.39160510363105	9.33258821781775
9.22615745901846	0.256165272955778	8.72407352402514	9.72824139401178
9.5451443142713	0.255374493622974	9.04461030677027	10.0456783217723
9.37029842909628	0.250504269510768	8.87931006085518	9.86128679733739
9.78330604977106	0.264899087377581	9.26410383851101	10.3025082610311
9.47381904520228	0.262804538999073	8.95872214876409	9.98891594164046
9.33336568737465	0.289990151157122	8.76498499110669	9.90174638364261
9.42250818565941	0.256157667505182	8.92043915734925	9.92457721396957
9.30804494591873	0.256798845529525	8.80471920868086	9.8113706831566
9.68488483740515	0.273287255492752	9.14924181663935	10.2205278581709
9.07059031139138	0.240127676712731	8.59994006503442	9.54124055774833
9.25036296216069	0.258469872615438	8.74376201183443	9.75696391248695
9.14048922260384	0.248419316606094	8.65358736205589	9.62739108315178
8.88087086996603	0.236383716279395	8.41755878605841	9.34418295387364
8.91642843029369	0.233745148647202	8.45828793894517	9.3745689216422
9.44685393791804	0.284216683772993	8.88978923772297	10.0039186381131
9.26648414176413	0.256860799617341	8.76303697451414	9.76993130901412
9.91075479452778	0.265823302560962	9.38974112150829	10.4317684675473
9.35009240050904	0.25981860202563	8.84084794053881	9.85933686047928
8.86106960566369	0.255227804441086	8.36082310895916	9.36131610236822
9.10094153790333	0.240021984968574	8.63049844736492	9.57138462844173
9.53651181451483	0.262098608292966	9.02279854226061	10.050225086769
9.05551446193133	0.240879617080859	8.58339041245285	9.52763851140981
9.36746791340939	0.267367417239543	8.84342777561988	9.89150805119889
9.0018356370428	0.24393294626866	8.52372706235622	9.47994421172937
9.04266019171343	0.261283673815384	8.53054419103527	9.55477619239158
9.44120688310625	0.238815176371452	8.9731291374182	9.90928462879429
8.75552014275296	0.251511135859832	8.26255831646769	9.24848196903823
9.23274414291094	0.230808741833441	8.78035900891739	9.68512927690448
9.18536658622793	0.24427582305886	8.70658597303257	9.6641471994233
9.33515446826934	0.24534388192882	8.85428045968885	9.81602847684982
9.1023061179175	0.246269377508133	8.61961813800156	9.58499409783344
8.57943362487562	0.246009416479088	8.09725516857661	9.06161208117464
9.16234040849871	0.256314545707553	8.6599638989119	9.66471691808551
9.35959097564919	0.276979630013256	8.81671090082321	9.90247105047518
9.39367301011563	0.242303426971984	8.91875829325054	9.86858772698072
9.12648818636885	0.240750180020218	8.65461783352923	9.59835853920848
8.93644511158272	0.242495679703302	8.46115357936425	9.41173664380119
9.51441340904305	0.256572565769241	9.01153118013534	10.0172956379508
9.09861282503162	0.238340504846265	8.63146543553295	9.5657602145303
8.72023621459117	0.22341520115789	8.2823424203217	9.15813000886063
9.10248632350737	0.24768066035325	8.617032229215	9.58794041779974
9.06595051374746	0.249184103972173	8.57754966996201	9.55435135753292
8.79153338918377	0.230866635985048	8.33903478265307	9.24403199571446
8.9816419950711	0.250752020500411	8.49016803489029	9.4731159552519
9.43297299831638	0.254017639874347	8.93509842416266	9.9308475724701
9.28053305288041	0.263306727397608	8.7644518671811	9.79661423857972
9.01782400146091	0.246639047240113	8.53441146887029	9.50123653405153
9.39059788987476	0.253166024874509	8.89439248112072	9.8868032986288
9.02172814613728	0.234264543418196	8.56256964103762	9.48088665123695
9.39371474557786	0.25903026680884	8.88601542263254	9.90141406852319
9.18767514814033	0.266702757774902	8.66493774290152	9.71041255337913
9.28316264045556	0.241709466428759	8.8094120862552	9.75691319465593
9.40909979941087	0.267721770708904	8.88436512882141	9.93383447000032
9.64603186013925	0.256381535435888	9.14352405068491	10.1485396695936
9.1972167662997	0.240907027248134	8.72503899289336	9.66939453970604
9.14847147663588	0.254358616517578	8.64992858826143	9.64701436501034
9.43801661782715	0.261276283802726	8.92591510157381	9.95011813408049
8.81447079486575	0.233012109694943	8.35776705986366	9.27117452986784
8.88994281527551	0.239008009880054	8.4214871159106	9.35839851464041
9.01440958875478	0.231132054588742	8.56139076176084	9.46742841574871
8.81838488252613	0.245714176671384	8.33678509625022	9.29998466880204
9.07146958795982	0.262927624647079	8.55613144365155	9.5868077322681
9.35457564364585	0.25366672548119	8.85738886170271	9.85176242558898
9.64083337104217	0.26675937220028	9.11798500152962	10.1636817405547
9.21901084402925	0.269435232519781	8.69091778829048	9.74710389976802
9.03902570043583	0.218115234445354	8.61151984092294	9.46653155994873
9.81287012001993	0.267659981655941	9.28825655597428	10.3374836840656
9.7263995394835	0.268643126473627	9.19985901159519	10.2529400673718
8.86776197387157	0.227052319074185	8.42273942848616	9.31278451925697
9.21407933387784	0.259974000068811	8.70453029374297	9.72362837401271
9.31981142413695	0.242173093772245	8.84515216034334	9.79447068793055
9.23677091279	0.24785355250346	8.75097794988322	9.72256387569678
9.45168877267854	0.237620437919581	8.98595271435617	9.91742483100092
9.42838601549485	0.264457768398102	8.91004878943457	9.94672324155514
9.12630121335519	0.264869174452957	8.60715763142739	9.64544479528299
9.17470781922327	0.236273951223884	8.71161087482445	9.63780476362208
9.06970787729573	0.24173106496511	8.59591498996412	9.54350076462735
8.94271349051912	0.236114446582086	8.47992917521823	9.40549780582001
9.38685074588702	0.26819654429508	8.86118551906867	9.91251597270538
9.25822220518058	0.248883728276879	8.7704100977579	9.74603431260326
9.18120998641428	0.243375789126807	8.70419343972574	9.65822653310282
9.18870936199838	0.26265773978018	8.67390019202922	9.70351853196753
9.4955529586184	0.256908943183133	8.99201142997947	9.99909448725734
8.98975209115574	0.259332198718779	8.48146098166693	9.49804320064454
9.38498541351595	0.253415012366107	8.88829198927838	9.88167883775352
9.37634235824566	0.244154082656495	8.89780035623892	9.85488436025239
8.96144027054457	0.226249760689841	8.51799073959248	9.40488980149666
9.61576898841904	0.283015532512139	9.06105854469525	10.1704794321428
9.06386131254634	0.23525252846567	8.60276635675363	9.52495626833905
9.70760999447538	0.261536924457826	9.19499762253804	10.2202223664127
9.29901709293281	0.245378665935847	8.81807490769855	9.77995927816707
8.88415403208366	0.243459941686949	8.40697254637723	9.36133551779008
9.32626643115044	0.260236332584331	8.81620321928516	9.83632964301573
9.39142352406606	0.235286718270507	8.93026155625587	9.85258549187626
8.7131712735383	0.239519688311817	8.24371268444713	9.18262986262946
9.3699829880431	0.244816546324423	8.89014255724723	9.84982341883897
9.30876359828544	0.241296517915502	8.83582242317106	9.78170477339983
9.36128508426401	0.235242322352004	8.90021013245408	9.82236003607393
8.85107700973991	0.23570815242726	8.38908903098248	9.31306498849734
8.99590063476672	0.241372646145296	8.52281024832194	9.4689910212115
9.15899283091241	0.25410637584638	8.66094433425351	9.65704132757132
9.25235997377884	0.249011751779537	8.76429694029095	9.74042300726673
9.06003764474839	0.25588292624663	8.55850710930499	9.56156818019178
9.21493476966081	0.25546318362387	8.71422692975802	9.71564260956359
8.92982204293832	0.237819185439118	8.46369643947764	9.39594764639899
9.05090496120853	0.251286322250096	8.55838376959834	9.54342615281871
9.36961878541876	0.271682420277711	8.83712124167444	9.90211632916307
9.46369012704952	0.277679738122764	8.91943784032891	10.0079424137701
9.30271500482452	0.253965322159326	8.80494297339224	9.80048703625679
9.08324572936793	0.250087690598136	8.59307385579558	9.57341760294027
9.29206648386583	0.245977565766816	8.80995045496287	9.77418251276879
9.33019382140909	0.250367271240564	8.83947396977759	9.8209136730406
9.09204857954284	0.22997469827624	8.64129817092141	9.54279898816427
9.17670024616999	0.243436773733056	8.6995641696532	9.65383632268678
9.35487930302813	0.243694645591341	8.87723779766911	9.83252080838716
9.62166622834911	0.267899750534881	9.09658271730075	10.1467497393975
8.96033360621018	0.248857492478693	8.47257292095194	9.44809429146841
9.65264503008949	0.262405826390392	9.13832961036432	10.1669604498147
9.03545585119269	0.238749508112225	8.56750681529273	9.50340488709266
9.26704387302948	0.25903298187425	8.75933922855596	9.77474851750301
9.36125205003034	0.25120609828062	8.86888809740032	9.85361600266035
9.23465063580058	0.26613180327369	8.71303230138415	9.75626897021701
9.76482594467744	0.252801226341042	9.269335541049	10.2603163483059
9.20934199532731	0.252366368802734	8.71470391247395	9.70398007818067
8.9261698956695	0.237764442315099	8.4601515887319	9.39218820260709
9.5268758638013	0.272523541311469	8.99272972283082	10.0610220047718
9.19062695594656	0.245586394131128	8.70927762344955	9.67197628844358
9.10854806289233	0.246946379161847	8.62453315973511	9.59256296604955
9.18783098226596	0.257509028778292	8.68311328586051	9.69254867867141
9.01552708307672	0.232454976734069	8.55991532867795	9.4711388374755
9.19760716071301	0.249532504415498	8.70852345205864	9.68669086936739
9.55086743441514	0.248108558195129	9.06457466035268	10.0371602084776
9.00439910752957	0.241498185841049	8.53106266328111	9.47773555177802
9.20040841183258	0.246807863791649	8.71666499880095	9.68415182486422
8.62697581326477	0.22530503049192	8.18537795350061	9.06857367302893
9.1144109251019	0.24568401527516	8.63287025516259	9.59595159504122
9.37446550040654	0.261060732257713	8.86278646518142	9.88614453563166
8.94886262578741	0.237449274540726	8.48346204768759	9.41426320388723
9.14896881071031	0.256515808184343	8.646197826669	9.65173979475162
9.48360108701181	0.266830550611425	8.96061320781341	10.0065889662102
9.06065075526389	0.234390508248078	8.60124535909766	9.52005615143012
8.98144991924616	0.2367025422173	8.51751293650025	9.44538690199207
9.04260583587359	0.254181441971723	8.54441020960901	9.54080146213816
9.58077140666593	0.270701981738147	9.05019552245916	10.1113472908727
9.26776245854255	0.23803142124791	8.80122087289665	9.73430404418846
9.25927592686934	0.229388880935149	8.80967372023645	9.70887813350223
8.97141643280777	0.245795471834153	8.48965730801283	9.45317555760271
9.26259907851491	0.245458944621837	8.78149954705611	9.74369860997371
9.32707707637597	0.254524205129775	8.82820963432161	9.82594451843033
8.63507315691367	0.241457901560071	8.16181566985593	9.10833064397141
9.11283895763478	0.227093431118459	8.6677358326426	9.55794208262696
9.37026657721372	0.273067645688065	8.83505399166511	9.90547916276232
9.26167832083663	0.242317616673214	8.78673579215713	9.73662084951613
9.06981360705817	0.232566508749584	8.61398324990899	9.52564396420735
9.38698904735095	0.255167484136156	8.88686077844409	9.88711731625782
9.1554689134822	0.253104331853196	8.65938442304994	9.65155340391447
8.70752014633285	0.254156554036549	8.20937330042122	9.20566699224449
9.09855679674819	0.245667196974109	8.61704909067893	9.58006450281744
9.38226559765284	0.247153482065733	8.897844772804	9.86668642250168
9.25488572821878	0.243157786065618	8.77829646753017	9.73147498890739
9.3147094282084	0.251944630727857	8.8208979519818	9.808520904435
9.36242956246795	0.237836957188361	8.89626912637876	9.82858999855713
8.57551921900484	0.222445882459629	8.13952528938397	9.01151314862572
9.00739387773188	0.236669164662811	8.54352231499277	9.47126544047099
9.56706069219249	0.264020890470425	9.04957974687045	10.0845416375145
9.39534311589293	0.255269270409345	8.89501534589061	9.89567088589525
9.06127777755192	0.266589578422664	8.5387622038435	9.58379335126034
9.29094182844626	0.255687144525385	8.78979502517651	9.79208863171602
9.42599849474512	0.27104314670472	8.89475392720387	9.95724306228637
9.14163734531656	0.254982434839967	8.64187177303023	9.6414029176029
9.24087068060088	0.242189969478671	8.76617834042268	9.71556302077908
9.77878476608289	0.263708616924456	9.26191587691096	10.2956536552548
9.41341466850525	0.283107572082178	8.85852382722418	9.96830550978632
9.45260304795359	0.245538004265875	8.97134855959247	9.93385753631471
9.4503547354284	0.263087569414462	8.93470309937606	9.96600637148075
9.2465829723612	0.248942771012685	8.75865514117634	9.73451080354607
9.15104478056504	0.244588092836187	8.67165211860612	9.63043744252397
9.14080704157739	0.245152047105765	8.66030902925009	9.62130505390469
9.18790311246707	0.242325237616446	8.71294564673883	9.6628605781953
9.21428291816959	0.234487283187253	8.75468784312257	9.67387799321661
9.4800916758857	0.241598424799615	9.00655876327846	9.95362458849294
9.17080783243326	0.242344442394469	8.6958127253401	9.64580293952642
9.13302316328222	0.264414433042998	8.61477087451795	9.6512754520465
9.30179491205734	0.238588853195504	8.83416075979416	9.76942906432053
9.15403597233825	0.240397775063337	8.68285633321411	9.62521561146239
9.51065412068923	0.252300811528092	9.01614453009417	10.0051637112843
9.17638966268356	0.24542079435817	8.69536490574154	9.65741441962557
9.24490844188174	0.244568161829267	8.76555484469637	9.7242620390671
9.19202092007467	0.244703728828486	8.71240161157084	9.6716402285785
9.06897005829257	0.24217319402283	8.59431059800782	9.54362951857732
9.04701378374059	0.251563134337562	8.55395004043897	9.54007752704221
8.90136176577799	0.245736462337569	8.41971829959636	9.38300523195963
8.94524789491484	0.244562544419076	8.46590530785345	9.42459048197623
9.49732682114112	0.238838153402979	9.02920404047128	9.96544960181096
8.91657777703468	0.227921763097518	8.46985112136354	9.36330443270581
9.58962177543583	0.255472269632041	9.08889612695703	10.0903474239146
9.39245116519103	0.256431054241972	8.88984629887677	9.89505603150529
9.2012233008891	0.241045292609095	8.72877452737528	9.67367207440293
9.32032564962657	0.23305651534388	8.86353487955256	9.77711641970057
8.78767910649911	0.25529036236216	8.28730999626928	9.28804821672895
9.31310693157202	0.264277381059928	8.79512326469456	9.83109059844947
8.87086659036945	0.25081536348947	8.37926847793009	9.36246470280881
9.32918561643985	0.256636415107719	8.82617824282872	9.83219299005098
8.77739981487749	0.238081192463698	8.31076067764865	9.24403895210634
8.64988847843565	0.237693243237112	8.18400972169091	9.11576723518039
9.21115686241238	0.252392317738849	8.71646791964423	9.70584580518052
9.28145605383516	0.259805216016591	8.77223783044264	9.79067427722768
9.24042628295836	0.244026030411309	8.7621352633522	9.71871730256453
8.76524610632013	0.243080404890902	8.28880851273396	9.2416836999063
9.62902211084495	0.25288815955369	9.13336131811971	10.1246829035702
8.97273429983044	0.25768789326329	8.46766602903439	9.47780257062649
9.67728786122716	0.265122061291419	9.15764862109598	10.1969271013583
9.43604527345434	0.256565913880469	8.93317608224863	9.93891446466006
8.61798920818041	0.23316728609592	8.16098132743241	9.07499708892842
8.99520057560687	0.230779790653587	8.54287218592584	9.4475289652879
9.27686628646109	0.240829185042684	8.80484108377743	9.74889148914475
9.34874643525444	0.247755115911234	8.86314640806842	9.83434646244046
9.0784463688524	0.230412777100861	8.62683732573471	9.53005541197009
9.30600761604048	0.262588921176216	8.7913333305351	9.82068190154586
8.66098934528706	0.228630456342882	8.21287365085501	9.10910503971911
9.25123592342145	0.253691645271434	8.75400029868944	9.74847154815346
9.48327131054754	0.257279139915863	8.97900419631245	9.98753842478263
8.92949929302057	0.278130434091331	8.38436364220156	9.47463494383958
9.06782522259745	0.25876108393162	8.56065349809148	9.57499694710343
9.0540647689264	0.226380699129791	8.61035859863201	9.49777093922079
9.53753354296013	0.24943329507147	9.04864428462005	10.0264228013002
9.13317987749079	0.238739327697836	8.66525079520303	9.60110895977854
9.07089198430173	0.270265149406675	8.54117229146465	9.60061167713881
9.18163974995826	0.239922199675357	8.71139223859456	9.65188726132196
8.79555061244561	0.239291195470915	8.32653986932262	9.26456135556861
9.12192955961654	0.24825394997345	8.63535181766858	9.6085073015645
8.95829819334575	0.250041856622109	8.46821615436641	9.44838023232508
9.51333524863498	0.278922404546816	8.96664733572323	10.0600231615467
9.02747607144121	0.273156903142836	8.49208854128125	9.56286360160116
8.99395418407432	0.235907860734722	8.53157477703427	9.45633359111438
9.22894534533903	0.253863659475093	8.73137257276785	9.72651811791021
9.41310275869123	0.267135524681466	8.88951713031556	9.93668838706691
9.5565136214941	0.263729672280922	9.03960346382349	10.0734237791647
9.17174590680613	0.243542175922705	8.69440324199763	9.64908857161463
9.64612667734623	0.263698909429417	9.12927681486457	10.1629765398279
9.45687219194428	0.240900315589326	8.9847075733892	9.92903681049936
9.17939371882435	0.248676985588488	8.69198682707091	9.66680061057779
9.33233861549451	0.245295553133762	8.85155933135234	9.81311789963668
9.0818388181723	0.270385184672029	8.55188385621512	9.61179378012947
9.22618456283848	0.266679966823169	8.70349182786507	9.74887729781189
9.37932589307376	0.246985176304917	8.89523494751612	9.86341683863139
9.34207258414516	0.241789980258509	8.86816422283848	9.81598094545184
9.20991536895571	0.280261060281499	8.66060369080397	9.75922704710745
9.23886783050148	0.312736759417742	8.62590378204271	9.85183187896025
9.13567509895892	0.267687663704446	8.6110072780982	9.66034291981963
8.67684795872566	0.239548790312626	8.20733232971291	9.14636358773841
8.8092644267014	0.19424742691782	8.42853946994247	9.18998938346033
9.22899514691972	0.261794991578121	8.7158769634266	9.74211333041284
9.14346182360325	0.265282679282963	8.62350777220864	9.66341587499785
9.00571829112431	0.217356488437511	8.57969957378678	9.43173700846183
8.9154928041025	0.23684385447907	8.45127884932352	9.37970675888148
9.15932900763941	0.247548781411528	8.67413339607281	9.64452461920601
9.45702877887296	0.24048889436095	8.9856705459255	9.92838701182042
9.0733094392136	0.219240978718776	8.6435971209248	9.5030217575024
9.01087985396649	0.256950153645115	8.50725755282207	9.51450215511092
8.89319858116187	0.230997883205154	8.44044273007977	9.34595443224397
9.34844019035343	0.261648564510139	8.83560900391356	9.8612713767933
9.21703483630107	0.267114420886006	8.6934905713645	9.74057910123764
9.29932910001266	0.259512070995597	8.79068544086129	9.80797275916403
9.2787968763222	0.258178654398717	8.77276671370072	9.78482703894369
9.5762361751121	0.251131071560737	9.08401927485305	10.0684530753711
9.32402630098001	0.244333092878722	8.84513343893771	9.8029191630223
8.92734969883957	0.215854430306739	8.50427501543836	9.35042438224077
9.10354674855671	0.274941569105887	8.56466127310917	9.64243222400425
9.2012896237871	0.226192618755689	8.75795209102595	9.64462715654826
9.67240971462081	0.268697681087592	9.14576225968913	10.1990571695525
9.14081727945044	0.229869655971406	8.69027275374648	9.5913618051544
9.53964564392471	0.274252693574807	9.00211036451809	10.0771809233313
9.25142126751043	0.248135335166221	8.76507601058464	9.73776652443622
9.1425314935787	0.239392406957393	8.67332237594221	9.6117406112152
9.03343056889902	0.232253759944464	8.57821319940787	9.48864793839017
8.91813987837338	0.252174183411737	8.42387847888637	9.41240127786038
9.26857666750194	0.243849782617979	8.7906310935707	9.74652224143318
8.91397398410161	0.240619230285549	8.44236029274194	9.38558767546129
8.93797552562403	0.24131671482791	8.46499476456133	9.41095628668674
8.91364004359785	0.213990027678725	8.49421958934755	9.33306049784815
8.88618122983271	0.223528882538702	8.44806462005685	9.32429783960857
9.03931974993612	0.250646980205006	8.54805166873431	9.53058783113793
9.25419937073759	0.259910468255782	8.74477485295626	9.76362388851893
9.31726080612616	0.285736804651162	8.75721666900989	9.87730494324244
9.8039314380019	0.271588682038363	9.27161762120671	10.3362452547971
9.38199229776316	0.233034712428201	8.92524426140388	9.83874033412243
9.28920693705296	0.2367634310863	8.82515061212381	9.7532632619821
9.18614418214002	0.272994282067471	8.65107538928778	9.72121297499226
9.15129470022825	0.238282780667898	8.68426045011917	9.61832895033733
9.42859930344575	0.267613758141858	8.90407633748771	9.95312226940379
9.1798881088967	0.253175907103909	8.68366333097304	9.67611288682036
9.01156587004598	0.227162980940695	8.56632642740221	9.45680531268974
8.87611822864184	0.224281961184352	8.43652558472052	9.31571087256317
9.26364571536893	0.240376113412738	8.79250853307997	9.7347828976579
9.22924086722737	0.261054715430725	8.71757362498315	9.74090810947159
8.7462166994437	0.253494348629386	8.24936777613011	9.2430656227573
9.0068655484498	0.242878793085584	8.53082311400206	9.48290798289755
8.97499369271854	0.249664278930431	8.48565170601489	9.46433567942218
9.13838331183062	0.236546866990305	8.67475145252962	9.60201517113162
9.24878339961322	0.249546185925842	8.75967287519857	9.73789392402787
9.54027105572841	0.245191519383404	9.05969567773694	10.0208464337199
9.19587737390227	0.243502459661457	8.71861255296581	9.67314219483873
9.49196072828892	0.271792923894631	8.95924659745545	10.0246748591224
9.18977832669822	0.231690798154155	8.73566436231608	9.64389229108036
9.18794874575421	0.266272738916228	8.6660541774784	9.70984331403002
9.18192711358967	0.26572382458892	8.66110841739538	9.70274580978395
9.65319889800547	0.258174089986296	9.14717768163233	10.1592201143786
9.07720476720481	0.26479798998955	8.5582007068253	9.59620882758433
9.52555130438356	0.25339950539137	9.02888827381647	10.0222143349506
8.9150850476834	0.239677767616291	8.44531662315547	9.38485347221133
8.77447606829657	0.246554864625304	8.29122853363098	9.25772360296217
9.37967246206208	0.261565553228462	8.86700397773429	9.89234094638986
9.5014709372294	0.269235299917531	8.97376974939104	10.0291721250678
8.98891338487497	0.242979031705506	8.51267448273218	9.46515228701776
9.20112640848986	0.248731048299739	8.71361355382237	9.68863926315735
9.11325972938578	0.238252372628107	8.64628507903469	9.58023437973687
9.30192119451595	0.255795713828085	8.8005615954129	9.80328079361899
9.03783765045186	0.265236449716991	8.51797420900656	9.55770109189717
8.99129533870604	0.233364781239234	8.53390036747714	9.44869030993494
8.65884364344777	0.217401467021674	8.23273676808529	9.08495051881025
9.39486603257668	0.25220960639989	8.9005352040329	9.88919686112047
9.02649850010834	0.241086233749509	8.5539694819593	9.49902751825738
9.11461810557875	0.241116426037869	8.64202991054452	9.58720630061297
8.98593746604226	0.234442832496784	8.52642951434857	9.44544541773596
9.1513551295542	0.266152268845061	8.62969668261788	9.67301357649051
9.12197321523464	0.24323117110982	8.64524011985939	9.59870631060989
8.65748992097968	0.239600834076454	8.18787228618983	9.12710755576953
9.23960662268251	0.25219204120659	8.74531022191759	9.73390302344743
8.8501189882315	0.259556708382087	8.34138783980261	9.35885013666039
9.00807069278759	0.2286162950138	8.55998275456054	9.45615863101464
9.17353599483544	0.25608779326179	8.67160392004233	9.67546806962855
9.01503996031684	0.243076252094853	8.53861050621093	9.49146941442275
9.28177268332817	0.266052898328312	8.76030900260468	9.80323636405166
9.11574928434326	0.254465578988178	8.61699674952643	9.61450181916009
9.11492726655248	0.256241703016696	8.61269352863976	9.6171610044652
9.38928922923158	0.264427160157854	8.87101199532219	9.90756646314098
9.15518104945856	0.24721799074072	8.67063378760675	9.63972831131037
9.11431515622786	0.228859207787667	8.66575110896404	9.56287920349169
9.24623684907351	0.257889253402857	8.74077391240391	9.75169978574311
8.95984260367298	0.259182216744214	8.45184545885433	9.46783974849164
9.04257892005244	0.26053165257385	8.5319368810077	9.55322095909719
9.52777010893041	0.26402345899716	9.01028412929598	10.0452560885648
9.02452260503285	0.227869183058537	8.57789900623812	9.47114620382758
9.17863060496002	0.241585884585041	8.70512227117334	9.6521389387467
8.80590776473139	0.237982442422133	8.33946217758401	9.27235335187877
8.95330410320314	0.235177196176722	8.49235679869676	9.41425140770951
9.10664775785155	0.25326321466524	8.61025185710768	9.60304365859542
9.51761903693843	0.259386207464652	9.00922207030771	10.0260160035691
8.96209479715258	0.239316176616569	8.4930350909841	9.43115450332105
9.26609535643704	0.265930059291681	8.74487244022535	9.78731827264874
9.10897251796177	0.241082760159387	8.63645030804937	9.58149472787417
9.25659898038117	0.251234596568339	8.76417917110722	9.74901878965511
9.34843119688388	0.274920519880707	8.8095869779177	9.88727541585007
9.58765627591744	0.288872206208472	9.02146675174884	10.153845800086
9.2916415153499	0.246941760294417	8.80763566517285	9.77564736552696
9.47393455612434	0.271282404708273	8.94222104289612	10.0056480693526
9.00155789601166	0.25491708397445	8.50192041142173	9.50119538060158
9.43981209998631	0.256256367018983	8.9375496206291	9.94207457934352
9.50347914961703	0.252453386409471	9.00867051225447	9.99828778697959
9.071032538889	0.238695174449463	8.60318999696806	9.53887508080995
9.17486636796746	0.236644655997784	8.7110428422118	9.63868989372311
9.44383792338862	0.271317713491896	8.91205520494451	9.97562064183274
9.31041538040689	0.241932718364307	8.83622725241285	9.78460350840093
9.85368671065889	0.272827661836117	9.3189444934601	10.3884289278577
9.49090365250281	0.258768707372633	8.98371698605245	9.99809031895317
9.62664786941064	0.272028431494748	9.09347214368094	10.1598235951404
9.30168157258206	0.272230341311188	8.76811010361213	9.83525304155199
9.29560585375339	0.257451655277771	8.79100060940896	9.80021109809782
8.81903497118836	0.230817134170285	8.3666333882146	9.27143655416212
9.03313137161776	0.237726905157469	8.56718663750912	9.4990761057264
9.21239147316868	0.223834054432597	8.77367672648079	9.65110621985657
9.15972845143986	0.25769562709071	8.65464502234206	9.66481188053765
9.15407991381549	0.231428039387429	8.70048095661613	9.60767887101485
9.44374152616646	0.271672384187354	8.91126365315924	9.97621939917367
8.89473170952141	0.219467445050559	8.46457551722231	9.3248879018205
9.23795050529118	0.270474577988418	8.70782033243388	9.76808067814847
9.06637720570847	0.239335462447173	8.59727969931201	9.53547471210493
9.44267902758692	0.249440183488344	8.95377626794976	9.93158178722407
9.17314811713238	0.253763964870081	8.67577074598702	9.67052548827774
9.53026743525805	0.248795435427174	9.04262838182079	10.0179064886953
9.25377456468172	0.249857698524164	8.76405347557436	9.74349565378908
9.30355536280466	0.274403658568098	8.76572419201118	9.84138653359813
9.45944921425714	0.252980198408627	8.96360802537623	9.95529040313805
8.99545432982651	0.230913647739366	8.54286358025735	9.44804507939566
8.91770596718418	0.253520912582129	8.42080497852321	9.41460695584515
9.1513167746104	0.243863108951141	8.67334508106616	9.62928846815464
9.11742585515512	0.253734733690283	8.62010577712216	9.61474593318807
9.14468862870328	0.254813833354577	8.64525351532831	9.64412374207825
9.03645195986772	0.241955848552311	8.56221849670519	9.51068542303025
8.90338665902259	0.234020118284252	8.44470722718545	9.36206609085972
9.25221482504194	0.261386069511583	8.73989812879924	9.76453152128465
9.3426990752865	0.244267879577191	8.86393403131521	9.8214641192578
9.16600118612202	0.245998572643986	8.68384398373981	9.64815838850423
9.19979833877662	0.209578133224443	8.78902519765671	9.61057147989653
9.17920061901473	0.250123037602517	8.6889594653138	9.66944177271566
9.36375797607477	0.263823521496392	8.84666387394184	9.8808520782077
9.00632059058756	0.242010686024089	8.53197964598034	9.48066153519477
9.14629050966141	0.210476938992477	8.73375570923615	9.55882531008666
9.41878613878559	0.260437256930253	8.9083291152023	9.92924316236888
9.50069090805055	0.237439992805157	9.03530852215244	9.96607329394866
9.01753273988827	0.246273690075287	8.53483630734071	9.50022917243583
8.94299400251538	0.24209734603329	8.46848320429013	9.41750480074063
9.15773032056777	0.250317218269113	8.66710857276031	9.64835206837524
9.41608030513352	0.237207328581787	8.95115394111322	9.88100666915382
9.46454846150002	0.254239598514956	8.9662388484107	9.96285807458933
9.14735981966151	0.252841513374813	8.65179045344688	9.64292918587614
9.56002259517899	0.263082714687305	9.04438047439188	10.0756647159661
9.28513488777088	0.233488130087138	8.82749815280009	9.74277162274167
9.1842632108706	0.252629517150961	8.68910935725472	9.67941706448649
9.24689066961543	0.257941306844194	8.74132570820081	9.75245563103005
9.06165589138928	0.240803467625905	8.5896810948425	9.53363068793605
9.28072077038683	0.234653881378763	8.82079916288445	9.7406423778892
9.26097732442193	0.231719736095365	8.80680664167501	9.71514800716884
9.79085341528946	0.27342396775946	9.25494243848092	10.326764392098
9.09562862517546	0.245449507980599	8.61454758953349	9.57670966081743
9.06104338660413	0.261872454206048	8.54777337636028	9.57431339684799
9.33165173344228	0.250048791359132	8.84155610237838	9.82174736450618
9.36961553403535	0.263951002661646	8.85227156881852	9.88695949925217
8.79072860849663	0.22855011725257	8.34277037868159	9.23868683831167
9.41163511492928	0.252906636270849	8.91593810783841	9.90733212202014
8.83574109447824	0.220569084267259	8.40342568931441	9.26805649964206
9.05100642405418	0.274118384001491	8.51373439141126	9.58827845669711
9.14397436225574	0.247632520383987	8.65861462230312	9.62933410220835
9.11752629922806	0.245332025027576	8.63667553017402	9.59837706828211
8.85438706255201	0.226187029480973	8.4110604847693	9.29771364033472
9.35641835496379	0.242799849508663	8.88053064992681	9.83230606000077
8.94550103121776	0.236474167425423	8.48201166306393	9.40899039937158
9.2990260428406	0.246180093322167	8.81651305992916	9.78153902575205
9.39547948599399	0.250753775754322	8.90400208551552	9.88695688647246
9.21835956357661	0.236988792019442	8.7538615312185	9.68285759593472
9.69437851160727	0.25652474235868	9.19159001658426	10.1971670066303
8.99132325117579	0.234491125122056	8.53172064593656	9.45092585641502
9.01790984406235	0.233998111939317	8.55927354466129	9.47654614346341
8.91665803442322	0.229669933224324	8.46650496530355	9.3668111035429
9.09317032891286	0.237139022930993	8.62837784396811	9.55796281385761
9.45799537424316	0.263556243322405	8.94142513733125	9.97456561115507
9.17646778694395	0.259541149255229	8.6677671344037	9.6851684394842
9.38323027370047	0.268592373757669	8.85678922113544	9.90967132626551
8.79344406028963	0.241790954753832	8.31953378897212	9.26735433160714
9.26481157331374	0.237747825669115	8.79882583500228	9.73079731162521
8.86441904657267	0.229430316022136	8.41473562716928	9.31410246597606
9.51904505759491	0.256710762619744	9.01589196286021	10.0221981523296
8.94754021038611	0.255807237689169	8.44615802451533	9.44892239625688
9.26988010423581	0.24163997162281	8.79626575985511	9.74349444861652
9.14902415847786	0.235445006783153	8.68755194518288	9.61049637177284
9.12683192776711	0.252927722137196	8.6310935923782	9.62257026315601
9.23034707631456	0.247286890092258	8.74566477173373	9.71502938089539
9.47470149722301	0.266567225495742	8.95222973525136	9.99717325919467
9.24645913653534	0.236150922053999	8.78360332930951	9.70931494376118
9.01734996886556	0.239388082643914	8.54814932688349	9.48655061084763
9.45484370198938	0.246591961167217	8.97152345810164	9.93816394587713
8.9728733340564	0.236700297634343	8.50894075069309	9.43680591741971
8.91719484102081	0.237291359979226	8.45210377546153	9.38228590658009
8.98819989629164	0.252525256503364	8.49325039354505	9.48314939903823
9.09687696895763	0.261131743785261	8.58505875113852	9.60869518677674
9.32639090069249	0.248704289292249	8.83893049367969	9.8138513077053
9.35827244743019	0.273596210902883	8.82202387406054	9.89452102079984
9.48642689569651	0.258340785178729	8.9800789567462	9.99277483464682
9.1984104997463	0.237520240089419	8.73287082917104	9.66395017032156
8.92742290383859	0.236085609539229	8.4646951091417	9.39015069853548
9.43545089743234	0.253124267417141	8.93932733329474	9.93157446156993
9.04397888545578	0.237082591887111	8.57929700535704	9.50866076555452
9.02717275407978	0.246988593768861	8.54307511029281	9.51127039786675
9.13271251197493	0.250904584103919	8.64093952713125	9.62448549681861
9.23355070676671	0.252104517622888	8.73942585222585	9.72767556130757
8.77349593568308	0.214961916263682	8.35217057980626	9.19482129155989
8.80358184660885	0.246501925558977	8.32043807251325	9.28672562070444
8.94198118313437	0.264935780073858	8.42270705418961	9.46125531207914
8.90338932797147	0.232673504356109	8.4473492594335	9.35942939650944
9.4984857135494	0.249349213989418	9.00976125413014	9.98721017296866
9.35561168617571	0.236127840267106	8.89280111925219	9.81842225309924
9.44271536065009	0.242876688754833	8.96667705069062	9.91875367060957
9.17543153180264	0.23417128812162	8.71645580708427	9.63440725652102
9.25058858241599	0.264674335539825	8.73182688475794	9.76935028007405
9.47147106784347	0.261969843591407	8.95801017440431	9.98493196128263
8.916341892808	0.249032855383789	8.42823749625578	9.40444628936023
9.76362912558847	0.253311055673629	9.26713945646815	10.2601187947088
9.16816116653952	0.248286536740131	8.68151955452886	9.65480277855017
9.14742270465135	0.255361476087019	8.6469142115208	9.64793119778191
8.67424609116407	0.240558472657276	8.20275148475581	9.14574069757233
9.22490699865169	0.245078359054036	8.74455341490578	9.7052605823976
9.11402439801054	0.220244612485508	8.68234495753895	9.54570383848214
9.36245777191519	0.273130658033092	8.82712168217033	9.89779386166005
8.85724873641795	0.235470425553793	8.39572670233252	9.31877077050339
9.59677838396046	0.238396004780707	9.12952221459028	10.0640345533306
8.95073189810648	0.257621079278057	8.44579458272149	9.45566921349147
9.26654361091455	0.262775790021183	8.75150306247303	9.78158415935606
9.94921117241874	0.256523271798212	9.44642555969425	10.4519967851432
9.72748195926109	0.255699289661521	9.22631135152451	10.2286525669977
9.08264380352653	0.236326122290545	8.61944460383706	9.54584300321599
9.45477097442241	0.261145654383003	8.94292549183172	9.96661645701309
9.38059132902921	0.26463394088905	8.86190880488667	9.89927385317175
9.4516017753135	0.238171391959889	8.98478584707212	9.91841770355488
9.1632627418041	0.237496690805505	8.69776922782531	9.62875625578289
9.16440250464213	0.259230437549417	8.65631084704527	9.67249416223899
8.75494105536941	0.242060845020154	8.28050179912991	9.22938031160891
9.28839298786178	0.25150631541632	8.7954406096458	9.78134536607777
9.45537803420989	0.254380252311201	8.95679273967994	9.95396332873985
9.08344700552503	0.254940791875737	8.58376305344859	9.58313095760148
9.15031416025403	0.257441767086983	8.64572829676355	9.65490002374452
9.25641276928898	0.257538337508334	8.75163762777264	9.76118791080531
8.95679728233511	0.238387709749692	8.48955737122571	9.4240371934445
9.03009169520322	0.25509719681424	8.53010118944731	9.53008220095913
8.9260355066801	0.239430747222134	8.45675124212471	9.39531977123548
9.1497993920345	0.240589474435428	8.67824402214107	9.62135476192794
9.31705659464687	0.258402151318931	8.81058837806176	9.82352481123197
9.50348184680754	0.243446997190079	9.02632573231498	9.98063796130009
9.04452267110552	0.245656923152747	8.56303510172613	9.5260102404849
9.35774571038856	0.257729935431378	8.85259503694306	9.86289638383406
9.3309105111577	0.243539622719115	8.85357285062823	9.80824817168716
9.26260835864328	0.247071968554857	8.77834730027576	9.74686941701079
9.22442512702817	0.240875659826882	8.75230883376748	9.69654142028885
9.16894829368342	0.239985978644425	8.69857577554035	9.6393208118265
9.04077176133629	0.255066430348407	8.54084155785341	9.54070196481917
9.171715796154	0.254340872570993	8.67320768591486	9.67022390639315
9.04432924668951	0.230917136369843	8.59173165940462	9.49692683397441
9.28184306214205	0.237977752935606	8.81540666638826	9.74827945789584
9.20205187841051	0.245361033858708	8.72114425204744	9.68295950477358
9.17593518366282	0.254123602028001	8.67785292368794	9.6740174436377
9.23004936284207	0.237120927046918	8.76529234583011	9.69480637985403
9.08390294025901	0.244121675568184	8.60542445614537	9.56238142437265
9.14296834982247	0.258191198452127	8.6369136008563	9.64902309878864
9.121988444979	0.27844528259687	8.57623569108914	9.66774119886887
8.89421059920418	0.239650951670067	8.42449473393085	9.36392646447751
8.97723962314209	0.224146934296852	8.53791163192026	9.41656761436392
9.37224077092445	0.254218138319415	8.8739732198184	9.8705083220305
9.11342196090315	0.258007733206463	8.60772680381848	9.61911711798781
8.97309966893591	0.246901136204418	8.48917344197525	9.45702589589656
9.45274012204555	0.259715754018827	8.94369724416865	9.96178299992244
8.9194095672712	0.265209335863761	8.39959926897823	9.43921986556418
9.41494087475855	0.256002915397458	8.91317516057953	9.91670658893757
8.89538358211534	0.23732575516522	8.43022510199151	9.36054206223917
9.15570573547348	0.227805424022227	8.70920710438991	9.60220436655704
9.20737168410247	0.251282668530611	8.71485765378247	9.69988571442246
8.83381853036235	0.247787467588012	8.34815509388985	9.31948196683485
8.92874213367331	0.229341447509794	8.47923289655411	9.3782513707925
9.31640799944546	0.252755169372722	8.82100786747493	9.811808131416
9.62081260150504	0.297922959893093	9.03688360011457	10.2047416028955
9.24383624633851	0.234693763185051	8.78383647049581	9.70383602218121
8.93216880319452	0.248758023361606	8.44460307740577	9.41973452898327
9.07972475930678	0.233886485798894	8.62130724714095	9.53814227147261
9.53463771906426	0.237488368260948	9.0691605172728	10.0001149208557
9.02057291107138	0.227903894009883	8.573881278812	9.46726454333075
9.26004992570052	0.278336535282318	8.71451031654718	9.80558953485386
9.39548936717145	0.242477971229355	8.92023254356191	9.87074619078099
9.64643878649237	0.264592128961795	9.12783821372726	10.1650393592575
9.52302137975428	0.240373220761597	9.05188986706155	9.99415289244702
8.9833267183297	0.241703730348636	8.50958740684637	9.45706602981302
9.04233308842774	0.236325601351639	8.57913490977852	9.50553126707695
9.34355469813799	0.25830099917318	8.83728473975856	9.84982465651743
9.29602575678595	0.249211575746158	8.80757106832349	9.78448044524842
9.30611552277597	0.274531885082861	8.76803302801357	9.84419801753838
9.35198604407809	0.252817576003977	8.85646359511029	9.84750849304588
8.98955983057087	0.253187096575464	8.49331312128296	9.48580653985878
9.07771152260598	0.247144645510725	8.59330801740496	9.562115027807
9.2708261702998	0.254311793786505	8.77237505447825	9.76927728612134
9.32664973471337	0.241077978203044	8.8541368974354	9.79916257199134
9.28256116189695	0.242584251710815	8.80709602854375	9.75802629525015
8.65283149734287	0.222904570139892	8.21593853986868	9.08972445481706
9.14292857327442	0.239144483801621	8.67420538502325	9.6116517615256
9.26281588098062	0.253370856448244	8.76620900234206	9.75942275961918
9.13436207334603	0.275772860121388	8.59384726750811	9.67487687918395
8.82044069324799	0.229019060189129	8.3715633352773	9.26931805121868
9.31468513951561	0.26339805890914	8.79842494405369	9.83094533497752
9.10903202360663	0.24461020246586	8.62959602677354	9.58846802043972
8.92274338300957	0.226547641135426	8.47871000638413	9.366776759635
9.10589550910833	0.229293713811739	8.65647983003732	9.55531118817933
9.28334121977077	0.239326037367683	8.81426218653012	9.75242025301143
9.64665402324936	0.267352761912199	9.12264260990145	10.1706654365973
8.93031502245225	0.22378463655384	8.49169713480672	9.36893291009777
9.37389167805163	0.249587971665889	8.88469925358648	9.86308410251677
9.07019277567608	0.222540987470595	8.63401244023371	9.50637311111844
9.07034437811266	0.224325404830076	8.63066658464571	9.51002217157961
9.00446762661212	0.239783108255575	8.5344927344312	9.47444251879305
8.80686413215241	0.241551627174767	8.33342294288986	9.28030532141495
9.54364265106402	0.291310708429321	8.97267366254255	10.1146116395855
9.31097962547681	0.238337727742993	8.84383767910055	9.77812157185308
9.05461251915486	0.253412690997862	8.55792364479905	9.55130139351067
9.03279741579711	0.236414430097993	8.56942513280504	9.49616969878917
9.58779259462131	0.248874565442438	9.09999844635413	10.0755867428885
9.46662745447428	0.270087804000072	8.93725535863414	9.99599955031442
9.295426208306	0.236462537971417	8.83195963388203	9.75889278272998
9.45651660607764	0.256842014319776	8.95310625801088	9.95992695414441
9.18165533373167	0.260504959052882	8.67106561398802	9.69224505347532
9.41998966879218	0.268088642651183	8.89453592919586	9.9454434083885
8.71119318308269	0.246780356585174	8.22750368417575	9.19488268198963
9.59366087383617	0.267498073120246	9.06936465052049	10.1179570971518
9.00204384403311	0.241716340182382	8.52827981727564	9.47580787079058
8.98554632166983	0.264670300290821	8.46679253309982	9.50430011023984
8.92327223208057	0.253189995550624	8.42701984080135	9.41952462335979
9.33196932434564	0.243346217563873	8.85501073792044	9.80892791077083
8.9494732182977	0.250015364196351	8.45944310447285	9.43950333212254
9.46219640835357	0.237937262390371	8.99583937406845	9.9285534426387
9.01604031778624	0.23653676852304	8.55242825148108	9.4796523840914
9.42555674976014	0.250931536891164	8.93373093745346	9.91738256206682
9.43231110555868	0.252602285161133	8.93721062664286	9.9274115844745
9.00223729621138	0.260874333468765	8.4909236026126	9.51355098981016
9.36722437980652	0.263736676670021	8.85030049353328	9.88414826607976
9.33065335095737	0.247038462880534	8.84645796371152	9.81484873820322
9.21647461920286	0.24094761951722	8.74421728494911	9.68873195345661
9.20473566911402	0.239272141352059	8.73576227206399	9.67370906616406
9.19181336703389	0.280501740518452	8.64202995561773	9.74159677845006
9.6292667080555	0.266315319567628	9.10728868170295	10.1512447344081
9.2383972724187	0.282008812211862	8.68566000048345	9.79113454435395
9.62373930699605	0.259118468203156	9.11586710931787	10.1316115046742
9.29307982000845	0.243950745095044	8.81493635962217	9.77122328039474
8.74643034618797	0.222696097489006	8.30994599510952	9.18291469726643
8.82291536460562	0.239315621199683	8.35385674705424	9.291973982157
9.8056621755429	0.271204445611465	9.27410146214443	10.3372228889414
9.12780367722343	0.250314186406277	8.63718787186713	9.61841948257974
9.30005508094261	0.244071940963607	8.82167407665394	9.77843608523128
9.85152382054455	0.289433357776945	9.28423443930174	10.4188132017874
9.45619885793236	0.257289828906495	8.95191079327562	9.96048692258909
8.81300806146654	0.236163453801833	8.35012769201495	9.27588843091814
9.2600309870196	0.262839825736625	8.74486492857582	9.77519704546339
9.27784901225242	0.249819864531969	8.78820207776976	9.76749594673509
9.53334252638847	0.254589804249012	9.03434651006041	10.0323385427165
9.24136205658902	0.241146522906401	8.76871487169248	9.71400924148557
9.05374159112007	0.262924321968939	8.53840992006095	9.56907326217919
8.82250392956982	0.23317486848934	8.36548118733071	9.27952667180892
9.56364193014747	0.252953783176207	9.06785251512211	10.0594313451728
9.03650223095966	0.261478076797134	8.52400520043728	9.54899926148205
9.17195376290476	0.250622143159569	8.680734362312	9.66317316349751
9.38116529754355	0.265320431837986	8.8611372511411	9.90119334394601
9.36728138515812	0.248189955912019	8.88082907157056	9.85373369874568
9.46920563399523	0.259204131314354	8.96116553661909	9.97724573137136
9.44279415611434	0.258009764274969	8.93709501813541	9.94849329409328
9.59056242620786	0.268935112089377	9.06344960651268	10.117675245903
9.01597007755334	0.217705531820973	8.58926723518424	9.44267291992245
8.96383856068521	0.226671336945583	8.51956274027187	9.40811438109855
9.89300248976092	0.267210050967792	9.36927078986405	10.4167341896578
9.03754144502265	0.223816654593036	8.5988608020203	9.476222088025
9.51541425464675	0.253805819535258	9.01795484835764	10.0128736609359
9.11072954395861	0.262868091549039	8.5955080845225	9.62595100339473
9.18943665426	0.264796800257928	8.67043492575447	9.70843838276554
9.29331544689889	0.263922888429548	8.77602658557697	9.8106043082208
9.456728366569	0.263171819825859	8.94091159971032	9.97254513342768
9.32954184119314	0.249772139117523	8.83998844852279	9.81909523386348
8.83085322785266	0.239251825254744	8.36191965035336	9.29978680535196
8.9841071307236	0.220525268206454	8.55187760503894	9.41633665640825
8.91754238020705	0.202776241989356	8.52010094590791	9.31498381450619
9.1911558916749	0.236208749451754	8.72818674274946	9.65412504060034
9.17000522196209	0.241563389989155	8.69654097758335	9.64346946634084
9.12423181672532	0.239552111327035	8.65470967852433	9.59375395492631
9.05597277962771	0.215317231278131	8.63395100632257	9.47799455293285
9.48360032177054	0.252952522479286	8.98781337771114	9.97938726582994
9.31996032656675	0.247779594197559	8.83431232193953	9.80560833119396
9.20495531585014	0.273160338496627	8.66956105239676	9.74034957930353
9.05202974804339	0.255318515275878	8.55160545810267	9.55245403798411
9.28782915392005	0.257354398311384	8.78341453322973	9.79224377461036
8.86776762946648	0.228176242395155	8.42054219437198	9.31499306456099
9.47979244941797	0.264806431270413	8.96077184412796	9.99881305470798
9.28342151403486	0.254232762234011	8.7851253000562	9.78171772801352
9.16798503314449	0.246135012301979	8.68556040903261	9.65040965725636
9.11677219875613	0.234188393298169	8.65776294789172	9.57578144962054
9.12063291465339	0.244472837493917	8.64146615316531	9.59979967614146
8.72828435427624	0.237835563392562	8.26212665002682	9.19444205852566
9.38514889038761	0.253112200200612	8.88904897799441	9.8812488027808
9.60795231720347	0.236508736469205	9.14439519372382	10.0715094406831
8.61634554879612	0.24676517123101	8.13268581318334	9.1000052844089
9.17088233311038	0.243301363345565	8.69401166095308	9.64775300526769
9.13693971853083	0.236347744365108	8.67369813957521	9.60018129748644
9.10957550280373	0.247743681073038	8.62399788790057	9.59515311770688
8.81805414723665	0.25408947494792	8.32003877633873	9.31606951813458
9.40386916158167	0.254726898520423	8.90460444048164	9.9031338826817
9.12683629798704	0.249268448175118	8.63827013956381	9.61540245641027
9.46209991252516	0.250020750998803	8.97205924056751	9.95214058448281
8.83000664091774	0.232707353482887	8.37390022809128	9.2861130537442
9.29386476876475	0.223189309968643	8.85641372122621	9.73131581630329
9.34988286627144	0.247170650005905	8.86542839225987	9.83433734028301
9.40949958186606	0.256546854630538	8.9066677467902	9.91233141694191
9.2575427008982	0.251560645171177	8.76448383636269	9.75060156543371
9.31185947225958	0.258031043180353	8.80611862762609	9.81760031689307
9.54412072414042	0.261014127881032	9.0325330334936	10.0557084147872
8.83269090207725	0.234410321806112	8.37324667133727	9.29213513281723
9.19002467947185	0.25411845195214	8.69195251364565	9.68809684529804
8.86563538518678	0.240553830830167	8.39414987675965	9.33712089361391
8.81623635790405	0.225532419209729	8.37419281625298	9.25827989955512
9.53658064771758	0.267293943489812	9.01268451847755	10.0604767769576
8.6688432161131	0.235207960033139	8.20783561444815	9.12985081777806
9.05739916570171	0.228394267369538	8.60974640165742	9.505051929746
9.49353800585143	0.253594451665363	8.99649288058732	9.99058313111554
9.02648158018218	0.258447640293775	8.51992420520638	9.53303895515798
9.29565903196488	0.254698715269955	8.79644955003577	9.79486851389399
9.10202137610929	0.246860988891183	8.61817383788257	9.585868914336
9.04935049638143	0.259650140471838	8.54043622105662	9.55826477170623
9.3059872485339	0.271987202482923	8.77289233166737	9.83908216540043
9.05643176079675	0.225496912344117	8.61445781260228	9.49840570899122
9.15286512221194	0.261157665755564	8.64099609733103	9.66473414709284
9.19656038364398	0.255953139155823	8.69489223089856	9.69822853638939
9.08815252770479	0.238313598769102	8.62105787411735	9.55524718129223
8.81567735252495	0.232469592850734	8.36003695053751	9.27131775451239
9.7789978300985	0.250928373346717	9.28717821833894	10.2708174418581
9.21239220175186	0.244263061959632	8.73363660031098	9.69114780319274
9.45422795424138	0.234600961619168	8.99441006946781	9.91404583901495
9.26047133644435	0.241993971520259	8.78616315226464	9.73477952062405
9.03639040939727	0.241190777555265	8.56365648538895	9.50912433340559
9.22870314191213	0.269184260965721	8.70110199041932	9.75630429340495
9.09290384653296	0.268991676544854	8.56568016050504	9.62012753256087
8.99748055111417	0.226375530541268	8.55378451125328	9.44117659097505
9.06373432562475	0.250428200921866	8.57289505181789	9.55457359943161
9.56553623365938	0.263274070869047	9.04951905475605	10.0815534125627
9.29025564375276	0.265276968020793	8.770312786432	9.81019850107351
9.43494098403838	0.246947512498438	8.95092385954144	9.91895810853532
9.61432714083377	0.258569466011231	9.10753098745175	10.1211232942158
8.95956731942671	0.269306110056706	8.43172734371557	9.48740729513785
8.87167337673294	0.266989246700833	8.34837445319931	9.39497230026658
8.77576319531556	0.269124008924691	8.24828013782317	9.30324625280796
9.5646225951851	0.268052908859437	9.0392388938206	10.0900062965496
9.67249770286881	0.249372471520374	9.18372765868888	10.1612677470487
9.39242821783791	0.238597886105195	8.92477636107173	9.86008007460409
9.49871246077496	0.259720738403302	8.98965981350449	10.0077651080454
9.07447298547566	0.261123335660317	8.56267124758144	9.58627472336989
8.81224033323063	0.231071302479337	8.35934058037113	9.26514008609013
9.15616539891371	0.274380787387121	8.61837905563495	9.69395174219247
9.01154778867368	0.216703582819315	8.58680876634782	9.43628681099954
8.88335470226397	0.220142777296045	8.45187485876372	9.31483454576422
8.60060855046849	0.232126050486202	8.14564149151553	9.05557560942145
9.80781248953284	0.254304785273715	9.30937511039636	10.3062498686693
9.154287934829	0.236070040362508	8.69159065571848	9.61698521393951
8.82597729555134	0.228161564880754	8.37878062838506	9.27317396271761
8.72764693554308	0.239438048295484	8.25834836088393	9.19694551020223
8.98249730533458	0.242745868410892	8.50671540324923	9.45827920741993
9.66460627275984	0.290602310893844	9.0950257434079	10.2341868021118
9.21949059121665	0.245800448702869	8.73772171175902	9.70125947067427
9.1165072938165	0.244178006433384	8.63791840120706	9.59509618642593
9.3486434782858	0.245638941813891	8.86719115233057	9.83009580424103
9.51895827437028	0.258709486811179	9.01188768022037	10.0260288685202
9.45506325908223	0.242945743677786	8.97888960147377	9.93123691669069
9.12179446042163	0.239223369047714	8.65291665708811	9.59067226375515
9.25729083007054	0.241329774386404	8.78428447227319	9.7302971878679
9.20817074292516	0.240993394477835	8.7358236897486	9.68051779610171
9.41674193715069	0.24383848305662	8.93881851035972	9.89466536394167
9.04471193203088	0.253983294732526	8.54690467435513	9.54251918970663
9.33734819305079	0.228701864013672	8.88909253958399	9.78560384651759
9.15047282926161	0.240909199260684	8.67829079871067	9.62265485981255
8.979222576014	0.220576275007003	8.54689307700028	9.41155207502773
8.77518480298124	0.246616191400601	8.29181706783606	9.25855253812642
8.88230642799633	0.247795811125642	8.39662663819007	9.36798621780259
9.46674309716471	0.249124686458968	8.97845871170514	9.95502748262429
9.41636991428209	0.227633591740214	8.97020807447127	9.86253175409291
8.95205838660113	0.243233243331243	8.4753212296719	9.42879554353037
9.44791020371168	0.248419107325958	8.9610087533528	9.93481165407056
8.9571601832728	0.24621781213812	8.47457327148208	9.43974709506351
9.24531936168301	0.245864362804556	8.76342521058608	9.72721351277994
8.9448232421136	0.231121898685118	8.49182432069077	9.39782216353643
8.88527120384223	0.244206381857956	8.40662669540064	9.36391571228382
8.72333305929514	0.232689448448537	8.26726174033601	9.17940437825428
9.24124266129112	0.247130303038589	8.75686726733549	9.72561805524676
9.49205619055815	0.249313957034185	9.00340083477115	9.98071154634515
9.06344068010769	0.250642421418076	8.57218153412826	9.55469982608712
8.81577894035468	0.224803343059661	8.37516438795774	9.25639349275161
9.15303147863773	0.255935757348353	8.65139739423496	9.6546655630405
9.02281945496804	0.224567966960263	8.58266623972592	9.46297267021016
