estFinal_ipw	sdFinal_ipw	X1.1	X2.1
11.0489271402784	0.29972926091557	10.4614577888839	11.6363964916729
10.6919089448724	0.263083775279945	10.1762647453237	11.2075531444211
10.2518351143843	0.264817369291983	9.73279307057203	10.7708771581966
10.6173883130856	0.309892160898132	10.0099996777252	11.2247769484459
10.6178597483876	0.299378336003611	10.0310782098205	11.2046412869546
10.1112426722709	0.270743697340845	9.58058502548288	10.641900319059
10.4506972997495	0.287389850083267	9.88741319358635	11.0139814059127
10.8658926422204	0.330872602762118	10.2173823408067	11.5144029436342
10.1654949836301	0.279698740423736	9.61728545239956	10.7137045148606
10.436942238251	0.31292780349198	9.82360374340672	11.0502807330953
10.013319255233	0.311370792133746	9.4030325026509	10.6236060078152
11.180106448295	0.288803646345539	10.6140513014577	11.7461615951322
10.3531368328953	0.290116788422422	9.78450792758736	10.9217657382033
10.5192409313809	0.285375796893471	9.95990436946969	11.0785774932921
10.7716272522942	0.306723396095209	10.1704493959475	11.3728051086408
10.9674670691037	0.324954464610282	10.3305563184676	11.6043778197399
9.84987173288623	0.348297813190152	9.16720801903353	10.5325354467389
10.585823633925	0.301966978190797	9.99396835667105	11.177678911179
10.6440348158045	0.298917119506939	10.0581572615709	11.2299123700381
10.3757672546401	0.26906952604247	9.84839098359684	10.9031435256833
10.0384160102303	0.25127567716447	9.54591568298796	10.5309163374727
10.2141053608467	0.286608259792174	9.65235317165406	10.7758575500394
10.2093206534333	0.303187620641237	9.61507291697649	10.8035683898901
10.2732469249514	0.274450459640559	9.73532402405594	10.8111698258469
10.2309830498728	0.305003761226984	9.63317567786788	10.8287904218777
9.96893451250929	0.256149115639268	9.46688224585633	10.4709867791623
10.2894828040069	0.302233630699069	9.69710488783676	10.8818607201771
10.3283679491008	0.2863881565808	9.76704716220248	10.8896887359992
11.1070904663959	0.30600654782656	10.5073176326559	11.706863300136
10.4485523264864	0.300817412961683	9.85895019708149	11.0381544558913
10.2690503592379	0.286200369067471	9.70809763586561	10.8300030826101
10.4930450874599	0.32297641714329	9.86001130985907	11.1260788650608
10.4633504338777	0.290964563139438	9.89305989012436	11.033640977631
10.1141432223854	0.280498026525774	9.56436709039488	10.6639193543759
11.3381005155538	0.357573208082593	10.6372570277119	12.0389440033957
10.9199458038625	0.321325485192601	10.290147852885	11.54974375484
10.5444279180412	0.301114363038285	9.95424376648613	11.1346120695962
10.129087366058	0.251125574197467	9.63688124063094	10.621293491485
10.2433066033253	0.303007060565693	9.64941276461658	10.8372004420341
10.5408449377327	0.280650446663099	9.99077006227306	11.0909198131924
10.053380640888	0.300810888717312	9.46379129900209	10.642969982774
10.4850074750423	0.317441770618658	9.86282160462969	11.1071933454548
10.426544615224	0.300821847709395	9.83693379371356	11.0161554367344
10.5592923474644	0.31597994826881	9.9399716488575	11.1786130460712
10.112027442639	0.26475235944979	9.59311281811745	10.6309420671606
10.3203737195141	0.332760916508844	9.6681623231568	10.9725851158715
9.95834137834746	0.266803719402563	9.43540608831843	10.4812766683765
10.1649179507257	0.293639840949231	9.58938386246516	10.7404520389861
10.3773166824559	0.277864075126971	9.83270309520702	10.9219302697047
10.1825701162468	0.275905730172558	9.64179488510856	10.723345347385
10.4054867001711	0.292918919800178	9.83136561736276	10.9796077829795
10.0564395240865	0.273958522677412	9.51948081963874	10.5933982285342
10.9173421541509	0.306163276384318	10.3172621324376	11.5174221758642
9.97292683566463	0.278926331565403	9.42623122579644	10.5196224455328
10.3659781426049	0.275858407617128	9.82529566367533	10.9066606215345
10.5629061887463	0.335463504873417	9.90539771919438	11.2204146582982
10.1234223537704	0.283905068188802	9.56696842012038	10.6798762874205
10.2545061032359	0.271825293326772	9.72172852831547	10.7872836781564
10.20541553534	0.289017918581166	9.6389404149209	10.7718906557591
10.8131598801382	0.272647343748376	10.2787710863914	11.3475486738851
10.6269039311887	0.328225073260966	9.9835827875972	11.2702250747802
10.5574806151616	0.3131755345365	9.94365656747009	11.1713046628532
10.2479163437736	0.282192867498485	9.69481832347654	10.8010143640706
10.4570554806781	0.294887788871924	9.87907541448912	11.0350355468671
10.0662457363766	0.287658449033917	9.50243517627011	10.6300562964831
10.3354254420477	0.271828515475021	9.80264155171667	10.8682093323788
10.4069535339659	0.279501609394433	9.85913037955279	10.954776688379
10.321353124985	0.267745571993677	9.79657180387738	10.8461344460926
9.87778159209774	0.306928754119842	9.27620123402285	10.4793619501726
10.408746033507	0.265477959074751	9.88840923372046	10.9290828332935
10.2683657949692	0.276698469839447	9.72603679408391	10.8106947958545
10.4612015598808	0.31089500554516	9.85184734901225	11.0705557707493
10.3368680132289	0.283328489592166	9.78154417362823	10.8921918528295
10.5722880948965	0.326173825375047	9.93298739716141	11.2115887926316
10.62659702696	0.309571716566973	10.0198364624888	11.2333575914313
10.500466009841	0.325436616050921	9.86261024238123	11.1383217773008
10.3293008138678	0.282149747252515	9.77628730925288	10.8823143184827
10.8805542063601	0.264665693344988	10.3618094474039	11.3992989653163
10.8406064473333	0.34312901983431	10.168073568458	11.5131393262085
10.3889991517474	0.264061264840497	9.87143907265998	10.9065592308347
10.02183444316	0.263139237031619	9.506081538578	10.5375873477419
10.9863110662211	0.301036540299591	10.3962794472339	11.5763426852083
10.2841799536263	0.281516664766155	9.73240729068469	10.835952616568
10.3626202975484	0.306878898460111	9.76113765656654	10.9641029385302
10.7460714261631	0.324403453475709	10.1102406573507	11.3819021949755
10.1763066445462	0.281568199260604	9.62443297399539	10.728180315097
10.6234198386036	0.271462772652544	10.0913528042046	11.1554868730026
10.0625262619434	0.275604655687468	9.52234113679594	10.6027113870908
10.3606614728384	0.31575973303326	9.74177239609319	10.9795505495836
10.4083485016922	0.300123655949619	9.82010613603095	10.9965908673535
10.6952992816219	0.265467099025922	10.1749837675311	11.2156147957127
10.8970627723755	0.341521762031305	10.2276801187942	11.5664454259569
10.4735614598711	0.273018756758469	9.93844469662451	11.0086782231177
10.8621741485548	0.30717884429182	10.2601036137428	11.4642446833667
10.4865331581566	0.313839623178545	9.87140749672669	11.1016588195866
10.6470715775104	0.32890624477173	10.0024153377578	11.291727817263
10.1839856363918	0.296164431758506	9.60350335014512	10.7644679226385
10.4425886851929	0.287716553033205	9.87866424124783	11.006513129138
10.5437155609018	0.298745758039208	9.95817387514499	11.1292572466587
10.6549612679769	0.307293924613447	10.0526651757345	11.2572573602192
10.8998630111951	0.334250651014982	10.2447317352057	11.5549942871844
10.4694404197224	0.285995526887369	9.90888918702318	11.0299916524217
10.0797237233001	0.25638746545148	9.57720429101516	10.582243155585
10.8252309588354	0.295131156143236	10.2467738927946	11.4036880248761
11.1131061606594	0.331222276535267	10.4639104986503	11.7623018226686
10.3677157600621	0.284027427593935	9.811022001978	10.9244095181462
10.5662992788478	0.279823398657484	10.0178454174792	11.1147531402165
10.465305032251	0.259747255757824	9.95620041096562	10.9744096535363
10.4047047864549	0.297164087423464	9.82226317510495	10.9871463978049
10.7890350350262	0.316321731991668	10.1690444403226	11.4090256297299
10.0232408531548	0.277223688584962	9.47988242352831	10.5665992827814
9.89678177602755	0.247408117167181	9.41186186637988	10.3817016856752
10.8674652186448	0.342946563149553	10.1952899548716	11.5396404824179
10.7371785334883	0.31880871736776	10.1123134474475	11.3620436195291
10.3178416768617	0.321658715344166	9.68739059478718	10.9482927589363
10.2378100748447	0.28956398205029	9.67026467002615	10.8053554796633
10.3190291544855	0.292915346946059	9.74491507447121	10.8931432344998
10.8901632880511	0.343095483262295	10.217696140857	11.5626304352452
11.0939398000405	0.309011825616573	10.488276621832	11.699602978249
10.622243473881	0.282822162553873	10.0679120352754	11.1765749124866
10.4511528500681	0.31808020127611	9.82771565556692	11.0745900445693
10.3565410394678	0.292701757707081	9.78284559436191	10.9302364845737
10.6485805567153	0.31089925536816	10.0392180161937	11.2579430972368
10.5385727876876	0.327520426851924	9.89663275105786	11.1805128243174
10.618087787074	0.301278325717348	10.027582268668	11.20859330548
10.6928604637649	0.324050469220589	10.0577215440925	11.3279993834373
10.354348375409	0.278080947724659	9.80930971786862	10.8993870329493
10.3948967631978	0.314980732533193	9.77753452743275	11.0122589989629
10.7990505862331	0.304418109482617	10.2023910916472	11.395710080819
10.3386018102044	0.279714583927405	9.79036122570665	10.8868423947021
9.9385960586033	0.305371186960911	9.34006853215991	10.5371235850467
11.0134238950472	0.305390009270263	10.4148594768774	11.6119883132169
10.0573291786623	0.251904206585718	9.56359693375432	10.5510614235703
10.1369836257517	0.258748395367528	9.62983677083131	10.644130480672
10.1189665070512	0.264900106001444	9.59976229928834	10.638170714814
10.7071423976974	0.342516909500066	10.0358092550773	11.3784755403176
10.543648282477	0.311644784553787	9.93282450475154	11.1544720602024
10.8063736439343	0.29881553232376	10.2206952005798	11.3920520872889
10.6727364238931	0.261271396582145	10.1606444865921	11.1848283611941
10.7656772542861	0.31109227554091	10.1559363942259	11.3754181143462
10.5029018755349	0.278455216532768	9.95712965113072	11.0486740999392
10.8527655795086	0.302901805298923	10.2590780411227	11.4464531178945
10.2231868595014	0.278576008649744	9.67717788254791	10.7691958364549
10.7311029253433	0.313154284377945	10.1173205279626	11.3448853227241
10.880447251326	0.311677445130296	10.2695594588706	11.4913350437814
9.96435244375243	0.266116720713509	9.44276367115395	10.4859412163509
10.3946292642956	0.326364125847453	9.75495557763459	11.0343029509566
10.3223437389958	0.277588220202992	9.77827082739797	10.8664166505937
10.6528615864635	0.291926630692928	10.0806853903053	11.2250377826216
10.8287969904518	0.314818639780943	10.2117524564812	11.4458415244225
10.2774821260361	0.277950731985965	9.73269869134365	10.8222655607286
10.511652386685	0.312449376205384	9.89925160932244	11.1240531640475
10.27400498322	0.277497379587895	9.73011011922775	10.8178998472123
10.442489804775	0.295779394588741	9.86276219138102	11.0222174181689
10.2277928025764	0.313890782004631	9.6125668698473	10.8430187353055
10.8646762053031	0.319126218430413	10.2391888171795	11.4901635934267
10.5482054344631	0.274929351989115	10.0093439045645	11.0870669643618
10.5663200439464	0.297289430640701	9.98363275989063	11.1490073280022
10.5192602598154	0.288470333215669	9.95385840671273	11.0846621129181
11.1544656000274	0.298771468002766	10.5688735227419	11.7400576773128
10.3168576158807	0.297661091948143	9.73344187566232	10.900273356099
10.3313721590838	0.295400174424603	9.75238781721158	10.910356500956
10.6751985258444	0.31489286331068	10.0580085137555	11.2923885379334
10.5632858545193	0.27650942736958	10.021327376875	11.1052443321637
10.6456978645322	0.3592779490298	9.94151308443375	11.3498826446306
10.4497512398408	0.288748584625326	9.88380401397516	11.0156984657064
10.2830862489346	0.300994147458932	9.69313771991508	10.8730347779541
10.5186259510703	0.293246658416549	9.94386250057386	11.0933894015667
11.2288903672714	0.351842238632168	10.5392795795524	11.9185011549905
10.5928506215452	0.288516930561094	10.0273574376454	11.1583438054449
10.8964498943115	0.312301384125521	10.2843391814255	11.5085606071975
10.3491611732045	0.306256098278527	9.74889922057858	10.9494231258304
10.207495672443	0.30977740467314	9.60033195928366	10.8146593856024
10.0667845356186	0.315388624878982	9.44862283085582	10.6849462403814
9.81589008870916	0.299398245572314	9.22906952738742	10.4027106500309
10.50191785648	0.273667672595416	9.96552921819301	11.038306494767
10.2904467704018	0.285539415888735	9.73078951525985	10.8501040255437
10.323430624034	0.291611921418005	9.7518712580547	10.8949899900133
10.3200567749261	0.26019176740179	9.81008091081863	10.8300326390337
9.9293918600857	0.315213417336946	9.31157356210529	10.5472101580661
10.0951019907552	0.28369062244028	9.5390683707722	10.6511356107381
10.504181953507	0.290877779671057	9.93406150535176	11.0743024016623
10.6340327418314	0.285719211847351	10.0740230866106	11.1940423970522
10.5559367409439	0.292503252726545	9.98263036559987	11.1292431162879
10.6553735466925	0.308806435814057	10.050112932497	11.2606341608881
10.4495441418609	0.284829364794103	9.8912785868645	11.0078096968574
10.5163308898249	0.294061406533939	9.93997053301839	11.0926912466314
10.4795501448015	0.307170155107522	9.87749664079072	11.0816036488122
10.9000445434619	0.32829316717702	10.256589935795	11.5434991511289
10.9565983086676	0.310038877153467	10.3489221094468	11.5642745078884
10.6034130875237	0.336173818115194	9.94451240401793	11.2623137710295
10.6525142729542	0.323603397611816	10.018251613635	11.2867769322734
9.96405205004285	0.261110412911705	9.45227564073591	10.4758284593498
10.2781660833975	0.278550059656188	9.73220796647132	10.8241242003236
9.97297656475535	0.263356574834252	9.45679767808022	10.4891554514305
10.275640005319	0.302205863163748	9.68331651351808	10.86796349712
10.6466088543742	0.283064325713036	10.0918027759767	11.2014149327718
10.0029313026381	0.273944867480287	9.46599936237673	10.5398632428995
10.4056837364707	0.306318412154349	9.80529964864816	11.0060678242932
10.7504780509991	0.313819089292745	10.1353926359853	11.3655634660128
10.5632666602488	0.334362476716475	9.90791620588452	11.2186171146131
10.0071081333867	0.282073725741008	9.45424363093431	10.5599726358391
9.86555790847896	0.245149146140872	9.38506558204285	10.3460502349151
9.69926563174858	0.272065801970501	9.1660166598864	10.2325146036108
10.2089875417533	0.276644306182335	9.66676470163595	10.7512103818707
10.7047983071084	0.282664004154417	10.1507768589657	11.258819755251
10.6944843137369	0.300643105090277	10.1052238277599	11.2837447997138
10.3861346141143	0.344156815136388	9.71158725644703	11.0606819717817
10.5005737237392	0.351997224135771	9.81065916443313	11.1904882830454
10.85573524552	0.345169015576547	10.17920397499	11.53226651605
9.86253533441287	0.267273480237061	9.33867931314823	10.3863913556775
10.2775693312049	0.274084258770559	9.74036418401465	10.8147744783952
10.2821250930228	0.314194720126431	9.66630344157502	10.8979467444706
10.3809444782362	0.238385015329649	9.91370984819008	10.8481791082823
10.5464879557894	0.307309478056131	9.94416137879938	11.1488145327794
10.2447409180066	0.271176618530612	9.7132347456866	10.7762470903266
10.8648852071503	0.308197372793873	10.2608183564744	11.4689520578263
10.7388317801337	0.317295339401269	10.1169329149073	11.3607306453602
10.3101727407631	0.31468138529894	9.69339722557713	10.926948255949
10.1455459645397	0.27202255559545	9.61238175557263	10.6787101735068
10.6725048520393	0.329858059590339	10.0259830552423	11.3190266488364
10.2796995221557	0.309390226831735	9.67329467756552	10.8861043667459
10.2978046516823	0.308644059804334	9.69286229446584	10.9027470088988
10.2397264035231	0.237926871958303	9.7733897344848	10.7060630725613
10.9746287447102	0.333445156808487	10.3210762373656	11.6281812520549
10.4559020176481	0.299376790161193	9.8691235089322	11.0426805263641
10.4532939949874	0.29497077793136	9.87515127024196	11.0314367197329
10.2208705421241	0.275184484845123	9.68150895182767	10.7602321324205
11.0517877300182	0.334141802137884	10.3968697978279	11.7067056622084
10.407937876673	0.254804043715565	9.90852195099045	10.9073538023555
10.1126056546581	0.277969153983653	9.5677861128501	10.657425196466
10.6138157647837	0.315235347135252	9.99595448439856	11.2316770451687
10.6484679734828	0.314173545128942	10.03268782503	11.2642481219355
10.276707541836	0.278945553874994	9.72997425624105	10.823440827431
10.1704427680955	0.270329477762494	9.64059699168103	10.70028854451
10.6873500848354	0.261654125637838	10.1745079985853	11.2001921710856
10.5702801897073	0.279554767706216	10.0223528450031	11.1182075344115
10.6701755174201	0.317736355414651	10.0474122608073	11.2929387740328
10.7015865131976	0.300120215971324	10.1133508898938	11.2898221365014
10.7222034897998	0.347760236517401	10.0405934262257	11.4038135533739
10.4445967240233	0.284042022635451	9.88787435965777	11.0013190883887
9.94407630960035	0.268544329179611	9.41772942440832	10.4704231947924
10.08800541717	0.262703713348656	9.57310613900665	10.6029046953334
10.7196767848751	0.265137445566162	10.2000073915654	11.2393461781848
10.0676662338676	0.256978107042142	9.56398914406502	10.5713433236702
10.1283516962445	0.279824858752497	9.57989497308963	10.6768084193994
11.1691666227112	0.343545548759749	10.4958173471421	11.8425158982803
10.6011582994666	0.28114841898068	10.0501073982645	11.1522092006687
10.9788679779412	0.322308408046364	10.3471434981703	11.6105924577121
11.1339716335266	0.312695214062771	10.5210890139636	11.7468542530897
10.8691916914351	0.341490074124695	10.1998711461507	11.5385122367195
10.2857648052987	0.24174974635089	9.81193530245091	10.7595943081464
10.5922797845128	0.288860424736254	10.0261133520297	11.1584462169958
10.8371799049486	0.302238188168194	10.2447930561389	11.4295667537582
10.3966263593185	0.287669200802606	9.83279472574538	10.9604579928916
10.6174117387542	0.343630282599042	9.9438963848601	11.2909270926483
10.3805682804098	0.285530055257658	9.82092937210476	10.9402071887148
10.0418356267321	0.274964477270388	9.50290525128212	10.580766002182
10.3351770743798	0.284284494404445	9.77797946534714	10.8923746834126
10.4894083973772	0.303002767162128	9.89552297373945	11.083293821015
10.4853096681385	0.286729669320529	9.92331951627023	11.0472998200067
11.1035808799165	0.321186465047526	10.4740554084234	11.7331063514097
10.8002636585686	0.296716511305381	10.2186992964101	11.3818280207272
10.6615396438128	0.336379549011048	10.0022357277512	11.3208435598745
10.1396086329265	0.306342769587531	9.53917680453496	10.7400404613181
10.8644114846276	0.293490113701739	10.2891708617722	11.439652107483
10.3141634561821	0.282263136080873	9.76092770946363	10.8673992029007
10.4333935301709	0.298287284269218	9.84875045300324	11.0180366073386
10.2734588647844	0.282455604771656	9.71984587943195	10.8270718501368
10.568341162866	0.290122275656185	9.99970150257993	11.1369808231522
10.3490782231958	0.335366848564189	9.69175920000997	11.0063972463816
9.85400839564965	0.278140245739683	9.30885351399987	10.3991632772994
10.4811761857624	0.278023048583803	9.93625101053813	11.0261013609866
10.517914777294	0.311653131552616	9.90707463945086	11.1287549151371
10.4150545277967	0.294126676828795	9.83856624121225	10.9915428143811
10.2075210506713	0.285897807869549	9.64716134724702	10.7678807540957
9.9244437986731	0.297551418838409	9.34124301774981	10.5076445795964
10.1882203547321	0.291546769911841	9.61678868570491	10.7596520237593
10.5721035722008	0.301387211165486	9.9813846383164	11.1628225060851
10.8407069704957	0.326865750241122	10.2000501000231	11.4813638409683
10.2815031029249	0.293273448879793	9.70668714312052	10.8563190627293
10.2778750861987	0.281276462670244	9.72657321936505	10.8291769530324
10.53155587027	0.298815301116258	9.94587788008214	11.1172338604579
10.5883850803087	0.286839812848137	10.0261790471263	11.150591113491
10.0162983908031	0.263845526017265	9.4991611598093	10.533435621797
10.3585997753761	0.299178776765749	9.77220937291526	10.944990177837
10.6361837158573	0.294582317263185	10.0588023740214	11.2135650576931
10.2524001406322	0.280684185922567	9.70225913622394	10.8025411450404
10.3655063073798	0.280371104888833	9.81597894179767	10.9150336729619
10.5324839068646	0.292755663900635	9.95868280561932	11.1062850081098
10.5175603846838	0.320360391046891	9.88965401823189	11.1454667511357
10.5187822079063	0.290751347424803	9.94890956695366	11.0886548488589
10.5018137487182	0.282004628753678	9.949084676361	11.0545428210754
10.1624771032207	0.29567791943781	9.58294838112261	10.7420058253188
10.9154099304683	0.337259198114567	10.2543819021637	11.5764379587728
10.7259650108008	0.303182047726321	10.1317281972572	11.3202018243444
10.5672209147506	0.29290650620732	9.9931241625843	11.141317666917
10.742013069494	0.290324460092839	10.172977127712	11.311049011276
10.4725712320398	0.291580188843613	9.90107406190631	11.0440684021733
10.628200130971	0.29318184345839	10.0535637177926	11.2028365441495
10.4828745158208	0.280939557250157	9.93223298361047	11.0335160480311
10.343297167271	0.303364137193171	9.74870345837238	10.9378908761696
10.1250809609987	0.292607621272173	9.55157002330523	10.6985918986922
10.2987780607121	0.288511623122714	9.73329527939159	10.8642608420326
10.1627068264101	0.298612891911531	9.57742555826354	10.7479880945567
9.75771577047595	0.300670647088465	9.16840130218256	10.3470302387693
10.4419051856111	0.287832946708965	9.87775261006151	11.0060577611607
10.9295785680135	0.312158505794914	10.3177478966555	11.5414092393716
10.713881072625	0.277440328785879	10.1700980282047	11.2576641170453
10.3242883122608	0.269546789703921	9.79597660444113	10.8526000200805
10.432200611667	0.259571206186757	9.92344104754093	10.940960175793
10.9380699547898	0.363712654757068	10.225193151466	11.6509467581137
10.784475999733	0.31996674338718	10.1573411826941	11.4116108167719
10.3216599176498	0.256098919252478	9.81970603591499	10.8236137993847
10.4672199105793	0.303751878798824	9.87186622813359	11.062573593025
10.5708655026915	0.303633520567725	9.97574380237879	11.1659872030043
10.3662029764521	0.302376539629454	9.77354495877836	10.9588609941258
10.5321609417339	0.277908751476255	9.9874597888404	11.0768620946273
10.6405964655147	0.348509736066803	9.9575173828238	11.3236755482057
10.744414632401	0.344604327020105	10.0689901514416	11.4198391133604
10.49510741944	0.283797266331529	9.9388647774302	11.0513500614498
10.5090172491793	0.295716308452037	9.9294132846133	11.0886212137453
10.44785078723	0.262434927469439	9.93347832938992	10.9622232450701
10.7516056985482	0.271586735266219	10.2192956974264	11.28391569967
10.6129787329924	0.302906461921774	10.0192820676257	11.2066753983591
10.8488695593546	0.29987184015377	10.2611207526532	11.436618366056
10.0280026866682	0.266623569918358	9.50542048962819	10.5505848837082
10.479268570556	0.275481770834166	9.93932429972102	11.0192128413909
9.85800509218241	0.260285169680604	9.34784615960843	10.3681640247564
10.9051244657033	0.303587818204708	10.310092342022	11.5001565893845
10.5234204040717	0.293460403065523	9.94823801406325	11.0986027940801
10.6000901017773	0.260909464454991	10.0887075514455	11.1114726521091
10.8047888610057	0.312642934944809	10.1920087085138	11.4175690134975
10.4174553906375	0.284117193270959	9.8605856918264	10.9743250894486
10.6940191784499	0.318167843167378	10.0704102058418	11.317628151058
10.4706856065021	0.294528848347242	9.89340906374155	11.0479621492627
10.3566905327007	0.307886126121448	9.75323372550264	10.9601473398987
10.7686491713822	0.298045745409862	10.1844795103789	11.3528188323856
10.3024617921584	0.286833645968	9.74026784606107	10.8646557382556
10.3338495821875	0.315667035097554	9.71514219339629	10.9525569709787
10.8217220165983	0.306785401007781	10.220422630623	11.4230214025735
10.3141472431046	0.261851863496561	9.8009175906513	10.8273768955578
10.645522133464	0.306592138173992	10.044601542643	11.246442724285
10.1706404782095	0.279154205898553	9.62349823464834	10.7177827217707
10.1583764504716	0.299987456152461	9.57040103641281	10.7463518645305
9.99729372191115	0.259653741248357	9.48837238906437	10.5062150547579
10.4568035293613	0.290053276872064	9.88829910669206	11.0253079520305
10.3476692585745	0.282987413540976	9.79301392803419	10.9023245891148
10.4083929463148	0.305378126676077	9.80985181802966	11.0069340745999
10.1510228840157	0.26872826414157	9.62431548629827	10.6777302817332
10.497224493648	0.283183836530334	9.94218417404853	11.0522648132474
10.7098903145213	0.325976594747265	10.0709761888167	11.348804440226
10.9455698910491	0.329588761865861	10.299575917792	11.5915638643061
10.7653971170707	0.278701070450837	10.2191430189871	11.3116512151544
10.4432769021501	0.302542820562944	9.85029297384668	11.0362608304534
10.6193415306776	0.259104131296577	10.1114974333363	11.1271856280189
10.8867256774232	0.312492915748547	10.2742395625561	11.4992117922904
10.1516668783489	0.268103630206634	9.6261837631439	10.6771499935539
10.2882343025301	0.292740960539842	9.714462019872	10.8620065851882
10.504012475075	0.269145543354599	9.97648721010003	11.0315377400501
11.3885093432229	0.329963355442926	10.7417811665548	12.0352375198911
10.3106100021696	0.28845449193936	9.74523919796849	10.8759808063708
11.208885288967	0.309462962194822	10.6023378830651	11.8154326948688
10.4357226195742	0.279365723941962	9.88816580064792	10.9832794385004
10.6875950629651	0.310540918879987	10.0789348619604	11.2962552639699
10.6616807949501	0.291181893127801	10.0909642844197	11.2323973054806
9.99644542782618	0.292777693095491	9.42260114935902	10.5702897062933
10.7779729540537	0.282857435342699	10.223572380782	11.3323735273254
10.3518422986435	0.26193125625957	9.83845703637473	10.8652275609122
9.89067270599181	0.254571277179781	9.39171300271944	10.3896324092642
10.8709362602052	0.317647828727088	10.2483465159001	11.4935260045103
10.4362676234874	0.303633386582639	9.84114618578543	11.0313890611894
10.2692298845736	0.287653595568857	9.70542883725864	10.8330309318886
10.5942348838226	0.294505785841777	10.0170035435728	11.1714662240725
9.91543824038154	0.256470512225523	9.41275603641952	10.4181204443436
10.4607577685422	0.284341970784096	9.90344750580534	11.018068031279
10.4794330898093	0.270177161975168	9.94988585233795	11.0089803272806
10.1184150117017	0.299297090855742	9.53179271362445	10.705037309779
10.5226269159005	0.289486504014637	9.95523336803177	11.0900204637691
10.5021831972874	0.293356482466664	9.92720449165278	11.0771619029221
10.5874901489647	0.306239963207806	9.98725982107736	11.187720476852
10.8352631946787	0.289309596246187	10.2682163860361	11.4023100033212
9.98534186312766	0.252631751464867	9.49018363025652	10.4805000959988
10.4930101858745	0.31124718087765	9.88296571135435	11.1030546603947
11.0308935928593	0.334352671679231	10.375562356368	11.6862248293506
10.0201175446399	0.28295500822094	9.46552572852684	10.5747093607529
10.5160731303601	0.279941255486908	9.96738826960576	11.0647579911144
10.5084264956187	0.299601584594102	9.92120738981428	11.0956456014232
10.8301762604124	0.337697959517557	10.168288259758	11.4920642610669
10.5790379575996	0.299366321346991	9.99227996775946	11.1657959474397
10.3406229348159	0.288754999612749	9.77466313557488	10.9065827340569
10.1583010229261	0.280188721852834	9.60913112809459	10.7074709177577
10.2126365986083	0.274801563661893	9.67402553383103	10.7512476633856
10.428841493393	0.317666892465073	9.80621438416141	11.0514686026245
10.1220823529301	0.316063042501471	9.50259878962721	10.741565916233
10.6158442067665	0.277754764438465	10.0714448684671	11.1602435450659
10.7833821435615	0.296214372234031	10.2028019739828	11.3639623131402
10.7133834678622	0.289690145884477	10.1455907819286	11.2811761537957
10.393235875568	0.308847427651745	9.78789491737061	10.9985768337654
10.5157167663782	0.319167402353002	9.89014865776629	11.1412848749901
10.2888615899034	0.293641037944552	9.71332515553209	10.8643980242747
10.0150053314979	0.314362894434543	9.39885405840621	10.6311566045896
10.2446216736294	0.265814932082998	9.72362440674676	10.7656189405121
10.5110147709334	0.285424255301693	9.95158323054207	11.0704463113247
10.4853482159039	0.258093184938142	9.97948557342517	10.9912108583827
10.5671966527234	0.283433432406089	10.0116671252075	11.1227261802394
10.529363149055	0.271213336869043	9.99778500879164	11.0609412893183
9.67978702985211	0.251786633788176	9.18628522762728	10.1732888320769
10.3132908038208	0.301875177069792	9.72161545676402	10.9049661508776
10.8803224190913	0.352686709503105	10.1890564684653	11.5715883697174
10.3434774723037	0.30349431891919	9.74862860722211	10.9383263373853
10.3897312312805	0.312273289195888	9.77767558445652	11.0017868781044
10.9716659847775	0.368028839281148	10.2503294597864	11.6930025097685
10.8001554001719	0.355790411960334	10.1028061927296	11.4975046076141
10.054741522678	0.260912625998807	9.54335277572033	10.5661302696357
10.685525607519	0.291306068583048	10.1145657130962	11.2564855019418
10.9350528241568	0.294186654266274	10.3584469817949	11.5116586665187
10.7864399824802	0.344701118748733	10.1108257897327	11.4620541752278
10.5923993892837	0.307790459245739	9.98913008916201	11.1956686894053
10.8698860375934	0.315410063447168	10.2516823132369	11.4880897619498
10.6629254383483	0.297923972316913	10.0789944526071	11.2468564240894
10.3215909342367	0.31684742466943	9.70056998188457	10.9426118865887
10.2090897907404	0.308005394125136	9.60539921825514	10.8127803632257
10.2656852492631	0.28753241926065	9.70212170751227	10.829248791014
10.9187133317555	0.313419590657178	10.3044109340674	11.5330157294435
10.6636853754838	0.268799130561059	10.1368390795842	11.1905316713835
10.182900054011	0.29285028860705	9.60891348834117	10.7568866196808
10.6574384075267	0.32346004394315	10.0234567213982	11.2914200936553
10.2872662027529	0.287382987731896	9.72399554679836	10.8505368587074
10.2080451711362	0.280652975635797	9.65796533889004	10.7581250033824
10.6975433435092	0.322841651791612	10.0647737059976	11.3303129810207
10.7612357058873	0.267429158400572	10.2370745554222	11.2853968563524
10.4287729296959	0.285627100406632	9.86894381289888	10.9886020464929
10.7421542423884	0.311454212062566	10.1317039867458	11.352604498031
10.0632305882216	0.287523844906232	9.49968385220543	10.6267773242379
10.5821494963531	0.308238637025994	9.97800176778219	11.1862972249241
10.3748314175668	0.298103082178963	9.79054937649608	10.9591134586376
10.0729465030745	0.278217084848145	9.52764101677214	10.6182519893769
10.7193118891058	0.259178691743374	10.2113216532888	11.2273021249228
10.1685700819064	0.273079550211388	9.63333416349211	10.7038060003208
10.8564033513247	0.299657707240223	10.2690742451339	11.4437324575155
10.691999075078	0.308283216728175	10.0877639702908	11.2962341798653
10.3761620663206	0.307649643573318	9.77316876491685	10.9791553677243
10.7533958368289	0.301170671860064	10.1631013199832	11.3436903536747
9.93869527868562	0.295316149978359	9.35987562472804	10.5175149326432
10.7965493245986	0.312750797807088	10.1835577608967	11.4095408883005
10.1592674495943	0.3652588247539	9.44336015307663	10.8751747461119
10.5780763691833	0.267194032887879	10.0543760647231	11.1017766736436
10.2612027861888	0.298594496093685	9.67595757384523	10.8464479985325
10.2154279086231	0.275671832385983	9.67511111714661	10.7557447000997
10.1711714594679	0.284086164431851	9.61436257718143	10.7279803417543
10.478242100151	0.297384902422263	9.89536769140333	11.0611165088986
10.5474111663545	0.279321355157778	9.99994131024526	11.0948810224638
10.1846440995479	0.291031660297539	9.61422204536469	10.755066153731
11.1095359402048	0.31480553357289	10.4925170944019	11.7265547860077
10.7902499986794	0.301647077208965	10.1990217273498	11.381478270009
10.8404807243857	0.300152420987281	10.2521819792506	11.4287794695208
10.8591492434122	0.29404631853111	10.2828184590912	11.4354800277332
9.97584370107252	0.254903043804375	9.47623373521594	10.4754536669291
9.92735147949209	0.265689928680543	9.40659921927822	10.448103739706
10.43615201317	0.282802952169534	9.88185822691773	10.9904457994223
10.8785741040618	0.324740250125151	10.2420832138165	11.5150649943071
10.0969903806195	0.277156389080554	9.55376385802166	10.6402169032174
10.3388870732112	0.324592532663647	9.70268570919045	10.9750884372319
9.99492938612055	0.255387655292891	9.49436958174649	10.4954891904946
10.5762471438692	0.306280274551287	9.97593780574869	11.1765564819897
10.920242064014	0.304136065606728	10.3241353754248	11.5163487526032
10.2862128474002	0.363066824914463	9.57460187056782	10.9978238242325
10.5851126324157	0.303383176556391	9.99048160636518	11.1797436584662
10.2085072534583	0.280054114846329	9.65960118835949	10.7574133185571
10.7260914120235	0.319425292796748	10.1000178381419	11.3521649859052
10.3485317024936	0.269269475170387	9.82076353115961	10.8762998738275
10.5959885221631	0.286364318926412	10.0347144570673	11.1572625872588
10.5877997791093	0.308952157084688	9.98225355122335	11.1933460069953
9.87795260126819	0.279894407498007	9.3293595625721	10.4265456399643
10.0802829751881	0.266570082075472	9.55780561432016	10.602760336056
10.2487396546058	0.297240755441546	9.66614777394039	10.8313315352712
11.238217131086	0.357055287104352	10.5383887683615	11.9380454938105
10.672507861701	0.325485736799138	10.0345558175747	11.3104599058273
10.3764977156537	0.275285890428527	9.83693737041384	10.9160580608937
10.7619786175775	0.296636225709308	10.1805716151872	11.3433856199677
10.9075857481758	0.311360974033929	10.2973182390693	11.5178532572823
11.0608590158921	0.343945267211392	10.3867262921578	11.7349917396264
10.7511821267949	0.312809971057007	10.1380745835232	11.3642896700666
11.0727387911999	0.314578122566843	10.4561656709689	11.689311911431
10.7960121809162	0.316828265642369	10.1750287802572	11.4169955815752
10.4354903071378	0.282165135893969	9.88244664078562	10.98853397349
10.4130085741852	0.297572420181359	9.82976663062974	10.9962505177407
10.5859848127474	0.324234305707607	9.95048557356053	11.2214840519344
10.6071440516288	0.344470427550141	9.93198201363048	11.282306089627
10.6809556330697	0.287215778837578	10.1180127065481	11.2438985595914
10.3665895280333	0.273757677774236	9.83002447959585	10.9031545764709
10.4622442292599	0.30541960125209	9.86362181080584	11.060866647714
10.8825231248547	0.31675375738458	10.2616857603809	11.5033604893285
10.4646852830143	0.287061792938325	9.90204416885515	11.0273263971734
10.0632857914335	0.2693725146754	9.5353156626697	10.5912559201973
10.0441194368622	0.246872495860241	9.56024934497615	10.5279895287483
10.2443463841355	0.297480590851233	9.66128442606711	10.8274083422039
10.3843268729746	0.30007986964268	9.79617032847495	10.9724834174743
10.0019296133138	0.25634914742757	9.49948528435574	10.5043739422718
10.1798522477422	0.287310458849605	9.616723748397	10.7429807470874
10.2885454859867	0.270082239834154	9.75918429591172	10.8179066760616
10.5201395803157	0.302970376633264	9.92631764211452	11.1139615185169
9.92472665489521	0.267625664770448	9.40018035194513	10.4492729578453
10.6384432741652	0.328557642217314	9.99447029541925	11.2824162529111
10.2216039428167	0.291980215048596	9.64932272132148	10.793885164312
10.7734604254167	0.31570870126684	10.1546713709336	11.3922494798997
10.5067467516863	0.321172527861185	9.8772485970784	11.1362449062942
10.5484598920263	0.295166473548	9.9699336038722	11.1269861801804
10.3267620242467	0.270796852542668	9.79600019326304	10.8575238552303
10.8350357495899	0.312708001937371	10.2221280657927	11.4479434333872
10.4708609658867	0.276778507218186	9.92837509173909	11.0133468400344
10.3564740912759	0.273062731682123	9.82127113717895	10.8916770453729
10.4849662340861	0.298549527715744	9.89980915976325	11.070123308409
10.1217688433021	0.274146167384099	9.58444235522926	10.6590953313749
11.2050742451318	0.329181674060913	10.5598781639724	11.8502703262911
10.3606400757461	0.269717664731786	9.83199345287183	10.8892866986204
10.4027605537864	0.300018347888572	9.81472459192475	10.990796515648
10.6491603518656	0.2827172334898	10.0950345742256	11.2032861295056
10.5265252207273	0.285343346764919	9.96725226106809	11.0857981803866
9.91032360196986	0.264314585143095	9.39226701508939	10.4283801888503
10.4466018929944	0.325272795619525	9.80906721358014	11.0841365724087
10.5506527253008	0.350966485591534	9.86275841354137	11.2385470370602
9.94103317087469	0.246383963328639	9.45812060275056	10.4239457389988
10.2243123431496	0.296894789948774	9.64239855484996	10.8062261314492
10.1524448883386	0.274810594571922	9.61381612297766	10.6910736536996
9.99642565346788	0.244909507717207	9.51640301834215	10.4764482885936
10.533483835963	0.307357894327082	9.93106236308194	11.1359053088441
10.4363908027753	0.308338014272481	9.83204829480128	11.0407333107494
10.6580967003096	0.335740697608701	10.0000449329966	11.3161484676227
10.6669169559896	0.297590112560735	10.0836403353706	11.2501935766087
10.6493672456646	0.258955131018766	10.1418151888679	11.1569193024614
10.6606526518515	0.300679230026209	10.0713213610001	11.2499839427028
10.5866252923426	0.335740005606465	9.92857488135395	11.2446757033313
10.7795620496333	0.319293102441594	10.1537475688478	11.4053765304189
10.7748881340724	0.343961249572668	10.10072408491	11.4490521832348
10.483478723811	0.297853539230779	9.8996857869187	11.0672716607033
10.2508212211926	0.2720849655747	9.71753468866622	10.784107753719
10.0107674167522	0.257586991483797	9.50589691344394	10.5156379200604
10.7226121932636	0.257933860537941	10.2170618266092	11.228162559918
10.6161939122683	0.319328766588628	9.99030952975459	11.242078294782
10.3006513565312	0.297482102017624	9.71758643657667	10.8837162764858
10.1646672605451	0.28072832132893	9.61443975074045	10.7148947703499
9.95657644912369	0.285538867582243	9.39692026866249	10.5162326295849
10.1321664996078	0.282164488308503	9.57912410252318	10.6852088966925
10.5646271622512	0.286805719917187	10.0024879512135	11.1267663732888
10.7157670172352	0.287333923655616	10.1525925268702	11.2789415076002
10.6040383168751	0.350163779177458	9.91771730968724	11.2903593240629
10.7934062098863	0.300448091012289	10.2045279515022	11.3822844682704
10.4932524871507	0.294063504542312	9.91688801824772	11.0696169560536
10.6032488357149	0.299355654354222	10.0165117531806	11.1899859182492
10.5937657218857	0.276656430902044	10.0515191173176	11.1360123264537
11.1331724193768	0.291752571469489	10.5613373792966	11.705007459457
10.6074951201217	0.281837588097918	10.0550934474498	11.1598967927936
10.6591091116756	0.258434183002921	10.1525781129899	11.1656401103613
10.0583868223217	0.294581794820575	9.48100650447337	10.63576714017
9.82720403769297	0.284363374586267	9.26985182350389	10.3845562518821
10.4138002524788	0.34204694547462	9.74338823934856	11.0842122656091
10.7973402850199	0.313634962446143	10.1826157586255	11.4120648114144
10.3857505478202	0.287273834368289	9.82269383245838	10.9488072631821
10.4356381994936	0.261180407245925	9.92372460129158	10.9475517976956
10.2077439990484	0.265705191028464	9.68696182463259	10.7285261734642
10.3857806853707	0.297552671398256	9.80257744943014	10.9689839213113
10.335772779007	0.275254536291291	9.79627388787607	10.8752716701379
10.4803891761317	0.277131367351683	9.93721169612241	11.023566656141
10.0543971092734	0.279890385450394	9.50581195379061	10.6029822647562
10.9395505462988	0.286581818728533	10.3778501815908	11.5012509110067
10.5907502466507	0.309995024771425	9.98315999809872	11.1983404952027
10.2589373002879	0.274653347173768	9.72061673982727	10.7972578607484
10.262253477072	0.291545984803204	9.69082334685771	10.8336836072863
10.5572409187105	0.292725273149595	9.98349938333728	11.1309824540837
10.1431864298001	0.281949511280513	9.59056538769028	10.6958074719099
10.12550476827	0.267858969067251	9.60050118889815	10.6505083476418
10.4004917148274	0.316564048390477	9.78002617998205	11.0209572496727
10.3298075919009	0.289021579155457	9.76332529675625	10.8962898870456
10.4271759720764	0.292067385807061	9.85472389589459	10.9996280482583
10.4122031469536	0.300859436021614	9.82251865235119	11.0018876415559
10.3195757729283	0.304823854625403	9.72212101786252	10.9170305279941
10.614063979424	0.303963236337513	10.0182960362025	11.2098319226455
10.1351181047842	0.275088374935134	9.59594488991131	10.674291319657
10.4669493213236	0.280378824051349	9.91740682618291	11.0164918164642
10.8903414459532	0.315918177004951	10.2711418190235	11.509541072883
10.5846728880331	0.31236902147363	9.97242960594478	11.1969161701214
10.3072391010333	0.285892705892562	9.74688939748389	10.8675888045827
10.8026138708412	0.313287973892194	10.1885694420125	11.4166582996699
10.4773879831835	0.308886913946194	9.87196963184893	11.082806334518
10.4518387695355	0.330302124971088	9.80444660459215	11.0992309344788
10.6603258094804	0.299307679062039	10.0736827585188	11.246968860442
10.6778826858284	0.276500967365794	10.1359407897914	11.2198245818653
10.6356945514449	0.285635406822513	10.0758491540728	11.195539948817
10.5061235843037	0.286610882502622	9.94436625459861	11.0678809140089
10.5433567154771	0.285264014836565	9.98423924639745	11.1024741845568
9.93234952510072	0.2816432551925	9.38032874492342	10.484370305278
10.6206808561883	0.302293153626281	10.0281862750808	11.2131754372958
10.0537112561593	0.244672947082392	9.57415227987783	10.5332702324408
10.6330814102238	0.302931414292061	10.0393358382114	11.2268269822363
10.4570822580896	0.279583010773171	9.9090995569742	11.005064959205
10.5974568502284	0.297038541605145	10.0152613086823	11.1796523917745
10.7815414163599	0.309012513663976	10.1758768895785	11.3872059431413
10.5579249236657	0.281465923325413	10.0062517139479	11.1095981333835
10.3487162420396	0.303378833403913	9.75409372856795	10.9433387555113
10.5816205382011	0.310356502266959	9.97332179375791	11.1899192826444
10.6312977615822	0.325962231534058	9.99241178777542	11.2701837353889
10.6007918857821	0.307758403967297	9.99758541400619	11.203998357558
10.7933285530472	0.279682265245826	10.2451513131654	11.341505792929
10.091430387453	0.248000752475874	9.60534891260026	10.5775118623057
10.4430033940451	0.248646613596094	9.95565603139675	10.9303507566934
10.4834373833518	0.300181028383785	9.89508256771955	11.071792198984
10.5276939202828	0.274257800718829	9.99014863087389	11.0652392096917
11.182266851997	0.302575087706317	10.5892196800926	11.7753140239014
10.910675991121	0.305150453372302	10.3125811025112	11.5087708797307
10.6531544416928	0.291009783732941	10.0827752655763	11.2235336178094
10.6564479361762	0.295966248507669	10.0763540891011	11.2365417832512
10.835672892612	0.304032047150171	10.2397700801977	11.4315757050264
10.5401302809277	0.336440755260552	9.88070640061697	11.1995541612383
10.4080293975645	0.31477799683246	9.7910645237729	11.0249942713561
10.4615530925259	0.280378522263363	9.91201118888969	11.0110949961621
10.2715457495515	0.283149470267447	9.71657278782732	10.8265187112757
10.3840341429145	0.297450051027208	9.80103204290119	10.9670362429279
10.8089942873352	0.327310885744229	10.1674649512765	11.4505236233939
10.1674788714169	0.23403095406585	9.70877820144788	10.626179541386
10.5877152635094	0.311813677153108	9.97656045628935	11.1988700707295
10.3417596679457	0.271865663900767	9.80890296670022	10.8746163691912
10.4131316017107	0.28265811549948	9.85912169533174	10.9671415080897
10.6260898025626	0.288384636705253	10.0608559146203	11.1913236905049
10.7455041744051	0.303224205948987	10.151184730745	11.3398236180651
10.1003668391617	0.269609802116604	9.57193162701314	10.6288020513102
10.5153012081179	0.299105860920274	9.92905372071413	11.1015486955216
10.2042448253291	0.286197765853449	9.6432972042563	10.7651924464018
10.1973619356056	0.277319614044109	9.65381549207916	10.7409083791321
10.3331771755846	0.273241350656238	9.79762412829833	10.8687302228708
10.7816743957474	0.298173759940336	10.1972538262643	11.3660949652304
9.96600369342832	0.301677811503386	9.37471518288169	10.557292203975
10.2472953132703	0.309474293648862	9.64072569771851	10.853864928822
9.92633676585932	0.280024793979245	9.37748816966	10.4751853620586
10.1905867650494	0.25662170659476	9.68760822012365	10.6935653099751
10.7716149640786	0.315420091201669	10.1533915853233	11.3898383428338
10.5534238190325	0.278251962241094	10.0080499730399	11.098797665025
10.2024535128133	0.313444411743037	9.58810246579698	10.8168045598297
10.1850891615539	0.242912022629374	9.70898159720035	10.6611967259075
10.2448822526887	0.277669787066897	9.70064947003761	10.7891150353399
10.434678160193	0.309290642821732	9.82846850026243	11.0408878201236
10.489722931199	0.30131236028636	9.89915070503773	11.0802951573603
10.2718434412369	0.237156076992269	9.80701753033206	10.7366693521418
10.6664541429005	0.285049167234847	10.1077577751202	11.2251505106808
10.754544098525	0.267681012544951	10.2298893139369	11.2791988831131
10.3403988297589	0.284541189700868	9.78269809794517	10.8980995615726
10.3119453452883	0.285914200478999	9.75155351234947	10.8723371782271
10.6262925387123	0.298634822764437	10.040968286094	11.2116167913306
10.6356040482784	0.290010349307223	10.0671837636363	11.2040243329206
10.6036686697252	0.263140563384927	10.0879131654907	11.1194241739597
10.2942135595009	0.314035238456282	9.67870449212658	10.9097226268752
10.2692509114782	0.29608711775934	9.68892016066989	10.8495816622865
10.6606541649735	0.300665352086181	10.0713500748846	11.2499582550624
10.4013061014009	0.314574578913024	9.78473992673133	11.0178722760704
10.2853726215199	0.307658605695634	9.68236175435641	10.8883834886833
10.4985040611573	0.318547675716577	9.87415061675281	11.1228575055618
10.3263390416991	0.273840334036171	9.78961198698825	10.86306609641
10.6708138525632	0.300076353250073	10.082664200193	11.2589635049333
10.6538847766716	0.296636894315177	10.0724764638139	11.2352930895294
10.0817230084063	0.271908755955887	9.54878184673281	10.6146641700799
10.2839455041734	0.286583567138437	9.72224171258202	10.8456492957647
10.4159158852562	0.307811348725608	9.81260564175406	11.0192261287584
10.469558939249	0.318994526051476	9.8443296681881	11.0947882103099
10.0488897825513	0.276788159764335	9.5063849894132	10.5913945756894
10.5050272129495	0.309102953621552	9.89918542385127	11.1108690020478
10.0678264131479	0.276279172922869	9.52631923421904	10.6093335920767
10.0901671467133	0.306350771080098	9.48971963539628	10.6906146580303
10.8340723094941	0.312315406203867	10.2219341133345	11.4462105056537
10.3881020447508	0.306283605440986	9.78778617808648	10.9884179114151
9.71476882221647	0.253330131809936	9.218241763869	10.2112958805639
10.8016312745247	0.334320191805794	10.1463636985853	11.456898850464
10.4255800634666	0.28890686462234	9.85932260880677	10.9918375181263
10.9896027928973	0.337721604731786	10.327668447623	11.6515371381716
10.310743789551	0.295652338385089	9.73126520631624	10.8902223727858
10.6675215734818	0.261530609158093	10.154921579532	11.1801215674317
10.8132797942587	0.272627063431162	10.2789307499336	11.3476288385838
10.0723069011584	0.272559936807276	9.53808942501611	10.6065243773006
9.85300083039178	0.28670633032777	9.29105642294935	10.4149452378342
10.1716954990103	0.281687787801354	9.61958743491963	10.7238035631009
10.3828526030418	0.293674213820725	9.80725114395323	10.9584540621305
10.6188314160209	0.320164225917893	9.99130953322186	11.24635329882
10.5311313513391	0.34362449899822	9.85762733330263	11.2046353693757
10.6381820759707	0.31275065034398	10.0251908012965	11.2511733506449
10.1906942866739	0.280961515791278	9.64000971572298	10.7413788576248
11.0551699256037	0.311385753724265	10.4448538483042	11.6654860029033
10.2940637041135	0.280515103598049	9.7442541010613	10.8438733071657
10.8468207481544	0.313045047944754	10.2332524541827	11.4603890421261
9.88888790145428	0.282814641019504	9.33457120505605	10.4432045978525
10.3480847678715	0.312704925034892	9.73518311480313	10.9609864209399
10.281954198426	0.25572571649359	9.78073179409854	10.7831766027534
10.3381951691995	0.308044310370618	9.73442832087308	10.9419620175259
10.9490791033273	0.308937416687843	10.3435617666192	11.5545964400355
10.4259831860065	0.299863952816432	9.8382498384863	11.0137165335267
10.8606445008703	0.291431186849523	10.2894393746453	11.4318496270954
10.2677124314991	0.256458759164598	9.7650532635365	10.7703715994617
10.513589874234	0.30849217283456	9.90894521547829	11.1182345329898
10.1262558712665	0.261753928356958	9.61321817168689	10.6392935708462
10.273008525412	0.304437652294339	9.67631072691507	10.8697063239089
10.4948415918911	0.292944108203775	9.92067113981165	11.0690120439705
10.2523450858204	0.301220854872782	9.66195221026978	10.8427379613711
10.4680049478714	0.284990176144315	9.90942420262855	11.0265856931143
10.7396386839298	0.29052711921378	10.1702055302708	11.3090718375888
10.4478573479726	0.302273073309349	9.85540212428626	11.0403125716589
10.5955707168176	0.258677818716078	10.0885621921341	11.1025792415011
10.2190587114591	0.308245319713884	9.61489788481989	10.8232195380983
10.8845180131291	0.32783419720103	10.2419629866151	11.5270730396431
10.164896272694	0.319020947679929	9.53961521524135	10.7901773301467
10.2385557216287	0.306128328733756	9.63854419731054	10.8385672459469
10.4792133336998	0.3388256470066	9.81511506556684	11.1433116018327
10.7751037989458	0.320216305521665	10.1474798401233	11.4027277577682
10.1826321486246	0.257713512629225	9.67751366387132	10.6877506333779
10.1739952652753	0.294659070093495	9.59646348789207	10.7515270426586
10.1562930142635	0.282540694649416	9.60251325275062	10.7100727757763
10.210953949132	0.291214004797115	9.64017449972969	10.7817333985344
10.6323994571555	0.269390897661086	10.1043932977397	11.1604056165712
10.6141774045154	0.302182833036025	10.0218990517648	11.206455757266
10.4765920705736	0.267341763357521	9.9526022143929	11.0005819267544
10.41211814866	0.264836953834144	9.89303771914513	10.931198578175
10.5072613474563	0.28937815693286	9.94008015986794	11.0744425350448
10.6248037351038	0.327250600191476	9.98339255872846	11.2662149114791
10.4263279723342	0.312586534144831	9.81365836541033	11.0389975792581
11.0990716665611	0.322196991036268	10.4675655641301	11.7305777689922
10.2793093856821	0.289676972490989	9.71154251959975	10.8470762517644
10.1739173874411	0.295076261470674	9.59556791495862	10.7522668599237
10.1668727483432	0.344752272616193	9.49115829401542	10.8425872026709
10.948056593827	0.291329712992017	10.3770503563626	11.5190628312914
10.2304280109335	0.259033840672926	9.72272168321461	10.7381343386525
10.7812230029986	0.341747120638723	10.1113986465467	11.4510473594505
10.5181571503316	0.299464995186614	9.93120575976589	11.1051085408974
10.8661465710172	0.28941000472382	10.2989029617585	11.4333901802758
10.2486540655714	0.315586296051195	9.63010492531104	10.8672032058317
10.3711635655191	0.295320288790507	9.79233579948969	10.9499913315485
11.0241587411005	0.307397510485953	10.421659620548	11.626657861653
10.6925329856968	0.298013262355714	10.1084269914796	11.276638979914
9.9862402380443	0.283419302565623	9.43073840501568	10.5417420710729
10.5511773327874	0.28682996091237	9.98899060939915	11.1133640561756
10.5876326302714	0.335912801687089	9.92924353896472	11.2460217215781
10.7552303810045	0.317948558298618	10.1320512067392	11.3784095552698
10.3388040011536	0.258572675828005	9.83200155653076	10.8456064457765
10.2630562209794	0.323616255459744	9.62876836027835	10.8973440816805
9.86447828249049	0.27389338855135	9.32764724092985	10.4013093240511
10.498543148715	0.297388495277905	9.91566169797033	11.0814245994597
10.7292463460544	0.283224636106969	10.1741260592847	11.2843666328241
10.1794564705296	0.287793117469769	9.61538196028881	10.7435309807703
10.3860582346168	0.329509616145984	9.74021938697069	11.031897082263
10.8826809589985	0.299280779677116	10.2960906308314	11.4692712871657
10.2423896802491	0.288641428707859	9.67665247998168	10.8081268805165
10.5231185037138	0.298393753795572	9.93826674627447	11.1079702611531
10.3329268404322	0.295771987245469	9.7532137454311	10.9126399354333
10.648647876286	0.280405466441241	10.0990531620612	11.1982425905108
10.5641498474501	0.342857331517829	9.89214947767512	11.236150217225
10.5047849055708	0.272142138788887	9.97138631354457	11.038183497597
10.0320849578508	0.283090923739077	9.47722674732216	10.5869431683793
10.6215965102069	0.328937416784681	9.97687917330895	11.2663138471049
10.5077502170095	0.286709661186591	9.94579928108383	11.0697011529353
11.2738546383818	0.335388840121133	10.6164925117444	11.9312167650192
10.596685608121	0.310059999904948	9.98896800830734	11.2044032079347
10.4184481415438	0.302692257121352	9.82517131758597	11.0117249655017
10.3205722190553	0.27822530388078	9.77525062344901	10.8658938146617
10.4894242761553	0.298580457503932	9.90420657944756	11.074641972863
10.2596794032697	0.285565586952496	9.69997085284281	10.8193879536966
9.99056348796371	0.258569494272302	9.48376727919	10.4973596967374
10.2151612251274	0.281890132206786	9.66265656600214	10.7676658842527
10.5336346371534	0.296524440277139	9.9524467342102	11.1148225400966
10.3862611480853	0.276073689411582	9.84515671683855	10.927365579332
10.3033731063309	0.291252807297955	9.73251760402695	10.8742286086349
10.509172223018	0.271391122043144	9.97724562381342	11.0410988222225
10.2251494740179	0.277831072434652	9.68060057204601	10.7696983759898
10.4026171638068	0.34761422553531	9.72129328175757	11.083941045856
10.5584363472219	0.263238395447346	10.0424890921451	11.0743836022987
10.7719054530545	0.291307245632802	10.2009432516142	11.3428676544948
10.7083765148109	0.320566331133065	10.0800665057901	11.3366865238317
10.5731879409878	0.295134712264952	9.99472390494846	11.1516519770271
10.7838582716334	0.296236989871435	10.2032337714854	11.3644827717814
10.1013465713247	0.294730651043714	9.52367449527899	10.6790186473704
10.4507856635352	0.312498641539887	9.83828832611707	11.0632830009534
10.2190838207234	0.288653654337906	9.65332265822108	10.7848449832257
10.5264205923838	0.305249496095863	9.92813158003588	11.1247096047317
10.306314741316	0.29601637628942	9.72612264378869	10.8865068388432
9.99142123325592	0.276570878853029	9.44934231070399	10.5335001558079
10.2925185234657	0.263951848180632	9.7751729010317	10.8098641458998
10.3482027127327	0.285981476168366	9.78767901944266	10.9087264060227
10.7789536924182	0.301334256953808	10.1883385487887	11.3695688360476
10.5530217775667	0.284104727258626	9.99617651213977	11.1098670429936
9.99361159209599	0.283194647754369	9.43855008249743	10.5486731016946
10.2470186306213	0.26804304150804	9.72165426926555	10.7723829919771
11.1311212591895	0.305879824998426	10.5315968021926	11.7306457161864
10.3802036905409	0.305792783081071	9.78084983570203	10.9795575453798
10.5740095789149	0.337959156879493	9.91160963143111	11.2364095263987
10.9002459420879	0.323782081877519	10.265633061608	11.5348588225678
11.3580211685497	0.308767680952451	10.7528365138828	11.9632058232165
10.8828799273596	0.345932805195983	10.2048516291754	11.5609082255437
10.2415929991802	0.307067898303289	9.63973991850576	10.8434460798546
10.5229657104185	0.362017924104081	9.81341057917452	11.2325208416625
10.2020806071638	0.26271826478924	9.68715280817687	10.7170084061507
10.4664822767601	0.277437106569817	9.92270554788328	11.010259005637
10.6168167469334	0.32989081856264	9.97023074255062	11.2634027513162
10.4336794255493	0.284922069326044	9.87523216967022	10.9921266814283
10.0182211853458	0.300977276767577	9.42830572288136	10.6081366478103
10.0414467048757	0.268555379221429	9.51507816160171	10.5678152481497
10.4095671003383	0.268027470349689	9.88423325845292	10.9349009422237
10.4716516294787	0.270372703977876	9.94172112968202	11.0015821292753
10.5166244370452	0.309947134460779	9.90912805350209	11.1241208205883
9.96220264076682	0.25936053151083	9.4538559990056	10.4705492825281
10.3059926958058	0.271259828635309	9.77432343168059	10.837661959931
10.7719916376474	0.288488982194395	10.2065532325464	11.3374300427484
10.1596054025174	0.26381900013156	9.64252016225956	10.6766906427753
10.2980525031377	0.262767817527968	9.78302758078292	10.8130774254925
10.3874814849763	0.275838761688015	9.84683751206783	10.9281254578849
10.3328616722055	0.286506095308974	9.77130972539987	10.8944136190111
9.96685871591172	0.269978058442113	9.43770172136518	10.4960157104583
9.8691431982924	0.301602202574666	9.27800288124606	10.4602835153387
10.5570315885813	0.274320413556954	10.0193635780097	11.094699599153
10.9992727390825	0.32690442082799	10.3585400742596	11.6400054039053
10.0578884176307	0.268001293701523	9.53260588197569	10.5831709532857
10.8418415999124	0.298366934110475	10.2570424090559	11.4266407907689
10.1323024183089	0.253804342882862	9.63484590625847	10.6297589303593
10.3272913445774	0.268926981081274	9.80019446165807	10.8543882274967
10.4605964632395	0.308746944194964	9.85545245261738	11.0657404738616
9.95357012838421	0.267016580565856	9.43021763047513	10.4769226262933
11.1033431787376	0.343179681063611	10.4307110038529	11.7759753536222
10.6725436641151	0.293289323571145	10.0976965899156	11.2473907383145
10.5264963870504	0.313639297192157	9.91176336455377	11.141229409547
10.3966276689519	0.2806050088396	9.84664185162632	10.9466134862776
10.7267861346998	0.292017628729519	10.15443158239	11.2991406870097
10.6348393193971	0.312065011087411	10.0231918976658	11.2464867411284
10.2844759244619	0.265075856209096	9.76492724629208	10.8040246026317
10.4320764648653	0.302274422702935	9.83961859636757	11.0245343333631
10.7342960111474	0.326072387113312	10.0951941324054	11.3733978898895
10.5836547908713	0.304787337299356	9.98627160976452	11.181037971978
9.99162111672849	0.289534431858574	9.42413363028569	10.5591086031713
10.6635975962837	0.292448480974727	10.0903985735733	11.2367966189942
10.3133091555304	0.266528063594476	9.79091415088525	10.8357041601756
10.185160039865	0.310994099766165	9.57561160432332	10.7947084754067
10.404223488983	0.314805776956811	9.78720416614768	11.0212428118184
10.4479508844315	0.301937307924557	9.85615376089932	11.0397480079636
10.0389974214	0.295092270494084	9.46061657123156	10.6173782715684
10.393696638009	0.271875234125922	9.86082117912218	10.9265720968958
10.17330899227	0.287818747435578	9.60918424729626	10.7374337372437
10.3237984076535	0.291707542863473	9.75205162364105	10.8955451916659
10.7250629344678	0.292954082689845	10.1508729323957	11.2992529365399
10.0808747577117	0.313586264166966	9.46624567994447	10.695503835479
10.5843136240702	0.314611224343963	9.967675624356	11.2009516237843
10.3213167545738	0.27813095478774	9.77618008318978	10.8664534259577
10.2993506985625	0.267725960051993	9.77460781686061	10.8240935802644
10.309178767496	0.302166135956402	9.71693314102144	10.9014243939705
9.98880624680233	0.292335637425736	9.41582839744788	10.5617840961568
10.8148199469753	0.328346394652383	10.1712610134567	11.458378880494
10.5885407145938	0.301775273772934	9.99706117799881	11.1800202511887
10.9335852210292	0.311808146254384	10.3224412543706	11.5447291876878
11.0346490467842	0.288092896258068	10.4699869701183	11.59931112345
9.77574147057042	0.273741650800099	9.23920783500223	10.3122751061386
10.3372623335064	0.272619083029387	9.80292893076881	10.871595736244
10.7310720257919	0.308759034580058	10.125904318015	11.3362397335689
10.2323165150942	0.309969002107626	9.62477727096325	10.8398557592251
10.4208692053281	0.274525398462135	9.88279942434227	10.9589389863138
11.0582818683253	0.324567980959343	10.4221286256449	11.6944351110056
10.9462469319605	0.313650488646732	10.3314919742129	11.5610018897081
9.98816729952264	0.289259542209966	9.42121859679111	10.5551160022542
10.4390932426506	0.308427037830812	9.83457624850225	11.043610236799
10.6147855863389	0.309943217546869	10.007296879947	11.2222742927307
10.8215763418729	0.294190469589168	10.2449630214781	11.3981896622677
10.2994829001068	0.267929804392439	9.77434048349763	10.824625316716
10.0960609616366	0.316609665949754	9.47550601637509	10.7166159068981
9.96677458861032	0.268100241485311	9.44129811529911	10.4922510619215
10.992521939809	0.29788918657418	10.4086591341236	11.5763847454944
9.90298305635529	0.300220457084716	9.31455096046924	10.4914151522413
10.5545802293757	0.289311245056025	9.9875301890659	11.1216302696855
10.588393551161	0.327990675610169	9.94553182696505	11.2312552753569
10.7166316028546	0.306618318801969	10.1156596980028	11.3176035077065
10.3775677457244	0.274003546140944	9.84052079528818	10.9146146961607
10.94267853351	0.287983044575278	10.3782317661425	11.5071253008776
11.0150161322855	0.302297975636694	10.4225121000376	11.6075201645334
10.115080605019	0.257860765298689	9.60967350503352	10.6204877050044
10.3317097369564	0.260175691486947	9.82176538164196	10.8416540922708
10.7657491756475	0.276121462269334	10.2245511095996	11.3069472416954
10.1118038200324	0.238234848280292	9.64486351740301	10.5787441226618
10.7059165842922	0.295407957368294	10.1269169878504	11.2849161807341
10.3634868677953	0.28740620818353	9.80017069975558	10.926803035835
10.2684351613349	0.269216907233547	9.74077002315711	10.7961002995126
11.1934989034498	0.322598908173512	10.5612050434297	11.8257927634699
10.6072804002862	0.308317686157054	10.0029777354183	11.211583065154
10.5028315664212	0.355988302026054	9.80509449445017	11.2005686383923
10.3367138546657	0.279738891093117	9.78842562812318	10.8850020812082
9.80150186683379	0.253711541995131	9.30422724452333	10.2987764891442
10.2047142400286	0.257288668231877	9.70042845029417	10.7090000297631
10.5270944256817	0.287015389911637	9.96454426145486	11.0896445899085
10.323925791278	0.279841829590085	9.77543580528142	10.8724157772746
10.292528544669	0.264384560433937	9.77433480621845	10.8107222831195
10.5358275702514	0.265673275729331	10.0151079498219	11.0565471906809
10.7690674621023	0.3079456675904	10.1654939536251	11.3726409705795
10.3301927785932	0.259520865745091	9.82153188173283	10.8388536754536
10.4864700455362	0.291974267586589	9.91420048106648	11.0587396100059
10.5165616714768	0.272197916126999	9.98305375586784	11.0500695870857
10.5640353768107	0.298837032902204	9.97831479232234	11.149755961299
10.2499586969124	0.291470088166028	9.67867732410703	10.8212400697179
10.494691917969	0.31661027391361	9.87413578109829	11.1152480548396
10.6141784657951	0.299174912428686	10.0277956374349	11.2005612941553
10.401627265292	0.295752101673911	9.82195314601117	10.9813013845729
10.5111912095892	0.279098710989655	9.96415773604945	11.0582246831289
10.3953302192657	0.317052258969605	9.77390779168531	11.0167526468462
10.0879713681647	0.318642534109539	9.46343200131001	10.7125107350194
10.472020520649	0.283182005233891	9.91698379039054	11.0270572509074
10.6209032390907	0.272014635660544	10.087754553196	11.1540519249853
9.84873986834266	0.275695450476264	9.30837678540918	10.3891029512761
11.012253392825	0.312260180271026	10.4002234394938	11.6242833461562
10.3190843761752	0.264940080753757	9.79980181789785	10.8383669344526
10.3873131059897	0.265325578880281	9.86727497138432	10.907351240595
10.4160075412697	0.279638822534454	9.86791544910213	10.9640996334372
10.6069141774041	0.28884312048791	10.0407816612478	11.1730466935604
10.0447298970856	0.26570292065778	9.52395217259636	10.5655076215749
10.6509294093402	0.323414163305518	10.0170376492613	11.284821169419
10.0644203950181	0.253482472025328	9.56759474984849	10.5612460401878
10.5476682748254	0.281937263086148	9.99507123917657	11.1002653104743
10.6258761706089	0.356650916652299	9.92684037397036	11.3249119672474
10.7958958632761	0.297135536908134	10.2135102109362	11.378281515616
10.6916112195854	0.303354352055171	10.0970366895572	11.2861857496135
10.7342125154255	0.30821501799788	10.1301110801497	11.3383139507014
10.5407724326185	0.310211269822629	9.93275834376611	11.1487865214708
10.3121849052233	0.278108905149917	9.76709145112947	10.8572783593171
10.6011071440858	0.303382150734757	10.0064781286456	11.1957361595259
10.1541856461221	0.311018697999028	9.54458899804396	10.7637822942002
10.2299669400811	0.268557555530768	9.70359413124082	10.7563397489214
10.647952010956	0.311031181931219	10.0383308943708	11.2575731275412
10.1388415529112	0.268785014938333	9.6120229236321	10.6656601821904
10.1449198268461	0.267648921431154	9.62032794084101	10.6695117128511
10.9153568512797	0.283597986962992	10.3595047968322	11.4712089057272
10.6912811637493	0.312074719477889	10.0796147135726	11.302947613926
10.8678590135176	0.309825157879987	10.2606017040728	11.4751163229623
10.2928210749365	0.279074564335029	9.74583492883982	10.8398072210331
10.1197579641697	0.280841233685408	9.56930914614631	10.6702067821931
10.5362934981272	0.308484674110519	9.93166353687062	11.1409234593839
10.1627900990775	0.303663579122737	9.5676094839969	10.757970714158
10.3062719468579	0.295680494831396	9.72673817698841	10.8858057167275
10.1092012055659	0.290234459675258	9.54034166460244	10.6780607465295
10.3225749962144	0.31095932995234	9.71309470950783	10.932055282921
10.1233948688584	0.278966544487401	9.57662044166312	10.6701692960537
11.2426654586796	0.332824954871802	10.5903285471308	11.8950023702283
10.4159570372694	0.278900809653724	9.86931145034813	10.9626026241907
10.8896351034651	0.293877548049569	10.313635109288	11.4656350976423
10.7096304950334	0.288807565327134	10.1435676669922	11.2756933230746
10.2008574806972	0.284681494387089	9.64288175169848	10.7588332096959
10.6518145306509	0.279022707580952	10.1049300237923	11.1986990375096
10.6285651626594	0.294279180691581	10.0517779685039	11.2053523568149
10.117248654298	0.289228193035781	9.55036139594789	10.6841359126482
10.1270641119323	0.30914399145911	9.52114188867248	10.7329863351922
10.8811093483333	0.315873507588294	10.2619972734603	11.5002214232064
10.8396469615663	0.344433754614114	10.1645568025226	11.5147371206099
10.9336443420296	0.313013595486593	10.3201376948759	11.5471509891834
10.9699226677555	0.283895334783538	10.4134878115797	11.5263575239312
10.1501363573904	0.342210237929693	9.47940429104817	10.8208684237326
10.7753647137564	0.340484501341195	10.1080150911277	11.4427143363851
10.15686517698	0.294526552957869	9.57959313318256	10.7341372207774
10.6049006110802	0.296610078306326	10.0235448575998	11.1862563645606
11.1027325769788	0.289878603350463	10.5345705144119	11.6708946395457
10.7225137370893	0.267969704061577	10.1972931171287	11.24773435705
10.8690798749346	0.312701104408783	10.2561857102933	11.4819740395758
10.3303740583588	0.279991619387274	9.78159048435976	10.8791576323579
10.0591725274073	0.26211438299941	9.54542833672843	10.5729167180861
10.6084625073752	0.310841220442077	9.99921371530869	11.2177112994416
10.2116546113164	0.258799741665002	9.70440711765297	10.7189021049798
10.0373442441088	0.260216054316363	9.52732077764871	10.5473677105689
10.1647966552034	0.281195054322593	9.6136543487311	10.7159389616757
10.6101579015564	0.344899560912815	9.93415476216732	11.2861610409456
10.3146108224526	0.272644849274347	9.78022691787487	10.8489947270303
10.1616657904002	0.27202539685338	9.62849601256758	10.6948355682328
10.2510530336839	0.267204721890469	9.72733177877859	10.7747742885892
10.2780694151602	0.297457368430433	9.69505297303651	10.8610858572838
11.2301795264293	0.326212932715699	10.5908021783066	11.8695568745521
10.2406844794654	0.302720522777363	9.64735225482179	10.8340167041091
10.399374982773	0.289821962454096	9.83132393636302	10.9674260291831
11.0498454954238	0.271089369902104	10.5185103304156	11.5811806604319
10.8539967283331	0.313656797796275	10.2392294046524	11.4687640520138
10.6758660219623	0.296317164018282	10.0950843804864	11.2566476634381
10.3386864453491	0.270133938342326	9.80922392619817	10.8681489645001
10.5517062492311	0.297122156811022	9.96934682188147	11.1340656765807
10.2622086418027	0.266676096225516	9.7395234932007	10.7848937904047
10.7266812393403	0.282325212183799	10.17332382346	11.2800386552205
10.5498836942181	0.289375605835441	9.98270750678063	11.1170598816556
10.6302073284724	0.262188105735544	10.1163186412307	11.1440960157141
10.2881395984207	0.274395465453415	9.75032448613204	10.8259547107094
10.2222768124054	0.277293981409159	9.67878060884344	10.7657730159673
9.9185780089061	0.302277116169287	9.3261148612143	10.5110411565979
9.96820941711931	0.31353417195566	9.35368244008622	10.5827363941524
10.3019532088453	0.261349791598929	9.78970761731144	10.8141988003792
10.8465810087558	0.293816179892132	10.2707012961672	11.4224607213444
10.3537665064191	0.283827945172883	9.7974637338802	10.9100692789579
10.7565050207256	0.304574762326601	10.1595384865654	11.3534715548857
10.3729853237928	0.288732131707315	9.80707034564651	10.9389003019392
10.2545301486138	0.273957724266957	9.71757300905052	10.791487288177
10.0911085466623	0.266016095198289	9.56971700007368	10.612500093251
10.5035466830938	0.293372332236016	9.92853691191125	11.0785564542764
10.205483840059	0.277452581744112	9.66167677984053	10.7492909002774
10.6754256762784	0.281755433883535	10.1231850258667	11.2276663266901
11.1104052527874	0.337618602972892	10.4486727909605	11.7721377146143
10.5103385832347	0.285490386069504	9.95077742653851	11.069899739931
10.0421203444349	0.259562073650261	9.53337868008039	10.5508620087894
10.7149371948739	0.306526319642001	10.1141456083756	11.3157287813722
10.0693429006197	0.275985717298216	9.52841089471518	10.6102749065242
