bias	rel bias	sd	RMSE	95% coverage	avg Width	numSim	meanBoot11
lowCorrect	0.00170807757854207	0.000341615515708415	0.0886817839717759	0.0886538881190364	0.954	0.350269178591821	1000	0.0893543822938319
modCorrect	0.00274138772474974	0.000548277544949948	0.113692579524476	0.11366878130317	0.948	0.412533567257737	1000	0.105238154912688
highCorrect	0.000492813113231773	9.85626226463546e-05	0.153077631724198	0.153001867432131	0.935	0.517743334541483	1000	0.132077381260582
lowMisPred	0.00209682888973949	0.000419365777947897	0.0896595016262279	0.0896391884000773	0.956	0.353546320987432	1000	0.0901903880069979
modMispred	0.0154255805257897	0.00308511610515794	0.190642447821971	0.191170465562019	0.928	0.611589990941004	1000	0.156017854831889
highMispred	0.0476019334375748	0.00952038668751496	0.317938784038708	0.321325270392186	0.869	0.945382396964191	1000	0.241168978817396
lowMisWeight	0.00151126868743443	0.000302253737486886	0.0882050136558365	0.088173852374941	0.952	0.350014685444522	1000	0.089289460572582
modMisWeight	0.00218202717192348	0.000436405434384697	0.0946874542439714	0.0946652498005048	0.952	0.36846961524259	1000	0.0939973508271913
highMisWeight	0.00165944956743237	0.000331889913486473	0.101763759234724	0.101726400721525	0.941	0.385680654972358	1000	0.0983879221868261
