estFinal_ps2	sdFinal_ps2	X1	X2
8.56751487477795	0.360406288483079	7.86086324533024	9.27416650422566
9.62297679834539	0.448423319939743	8.74372159628444	10.5022320004063
8.19331769055789	0.378370511624637	7.45085144077627	8.93578394033952
7.84035565932031	0.459010617087217	6.93845276389021	8.74225855475041
9.04361210382534	0.378460248715044	8.30145580443086	9.78576840321981
9.0534119243704	0.424789581307889	8.22062799425599	9.88619585448481
9.17074132587762	0.394589229873087	8.39665811913654	9.94482453261869
8.56068653072443	0.424701150843414	7.7272452838266	9.39412777762226
9.45648654754008	0.441182523302291	8.59126514444295	10.3217079506372
8.72048913380243	0.431799821771986	7.87291759155403	9.56806067605083
8.83934450844833	0.403584571327391	8.04785639451777	9.63083262237889
9.18541753176167	0.4249272013182	8.35221645064473	10.0186186128786
9.05374271805567	0.374745583836949	8.31864624359278	9.78883919251856
8.8585042239682	0.381937934469871	8.109826254269	9.60718219366741
9.2283700762728	0.484461666024844	8.27792464179029	10.1788155107553
8.92356842815	0.333904382491029	8.26899928602615	9.57813757027384
9.38812824169796	0.463024835406508	8.47941157950799	10.2968449038879
9.29267991549667	0.413523654400611	8.48199045559092	10.1033693754024
9.61353564921491	0.388686976846848	8.85117870920729	10.3758925892225
9.65298408987681	0.432383864741368	8.8053364597274	10.5006317200262
8.84530872278269	0.434547282460563	7.9925867964678	9.69803064909757
9.46150055541448	0.406783578519361	8.66359610530863	10.2594050055203
9.28338549606845	0.390699942010683	8.51714863812024	10.0496223540167
9.57221651932815	0.49512582555218	8.60127072170528	10.543162316951
9.01256304059113	0.411012070186064	8.20663096746355	9.81849511371871
9.25255078996741	0.370725215534459	8.52574233616869	9.97935924376613
9.25771890321903	0.38926997720228	8.49443918328604	10.020998623152
8.51219837882358	0.422357144533369	7.68392836452911	9.34046839311805
9.07166122886852	0.507719822874008	8.07483047892542	10.0684919788116
8.68701572610552	0.405651708541788	7.89154298311548	9.48248846909556
8.52687808965652	0.377947749807642	7.78586573598877	9.26789044332428
8.80881764074454	0.413100834740003	7.99813217459609	9.619503106893
9.31680080318733	0.414872406158552	8.50314616561439	10.1304554407603
8.42357721710778	0.359451154031543	7.71880818108892	9.12834625312664
9.33088557773854	0.501742314594833	8.34574177983103	10.316029375646
8.38001204406051	0.392395221891222	7.60985859694827	9.15016549117276
8.92056224511248	0.437764283874827	8.06102422436757	9.78010026585738
9.37760739458107	0.446902344708833	8.5013535942628	10.2538611948994
9.00441497203355	0.412019105379424	8.19660899031834	9.81222095374876
9.18688365986919	0.404111428491525	8.39469352899051	9.97907379074786
8.97297290008172	0.362008815696935	8.26299582463966	9.68294997552377
9.4737683739424	0.387837388902127	8.71318008391346	10.2343566639713
8.78084989959597	0.442306773435584	7.91264002705093	9.64905977214102
8.85116356572971	0.357261300150091	8.15078659710673	9.55154053435268
9.76784540861201	0.467779308508909	8.85005338991396	10.6856374273101
9.80704287322602	0.443708560577509	8.93698790710106	10.677097839351
9.19313282359566	0.408461669366896	8.39214582897329	9.99411981821802
9.1803986828354	0.450934870284166	8.29561894767021	10.0651784180006
8.53949195550512	0.479627973898597	7.59745005456536	9.48153385644488
8.66894477722104	0.423293988494496	7.83830257424736	9.49958698019472
9.19083674261996	0.488637022042439	8.23127321036096	10.150400274879
9.54380260211705	0.42031351278446	8.71961641996995	10.3679887842641
9.38197608087188	0.56393964259572	8.27432018532882	10.4896319764149
8.35749741161134	0.415368175498481	7.54288949562957	9.17210532759312
8.57498635285801	0.351132685041683	7.8863589747716	9.26361373094442
9.41906484166754	0.427442847172086	8.58076001686443	10.2573696664707
8.81551895105525	0.388548079271689	8.0535121763495	9.577525725761
8.60621929957464	0.377288599132904	7.86573393466832	9.34670466448096
9.34876397879279	0.496574731662881	8.37368223599869	10.3238457215869
8.95548295777992	0.476877507813773	8.01926336736577	9.89170254819406
8.98987727305088	0.397238831994973	8.21068295284731	9.76907159325444
8.23439115556542	0.637079327637887	6.98087348344087	9.48790882768997
9.56494283263098	0.450829243539342	8.68069564412417	10.4491900211378
8.71389436346944	0.49691265426801	7.73885096222565	9.68893776471324
9.55623142203921	1.13310377285098	7.32463483441026	11.7878280096682
9.25360342320398	0.474319234325126	8.32222977117501	10.1849770752329
9.43383335257053	0.415198270659017	8.61926877117255	10.2483979339685
9.51781615889857	0.378915837165321	8.77487723419854	10.2607550835986
8.72271255843178	0.449590409894071	7.84003789084284	9.60538722602071
9.08785163871955	0.39052809168258	8.32225089238764	9.85345238505146
8.85704709869382	0.377181449410322	8.11771296957098	9.59638122781666
9.08910577835121	0.33914545119759	8.42423897528993	9.75397258141249
9.28633847770484	0.457125520515373	8.38964256182715	10.1830343935825
9.16781239632941	0.468996158477359	8.24763289033942	10.0879919023194
8.66215786676621	0.45175929543298	7.77535649215966	9.54895924137276
9.28759719851977	0.446478082106021	8.41203556341011	10.1631588336294
9.60408537614871	0.458832273541181	8.70371675767487	10.5044539946225
8.83439893309885	0.52798896149442	7.79746229613328	9.87133557006441
9.03856777480091	0.555074638283964	7.9474507643714	10.1296847852304
8.89055003149585	0.353393344264132	8.19746645182623	9.58363361116547
8.96477107890014	0.331285444401837	8.31519785831595	9.61434429948434
8.64348172054376	0.693747973884203	7.2786510822968	10.0083123587907
8.99158816318317	0.370670924199423	8.26453225154748	9.71864407481887
10.1805924593777	0.492191640263547	9.21515084884934	11.146034069906
9.28335145265764	0.570298341921742	8.16348543690483	10.4032174684104
8.59425015286227	0.481073111869443	7.64987313446495	9.53862717125959
9.19689924524686	0.461029648778445	8.29246665819051	10.1013318323032
9.36133053374852	0.503185977382085	8.37445795202238	10.3482031154747
9.78392271472009	0.598786210968919	8.60846760095778	10.9593778284824
9.16784434389107	0.561920828434443	8.06344876929424	10.2722399184879
8.69262200462607	0.343514363286376	8.01902319738883	9.36622081186331
9.26560011666348	0.463902725690282	8.35535127656509	10.1758489567619
9.05719749136488	0.397411585852375	8.27794350905746	9.8364514736723
8.96986101720917	0.429638945830839	8.12615164499528	9.81357038942306
8.69088928057998	0.423103910953277	7.86091926492143	9.52085929623853
9.02586062510916	0.362480778097774	8.31519071357948	9.73653053663885
9.21918132385513	0.377809122028458	8.47804053420846	9.96032211350181
9.26245047758562	0.874109409965764	7.54229518430693	10.9826057708643
9.33420451845008	0.380499419267889	8.58822589887124	10.0801831380289
9.28505794172177	0.416583413788747	8.46816147488626	10.1019544085573
9.22418372830998	0.465528276136726	8.31049326982456	10.1378741867954
9.02448249430023	0.436145026185443	8.16894804114973	9.88001694745073
8.8937754874946	0.455422250534211	7.99976358544916	9.78778738954003
9.41423204359398	0.423603774692391	8.58338130584842	10.2450827813395
8.23938521454113	0.44707880120687	7.36157443011952	9.11719599896275
9.57430032216139	0.390073470438252	8.80952417655145	10.3390764677713
8.51086111808771	0.391167646284267	7.74392271027734	9.27779952589807
9.16973522734649	0.408123061401607	8.36941291382916	9.97005754086382
9.298540638119	0.463925339377824	8.38793231813808	10.2091489580999
9.3061077569332	0.417527485683642	8.48644197000645	10.1257735438599
8.7769853105199	0.413031038768347	7.96663739803034	9.58733322300945
9.96983072993235	0.519100853202043	8.95119933453239	10.9884621253323
9.19632157762881	0.528880710008672	8.15864690753134	10.2339962477263
9.55380892090233	0.661225527958482	8.25505670292261	10.8525611388821
9.24413260663619	0.474615205426516	8.31322969590957	10.1750355173628
9.11513709248946	0.429074544124187	8.27246482683655	9.95780935814236
8.45513514621239	0.621244310388393	7.23369653368956	9.67657375873523
8.92837496920956	0.564161245101173	7.81982539929401	10.0369245391251
8.24115839663104	0.37345303662669	7.50857206902498	8.9737447242371
8.85934576665176	0.38039399116475	8.11303005942183	9.6056614738817
8.30535677515161	0.367561896027544	7.58454487008176	9.02616868022147
8.54257076203167	0.360610294340178	7.83553452705973	9.2496069970036
9.83880217682445	0.415008611813004	9.02484409348032	10.6527602601686
9.1580900441325	0.463843316277198	8.24795537497802	10.068224713287
8.57658090326519	0.59377834752002	7.4094997350099	9.74366207152049
9.23127315752971	0.344060868623731	8.55676321689031	9.90578309816911
8.80482753320275	0.586973273552423	7.65092145148267	9.95873361492284
9.3545175792418	0.389765492207007	8.59018488371358	10.11885027477
9.58275610772105	0.421878645048448	8.75547354054186	10.4100386749002
9.0075605692346	0.607277368256881	7.81438012880713	10.2007410096621
9.9389671324032	0.479809847135844	8.99725002323789	10.8806842415685
8.45326892437863	0.378796662539845	7.71040534125537	9.19613250750189
8.59417483096348	0.376776398134488	7.85479005042209	9.33355961150487
9.53626019035861	0.408686726351884	8.73500411498787	10.3375162657293
9.67325142761949	0.422449404108042	8.84500409261757	10.5014987626214
9.86919706884886	0.446099474830629	8.99442793416112	10.7439662035366
9.03084708217078	0.422873331280012	8.20139741516902	9.86029674917253
8.82439346208272	0.532763342089297	7.77790913093484	9.87087779323061
8.96401867755555	0.420209206733998	8.13952885761154	9.78850849749957
9.08102796137509	0.371947537495028	8.35165615159721	9.81039977115297
9.09079167936789	0.548590873128106	8.0137866969813	10.1677966617545
8.93262534790944	0.327772866158884	8.29007696927109	9.57517372654778
8.79351847726668	0.414356170139828	7.9806459085415	9.60639104599186
9.03042071185594	0.382678932604419	8.28015274347483	9.78068868023705
9.19262537370467	0.424716196331183	8.35993221545636	10.025318531953
9.34606544714336	0.513111668863175	8.33944547600362	10.3526854182831
8.81639442886119	0.438451670267561	7.95549393081713	9.67729492690525
8.81243167106721	0.363440407049079	8.10000017364215	9.52486316849226
9.14315891405937	0.382005121294175	8.39402255801062	9.89229527010812
8.80317573989177	0.373546903083969	8.07078856671075	9.53556291307278
9.28462516375374	0.446831046977474	8.40820124471084	10.1610490827966
8.38392502419649	0.406771105284186	7.58652675278469	9.18132329560828
9.8754054414201	0.424938787947265	9.04227955584779	10.7085313269924
9.45849669987514	0.469589244696784	8.53682789848831	10.380165501262
9.24444139765708	0.583746097024607	8.09723275806057	10.3916500372536
9.37744460923467	0.513366501508238	8.36966350260577	10.3852257158636
9.35109658507436	0.410885936994907	8.54563929044875	10.1565538797
9.37121021124818	1.51485697724633	6.38649431545818	12.3559261070382
9.02066546041694	0.403394581019872	8.22922926646061	9.81210165437326
8.49106845852399	0.344907125325058	7.81485371326375	9.16728320378424
8.98270607371023	0.410452865228399	8.17745012565601	9.78796202176446
9.4377639877866	0.392155572862468	8.66906515683599	10.2064628187372
9.22555909442768	0.468714002065189	8.30573654780002	10.1453816410553
9.23428529842367	0.377704406242846	8.49347660133634	9.97509399551101
9.47267352964008	0.53805506116373	8.41641077349673	10.5289362857834
9.62067075126891	0.418879771086458	8.79949547595544	10.4418460265824
9.39599831007835	0.547931979333176	8.31931779704322	10.4726788231135
9.04810956531515	0.736029875021725	7.60011211310194	10.4961070175284
8.9786960848064	0.39579955346782	8.2026082207914	9.75478394882139
9.64395048522425	0.468442486192952	8.72539846191438	10.5625025085341
8.86660549217807	0.518773950167033	7.84770629298552	9.88550469137062
9.57778370289443	0.557669991910657	8.48337075640836	10.6721966493805
9.34192796529458	0.462183839049238	8.43552902676251	10.2483269038267
9.61726213847967	0.431280072625824	8.77132259820345	10.4632016787559
8.64980276999301	0.700463976141714	7.27182511145212	10.0277804285339
7.8166231856114	0.447664936704501	6.93746596375289	8.6957804074699
8.94004948172058	0.385089142821023	8.1851977169949	9.69490124644625
9.12308556036935	0.378347708336204	8.38111216928563	9.86505895145307
9.33990140667529	0.402540580336721	8.55041457403528	10.1293882393153
9.04237717880314	0.53380187391983	7.99383580313209	10.0909185544742
9.96439239062432	0.447765084070075	9.0862939012769	10.8424908799717
8.4533990376844	0.491390810222751	7.48821160840427	9.41858646696453
9.33757569964086	0.39965628853149	8.55412751640201	10.1210238828797
8.39639323269063	0.383088276686755	7.64519301543456	9.14759344994669
8.87255576811544	0.499496591942808	7.89164786903074	9.85346366720015
8.58010854491583	0.376818542877405	7.84133103576481	9.31888605406684
8.61728437110251	0.388985340591459	7.85396580522133	9.38060293698369
8.33565370380546	0.349734082447104	7.64986756907802	9.02143983853291
8.93212157720133	0.501700941007445	7.94705474994834	9.91718840445433
8.93145005028253	0.368115187315097	8.20966407659955	9.6532360239655
9.26093338627989	0.381017785128021	8.51365141048044	10.0082153620793
9.21810315465158	0.489864519358632	8.25710658745807	10.1790997218451
8.92821152153397	0.470907376771882	8.00344421278266	9.85297883028528
9.19528971351369	0.418545648636161	8.37463404995895	10.0159453770684
9.09994470440746	0.582866453224811	7.95476249434453	10.2451269144704
9.61089712179377	0.412004838007786	8.80300755180175	10.4187866917858
8.79121933220098	0.39928058892327	8.00796567015401	9.57447299424796
8.51147325241278	0.387407937412463	7.75154549090774	9.27140101391781
9.68218814251569	0.50555819180254	8.68931529474878	10.6750609902826
9.26899172338188	0.489155273401451	8.30868465524737	10.2292987915164
9.23344661390273	0.374394611535572	8.49909433826059	9.96779888954486
9.25895247005692	0.404040034503734	8.46627163547705	10.0516333046368
8.61568018883495	0.388485512139567	7.85366018031659	9.37770019735332
9.59025610881389	0.430471326765894	8.74617384924512	10.4343383683827
9.76380052227529	0.467521944300903	8.8468060710483	10.6807949735023
9.03465704908428	0.411333314455177	8.22782477770427	9.84148932046429
9.18549494774811	0.429640660460167	8.34203902215742	10.0289508733388
9.10976419057503	0.412447498049268	8.30072016854021	9.91880821260985
9.51782917697357	0.47815897315829	8.57948358520588	10.4561747687413
8.75984823389212	0.473045434757169	7.8310400800238	9.68865638776044
8.7604717348294	0.369305975461741	8.03612094261953	9.48482252703927
9.4353497319802	0.453399491000607	8.54647159665359	10.3242278673068
8.59442813360119	0.514249647743783	7.58395860316667	9.60489766403571
8.91806811548524	0.467913562007173	7.99907620751784	9.83706002345264
9.49391675590454	0.713491446719924	8.09135166517104	10.896481846638
8.91381945410365	0.358691996486545	8.21056746066598	9.61707144754132
8.89968953259102	0.350725038401018	8.21214305679993	9.58723600838211
8.79571643849615	0.429354157153524	7.95326761057744	9.63816526641487
8.98664897805958	0.449306583318541	8.10569963501046	9.8675983211087
8.84005907552483	0.362175050073589	8.12994501322535	9.55017313782431
8.8017507940927	0.531817276288032	7.75716992985265	9.84633165833275
9.89647884181213	0.478214700788888	8.95829470975183	10.8346629738724
9.59378580967165	0.390505394189393	8.8282154570714	10.3593561622719
8.87064942631159	0.493426290099721	7.90230244431471	9.83899640830846
8.80894777709378	0.403524388705224	8.01753201919968	9.60036353498788
8.86987296321879	0.422273446784021	8.04103688728073	9.69870903915685
8.76202997716401	0.371614505173415	8.03311477259378	9.49094518173425
9.18724471798698	0.420923436301462	8.36220675523287	10.0122826807411
9.52215126609758	0.520140216432127	8.50113306739159	10.5431694648036
9.58476465923107	0.804137840002337	8.00207383517251	11.1674554832896
8.98491548195269	0.440429013448099	8.12119567027841	9.84863529362697
8.50486759043685	0.473246179673762	7.57599176163092	9.43374341924279
8.64655532210794	0.448137371976305	7.76740911570848	9.52570152850741
9.6877033161525	0.43000310948874	8.8446945673314	10.5307120649736
8.73523343878339	0.455845614095459	7.84070032244778	9.62976655511899
9.02334398858231	0.411975898007839	8.21519892854339	9.83148904862123
8.84453714601283	0.422701470374701	8.01532809380527	9.67374619822038
8.19374594887891	0.350337839726729	7.50674207698144	8.88074982077639
8.47162210193479	0.369212857395069	7.74705708979297	9.19618711407661
8.78902935624686	0.425803656083974	7.95368580276683	9.62437290972688
9.9601152321464	0.584161811354069	8.81306347326782	11.107166991025
8.95529870726482	0.481088431128624	8.01174973359318	9.89884768093646
8.75398653262334	0.384008289028875	8.00085964751664	9.50711341773004
8.52977155628304	0.340810287817193	7.86154550208211	9.19799761048397
9.30501965777957	0.450835728730633	8.42046321697427	10.1895760985849
9.15268092453531	0.365358392857785	8.43632781856335	9.86903403050727
9.1767265733745	0.557633958930085	8.0813954169383	10.2720577298107
9.24166898512336	0.693227905311761	7.87815944208123	10.6051785281655
9.08540977618397	0.399767293701808	8.30109643863426	9.86972311373369
9.13517328089744	0.345809975023021	8.45719948574128	9.81314707605361
8.45281634863614	0.344874481680333	7.77642316068617	9.12920953658611
8.57267920165283	0.327574060330682	7.93052146729089	9.21483693601476
8.38214533655931	0.41681210336811	7.56417765948374	9.20011301363489
8.37675132403223	0.399831677389694	7.59220817539324	9.16129447267121
8.50445875727413	0.404130427148039	7.71174130064889	9.29717621389938
8.91420834184775	0.624299698187214	7.68725763163552	10.14115905206
8.97825398141434	0.626500474010577	7.74663829431773	10.209869668511
8.87482687601869	0.390952568411904	8.10825877839764	9.64139497363974
8.71265797921286	0.349308088558854	8.02790848492187	9.39740747350385
9.41862206727803	0.403472963965244	8.62770663957478	10.2095374949813
8.81243315664133	0.410143414940398	8.00722751238873	9.61763880089394
9.00748824919191	0.533591111753716	7.9599594031561	10.0550170952277
9.31181244883568	0.4651896167126	8.39883233986615	10.2247925578052
8.61232650874258	0.418320868898909	7.79080345908981	9.43384955839534
9.42906466894981	0.419678534499714	8.60573272155223	10.2523966163474
9.1358858044999	0.412006638215013	8.32754560283757	9.94422600616223
8.85042160148325	0.360405825184364	8.14364621411775	9.55719698884874
9.01120598300318	0.360762854518342	8.3037596710056	9.71865229500076
9.44163421448096	0.434077567255702	8.59065023783574	10.2926181911262
7.86788730765916	0.439752734497786	7.00453938918806	8.73123522613027
9.18251226142335	0.466936564011556	8.26592780799876	10.0990967148479
9.26118037413691	0.481705659758455	8.31580655266123	10.2065541956126
8.69290901677095	0.372244798461084	7.96307158091823	9.42274645262367
9.00737546770099	0.402745934158655	8.21693544656899	9.797815488833
8.58794024120053	0.381716323216457	7.83939933534564	9.33648114705541
9.13048995974371	0.380679255509931	8.3840816567979	9.87689826268953
8.71744391105192	0.388137139590853	7.95638700988498	9.47850081221886
9.03665605877329	0.420920589350235	8.21115477510597	9.86215734244061
8.93536392662175	0.449832384517309	8.05275663192481	9.81797122131869
8.63641890465622	0.420643888720805	7.81073745097139	9.46210035834104
9.55111820710252	0.550002133535964	8.47110968815824	10.6311267260468
8.56838278934151	0.380186661767786	7.82236936518296	9.31439621350007
8.35354579604512	0.354333227903205	7.65875943773736	9.04833215435288
8.8575349260582	0.448648273877715	7.97708065016399	9.7379892019524
9.17364188144929	0.447381557532851	8.29590782362365	10.0513759392749
8.26574789892896	0.367923525784906	7.54404945559286	8.98744634226506
8.71658794343979	0.360919117154108	8.00896323103255	9.42421265584703
9.07380866705692	0.471213964686752	8.14870801996034	9.99890931415351
9.72803058858645	0.563035550905837	8.62253258092617	10.8335285962467
9.12532584068083	0.409568209602215	8.32226080336391	9.92839087799775
9.54903924203225	0.53438541901358	8.49993346710098	10.5981450169635
8.75305910915297	0.400104939594142	7.96813091940467	9.53798729890126
9.53464290535668	0.620373476952376	8.31497000111389	10.7543158095995
8.9793207039094	0.429722390188005	8.13653187679563	9.82210953102316
9.20789183111864	0.759842930460914	7.71312475415977	10.7026589080775
9.12441075930328	0.406933593810618	8.32608565284337	9.9227358657632
9.06217071255341	0.49512797232037	8.09053545518275	10.0338059699241
9.47383337188035	0.476664065135186	8.53869837543511	10.4089683683256
8.82524533474096	0.525294533181461	7.79358511551616	9.85690555396577
9.60173665402102	0.484423137919064	8.65158669800666	10.5518866100354
9.23837696681354	0.416639307090817	8.42159424559022	10.0551596880369
9.5348712592238	0.468650352430306	8.61571367352446	10.4540288449231
8.32963889972373	0.577222442593756	7.19494363716066	9.46433416228681
9.180240304162	0.390004890949722	8.41548330552033	9.94499730280366
9.13981445195835	0.409574145574607	8.33660149394361	9.94302740997309
9.81085051828209	0.534748104829588	8.76098206401437	10.8607189725498
8.85769752923636	0.369361088966425	8.13351031415827	9.58188474431445
8.81315953244756	0.352351823712916	8.12217745335025	9.50414161154486
9.23502735845002	0.377196716124353	8.49549011270841	9.97456460419164
8.9677146663233	0.417095952184511	8.14970951267138	9.78571981997523
9.26996574613289	0.481313750375601	8.32543722237485	10.2144942698909
9.25947218419888	0.400992707866678	8.47322581457403	10.0457185538237
8.80590125557791	0.392972374746487	8.03495849974979	9.57684401140602
9.11127139617998	0.721774996766189	7.69173033269684	10.5308124596631
9.55424163922486	0.403826932256434	8.7624229024735	10.3460603759762
8.8971754209986	0.408257182087142	8.09646528948264	9.69788555251457
9.24926865656711	0.39034091527423	8.48369358855582	10.0148437245784
8.44625894060988	0.352225370616552	7.75539157106494	9.13712631015483
9.13848545916088	0.411221430214943	8.33181976103808	9.94515115728367
8.87252876530857	0.431363913394537	8.02592857176956	9.71912895884757
9.07285809770541	0.458034357310072	8.1735899583953	9.97212623701552
8.66570308671229	0.460878500454134	7.76116889962078	9.57023727380381
9.65387342500976	0.443119866037916	8.78471020335419	10.5230366466653
8.20526332613491	0.408165256030403	7.40400507686919	9.00652157540063
8.29076666167625	0.356946275176556	7.59080745594882	8.99072586740368
8.94955933702617	0.47821111447872	8.01149327704698	9.88762539700536
9.48963468849389	0.486085977183549	8.53612765721494	10.4431417197728
9.23007390744556	0.368287156537607	8.50800324461071	9.95214457028041
9.01299697958556	0.459463781753829	8.11104380336228	9.91495015580883
8.42341559665487	0.382115457429531	7.67403470599425	9.17279648731549
9.17191017853432	0.514850503042297	8.16051577149973	10.1833045855689
9.56702930909037	0.439729284119643	8.70461685357444	10.4294417646063
8.46872467900248	0.426255997128655	7.6320333485045	9.30541600950046
9.24906970274891	0.427011368090994	8.41182969263859	10.0863097128592
9.13695419449346	0.439441125064391	8.27532656640907	9.99858182257786
8.67551908847395	0.394640806226206	7.90124729375084	9.44979088319706
8.50450248659482	0.432082038207701	7.65614188241905	9.35286309077058
9.28653460842853	0.385505849361599	8.53042686574409	10.042642351113
8.6858066052867	0.399118535321761	7.90324944939553	9.46836376117787
9.03061122750056	0.775321744965365	7.50437029851019	10.5568521564909
9.23874705951066	0.345201853314063	8.56197717160144	9.91551694741989
8.86187908083521	0.42172056237788	8.03396123358654	9.68979692808387
8.67830402325507	0.406890412362107	7.87942524103889	9.47718280547125
8.76186253303082	0.388068448198893	8.00071628011388	9.52300878594777
8.90639766079327	0.395179506373039	8.13119045495758	9.68160486662895
9.32652578381661	0.440169346665153	8.46336871224446	10.1896828553888
8.90389283666855	0.426501498009457	8.06702516675451	9.74076050658259
8.44100428428075	0.419389033037057	7.61821727629886	9.26379129226263
8.92230367958418	0.513225672535397	7.91438285528706	9.93022450388131
9.22303011838604	0.494408469308585	8.25268785807956	10.1933723786925
9.82765603757101	0.604982925536553	8.63927421111115	11.0160378640309
9.26541513659846	0.479050381139952	8.32496875200846	10.2058615211885
8.95493078093706	0.436503782026288	8.09859854977149	9.81126301210262
8.47553934377721	0.369913215867141	7.75004823785845	9.20103044969598
9.03396277297219	0.387520760906499	8.27392089045043	9.79400465549394
9.16587215361616	0.408872289382649	8.3640244340812	9.96771987315113
9.19062159669774	0.449121363052352	8.30941452615102	10.0718286672445
8.78605933934324	0.360129519466328	8.07984576809213	9.49227291059435
9.79884877097941	0.416688727417068	8.98195772319343	10.6157398187654
8.7068184172424	0.34657936060045	8.02738698817631	9.38624984630848
9.2177344721048	0.391953402883262	8.44915533146315	9.98631361274645
8.72976133505464	0.47009371497908	7.8072772430047	9.65224542710458
8.31446773534754	0.311448534218165	7.70377196903702	8.92516350165807
8.8155100181323	0.55056257942935	7.73299311764964	9.89802691861495
9.15338152418844	0.390634925573546	8.38739429254356	9.91936875583331
9.2144442617406	0.401699649985596	8.42635931614435	10.0025292073369
8.95747509105369	0.373963785238727	8.22423379912615	9.69071638298122
8.92393657491258	0.415312091969881	8.1095301186457	9.73834303117946
9.06596322189028	0.409815860065497	8.26230742572362	9.86961901805695
8.81480132486502	0.575799705735203	7.68322381019043	9.94637883953961
8.54765978315504	0.443522898139664	7.676666705606	9.41865286070408
9.19356174463999	0.377999774328574	8.45222204946716	9.93490143981282
8.86586836138106	0.421315099483099	8.03947462812315	9.69226209463898
9.19841372092649	0.532702013822599	8.15281446503882	10.2440129768142
8.87355980205652	0.400840333870809	8.08750555673862	9.65961404737442
9.20398970852493	0.437805922293969	8.34545803840634	10.0625213786435
9.19548461450232	0.406803015061098	8.39773330021058	9.99323592879407
8.93035103881115	0.41889492075466	8.10891596227789	9.7517861153444
8.95487908008627	0.410520860374738	8.14998500352308	9.75977315664946
9.0242451913705	0.457751926657357	8.12597589610279	9.92251448663822
9.62271243742684	0.445461744938911	8.74931125458831	10.4961136202654
9.31815878914568	0.403584416514999	8.52688153512246	10.1094360431689
8.8456321412267	0.50363614871262	7.85590770697515	9.83535657547826
8.55881646919509	0.40654995832099	7.7616915860973	9.35594135229288
9.21455713244358	0.458438054192728	8.31390923568238	10.1152050292048
9.14874364578593	0.422702350105969	8.31993516619296	9.9775521253789
8.82407662857929	0.344483640024318	8.14879475111641	9.49935850604217
9.2115158428978	0.392413826554024	8.44139968766496	9.98163199813063
8.86044465216536	0.393669939878286	8.08832096306299	9.63256834126773
8.70994430606249	0.423474123012142	7.87935709585948	9.54053151626549
8.80764053745048	0.385106711439575	8.05252758145332	9.56275349344764
9.80289934649638	0.421726732638148	8.9757310626904	10.6300676303024
9.28395060939996	0.389672222345964	8.51998534767669	10.0479158711232
8.66518632548666	0.544506761228809	7.59495878652017	9.73541386445315
8.82327732923024	0.333663660985525	8.16917109069703	9.47738356776345
8.74172256536899	0.399065708023503	7.95922231710901	9.52422281362897
8.67649515168702	0.402667835943018	7.88665195447883	9.46633834889521
8.30648531617684	0.383801690084301	7.5532347566706	9.05973587568308
8.79436918731978	0.641984295538958	7.53146866255143	10.0572697120881
8.55511322655417	0.365517427252723	7.83855865369736	9.27166779941097
10.561725230997	0.690227255335984	9.20527714946348	11.9181733125306
9.21206170853688	0.548398743018182	8.13407266637183	10.2900507507019
8.69609042716158	0.37761487063053	7.95564740102801	9.43653345329516
9.67144308423989	0.508898889390878	8.67278948538284	10.6700966830969
9.55110187674042	0.458387800281007	8.65204091059009	10.4501628428907
10.0890274426138	0.45705826257371	9.19247413102633	10.9855807542012
8.6417566328573	0.345762558380372	7.96367005142497	9.31984321428964
8.34969213109735	0.399276887233395	7.56623732527396	9.13314693692075
9.2283156995319	0.413183087634548	8.41798202186962	10.0386493771942
9.29843506364216	0.423709801599382	8.4678155815719	10.1290545457124
8.53655217153501	0.486847549636002	7.58095096297911	9.49215338009092
9.11199052445373	0.569221617984791	7.9940802040626	10.2299008448449
9.08231965050147	0.390364079792177	8.31684619557797	9.84779310542497
9.23381124927038	0.47684025595718	8.29841218826164	10.1692103102791
9.46357822111194	0.597755011071144	8.28984915572475	10.6373072864991
9.05908396346631	0.338701379189117	8.39490985272318	9.72325807420945
9.19634538358346	0.438484844473543	8.33560932846576	10.0570814387012
9.13249727686254	0.37885451956387	8.38953286033739	9.87546169338769
9.04368351425928	0.422351445248618	8.21528143447695	9.8720855940416
8.96073507940733	0.424139688464633	8.12849578826448	9.79297437055018
9.09993068767108	0.347087435585152	8.41947044684735	9.7803909284948
9.63256586958535	0.440565374169692	8.76817785163785	10.4969538875328
9.3350265730559	0.471296364606261	8.41097490722557	10.2590782388862
9.02608323410589	0.495593520192237	8.05258579265797	9.99958067555381
9.86232987669686	0.458585478357238	8.9628941953214	10.7617655580723
9.01349320015451	0.414190548614049	8.20137443948874	9.82561196082029
9.14442292688419	0.49498108241943	8.17243498917031	10.1164108645981
8.96488040431126	0.558489550992229	7.86753432062146	10.0622264880011
8.72096181816909	0.51455714070333	7.71000204299942	9.73192159333875
9.27559672237295	0.573407049551074	8.14948450719978	10.4017089375461
9.04630714399702	0.539009245163943	7.98730093850393	10.1053133494901
9.08853797575332	0.41540072327199	8.27377216176153	9.9033037897451
9.06118002934356	0.441076576175785	8.19583440949037	9.92652564919675
8.59961183655346	0.406139249048008	7.80240689014818	9.39681678295874
8.62731753070072	0.344826160458621	7.95118893511939	9.30344612628205
8.55753766960061	0.452272473320018	7.66964074936553	9.4454345898357
9.1104479360149	0.461145533079869	8.20502653364276	10.015869338387
9.56630619213015	0.515755610833852	8.5533560642503	10.57925632001
9.16460958316446	0.464278467248171	8.25313861411536	10.0760805522136
8.82977125830246	0.459648461145576	7.92762132179834	9.73192119480659
8.85454224438962	0.669997839080632	7.53747644758505	10.1716080411942
8.52846999279198	0.349502809110948	7.84329776720223	9.21364221838172
8.81246311661727	0.533871245481277	7.76363741164626	9.86128882158827
9.58212665198354	0.656022994348759	8.29368689293822	10.8705664110289
8.17899078279019	0.374710553373544	7.44405868236788	8.9139228832125
8.76003324255229	0.381913418212575	8.01107395992397	9.50899252518062
9.0979741541203	0.486130464827898	8.14363970829426	10.0523085999463
8.63248948880735	0.427456777355884	7.79378316620813	9.47119581140657
9.38704101859377	0.60388441765027	8.20027239429149	10.573809642896
8.2283526600963	0.460644031479106	7.32429862783768	9.13240669235493
9.20780969493108	0.3834986577273	8.45584431559002	9.95977507427214
8.87498382320486	0.405001614020916	8.08082384655607	9.66914379985364
8.69382481795235	0.50574071371271	7.70174498583911	9.68590465006559
9.32039757696602	0.487056962365699	8.36464597820675	10.2761491757253
9.09083073309028	0.492145594260231	8.12471907484356	10.056942391337
9.32058908231338	0.386079198987034	8.56332370322763	10.0778544613991
9.47977196611279	0.381170502187933	8.73253825287139	10.2270056793542
8.2923340751664	0.354172644682389	7.59747913017418	8.98718902015862
8.58035281387716	0.418117421881175	7.76036825141383	9.40033737634049
8.80073153773908	0.418082869518847	7.98007821226059	9.62138486321757
8.6139468526041	0.440977209937101	7.7486314858301	9.4792622193781
8.80517787554985	0.581992999807272	7.66140642680537	9.94894932429434
9.19824298804419	0.36682020879955	8.47900899255084	9.91747698353755
9.54578562988353	0.433818694648068	8.69441136008655	10.3971598996805
8.45968726588227	0.424894891847362	7.62656401892351	9.29281051284103
8.74547849990297	0.403889869902045	7.9531136308197	9.53784336898625
9.14572269037476	0.376312716562761	8.40791967551251	9.88352570523702
9.18776205792387	0.392080871047481	8.4191482677229	9.95637584812483
8.58273723648732	0.382754324587408	7.83218853196224	9.33328594101239
8.80447589570609	0.335892153329224	8.14574985938858	9.4632019320236
8.78011493211885	0.407091698930605	7.98165426827054	9.57857559596717
8.79138688437173	0.40467753827305	7.99727943103011	9.58549433771336
9.10792552411931	0.414215404414792	8.2955385098536	9.92031253838502
8.29509639851212	0.352970097616977	7.60304785986158	8.98714493716266
9.09939541555797	0.663415659064836	7.79490746979701	10.4038833613189
9.21671739140349	0.460439491855001	8.31348258291346	10.1199521998935
8.84129291970006	0.403001172251859	8.05114244367744	9.63144339572268
9.35046421067491	0.430334618629373	8.50604186222434	10.1948865591255
9.09760747560535	0.405716187027316	8.30123370172915	9.89398124948155
8.48706484635493	0.336636486230468	7.826859211688	9.14727048102186
8.70215230246293	0.42308497638331	7.87266460548027	9.5316399994456
8.7307164346247	0.429556387928124	7.88771930341248	9.57371356583692
8.93612714757212	0.411247139504248	8.12963965145399	9.74261464369025
8.91554478405316	0.381635560512057	8.1673276911239	9.66376187698243
8.73177033909377	0.478317475782344	7.79244425920278	9.67109641898476
9.08434514703274	0.39022575003518	8.31932919045215	9.84936110361333
9.35664739186744	0.51486213723749	8.34685531089971	10.3664394728352
8.77727168930357	0.56795500055612	7.66123805119393	9.89330532741322
9.02953312036701	0.363082955969637	8.31759396457824	9.74147227615577
8.49388673608185	0.336366265417423	7.83437760304528	9.15339586911842
9.12193769937463	0.429070056225996	8.28044584088134	9.96342955786793
8.57470541292469	0.38830878218193	7.8131854028575	9.33622542299189
8.06803496479794	0.429703027969449	7.22411133016392	8.91195859943196
9.23342923344336	0.484330716755397	8.28362003553342	10.1832384313533
9.22000231783542	0.441711023691642	8.35409218997179	10.085912445699
9.12017419983886	0.393230263732764	8.34913353904801	9.89121486062972
9.21146571262996	0.437377658826031	8.35368071082019	10.0692507144397
8.20517576062585	0.438333528245808	7.34431940756719	9.0660321136845
9.07862945598159	0.39473365659588	8.3046499505969	9.85260896136627
9.68887887806564	0.442399401214386	8.82132252192195	10.5564352342093
9.3069720379111	0.414989016146812	8.4930167042278	10.1209273715944
9.1012268784098	0.371431181381189	8.37289636432237	9.82955739249723
9.06790021700071	0.386863999337924	8.30927815214687	9.82652228185455
8.86874351004257	0.501057485948379	7.88427320417922	9.85321381590591
9.17425471697372	0.510968592861904	8.17061842412195	10.1778910098255
8.93950727214519	0.384257442616009	8.18612110636112	9.69289343792926
9.43316450948076	0.509467013787809	8.43265161851162	10.4336774004499
8.45912626370707	0.435725642047627	7.6041019132797	9.31415061413443
8.59082917643821	0.359350491869895	7.88618563451303	9.2954727183634
8.86664548303452	0.453179265839371	7.97709518526479	9.75619578080424
8.96571271223103	0.387689725449176	8.20536199814268	9.72606342631939
8.79558564882383	0.442359781050722	7.92744928699196	9.66372201065569
9.08877460827899	0.393548265069127	8.31718111893654	9.86036809762144
8.89162229565897	0.566261214344397	7.77881655200544	10.0044280393125
9.61313898076601	0.488583243459105	8.65439110027139	10.5718868612606
8.61779006823388	0.405141336771638	7.82321037987825	9.41236975658951
9.58323894442787	0.392497887715605	8.81380254256386	10.3526753462919
8.09469715112801	0.333210624538435	7.4409452447096	8.74844905754641
9.15702201902482	0.671812588189964	7.83596958446524	10.4780744535844
9.15052296856898	0.454884727507654	8.25816327053633	10.0428826666016
8.63686598540194	0.427029745593401	7.79948033060408	9.4742516401998
9.00714372846153	0.393915763795738	8.23433769584302	9.77994976108005
8.77947339396257	0.428430169244145	7.93907392024543	9.61987286767972
9.13311096548308	0.437409262670389	8.27502641030001	9.99119552066614
9.3915694183014	0.470719442059695	8.46810518854564	10.3150336480572
8.01699547165573	0.365082971202144	7.30096770202439	8.73302324128707
9.21754154999655	0.404815099458434	8.42383264252016	10.0112504574729
8.75478540941854	0.401676123965154	7.96707478634042	9.54249603249665
8.85846617903084	0.384191582162933	8.10524423635011	9.61168812171157
8.42626031838938	0.395570915092891	7.65047399443512	9.20204664234364
9.54101379177332	0.442743818898188	8.67284812273906	10.4091794608076
9.00135930447725	0.402790925829311	8.21140449789048	9.79131411106401
9.49156851987588	0.458628881445954	8.59195050395715	10.3911865357946
9.54733967870619	0.530375525006956	8.50511458291124	10.5895647745011
8.59872594590628	0.448164124363999	7.71987707900047	9.4775748128121
9.24041649385128	0.734760818404291	7.79531466133661	10.685518326366
9.11336860824128	0.418218702861857	8.29343143977042	9.93330577671214
8.82458654166337	0.389362195883939	8.06076854567166	9.58840453765507
9.15461649282205	0.408876234345081	8.35278355431995	9.95644943132415
9.04013233191171	0.384900243749938	8.28553249301878	9.79473217080465
9.59206227951689	0.437300936025864	8.73461242223399	10.4495121367998
8.55517240675361	0.592332675025174	7.39061603328472	9.71972878022249
9.46120469421092	0.426213721980975	8.62537687276794	10.2970325156539
8.50945718414379	0.385230596109394	7.753467931207	9.26544643708059
9.56875870433733	0.4353297383951	8.71517296450174	10.4223444441729
9.27053121890606	0.617956605015088	8.0561753226306	10.4848871151815
8.980828443655	0.439461475882651	8.11886119197874	9.84279569533126
9.89931094414375	0.379896713653602	9.15445638689483	10.6441655013927
9.0371261865665	0.397951129320306	8.25669209842466	9.81756027470835
8.35137426436426	0.442669879822633	7.48230734990797	9.22044117882055
9.56347046292215	0.445287666187051	8.69003024129199	10.4369106845523
9.75164461656884	0.444754364612977	8.8796491310959	10.6236401020418
9.74365927900763	0.377973737765369	9.00265934578808	10.4846592122272
9.44157311456247	0.381459412293234	8.69357331180559	10.1895729173194
8.69441447211066	0.647852386807841	7.4208696812094	9.96795926301192
8.82315428302964	0.535057971174853	7.77173884930022	9.87456971675906
9.1429354708681	0.423219545836337	8.31281945763386	9.97305148410234
8.96024302767435	0.468990784265709	8.03929664060757	9.88118941474113
8.96927848997587	0.385030577792308	8.2142862911259	9.72427068882584
8.20156091485409	0.397980575854562	7.42020369551208	8.9829181341961
8.59389830496154	0.426366416509692	7.75733663778144	9.43045997214164
9.29875761629498	0.695954676711071	7.93115528343599	10.666359949154
9.26845012978506	0.56445527782827	8.15991873388885	10.3769815256813
8.08008704764204	0.569033241020292	6.96156786836021	9.19860622692388
8.76569945412428	0.406747485477917	7.96790748309153	9.56349142515704
8.96587511320394	0.384613997910137	8.21147369509672	9.72027653131117
9.18302017628111	0.526555301974625	8.14870304710598	10.2173373054562
8.99265449804178	0.473373003164803	8.06323425880761	9.92207473727596
9.37713336132259	0.513336482345876	8.36972812644316	10.384538596202
9.15612133788475	0.496824709208488	8.18096427068098	10.1312784050885
8.5781262640002	0.336131652840542	7.91916398597488	9.23708854202551
9.14075027374176	0.422760370194987	8.3115816848152	9.96991886266833
8.65782430781008	0.429662432160587	7.8148370657495	9.50081154987066
8.98199764034982	0.401538169498626	8.19455640740249	9.76943887329715
8.80068214604914	0.509333202201488	7.79984087034409	9.8015234217542
9.41253123588926	0.424522920638395	8.5800837302038	10.2449787415747
9.53846574363521	0.416567280038723	8.72115805078158	10.3557734364888
8.92354448163205	0.369969193909728	8.19829489637041	9.64879406689368
8.61960654223268	0.569600470788035	7.50014787308608	9.73906521137927
9.15040318843783	0.387120848909374	8.39129144290644	9.90951493396922
9.36513299501171	0.803607869219469	7.78384368739176	10.9464223026317
8.86125673674891	0.317425879493042	8.23901631637517	9.48349715712264
9.23265408085823	0.441126514152805	8.367743397274	10.0975647644425
8.9221422733151	0.485323300049873	7.97007653578165	9.87420801084854
9.32644748788237	0.46250237474387	8.41900308762886	10.2338918881359
8.85256782218859	0.371735949091822	8.12346602534755	9.58166961902963
9.44844084188645	0.44780632562264	8.57010891781244	10.3267727659605
9.10595955585706	0.414426704678139	8.29352107904896	9.91839803266517
9.18346925155121	0.445358349189689	8.30950126866968	10.0574372344327
8.6955153940283	0.368703833077739	7.97253847603538	9.41849231202121
9.16649814516324	0.565839356315828	8.05498486490139	10.2780114254251
9.85509944641348	0.423781353546372	9.02433657585108	10.6858623169759
9.25788746582396	0.570885252254638	8.13626420341937	10.3795107282286
8.97716965072015	0.459502481596102	8.07641898095482	9.87792032048547
8.80785683878548	0.44858401748339	7.92778608900431	9.68792758856665
9.08014248899179	0.44383500386578	8.20939507866816	9.95088989931543
9.31887196744641	0.529357876206034	8.28016344490906	10.3575804899838
9.42452075336256	0.559492706104065	8.32575618747635	10.5232853192488
9.24043543394636	0.458809394954971	8.34046738486243	10.1404034830303
9.476852916485	0.424734327540785	8.64414245941293	10.3095633735571
9.67250808619322	0.532777099997528	8.62793791682166	10.7170782555648
8.53642381185587	0.3623972082244	7.82560219099954	9.24724543271221
8.39742715342427	0.362874228303749	7.68591431988319	9.10893998696534
9.17945631297038	0.428440287357262	8.33856692268624	10.0203457032545
8.58916382811115	0.430261354708924	7.74489313525664	9.43343452096566
9.18151374380002	0.437059230525102	8.32458352676498	10.0384439608351
8.89717450351647	0.436383033946048	8.04074865063083	9.7536003564021
9.6785440459757	0.509310743332693	8.67955050238034	10.6775375895711
9.33621947871492	0.412382511038097	8.52750843111749	10.1449305263124
8.788057656254	0.394767176131204	8.01386433746005	9.56225097504794
8.80860117170456	0.336746165273839	8.14828045716703	9.46892188624208
8.84268484495203	0.393488066687197	8.07093044188716	9.61443924801691
8.92485338629835	0.426708304803093	8.0882513741356	9.7614553984611
9.5188784912939	0.438093433739662	8.65990503717293	10.3778519454149
8.64819893064692	0.551946756595285	7.56388030214721	9.73251755914663
9.38739456010714	0.455733636484238	8.49308765803105	10.2817014621832
9.16318607443712	0.47847506335701	8.22466067590097	10.1017114729733
9.17906922902465	0.463366325916093	8.26946380946461	10.0886746485847
8.87735869331972	0.443202502847519	8.00756795656723	9.74714943007221
8.65519824171254	0.412965548074549	7.84512641018889	9.4652700732362
9.20560496699798	0.495479991320307	8.23344147220604	10.1777684617899
9.17345260758574	0.52077896040912	8.1504398513479	10.1964653638236
8.53153698848876	0.542625567636407	7.46525547820171	9.59781849877582
8.8624279360531	0.412676168861932	8.05323267418158	9.67162319792463
9.56078939092009	0.391237856122294	8.79380607003521	10.327772711805
9.16110939960908	0.434632101092449	8.30893616564134	10.0132826335768
9.38719213097785	0.489685965329245	8.42585228542167	10.348531976534
9.38841575333871	0.456837709527053	8.49204807527591	10.2847834314015
8.91058392356286	0.365763822122304	8.1932030552128	9.62796479191292
9.40268019779462	0.448563944148697	8.52297570545254	10.2823846901367
9.03930507661507	0.460533328148678	8.13546969506969	9.94314045816045
9.37458764716513	0.494956894814574	8.40348909256436	10.3456862017659
8.68355861638164	0.732241462699137	7.24313929093037	10.1239779418329
9.42122128812225	0.424368695107623	8.58888232892922	10.2535602473153
8.97333850429677	0.454669006389032	8.08114881495965	9.86552819363389
8.53308294354486	0.364341472783931	7.8186156115849	9.24755027550483
8.56365884571782	0.358997179186216	7.85969625484815	9.26762143658749
9.88134708589993	0.713046051717176	8.47988169255534	11.2828124792445
8.90748781219157	0.406275038246181	8.11077802612554	9.7041975982576
9.11851314657304	0.453718365927587	8.22782379882258	10.0092024943235
8.51425597642777	0.381341275116494	7.76644349271096	9.26206846014457
8.47330562942246	0.344063448509205	7.7982688490163	9.14834240982861
8.97975343936479	0.425770850184521	8.14500893176675	9.81449794696283
8.80164280313482	0.583940502623584	7.65389134224699	9.94939426402266
9.35410218718491	0.489868279078013	8.39242329985744	10.3157810745124
9.13984068554021	0.398442380226576	8.35881264811312	9.92086872296731
8.74118281095257	0.343902865269639	8.06703514231003	9.41533047959512
8.33317944930962	0.366747076539844	7.61392303014572	9.05243586847352
8.37639168394442	0.336917709192022	7.7156493813614	9.03713398652744
8.542270658325	0.394143837227809	7.76886991153464	9.31567140511536
8.70874211561695	0.421949117007534	7.88088512736185	9.53659910387204
9.5708104283877	0.400117324166195	8.78648969483561	10.3551311619398
8.85751230141585	0.363654877647661	8.14426025216225	9.57076435066945
8.97912016356051	0.423301869218358	8.14895201341391	9.80928831370712
9.01124896042353	0.648302965985585	7.73667689753115	10.2858210233159
8.89836467333538	0.480616251512171	7.95471909496918	9.84201025170159
9.6440186667952	0.470018151391915	8.72163303663955	10.5664042969509
9.15556425880784	0.37223135304948	8.42574713040192	9.88538138721376
8.62030636479509	0.523586888814066	7.59204547140116	9.64856725818903
9.70138077041017	0.417571817495717	8.88262514501593	10.5201363958044
8.73907193922482	0.366005773555625	8.02149059343639	9.45665328501324
9.2486499031154	0.41259355559409	8.43955497977327	10.0577448264575
8.52794533935566	0.434135000464463	7.67619551395396	9.37969516475735
8.96439657857181	0.371038528204576	8.23695667238221	9.6918364847614
9.21936581020711	1.03133875200508	7.18953117780025	11.249200442614
8.87170654734141	0.560749125134881	7.77040455612015	9.97300853856266
8.75819130412797	0.383010311990435	8.00697777112113	9.50940483713482
8.98172644026296	0.414372733434141	8.16910577403449	9.79434710649142
8.91536393004775	0.465329591414823	8.00198321980961	9.82874464028589
9.63251932361073	0.453789275619757	8.74254961848614	10.5224890287353
9.05324669917364	0.393243067148739	8.28182352299778	9.82466987534949
8.82949421322219	0.392263045243762	8.05987082935608	9.59911759708829
8.28176675268391	0.521747498895973	7.25671259225471	9.30682091311311
8.85300022254941	0.609839699117058	7.6540921353155	10.0519083097833
9.07678419822588	0.45727978952091	8.17921028583028	9.97435811062149
9.0497541014458	0.460148937992438	8.14645893385756	9.95304926903405
9.1568440600283	0.441342677263651	8.29043892245509	10.0232491976015
8.22991448990754	0.454398825941692	7.33773708577613	9.12209189403895
9.09024490718374	0.434438665895962	8.23815655480329	9.9423332595642
9.60477681061844	1.23988058946508	7.16351941666448	12.0460342045724
8.63662488057921	0.406444029502592	7.8394134828186	9.43383627833982
8.37412556564214	0.391837658807949	7.60570795496832	9.14254317631595
8.73202546572762	0.778125362917966	7.20097236784367	10.2630785636116
9.72486305036859	0.460217291048995	8.8221456260398	10.6275804746974
8.97335788064286	0.386274566354482	8.21580347079115	9.73091229049458
9.08325465173734	0.411709441042519	8.27607145619962	9.89043784727506
8.32577706463154	0.425193228159527	7.49140883947125	9.16014528979184
8.67046400710302	0.371176872233702	7.94241169088765	9.39851632331839
9.21247870888923	0.50183710130945	8.22707815762637	10.1978792601521
9.43464522369913	0.443186180271388	8.56495594139508	10.3043345060032
8.51532517992758	0.367592893404752	7.79399909432665	9.23665126552852
9.91794529460864	0.396877589476997	9.13990375216287	10.6959868370544
9.28430162074863	0.640199702648458	8.02535883976808	10.5432444017292
8.60022053749779	0.4315603076157	7.75348877750451	9.44695229749107
8.89008497608942	0.400265652350843	8.10471963446314	9.67545031771569
9.0456736440184	0.443573174912267	8.17546515675416	9.91588213128265
8.39475912439163	0.401818729588186	7.60663333818206	9.1828849106012
9.15620049233208	0.481876928384373	8.21121779379722	10.1011831908669
9.17534063938884	0.445610149113894	8.30100254405586	10.0496787347218
9.30653068076488	0.483308117663911	8.3576835384703	10.2553778230595
8.63176611234423	0.421345820667319	7.80505146761192	9.45848075707655
8.67706410696467	0.443658952305395	7.80709028240265	9.54703793152669
9.13381096754188	0.414318706003008	8.32123670999349	9.94638522509028
8.6116070162082	0.351223689447579	7.92309961719101	9.30011441522539
9.55206620121034	0.451221648026371	8.6666296982195	10.4375027042012
9.41850797609267	0.426660677705828	8.58177615261692	10.2552397995684
8.9903311657818	0.419506286762066	8.16696698811372	9.81369534344989
9.06587629494719	0.377406304746953	8.32560943700531	9.80614315288906
9.0436942777211	0.390386248884658	8.27829635175102	9.80909220369118
8.66688161345732	0.336931681680894	8.00629382929585	9.32746939761878
9.01732767751167	0.379797868727779	8.27242933841564	9.76222601660771
8.83685766187582	0.436443161215693	7.98054667495907	9.69316864879258
8.83838653362594	0.450551569955829	7.9536646858226	9.72310838142927
8.37414603987105	0.67134795701511	7.05407546330377	9.69421661643833
9.55518024784589	0.444161697110566	8.683501302067	10.4268591936248
9.53101204195276	0.476663515931394	8.59583544911244	10.4661886347931
8.81297145358724	0.359803755248016	8.10731300460257	9.5186299025719
8.88482532650089	0.394795524861399	8.11041274688	9.65923790612177
8.7599132211862	0.476589045509704	7.8242149861999	9.6956114561725
8.89994600165893	0.462265565984916	7.99320823831182	9.80668376500605
8.6334951044969	0.421289740778082	7.80677484836967	9.46021536062414
9.27903926814968	0.3963389001039	8.50129378487854	10.0567847514208
8.69234116198109	0.467368959054759	7.77520961895729	9.60947270500489
9.33624971761432	0.463406695237494	8.42724859877649	10.2452508364522
8.76461073979009	0.372306944610297	8.03450101214543	9.49472046743475
9.04217041634638	0.449859027399084	8.15959795449736	9.92474287819539
9.7064559379947	0.449302870942297	8.82497074833475	10.5879411276546
9.08506269106792	0.475082390692513	8.15253417217091	10.0175912099649
8.63861360843876	0.572990106140881	7.5127243047485	9.76450291212902
8.92412793861452	0.33210942297788	8.27300125581804	9.57525462141099
8.56092814314149	0.42323741642544	7.73055574545594	9.39130054082704
8.70748986902203	0.348933986033239	8.02332280710262	9.39165693094144
9.04935856988345	0.530834095284117	8.00641095402278	10.0923061857441
9.21757413403999	0.427597673417056	8.3786851391477	10.0564631289323
9.28909532229253	0.42367295700815	8.45825263162246	10.1199380129626
9.89102399866248	0.450939287766211	9.0064930082953	10.7755549890297
9.34937295024445	0.374155946008877	8.61561807162823	10.0831278288607
9.36502817956283	0.403900195895442	8.57253288327957	10.1575234758461
9.15379439349636	0.41694327650198	8.33626044660807	9.97132834038465
9.16233892338922	0.662615897047448	7.85914999185887	10.4655278549196
8.96421517954147	0.542607105170887	7.89871980993495	10.029710549148
9.42348781035058	0.501905180271598	8.438671117302	10.4083045033992
9.42608221228071	0.493316238742438	8.45773883117064	10.3944255933908
9.03914361090301	0.436318064605345	8.1829676208852	9.89531960092082
8.88566350396602	0.451046542988669	8.00062657312255	9.77070043480949
9.36532601538284	0.459386545624336	8.46374104222273	10.266910988543
9.2183056464334	0.417247766487312	8.40022291843195	10.0363883744349
8.85048239067627	0.389791989490223	8.08617961776319	9.61478516358935
8.8250660509309	0.417630301208242	8.00634859000618	9.64378351185563
9.4701167486627	0.452750527873527	8.58190362300991	10.3583298743155
9.52026525215279	0.494909862847344	8.5490338209612	10.4914966833444
9.14612243377245	0.474978992352398	8.21451648996324	10.0777283775817
8.7846801977065	0.354663438940384	8.08924618817345	9.48011420723954
8.68239451500416	0.421305058193441	7.8559804622453	9.50880856776302
8.61545141477147	0.43500248440263	7.7617161054973	9.46918672404563
8.56262428131355	0.454379965626726	7.67061778995643	9.45463077267067
9.38934306590619	0.379420206941937	8.64532760592177	10.1333585258906
8.75834250846766	0.456380613931345	7.86235266145296	9.65433235548236
9.02242711284038	0.392057687248536	8.25368858186025	9.79116564382052
9.86103104703673	0.446985300483139	8.98438376858725	10.7376783254862
9.18345549276588	0.448065351153802	8.30464807689489	10.0622629086369
9.08891941889347	0.415317637155215	8.27408455501765	9.90375428276929
10.1311428067228	0.428379857339356	9.29125544097143	10.9710301724743
8.68766602023178	0.422075155636896	7.85994477323215	9.51538726723142
8.6812294214745	0.399037351209135	7.89865836486521	9.46380047808379
9.50545850432802	0.410039486211513	8.70116419918061	10.3097528094754
8.7811647461096	0.491778324073036	7.81624081348358	9.74608867873561
8.45391601288315	0.374005808356762	7.72057696515053	9.18725506061577
8.89996960589481	0.367485280169398	8.17949518888568	9.62044402290394
10.0269093919732	0.425999675793953	9.19169261909986	10.8621261648465
9.50651748016293	0.666136507327035	8.19773519441949	10.8152997659064
8.75618172043023	0.37434054884439	8.02193256724748	9.49043087361298
8.85392948354423	0.422254889007028	8.02512509775814	9.68273386933032
9.20264844818604	0.497407977781247	8.22676211971076	10.1785347766613
8.70782766857317	0.341788744743063	8.03776381720155	9.37789151994479
8.65617221638389	0.627397803198658	7.42321860005717	9.88912583271061
9.07971573765316	0.393580447416772	8.3080046084627	9.85142686684362
9.27323666535835	0.451712999319394	8.38705000755764	10.1594233231591
8.76933041049758	0.361090790047186	8.06116001235303	9.47750080864214
9.02161003806252	0.635789048991725	7.77185732088003	10.271362755245
8.65895463291548	0.415182239325599	7.84416753057972	9.47374173525124
8.89331179256309	0.375447498646555	8.15713882756245	9.62948475756373
9.90057469269113	0.464494210645686	8.99009108445257	10.8110583009297
8.96378400608093	0.378258834321341	8.22188568550713	9.70568232665472
8.752398616733	0.444591282187333	7.88083481803866	9.62396241542734
8.86652694114164	0.370112828483244	8.14087083897595	9.59218304330733
8.20686357713561	0.370869026341309	7.47892834284357	8.93479881142765
9.08392685587353	0.416223334512444	8.26783984387434	9.90001386787273
8.73978016645338	0.530395125019669	7.69812296526984	9.78143736763692
9.63844925167291	0.471708341476848	8.7127068413809	10.5641916619649
9.51046012905743	0.399472040992146	8.7268062268926	10.2941140312223
8.73701600462301	0.377098079648612	7.99701937013044	9.47701263911557
8.45410943160892	0.589316013336104	7.29547548937087	9.61274337384696
9.17299966481217	0.40213500983353	8.38461883087952	9.96138049874482
9.30728956637852	0.889706034246095	7.55633499796419	11.0582441347928
8.81019544413305	0.503973095672946	7.81965885042421	9.80073203784189
8.90028791237502	0.483426735300278	7.95069862055433	9.8498772041957
9.19212608887388	0.403880491413507	8.40031138343109	9.98394079431668
10.0036254030484	0.559362351254374	8.90573429687357	11.1015165092232
8.85261503102906	0.396294493352455	8.07552267020966	9.62970739184846
8.66739226784624	0.449799994966498	7.78444160234193	9.55034293335055
9.08776534108959	0.424853098183831	8.25492870813662	9.92060197404257
8.81992601997816	0.355575273287085	8.12270864246019	9.51714339749614
8.63408425194189	0.349294217683709	7.9492043116395	9.31896419224429
8.93404078494378	0.479781518623824	7.99223669202208	9.87584487786549
9.45798577912576	0.411327225577179	8.65142898837767	10.2645425698739
9.03675204554063	0.604736364476482	7.84768694851522	10.225817142566
8.66529506354596	0.755843412055842	7.1777690004968	10.1528211265951
9.15346414491307	0.394862420689735	8.37905225792557	9.92787603190057
9.49322839916074	0.377834181313495	8.75248572900873	10.2339710693127
8.487555940885	0.441469558948295	7.62102155271348	9.35409032905653
8.4578594244174	0.51612873440847	7.44460164735803	9.47111720147678
8.49598045538004	0.37988228298274	7.75114334159061	9.24081756916948
9.37876539613341	0.70607350434887	7.99020552974028	10.7673252625265
8.8029034918283	0.656418129296123	7.51156901542838	10.0942379682282
8.19341107623648	0.349523815605787	7.5077810874586	8.87904106501436
9.9366204340343	0.864330461893834	8.23660799251955	11.636632875549
9.45838173541655	0.3667646824336	8.73926529420225	10.1774981766309
9.12935487252027	0.404195548446261	8.33646414008821	9.92224560495234
8.78966272433771	0.41541544660261	7.9749569897301	9.60436845894533
8.51957142417717	0.485430966722698	7.56614559871733	9.47299724963702
9.11966781686868	0.418861680413598	8.29806727198534	9.94126836175203
8.89344396791095	0.403001877295889	8.10341229366105	9.68347564216086
9.20042458068946	0.432699357980164	8.35165869758808	10.0491904637908
8.91881786081368	1.03944841087777	6.87286284932408	10.9647728723033
8.73558974466501	0.401139688014862	7.94843080600089	9.52274868332912
8.68604866722453	0.310213654002395	8.0778736211106	9.29422371333846
8.43996062703143	0.413880753897826	7.62767688150941	9.25224437255345
9.11560917605579	0.471848329483328	8.19007304578471	10.0411453063269
8.38793272101777	0.464834237786376	7.47520978845868	9.30065565357686
8.60093750803921	0.381201863122241	7.85317369940285	9.34870131667557
8.92131316362935	0.377049443311803	8.18192392278697	9.66070240447173
9.67136857585897	0.592208282764429	8.50891626186593	10.833820889852
8.95640450459061	0.453587418970109	8.06651131240857	9.84629769677264
8.78289416488685	0.415153974494565	7.96843816307923	9.59735016669447
8.72984968603238	0.472071875829162	7.8028988269811	9.65680054508367
8.92707058684898	0.4558791779368	8.0327873092161	9.82135386448186
8.70696456342943	0.346160796443007	8.02826160478254	9.38566752207631
9.29426128261689	0.373920164649581	8.56098584562288	10.0275367196109
9.39103309308328	0.352866626106309	8.69927681645804	10.0827893697085
9.28193064551026	0.406519096789994	8.4847009501335	10.079160340887
9.02707905037413	0.42851289715725	8.1865644595399	9.86759364120836
9.41831233840209	0.488104624658487	8.4603596896023	10.3762649872019
8.84639469817925	0.428057821527581	8.00659839019856	9.68619100615994
8.92115018119562	0.484958651034764	7.96875837756232	9.87354198482891
9.06109263343426	0.426125968875967	8.2252157273814	9.89696953948712
8.73927820420313	0.425118806318357	7.90439794245285	9.5741584659534
9.75527497170099	0.489234169852823	8.79419494909113	10.7163549943109
8.74071278628015	0.401883856230343	7.95286586243777	9.52855971012252
9.56451147071479	0.45344709499913	8.67467775009239	10.4543451913372
9.08045662476488	0.460360405696091	8.17776765412155	9.98314559540822
9.06657341072883	0.398990198969723	8.28439125645511	9.84875556500254
9.25309945890969	0.368587087465148	8.53021041264435	9.97598850517502
9.01623645806434	0.462789073354434	8.10825553891948	9.92421737720919
8.89062465211442	0.355190410886273	8.19385677674854	9.5873925274803
8.49378811412829	0.410491860114246	7.68875868338957	9.298817544867
9.2058623981044	0.481715266364732	8.26063793802571	10.1510868581831
8.58931037239592	0.409868495607978	7.78517097954696	9.39344976524489
9.04554408203466	0.405778816495821	8.2497869881183	9.84130117595101
8.93260162980716	0.377306600331497	8.19258838706125	9.67261487255308
9.11908492923721	0.559598189000494	8.01905385891794	10.2191159995565
8.45155845955653	0.315405634626671	7.83318516254429	9.06993175656878
8.97553479839397	0.402186089782709	8.18682940720738	9.76424018958056
9.33502720005506	0.554608023888663	8.24581393588421	10.4242404642259
9.28928461860972	0.42860301431831	8.44898629625678	10.1295829409627
8.97927027636942	0.359795418646397	8.27378635605982	9.68475419667903
8.9011694051677	0.403076403417646	8.11063097611898	9.69170783421642
8.56489045398506	0.40744388094233	7.76541594187791	9.3643649660922
9.05250663378236	0.463801267815328	8.14288176554731	9.96213150201742
9.69281794027415	0.410523825655068	8.8877697851096	10.4978660954387
8.69612854050962	0.348722360480535	8.01235688597467	9.37990019504456
8.38417985954163	0.364290975032134	7.66899040214267	9.09936931694059
8.57103098312709	0.44292436877144	7.70121015335826	9.44085181289592
9.21178297734965	0.418366950015396	8.39146933623791	10.0320966184614
8.30776415456041	0.470481365051401	7.38391234554594	9.23161596357488
9.31117777268499	0.469375607648031	8.39075211306956	10.2316034323004
8.87492888124132	0.368113926409872	8.15325613851785	9.59660162396479
8.57986192277266	0.419481208102894	7.75706783437254	9.40265601117278
8.54552639990628	0.398273278140667	7.7638667951782	9.32718600463436
9.10414624762364	0.37648076621532	8.36577452731522	9.84251796793207
9.79276173607268	0.448054405603312	8.914200231173	10.6713232409723
9.02175325354373	0.334474904757654	8.36605701492774	9.67744949215973
8.19501427636199	0.413884631480193	7.38254180770749	9.00748674501649
8.92576088870806	0.456898027020071	8.02912744431813	9.82239433309798
8.67962114931866	0.599415224164894	7.50110814225301	9.85813415638431
8.27959728765019	0.370076802346513	7.55397981567694	9.00521475962345
9.7172604338853	0.440807392976833	8.85272853200158	10.581792335769
9.77885522444677	0.578428335472557	8.64267231607301	10.9150381328205
8.44071602467488	0.497953417345204	7.46241132214981	9.41902072719996
8.87934083041426	0.390659517138699	8.11306956723222	9.64561209359631
8.86883346228735	0.3771211231351	8.1295716888538	9.6080952357209
9.12324521318169	0.749315651595941	7.64996896267499	10.5965214636884
9.13113006139919	0.434713157664532	8.27898721354511	9.98327290925327
9.21081620948566	0.419587747336854	8.38803270532528	10.033599713646
9.36305361679215	0.443770028222827	8.49218992497117	10.2339173086131
8.73789099202141	0.436521063320487	7.88115142627185	9.59463055777098
8.91097195026063	0.37415994155859	8.17717664563576	9.64476725488551
9.35777074773967	0.470156809839682	8.43474681472572	10.2807946807536
8.21897178886099	0.369945706103956	7.4924579705515	8.94548560717047
8.65622270537022	0.415190028490499	7.84122298998048	9.47122242075995
8.86335798224976	0.539520114292846	7.80329376189299	9.92342220260652
8.48870977000978	0.512682787336863	7.48126728025067	9.49615225976888
8.62267581258309	0.427218977039398	7.78460942244878	9.4607422027174
9.30118206181772	0.550106991026082	8.22132974361478	10.3810343800207
9.17539436990308	0.402074315893665	8.38681279646968	9.96397594333647
9.1380108395232	0.450757254875716	8.25375288329687	10.0222687957495
9.47692539181423	0.386034204500866	8.719964172168	10.2338866114605
9.07839154814238	0.385191946196602	8.32281609917704	9.83396699710772
9.17345907751185	0.439261846305396	8.31202106000773	10.034897095016
8.87769754419584	0.477390587315587	7.94099734623826	9.81439774215342
9.06687792675105	0.371290594753322	8.33870472998074	9.79505112352136
9.35426980486179	0.46405163361484	8.44421213224128	10.2643274774823
8.7523946002564	0.372653927151635	8.02176926663193	9.48301993388087
8.65474425103445	0.477489464563785	7.71719436920027	9.59229413286863
9.04202117358057	0.405770592864896	8.24616467494084	9.8378776722203
8.42318786661231	0.365395669114911	7.70657753938129	9.13979819384333
8.90548171548329	0.409412697618805	8.10249723116105	9.70846619980552
9.40523627052661	0.348438172332524	8.72208208435446	10.0883904566988
8.86595520308187	0.411281440529198	8.05841299647796	9.67349740968578
8.54262951538115	0.474908217199955	7.61020811584298	9.47505091491933
9.8066626577036	0.441603780578065	8.94049248839835	10.6728328270088
9.0281950835734	0.355152409627402	8.33196360094342	9.72442656620339
9.06401766698674	0.398053342538901	8.28354963721467	9.84448569675881
9.37349643112774	0.410296885449528	8.56906341914427	10.1779294431112
8.64724898294476	0.42806114874754	7.80715685305387	9.48734111283566
9.33860716752439	0.453266729108575	8.44977021217033	10.2274441228784
8.77585872682514	0.427109988765209	7.93765610726444	9.61406134638584
9.09976019734051	0.454323904111091	8.20864566958998	9.99087472509104
9.39296427490681	0.393087824969759	8.62221930227435	10.1637092475393
9.90621198088722	0.432300668122874	9.05819363454865	10.7542303272258
8.3009533088552	0.343545966568465	7.62734673666327	8.97455988104712
8.606714270707	0.387259976419116	7.84695551303474	9.36647302837926
9.08035761850242	0.393462144196811	8.30900225880203	9.85171297820282
9.47435992220254	0.446727363232735	8.59802010352426	10.3506997408808
9.16493712120205	0.395742610794693	8.38911185888568	9.94076238351843
9.22292125799794	0.376247086860733	8.48527387775977	9.9605686382361
8.84255105443488	0.436734371597839	7.98525055708412	9.69985155178563
9.15573100843748	0.404656094883909	8.36205183670821	9.94941018016676
9.08002762527816	0.499628023534157	8.09849878538676	10.0615564651696
9.08426207359924	0.413704716825887	8.27250430081264	9.89601984638584
8.97083645882826	0.377819434056316	8.23008822184364	9.71158469581287
9.31324048130173	0.468553478955886	8.39349459197401	10.2329863706295
8.67051062681018	0.398431178173044	7.889051850807	9.45196940281335
9.06222236321414	0.382325286062921	8.31260909355016	9.81183563287812
9.105520162476	0.41152836884085	8.29846766459947	9.91257266035253
8.90701106074201	0.411795117207749	8.09957008178812	9.71445203969589
8.79096601158473	0.374689089343105	8.05605359628681	9.52587842688265
9.18457838419937	0.374764153022787	8.44992198073916	9.91923478765958
9.04951249576201	0.416419614984198	8.23298344154908	9.86604154997493
9.18942528821803	0.58990055649581	8.03042007931663	10.3484304971194
8.92978218327415	0.412840198162042	8.12045803776072	9.73910632878758
8.77958451035724	0.352784103899131	8.08790962659037	9.47125939412412
8.75805040933016	0.421127319879586	7.93177575437893	9.58432506428138
8.5051213541965	0.426703848930965	7.66816731205115	9.34207539634185
8.82792085698648	0.399147653218125	8.0450529356286	9.61078877834437
9.25912370195029	0.367743061740056	8.53811453552584	9.98013286837474
8.99774502480371	0.557907046066777	7.90215315126409	10.0933368983433
9.22969244013697	0.54367981269759	8.16252417060814	10.2968607096658
8.81787861129429	0.423628062745523	7.98697347235869	9.64878375022989
9.08558123096848	0.368794859271742	8.36248557974764	9.80867688218932
8.47911235456566	0.377849564067402	7.73823488348663	9.21998982564468
8.22099541126859	0.472621715985203	7.29313747511452	9.14885334742267
8.44063692929929	0.385679220155413	7.68453062494532	9.19674323365326
9.54444096365379	0.459950138309024	8.64156709826771	10.4473148290399
8.34488965623544	0.424801201738514	7.51152351267333	9.17825579979755
9.2644352437139	0.477602420649998	8.32672843060579	10.202142056822
9.40995475309905	0.427401730441086	8.57164491070777	10.2482645954903
8.75645051860701	0.345582004197589	8.07885098041242	9.43405005680161
9.53475403764102	0.482899201857227	8.58778347014468	10.4817246051373
8.64444766683758	0.389949239357819	7.88000993856934	9.40888539510583
9.28950076578958	0.477784338116366	8.35204211028193	10.2269594212972
8.98032602056506	0.456541830888778	8.08423030822035	9.87642173290976
8.95280029370022	0.611980635574368	7.74968998123857	10.1559106061619
8.48893784972678	0.33456190758649	7.83251656885248	9.14535913060108
9.01350801742642	0.420184386944786	8.18911354020844	9.8379024946444
9.57896425069953	0.471884264001011	8.65309603666575	10.5048324647333
9.24266443833291	0.384465579562153	8.48890909192803	9.99641978473779
9.04543508437	0.606704045754896	7.85281990659878	10.2380502621412
8.93456660934533	0.409716763261841	8.13077518946253	9.73835802922813
8.9543113637952	0.479894705903478	8.01250871385331	9.89611401373709
9.29990998844783	0.404669663936651	8.50595540589122	10.0938645710044
8.66175594452653	0.379063353483924	7.91800678163165	9.40550510742142
8.95366369783298	0.427090717113813	8.11557352118076	9.7917538744852
9.14374647249438	0.378559196923318	8.40143375994642	9.88605918504234
8.98301002805372	0.464249854919997	8.07225803789222	9.89376201821522
8.80332764033374	0.423433255833808	7.97233660943324	9.63431867123423
9.43450147720224	0.470395401186142	8.51175774919433	10.3572452052102
8.90361778164818	0.463745270336929	7.99390009707719	9.81333546621916
8.73523224006032	0.462373328428418	7.82790999076998	9.64255448935065
8.76892313754383	0.500688408985789	7.78541826912448	9.75242800596317
9.04743382739268	0.424564817112073	8.21395047230753	9.88091718247784
9.01344746988949	0.457046867935239	8.11600173425903	9.91089320551994
9.46544103860651	0.49473236401924	8.49505342362929	10.4358286535837
9.42693174349348	0.484352158466513	8.4766196040663	10.3772438829207
8.99602689067432	0.41276766473733	8.1864112409954	9.80564254035325
9.46039779364076	0.370318767750474	8.73419995839634	10.1865956288852
8.9908621455655	0.4450124000575	8.11808619009268	9.86363810103833
9.03498253245403	0.432894413805698	8.18543629512752	9.88452876978054
9.29167649286883	0.447514603911088	8.41370795313103	10.1696450326066
9.13733085977661	0.431145218184147	8.29172194494281	9.9829397746104
