estFinal_ps2	sdFinal_ps2	X1	X2
8.37375713550878	0.328287352381641	7.73028104448772	9.01723322652985
9.72791404407708	0.400500670346367	8.94292464468078	10.5129034434734
8.45143794547444	0.303463655915366	7.8566116211429	9.04626426980598
8.32959884680818	0.293221191073479	7.75485471982489	8.90434297379148
8.99690311640345	0.340191324370773	8.33011448844393	9.66369174436298
9.04890014861152	0.391872863121754	8.28080589683278	9.81699440039025
9.06886811684048	0.317903371448779	8.44575334814875	9.69198288553221
8.63098321983382	0.323708204823455	7.99649971487321	9.26546672479443
9.46602421841275	0.390241692641444	8.70114890998578	10.2308995268397
8.87241786302973	0.333506262007422	8.21871227005261	9.52612345600686
8.87967615708318	0.336277480840427	8.22053997063637	9.53881234353
9.5080602615609	0.383447731236565	8.75650070683109	10.2596198162907
8.98049404916908	0.317854113822935	8.35746924464132	9.60351885369684
8.77796627727351	0.363159854385074	8.06615956992565	9.48977298462136
9.23335602640112	0.366887730210982	8.51422350493883	9.95248854786342
8.95839217321676	0.321278672989647	8.32865468085645	9.58812966557707
9.13180533535741	0.351646486281109	8.44254089606378	9.82106977465104
9.0833356146098	0.387923800817556	8.3229927991872	9.84367843003239
9.5248286481745	0.328309255429143	8.88129719015648	10.1683601061925
9.41662121636875	0.37696235794051	8.67775785833246	10.155484574405
8.84568392797674	0.343555146462567	8.17228975298836	9.51907810296511
9.35410041318547	0.3420699725817	8.68363371640328	10.0245671099677
9.12905666687974	0.341449077546083	8.45978669220663	9.79832664155286
9.71295095220477	0.433728078066945	8.86283427318878	10.5630676312208
9.07733647633295	0.371768247915148	8.34864570761967	9.80602724504623
9.22316403246475	0.356060253974247	8.52528042508557	9.92104763984393
8.91570875793195	0.32996435431109	8.26894585124153	9.56247166462237
8.61405342588737	0.362068051846123	7.90437535880569	9.32373149296906
8.96758059193625	0.372526338444809	8.23737652463876	9.69778465923374
8.28728154285358	0.343751677668683	7.61348899693005	8.96107408877712
8.76441935453397	0.355695063593945	8.06723406044021	9.46160464862772
9.06366151505115	0.318186927809777	8.43998722592771	9.68733580417458
9.22922184431201	0.343760055296223	8.55542866760254	9.90301502102148
8.72398240304982	0.33371785275137	8.06987984510462	9.37808496099501
9.19503750229608	0.346013420619852	8.51682365941322	9.87325134517894
8.64007539673393	0.29248127522316	8.06674617854433	9.21340461492353
9.0741149146617	0.310288208514855	8.46591761365504	9.68231221566836
9.25782718265136	0.394625567987884	8.48435439346205	10.0312999718407
8.82768918722203	0.369105408396599	8.10422960727793	9.55114876716613
9.41969140019261	0.376083884540046	8.68256047879208	10.1568223215931
8.94228155656557	0.308862584292438	8.33688521771339	9.54767789541774
9.34077831266678	0.344177408333327	8.6661579861592	10.0153986391744
8.49961417492145	0.323417628084573	7.86568178119415	9.13354656864874
8.65350628305865	0.346594691338177	7.97416545255558	9.33284711356171
9.38488113569504	0.369623876542075	8.66039043143176	10.1093718399583
9.98313412386649	0.388090006387867	9.22246358703113	10.7438046607019
9.17875372386685	0.347672566259795	8.49729424074187	9.86021320699183
9.14867045350008	0.359363051803981	8.44429595987697	9.8530449471232
8.08416396448826	0.306203807765113	7.48397530502786	8.68435262394867
8.48336328084951	0.32812340417434	7.84021794382534	9.12650861787368
8.9167613417746	0.31598774801135	8.29738573683737	9.53613694671184
9.42359825882221	0.357535450024932	8.72281970457169	10.1243768130727
9.42809660054761	0.380802051990483	8.68169947648022	10.174493724615
8.69534148623971	0.377690668887508	7.95502149670265	9.43566147577677
8.51414939092201	0.306125112975031	7.91408888857889	9.11420989326513
9.53775756599148	0.371489976335613	8.80962282032014	10.2658923116628
8.78366367306386	0.336276733833744	8.12453560935757	9.44279173677014
8.54460245419104	0.299183755126231	7.95815701480924	9.13104789357284
9.1275083862871	0.323261208144785	8.49389280320798	9.76112396936622
8.59538813093914	0.316893431443117	7.97425085084713	9.21652541103116
9.16817349153758	0.338143751677631	8.5053932380343	9.83095374504086
8.47717825512673	0.299974194488799	7.88914082271212	9.06521568754135
9.4033160096725	0.369552262339405	8.67898411123665	10.1276479081083
9.04652705946867	0.393016865443954	8.2761881249265	9.81686599401084
9.04143732776649	0.311045975695657	8.43177057039108	9.6511040851419
9.29274395638782	0.343267752630236	8.6199210667415	9.96556684603415
9.24725189601122	0.329858201256519	8.60071008253083	9.89379370949161
9.44289265725008	0.346118431301333	8.764474448313	10.1213108661872
8.88260094204833	0.333875302309922	8.22818615180942	9.53701573228724
8.95399728624362	0.363547960639255	8.24142644229097	9.66656813019628
8.74036497021939	0.368494512828781	8.01810424250949	9.46262569792928
9.0294994952197	0.317204146634781	8.4077413844889	9.65125760595049
9.13698564885258	0.378463953454068	8.3951761645968	9.87879513310835
9.05926894838328	0.359773359903213	8.35410041091663	9.76443748584992
8.38249242801682	0.337563080798034	7.7208304743163	9.04415438171733
9.08285629678856	0.380875059397612	8.33633517009273	9.82937742348439
9.1755264866235	0.343113039893756	8.50296595875555	9.84808701449145
9.03361604241492	0.349518699063525	8.34853276409759	9.71869932073225
9.34498657162498	0.329706965326134	8.69874274393711	9.99123039931285
8.82395696726438	0.292584702315087	8.25047663668341	9.39743729784534
8.84277330342205	0.303511309856312	8.24786592227527	9.43768068456884
8.58819869458051	0.339716948535541	7.9223160791245	9.25408131003651
9.25438662097519	0.32943364100916	8.60866823327821	9.90010500867217
9.66058326573583	0.391632864368467	8.89298670047007	10.4281798310016
9.20425605317597	0.371482000889884	8.47613762019344	9.93237448615849
8.54210711602389	0.345305547596655	7.86529577937846	9.21891845266933
8.7852131992975	0.358097222886742	8.08332540630147	9.48710099229353
9.33732551336179	0.420466495948567	8.51319111621761	10.161459910506
9.60588724706293	0.406751388115757	8.80865507468207	10.4031194194438
8.94982189351995	0.323905329195985	8.31496165720331	9.5846821298366
8.64899211596078	0.301589487669513	8.05783492261806	9.2401493093035
9.36206923576839	0.38169538235892	8.61393367281159	10.1102047987252
8.83583084321701	0.34617228952426	8.1573186878036	9.51434299863041
9.00312642361638	0.298135605716515	8.41873810999605	9.58751473723671
8.9211027425965	0.346776130227015	8.24140897501247	9.60079651018052
9.04817705374336	0.328018837828815	8.40524089042816	9.69111321705857
8.87493541222438	0.311141573789044	8.26505306348479	9.48481776096398
8.98822799367269	0.380798807486357	8.24181399045893	9.73464199688644
9.23254221545641	0.340293928476703	8.56553850172228	9.89954592919053
9.19398203881017	0.371850739232291	8.46514448364218	9.92281959397816
9.12178973994637	0.339171201743457	8.45698423140566	9.78659524848707
8.91013056048976	0.348662644034544	8.22674462613638	9.59351649484314
8.84233248338486	0.354665064194618	8.1471492759063	9.53751569086342
9.3707170729497	0.337823146853026	8.70857640748364	10.0328577384158
8.29729666544294	0.313531488947356	7.68273481244703	8.91185851843886
9.28595388462904	0.350198509844013	8.59954912533138	9.9723586439267
8.84106998439148	0.365220427785439	8.1252156666632	9.55692430211976
9.10843136096499	0.360287523856647	8.40225017438116	9.81461254754882
9.26793070361319	0.34981389604942	8.5822656356864	9.95359577153998
8.95521592169028	0.304975611358567	8.3574196156173	9.55301222776327
8.68860113850353	0.333518485737015	8.03485958067204	9.34234269633502
9.59365509903819	0.377993715399719	8.85275141387296	10.3345587842034
9.22438561832102	0.411269841827232	8.41827882745891	10.0304924091831
9.38368763953106	0.392286521146503	8.61479361925491	10.1525816598072
9.06026034518775	0.38698149793534	8.3017662352817	9.8187544550938
9.02315041795934	0.294371257507444	8.44614294695045	9.60015788896822
8.22047082920649	0.349355541127879	7.5356983851121	8.90524327330088
9.46623861546171	0.349576407378928	8.78103984285221	10.1514373880712
8.20358354509797	0.316961118519218	7.58231498357442	8.82485210662153
8.70118843139051	0.297193556333589	8.11865949820389	9.28371736457714
8.13937845576765	0.318414051733395	7.51522297290049	8.76353393863482
8.58615533718015	0.339471122629663	7.92071778012075	9.25159289423955
9.34340727353449	0.338503194790218	8.67991767542676	10.0068968716422
9.03439551407114	0.364478387570982	8.32000664001218	9.74878438813009
8.53347265101328	0.350789177763387	7.84590721202355	9.22103809000302
9.36097251456296	0.33609592629437	8.7022060179101	10.0197390112158
8.8080071348986	0.327717021709632	8.16566344465269	9.45035082514451
9.29018424090931	0.344499597583463	8.61492314667431	9.96544533514431
9.41568026116618	0.364279588979689	8.70166351093818	10.1296970113942
9.21758233175154	0.376431853047137	8.47976368169156	9.95540098181151
9.86530033373583	0.354547684386635	9.1703746906942	10.5602259767774
8.51338886077389	0.32746536679814	7.87154494993528	9.15523277161251
8.47099076231604	0.309224399914287	7.86485857146173	9.07712295317035
9.28601638608749	0.359899735315753	8.58059724768036	9.99143552449461
9.57728426947896	0.389014785616987	8.81479810546938	10.3397704334885
9.64412295060347	0.380409933891531	8.89850377746856	10.3897421237384
9.12427703344133	0.363259685735114	8.41226976344287	9.83628430343979
9.24505560423029	0.354524076236562	8.55016134884948	9.9399498596111
8.92262408959639	0.338933800180334	8.25823070188161	9.58701747731116
8.98095759991006	0.321846182668407	8.35011546834912	9.611799731471
9.19578446993082	0.390788590867512	8.42983805344658	9.96173088641507
8.93439377933332	0.310280087778563	8.32624037873416	9.54254717993249
8.83875891855462	0.346275607354302	8.16003766330813	9.5174801738011
9.09361565224565	0.37101245394093	8.36642402877817	9.82080727571314
9.24773016938529	0.396264268547141	8.47103375653204	10.0244265822385
9.19359026380282	0.406509298946923	8.39683134485715	9.9903491827485
8.54581981675947	0.301651728207785	7.95451340112683	9.13712623239211
8.74009679859956	0.346460640773575	8.0610086305673	9.41918496663181
9.38068925175558	0.348606546368715	8.69738552868875	10.0639929748224
8.81223605154225	0.343320237673253	8.13928598151658	9.48518612156792
9.66458299167474	0.386356585712645	8.90731326606025	10.4218527172892
8.63484286462938	0.382448267068395	7.88523224557973	9.38445348367902
9.66518924427709	0.385438044488822	8.90973081028249	10.4206476782717
9.39560362909103	0.36207403330835	8.68593236746645	10.1052748907156
9.21151013423402	0.335491023572831	8.55393122214661	9.86908904632142
9.81599508572842	0.3844680068087	9.06242810417269	10.5695620672841
9.2115541034715	0.393838800360042	8.43962296168285	9.98348524526015
9.12767066607903	0.336934600553285	8.46717913974807	9.78816219241
9.18904041495768	0.325944829341757	8.55015455773432	9.82792627218104
8.38275809217681	0.316223686259167	7.76292749643729	9.00258868791633
8.96696078776936	0.339712054109908	8.30110456827097	9.63281700726774
9.31955873907661	0.374156878421289	8.58621096691649	10.0529065112367
9.20154100158136	0.347386515070206	8.52061329581522	9.8824687073475
8.9167695410004	0.317866360731089	8.2937011663301	9.5398379156707
9.15229375107594	0.379439138351835	8.40857643578109	9.89601106637079
9.55075691574033	0.376657539808567	8.81246834468877	10.2890454867919
9.25119830066627	0.336322728192923	8.59197877183827	9.91041782949427
9.21394192598354	0.347306710660638	8.53318953472827	9.89469431723881
9.15151784816154	0.350996986577993	8.46354595558129	9.8394897407418
9.55465498852092	0.421779047305866	8.72793760375444	10.3813723732874
8.65996852812949	0.34646531543861	7.98086290285121	9.33907415340778
9.11690657455295	0.392438016370843	8.34769716262045	9.88611598648546
9.19045678718916	0.384199093617431	8.43741948475013	9.9434940896282
9.13820988806965	0.365184527238514	8.42241983587834	9.85399994026096
8.80802658997283	0.32609437949911	8.16883307838151	9.44722010156416
8.10213210724168	0.319044602364688	7.47673331669351	8.72753089778984
8.78090708525602	0.367167058422207	8.06125476569924	9.5005594048128
9.035538827528	0.328278882597273	8.39208724571065	9.67899040934535
9.2979985958718	0.351056674888869	8.60990095951736	9.98609623222624
8.84499193041577	0.32820583788099	8.20169467889375	9.4882891819378
9.74659918357671	0.385173207739148	8.99166207714479	10.5015362900086
8.79123831322806	0.331282491127206	8.14188234787877	9.44059427857736
9.11524207243156	0.371521006450169	8.38705810973636	9.84342603512675
8.48114509194643	0.338405130771292	7.81786142628522	9.14442875760763
9.12343471633043	0.361819843268425	8.41424961428758	9.83261981837328
8.90926626409916	0.364923041163583	8.19398154923619	9.62455097896214
8.6049758475902	0.316296964052688	7.9849950620684	9.224956633112
8.36049300167028	0.326913912651657	7.71969275123868	9.00129325210187
8.88603142802459	0.345776629226714	8.20829601753057	9.56376683851862
8.80045691624424	0.338706666619874	8.13657214294217	9.46434168954631
9.47358407720362	0.344535905974051	8.79826111930756	10.1489070350997
9.46135287796202	0.407670479161562	8.66231388439099	10.260391871533
8.85236264203896	0.323868187869852	8.21755918638711	9.48716609769081
9.14753563622053	0.376390422963695	8.40980733015399	9.88526394228706
9.17995841705719	0.349999364993918	8.49394133381631	9.86597550029807
9.52162053751302	0.375591875314478	8.78543739770979	10.2578036773162
8.71776634349284	0.330423579029149	8.07012351793755	9.36540916904814
8.33051906570065	0.330307810361461	7.68309365174871	8.97794447965259
9.28527208466977	0.319149095938422	8.65972739833753	9.910816771002
9.32098906413934	0.371251550204972	8.59331977693832	10.0486583513404
9.2151047468236	0.328810409763653	8.57059629152944	9.85961320211775
9.0916763625767	0.313251920642085	8.47766355427638	9.70568917087701
8.68735408305069	0.322329690823427	8.05556765615185	9.31914050994952
9.60969669024929	0.384090014176565	8.85686466361632	10.3625287168823
9.72455552192396	0.398340885156751	8.9438062639829	10.505304779865
8.99114013003274	0.344512379615286	8.31587966150174	9.66640059856374
8.79870265199823	0.304122326560419	8.20259288904309	9.39481241495338
8.91360316427892	0.324327518543448	8.27790694472574	9.54929938383211
9.59995976396445	0.3820072563997	8.85120402355518	10.3487155043737
8.58232027936801	0.318021003018156	7.95895751032638	9.20568304840965
8.92842009927151	0.303339230129386	8.33383701212639	9.52300318641663
9.19948256404501	0.408141729387357	8.399524351801	9.99944077628902
8.58217131147738	0.335565888960864	7.92442792045692	9.23991470249784
9.0468715076132	0.320568696281112	8.41853670066052	9.67520631456589
8.93857897028983	0.361843621190671	8.22934254956636	9.64781539101329
9.10121324736611	0.336609992237002	8.44143839665003	9.7609880980822
8.78667069277608	0.327716852955596	8.14434036425564	9.42900102129652
8.95894373767521	0.349700774148858	8.27346815698118	9.64441931836924
9.14728520503255	0.407241922716019	8.3490888136572	9.9454815964079
8.9087197117727	0.33227069230679	8.25742741840044	9.56001200514495
9.02393674549599	0.368608123711935	8.30142094072761	9.74645255026437
9.51500654817615	0.354010119530222	8.82112812722147	10.2088849691308
9.50289498216456	0.354324671610995	8.80840762399614	10.197382340333
8.81897446788356	0.377108554706042	8.07982108136296	9.55812785440415
8.79470018398611	0.336759151252686	8.13461976130285	9.45478060666937
8.72985134557038	0.282654359007185	8.17580508635804	9.28389760478272
8.64653798893518	0.33196732845323	7.99582665816041	9.29724931970994
9.26711800955657	0.437007872541576	8.41058078698346	10.1236552321297
9.45516019297682	0.391685424505661	8.68738691997017	10.2229334659835
9.28265125795604	0.314264227084974	8.66665890850094	9.89864360741115
9.00962029272102	0.374136712605968	8.27629406148603	9.742946523956
8.47076405803193	0.348202350549226	7.78827386918335	9.15325424688051
8.99785579707932	0.364098068512143	8.28421768585709	9.71149390830155
9.6763206032592	0.406045667898456	8.88045778726672	10.4721834192517
9.02150058253718	0.356485328218449	8.32277724224398	9.72022392283039
8.86382030167261	0.328500359312657	8.21991437160868	9.50772623173655
8.89626160122008	0.346461195203154	8.21718166031589	9.57534154212428
8.22720405186352	0.314220715707873	7.61129733875904	8.843110764968
8.22701381509357	0.279498049203089	7.67915926255216	8.77486836763498
8.84470515561679	0.344157237515352	8.17011478631859	9.51929552491499
9.51537085501944	0.368851310034298	8.79241122651593	10.238330483523
8.86670786745321	0.408562120419501	8.06591785559011	9.66749787931631
8.94963553009947	0.341673815060935	8.27993639947938	9.61933466071957
8.58420647799387	0.30728601063255	7.98187912437299	9.18653383161475
9.12723343543399	0.350416518515603	8.44039580147003	9.81407106939795
9.21050464874452	0.340226042884708	8.54364492786596	9.87736436962308
9.57773621368625	0.373109857005461	8.84642658969618	10.3090458376763
9.05827644460516	0.327613196274325	8.41609545897232	9.70045743023801
9.01565385197528	0.33262115610469	8.36369623013315	9.66761147381742
9.13294487711689	0.326427915595403	8.49311770642705	9.77277204780673
8.39947958434808	0.299613175365569	7.8122138587397	8.98674530995647
8.58785716913673	0.299806351744734	8.0002175860085	9.17549675226496
8.40919414212312	0.321587294732895	7.77884139986805	9.03954688437819
8.72195338642227	0.316847921893557	8.10088315608123	9.34302361676332
8.46778627687524	0.333841621469124	7.8134324343853	9.12214011936519
9.00759143415231	0.360033259492425	8.30188017319649	9.71330269510812
9.32909482929907	0.359466052725428	8.62453058003348	10.0336590785647
8.95879469280374	0.34345012679456	8.2855975511521	9.63199183445537
8.68758609336193	0.332884668860295	8.03510222237737	9.34006996434648
9.34847287029443	0.381628736304644	8.60047403668441	10.0964717039044
8.96892663458964	0.306013511095121	8.36908756333664	9.56876570584264
8.94626728995648	0.387016439878844	8.18770070049613	9.70483387941683
9.43581119361504	0.367296961608694	8.71586345802913	10.1557589292009
8.96593121286386	0.29471742032679	8.38823406448628	9.54362836124145
9.23956017200808	0.328213684543591	8.59624939487743	9.88287094913873
8.89974293362845	0.337342283391844	8.23852425889269	9.56096160836421
8.64249551281069	0.313377127520353	8.02822820458586	9.25676282103553
9.06728557194245	0.321419445716947	8.43728479940832	9.69728634447658
9.30318923988104	0.393337592959888	8.53223930488637	10.0741391748757
8.12098258172428	0.329914420195887	7.47429292568982	8.76767223775875
9.08777069399089	0.333331525458418	8.43440014385996	9.74114124412183
9.09264275182267	0.371519863986589	8.36445880932549	9.82082669431985
8.7403034716815	0.336088406832578	8.08155678910597	9.39905015425703
9.02021832662164	0.31346812246285	8.40577146761365	9.63466518562962
8.68696278862425	0.341391034373244	8.0177775203643	9.3561480568842
9.22234312531399	0.332992352128725	8.56965723155276	9.87502901907523
8.5898616166035	0.348718865939194	7.90634404744856	9.27337918575843
8.9311539314779	0.371893886136436	8.20220484837439	9.6601030145814
9.21919385235002	0.367011607455162	8.49983244487592	9.93855525982413
8.71394129103672	0.315555161508304	8.09541742691299	9.33246515516044
9.52343925503769	0.390085338367408	8.75886659617471	10.2880119139007
8.62863143551873	0.316620678597272	8.00801681742848	9.24924605360898
8.66253228452161	0.32299631554436	8.02939703494783	9.29566753409539
8.80224184618162	0.346413831103146	8.12324847425275	9.4812352181105
9.35280579543378	0.374313507799183	8.61913856998771	10.0864730208799
8.36962684258108	0.304746712029041	7.7723045342266	8.96694915093556
8.78936077547102	0.331388807127998	8.13982514430297	9.43889640663906
9.20477118395461	0.340304105401068	8.53775637879838	9.87178598911083
9.54547519224972	0.382425588784188	8.79591271891624	10.2950376655832
8.90820980020973	0.369896055412018	8.18320101500091	9.63321858541854
9.30789914130579	0.372622646037527	8.57754252356525	10.0382557590463
8.71932030353817	0.32464935116525	8.08296053201514	9.35568007506119
8.81591886029885	0.326778796813031	8.17539429721361	9.4564434233841
9.00932569022324	0.365511101684149	8.29291132473434	9.72574005571214
9.0917220419472	0.351214133559109	8.40333395558958	9.78011012830482
9.11127003139053	0.3259437843409	8.47238843693187	9.75015162584918
9.26991061314973	0.368213018964994	8.54819939675275	9.99162182954671
9.20040164762972	0.36379130084256	8.48736168262895	9.91344161263048
8.67853581686642	0.355665291229131	7.98136836834617	9.37570326538667
9.21911317143814	0.392112607456032	8.45056278277838	9.98766356009791
9.50603580764444	0.403687004184364	8.71479749343317	10.2972741218557
9.40961066032968	0.380950479301407	8.66292621457535	10.156295106084
8.88909680024195	0.332733731756031	8.23688474359599	9.54130885688791
9.31264406120328	0.344815184325372	8.63677787521235	9.98851024719421
9.27246384276205	0.353856467413488	8.57887480812977	9.96605287739433
9.25106481121279	0.374455075028991	8.51711251655111	9.98501710587448
8.78702776802574	0.338612253370677	8.12334130838628	9.45071422766519
8.93270989868453	0.318673402755133	8.3080748591443	9.55734493822476
9.21297913192854	0.340307457763351	8.54594697927599	9.8800112845811
9.04164164673597	0.354876326762522	8.34606949344505	9.73721380002689
9.29890784805096	0.372682882880623	8.56843943956741	10.0293762565345
9.21889621482766	0.356478009231681	8.52018584189643	9.91760658775889
8.7113347842876	0.324238713240666	8.07579347136509	9.34687609721011
9.33222733681457	0.372981314432426	8.60116754127559	10.0632871323535
9.50786157636165	0.370501227119781	8.78165917647317	10.2340639762501
8.99093591981706	0.34291124249507	8.31880801971328	9.66306381992085
9.1955025069288	0.317276815675166	8.57361560160533	9.81738941225226
8.50455098498497	0.303661652882384	7.90934931176231	9.09975265820764
9.09301275665802	0.33734125900816	8.43179150475454	9.75423400856151
8.96703316480528	0.335779818073065	8.30886094320093	9.62520538640964
9.16230829613865	0.330587262643807	8.51433734618885	9.81027924608844
8.66079275493828	0.3387354286533	7.99685624622592	9.32472926365064
9.55707353594123	0.35811125472163	8.8551655243232	10.2589815475593
8.51595764405792	0.318181438928268	7.89226371277188	9.13965157534395
8.26684657872393	0.32576131001389	7.62831685538829	8.90537630205956
8.78294798139033	0.377351521161019	8.04333048646327	9.5225654763174
9.59647706609646	0.396708223814504	8.81892283284797	10.374031299345
9.12788980611687	0.338952221701929	8.46352399377261	9.79225561846112
8.84089552942387	0.3046251339437	8.24382391899339	9.43796713985435
8.4679352274598	0.327732789216666	7.8255376213638	9.11033283355581
8.7902045100707	0.321493347279186	8.16002632269365	9.42038269744774
9.2715965202734	0.365940042142082	8.55434851337565	9.98884452717116
8.6869379303568	0.312797651015572	8.07382686035068	9.30004900036292
9.25929640076448	0.386861024845816	8.50103667637553	10.0175561251534
9.0985319381416	0.390274820894247	8.3335860524018	9.86347782388141
8.77261626598982	0.312349292553353	8.16037969283777	9.38485283914187
8.60522802354603	0.320791296605186	7.97643674599792	9.23401930109415
8.91179113907423	0.32043582426921	8.28369116947541	9.53989110867305
9.03189076893339	0.376594259442323	8.29375236596744	9.77002917189935
8.83236964736174	0.313049699910859	8.21876795617217	9.44597133855131
9.34884080048813	0.320793845191745	8.72007528298254	9.97760631799372
8.77901150526184	0.311813703762263	8.16780782449059	9.3902151860331
8.44770335400226	0.301304706407315	7.8570644933692	9.03834221463532
9.02703200219804	0.342519656611899	8.35567210988543	9.69839189451066
9.02696924903513	0.32244206338344	8.39495109338052	9.65898740468973
9.29219988539118	0.377266619152514	8.55271982873841	10.031679942044
8.77011146005269	0.317530563329819	8.14771938765311	9.39250353245227
8.71710702729435	0.340546941297904	8.04962373272508	9.38459032186362
8.86455314051189	0.34159064436356	8.19501762290251	9.53408865812128
9.62086918749447	0.385548950329374	8.86518143668815	10.3765569383008
9.71960827291957	0.377706241930757	8.97928949057658	10.4599270552626
9.25707015016946	0.354421446183767	8.56233732741828	9.95180297292064
8.95562690063729	0.355361620958033	8.25910270854316	9.65215109273142
8.49775823655999	0.312311611658361	7.88560726097202	9.10990921214795
8.72969470678202	0.315258655570663	8.11176730587064	9.3476221076934
9.12235146920333	0.360010475170605	8.41667411455911	9.82802882384754
9.14513201990546	0.359050811596478	8.44137318049032	9.84889085932061
8.8425913738461	0.324807712808329	8.20594008066912	9.47924266702308
9.41823161466022	0.376685894631328	8.67990467246196	10.1565585568585
8.78329599524687	0.322161664999533	8.1518455373582	9.41474645313554
9.24635765618116	0.338618229212452	8.58265482167646	9.91006049068586
8.57002250759578	0.36341895597538	7.85771435788721	9.28233065730434
8.49149336169043	0.28737041425274	7.92820302379147	9.05478369958939
8.87411874634157	0.303656673231107	8.27880332743201	9.46943416525113
9.11100766486171	0.338590718435346	8.44735153231025	9.77466379741317
9.1305537436268	0.316297702919535	8.51057974983564	9.75052773741795
9.05773778822124	0.347901697575286	8.37574380703048	9.739731769412
9.10036775371885	0.379048874129685	8.35742088897003	9.84331461846766
8.86610182134567	0.363554704069328	8.1535147849113	9.57868885778004
8.543960040915	0.318103906158198	7.92045335867107	9.16746672315894
8.58850110282954	0.331282784945462	7.93907046209024	9.23793174356884
9.07543847835644	0.329021805673183	8.43050349087632	9.72037346583657
8.90777937387387	0.340138515540942	8.24106177884489	9.57449696890286
9.25249587646852	0.408385530769113	8.45203073674659	10.0529610161905
8.91860496533592	0.367489344688012	8.19830512011651	9.63890481055532
9.50088321402529	0.392941526437493	8.73071016021887	10.2710562678317
9.07229919329045	0.340627027692403	8.40465645227366	9.73994193430724
8.66973492514106	0.345896969462313	7.99174309643211	9.34772675385002
9.22374790036043	0.380178589283991	8.47858078336223	9.96891501735864
9.15041285908891	0.358083196282251	8.44856169289065	9.85226402528717
9.94688375138888	0.416791750361462	9.12996745611772	10.76380004666
9.27761009918777	0.359829454752747	8.57233629464877	9.98288390372677
8.84406618617072	0.328646423395388	8.19987770890886	9.48825466343258
8.91965756449675	0.362454429281145	8.20921775997325	9.63009736902024
8.79780795561837	0.297360107805081	8.21493648339719	9.38067942783954
9.13025015227046	0.355252953263944	8.43392628290322	9.8265740216377
8.89423620753786	0.34040258083781	8.22699327012928	9.56147914494644
9.02922757783086	0.314271952019226	8.41318349348836	9.64527166217336
9.14387247082015	0.359012222063038	8.44017525562231	9.84756968601798
9.12791965761854	0.378415172186923	8.38621979456615	9.86961952067093
8.78149246060793	0.341938443549776	8.11126277313125	9.45172214808461
9.54039579155993	0.360955818561426	8.83289852502336	10.2478930580965
9.32932866747401	0.360380626640596	8.62294241859518	10.0357149163528
8.99367059802019	0.332947081525188	8.34102511869751	9.64631607734287
8.9377473489871	0.322026751162896	8.30655447512266	9.56894022285154
8.81226461184847	0.358947518558406	8.10870418436248	9.51582503933446
8.79335307476406	0.333496176048797	8.13965944108227	9.44704670844584
8.46434422541624	0.294966448904582	7.88613009422545	9.04255835660703
9.20924735413223	0.312862286964993	8.59601991101105	9.82247479725341
8.7953861123759	0.359584237723775	8.09057562146718	9.50019660328462
10.0699765278709	0.395849458464331	9.29409258949419	10.8458604662475
9.16076878723478	0.310800127336798	8.55158777771397	9.76994979675558
8.99519892710428	0.34150387746452	8.32581928113718	9.66457857307138
9.31318930000784	0.383737075551937	8.56105178149412	10.0653268185216
9.22842857575997	0.353623638802097	8.53530842340754	9.9215487281124
9.88329632430346	0.366137973320391	9.16561735387009	10.6009752947368
8.68764584907768	0.309196486112369	8.08158626251661	9.29370543563874
8.66430494250382	0.324234679953587	8.02876910085191	9.29984078415574
9.41230549215027	0.378392613992548	8.67060292281777	10.1540080614828
9.11246434030196	0.375242742824266	8.37698475956594	9.84794392103797
8.72541416159232	0.352420053333251	8.03465147944389	9.41617684374074
9.26966427580034	0.387890161348046	8.50937157357406	10.0299569780266
9.03775738842037	0.333595260533602	8.38389653026877	9.69161824657197
9.38300181587898	0.365195727517783	8.66719066737205	10.0988129643859
9.42456088772774	0.407515705178987	8.6258237109033	10.2232980645522
9.25112637074952	0.301506207632156	8.66013377873587	9.84211896276317
8.85898554121023	0.316853551942252	8.23792116950447	9.48004991291599
9.1933468520043	0.330371673315181	8.54578780626802	9.84090589774058
8.91061208492243	0.341728056644176	8.24078993795755	9.58043423188731
8.93883702387825	0.341337780527145	8.26975153955869	9.60792250819781
9.15345653601844	0.335167115525272	8.49649213772287	9.810420934314
9.73507287991516	0.361276776349169	9.02694157921021	10.4432041806201
9.6607479357113	0.434398090017805	8.80932352715447	10.5121723442681
8.87899224210065	0.308133076360062	8.27503628957639	9.48294819462491
9.40528986429061	0.37515920039597	8.66996881352453	10.1406109150567
9.11526026465507	0.385467036338299	8.35972095814768	9.87079957116246
9.38989483118637	0.341468581817239	8.72060329097339	10.0591863713994
9.39316226412499	0.357924858731496	8.69161079318064	10.0947137350693
8.63227399437441	0.330562516214272	7.98432405437176	9.28022393437707
9.275836318067	0.36982461214531	8.55096084815731	10.0007117879767
9.17522243010324	0.362662289281296	8.46435734615721	9.88608751404927
8.93820851452006	0.347714480130411	8.25665904010935	9.61975798893077
8.85370449683525	0.317218772530025	8.23194685522189	9.47546213844862
8.69805219766057	0.317005058301366	8.07667785136389	9.31942654395726
8.6237677237324	0.306610973860275	8.02279586804646	9.22473957941835
8.44060511288366	0.338860703340587	7.77638772185774	9.10482250390957
8.90459416132346	0.316229004184536	8.28473419384034	9.52445412880658
9.40721188429749	0.336187505985617	8.74827771595932	10.0661460526357
8.7372264396334	0.318724363313199	8.1124837094986	9.36196916976821
8.88214693241438	0.364522924860491	8.16765966190235	9.59663420292641
9.32364841088821	0.391786996007815	8.55573473286699	10.0915620889094
8.72221446450038	0.344510308732979	8.04694525967861	9.39748366932216
8.73957813104293	0.327497856195697	8.09766604132565	9.38149022076021
9.3368907997177	0.416975407752163	8.51959958647473	10.1541820129607
8.45743717802576	0.340589179294285	7.78985808103747	9.12501627501406
8.78171129858892	0.337368683218695	8.1204389718207	9.44298362535714
9.61169962278751	0.375539478444163	8.87563655003805	10.347762695537
8.93261686588189	0.347649788282002	8.25119038819228	9.6140433435715
8.97687374227237	0.341123877698105	8.3082368571702	9.64551062737454
8.46145385265533	0.362873636391377	7.75020421143965	9.17270349387101
9.21695974749298	0.35000557609953	8.53092691545645	9.90299257952952
8.98483029324318	0.366734256106646	8.2660078269269	9.70365275955946
8.91292433237293	0.428106938605776	8.07382946541576	9.75201919933009
9.53354692020539	0.382742856881324	8.78336704850095	10.2837267919098
8.61952051813212	0.347638402894016	7.93813342955692	9.30090760670732
9.10120270253662	0.332394157734085	8.44965120326978	9.75275420180347
9.28014292231682	0.353911491859229	8.58646305580526	9.97382278882838
8.48399795727191	0.295202343246444	7.905356078547	9.06263983599682
8.72478552340099	0.364511906012581	8.01032654598505	9.43924450081694
8.78447704818088	0.316394544480815	8.16431842905638	9.40463566730539
8.84391239831745	0.351683768374141	8.15457889932863	9.53324589730626
9.1523429726933	0.364125138118349	8.43864985505702	9.86603609032959
9.26422747019368	0.333417482906019	8.61071558915686	9.91773935123051
9.25354982527172	0.338291323538748	8.59043845291952	9.91666119762391
8.62608614870086	0.382365280838592	7.87663804174433	9.37553425565739
8.5940257542674	0.320898670712169	7.96504013919571	9.22301136933909
8.97771228726372	0.346183103435982	8.29916231137537	9.65626226315207
9.69058765088224	0.361212277362063	8.98259880599437	10.3985764957701
8.84881039924362	0.335875973513165	8.19046743006152	9.50715336842571
8.68899621905857	0.301548316180166	8.0979109511386	9.28008148697854
8.72198999610803	0.341202134104159	8.05320456025929	9.39077543195678
8.71551655931555	0.311794552348359	8.10437566034519	9.32665745828591
8.95175009636863	0.338436042610873	8.28839483720577	9.6151053555315
8.81612594254387	0.33925559050718	8.15116529939912	9.48108658568861
9.25249315942731	0.344798899681092	8.57667255127118	9.92831376758344
9.22383977573457	0.365970827783044	8.50652025695172	9.94115929451741
8.86085953972749	0.352944396609731	8.16907954612782	9.55263953332715
9.68350898559445	0.343535269444762	9.01012473503148	10.3568932361574
9.00692881188303	0.304012956587392	8.411039566033	9.60281805773306
8.60527142631997	0.300368395098187	8.01649206566825	9.1940507869717
8.77622323957319	0.376551180178951	8.03816870780675	9.51427777133963
8.8271514434738	0.338021150816593	8.1646005870859	9.4897022998617
9.13362279759921	0.352149274251989	8.44339584465903	9.82384975053939
8.86972996729394	0.347228077447337	8.18913411385541	9.55032582073247
8.77985380662127	0.325603428569022	8.14163386646591	9.41807374677663
9.01587242832362	0.363534865443133	8.30332417423374	9.7284206824135
9.43772809498805	0.424554538264582	8.60560249929514	10.269853690681
8.91903354454611	0.347512784770973	8.23787977318182	9.6001873159104
9.04167852573738	0.345432306017942	8.36456372901517	9.7187933224596
8.43889610383483	0.310882815814852	7.82953806379374	9.04825414387593
9.07009756336572	0.357661705455145	8.36906794033553	9.7711271863959
8.6790806926499	0.337894789090354	8.01677684621828	9.34138453908151
8.37747591261648	0.297044371366586	7.79524279285525	8.95970903237772
8.83622496833847	0.375719101117508	8.09980061844041	9.57264931823653
9.39449510693377	0.409087561265712	8.59267941152917	10.1963108023384
8.92582565373477	0.355416159959546	8.22917537290193	9.62247593456762
9.05300734086448	0.373786372707224	8.32035836602641	9.78565631570254
8.32217686976729	0.307596175471476	7.71926082512905	8.92509291440552
8.97352576814413	0.355536823233467	8.27665977490675	9.67039176138152
9.29889247076385	0.36670178413456	8.58015095209189	10.0176339894358
9.24145602827096	0.336531669022854	8.58184663716695	9.90106541937496
9.07809785204764	0.345520883668509	8.40083903300276	9.75535667109251
8.99817356122	0.329973694214018	8.35138046547171	9.6449666569683
9.08539627613314	0.343547928239789	8.41199488845766	9.75879766380862
8.87498131080018	0.341584123180129	8.20545880275941	9.54450381884096
9.08282955280514	0.359136910059916	8.37891582793437	9.78674327767591
9.08476383132126	0.342954863148982	8.4125216413666	9.75700602127593
8.82437076365664	0.333111690819628	8.17143997807094	9.47730154924233
8.70019409500736	0.322819484675369	8.0674382137637	9.33294997625103
8.8596677499443	0.332490256676908	8.20794361961875	9.51139188026985
9.0334710015213	0.337330912010658	8.37227105406728	9.69467094897531
8.85748683240109	0.330642431808786	8.20940651995093	9.50556714485125
9.1065705303269	0.352505112510443	8.41564256537418	9.79749849527963
8.71326804796641	0.320501080232451	8.08505927771052	9.3414768182223
8.98958607589823	0.370328880280148	8.26362095808779	9.71555119370867
8.63818832852838	0.356535999691408	7.93936276091403	9.33701389614272
9.22814060519322	0.371646468877826	8.49969256037318	9.95658865001325
8.58903006004354	0.287562759939897	8.02536282431016	9.15269729577692
8.9248847489888	0.337314210346347	8.26367339829505	9.58609609968255
9.00203056979928	0.365141985894269	8.28633858331588	9.71772255628267
8.84850099593522	0.380900483994748	8.10191539758061	9.59508659428983
8.90140455709418	0.336985358796386	8.24086433418438	9.56194478000398
8.75145198208194	0.356480634611493	8.05273902818211	9.45016493598176
8.95630648384288	0.350863341767626	8.26857704171849	9.64403592596727
9.39213434954225	0.361572080308635	8.68342678165044	10.1008419174341
8.09307721729931	0.328323341679767	7.44952569652249	8.73662873807613
9.23234000763745	0.369036863640733	8.50901523988142	9.95566477539349
8.88075629993977	0.358923970797501	8.17724346887583	9.58426913100371
8.93902057000555	0.35483257351944	8.24354033742717	9.63450080258393
8.81580150692993	0.339027997342147	8.15128177765713	9.48032123620272
9.37035070175603	0.382809214920114	8.62002772877597	10.1206736747361
8.92251207285844	0.341236563802034	8.25365485483187	9.59136929088501
9.21534672529599	0.36822762617753	8.49360143725973	9.93709201333224
9.35954246912164	0.32283209142851	8.72676394542961	9.99232099281367
8.93158773047555	0.392492087758663	8.1622955868703	9.70087987408081
9.00768555376368	0.346375097296998	8.32878724543171	9.68658386209564
9.2906880675702	0.376863741712309	8.55202082113817	10.0293553140022
8.90229445535892	0.314872660162938	8.28512058386019	9.51946832685765
9.02231859326054	0.357790408411945	8.32102652592691	9.72361066059418
9.34869976172001	0.35268545102941	8.65741668960465	10.0399828338354
8.98930626206243	0.346389923792241	8.31034782831497	9.6682646958099
8.57799129109484	0.332076931329562	7.92707052850206	9.22891205368763
9.26593609098777	0.363654119798296	8.55316044021926	9.97871174175628
8.73482497725818	0.31013022911658	8.12695168383451	9.34269827068185
9.46186811303337	0.372964002014532	8.73085227007603	10.1928839559907
8.94020755935351	0.35920402922151	8.236144203236	9.64427091547102
9.45939122099522	0.366314672017482	8.74141266342038	10.1773697785701
9.4842656653626	0.323992174966422	8.84922504766873	10.1193062830565
9.03594763091045	0.347604602703001	8.35462215692424	9.71727310489666
8.47018057136665	0.315693258348024	7.8513819925534	9.0889791501799
9.57716324243816	0.373223773464495	8.84563634281872	10.3086901420576
9.38459693516561	0.396735132813195	8.60694732063358	10.1622465496976
9.55861849349144	0.348748950975722	8.87505939044439	10.2421775965385
9.50867875705272	0.338716609343949	8.84475898371876	10.1725985303867
8.93114547591765	0.361981101041455	8.22164607941424	9.64064487242106
8.92061017563338	0.337660859031086	8.25876902572081	9.58245132554596
9.0724317059807	0.352764412314751	8.38100484324598	9.76385856871543
9.01454869039518	0.324735607063546	8.3780436482974	9.65105373249296
8.85427490032462	0.328267843215704	8.21085053141869	9.49769926923055
8.11709318501225	0.280984925082939	7.56632011300959	8.6678662570149
8.55510605792859	0.329381291174716	7.90948033144797	9.2007317844092
9.10365934676344	0.403826343985237	8.31212218312496	9.89519651040192
9.17676526837934	0.388064024459544	8.41615243246319	9.93737810429549
8.4880517990549	0.314932358984214	7.87072721698677	9.10537638112304
9.19588106455977	0.345554877895639	8.51858049085693	9.8731816382626
8.84725346385743	0.326235447824741	8.20777885192217	9.4867280757927
9.10667379182267	0.336114275605561	8.44787751940114	9.7654700642442
8.98668744744954	0.332013756963788	8.33592008366933	9.63745481122976
9.24717892592088	0.390811669226511	8.4811711066052	10.0131867452366
9.03305269908685	0.37517360360711	8.29762583163482	9.76847956653889
8.65522788575594	0.319464228429681	8.02904479261668	9.2814109788952
9.04079211782215	0.343635231257417	8.36725202504448	9.71433221059982
8.76834981267752	0.338978347037879	8.1039312459884	9.43276837936663
8.89039601829491	0.373130211258413	8.15888807463308	9.62190396195675
9.1474828207535	0.323813889436351	8.5127832800981	9.78218236140891
9.14209420031166	0.375613348244517	8.40587018974877	9.87831821087454
9.50889109686408	0.338134920331975	8.8461199143618	10.1716622793664
8.85214106636607	0.352604817470152	8.16101925784704	9.54326287488509
8.98395093592177	0.368143406260358	8.26234970244836	9.70555216939519
9.12180324791774	0.352378596056867	8.43113455284741	9.81247194298807
9.59939192036144	0.370382837493915	8.87342441291116	10.3253594278117
8.76688187091349	0.316489278184407	8.14653215567261	9.38723158615437
9.03601902123305	0.391428463334388	8.26881453612104	9.80322350634506
8.88664160976781	0.37693319683414	8.14783254240348	9.62545067713214
8.9207967309343	0.346861007005807	8.24093894896883	9.60065451289977
9.04667441420824	0.32669228051462	8.40631942563071	9.68702940278577
9.48777505043589	0.387149737400709	8.72894224519671	10.2466078556751
9.35189398163778	0.389971523898543	8.58752348605322	10.1162644772223
9.01602489236918	0.339691530838699	8.35020079775087	9.68184898698749
8.66672650747505	0.322768242791555	8.03407425308013	9.29937876186997
9.5459525830772	0.374391464476509	8.81211706190266	10.2797881042517
9.96599997070542	0.398172855796826	9.18557109084028	10.7464288505706
8.78686165323557	0.334866978658175	8.13050980594324	9.4432135005279
9.15009746922676	0.418725195169941	8.3294000980388	9.97079484041473
9.04721373223727	0.374553341783409	8.31305535936804	9.7813721051065
8.71272601043788	0.352534107847605	8.02174154523495	9.40371047564082
9.25059658977425	0.395986755613155	8.47446443264282	10.0267287469057
9.33183982515464	0.36540148232534	8.61563318087427	10.048046469435
9.5049810547394	0.403252452888323	8.71460038333124	10.2953617261476
9.53732696672536	0.397906942663404	8.75742773020094	10.3172262032498
9.49801103463142	0.446483372109145	8.62290556041976	10.3731165088431
8.65534386309058	0.315571133248983	8.03677510678895	9.27391261939221
8.60547891679055	0.339770395479465	7.93950680547147	9.27145102810963
8.88540013885954	0.323662450052014	8.25098882005493	9.51981145766415
8.54276122536191	0.337741236289835	7.88076297104387	9.20475947967996
9.01733294064047	0.382441710893032	8.2677416296868	9.76692425159414
9.08045067146411	0.332883754700016	8.42797250310714	9.73292883982107
9.69635913850857	0.419745171821467	8.87365434038124	10.5190639366359
9.32861269787583	0.359032741994025	8.62486434890762	10.032361046844
8.64294642858255	0.333454943212144	7.98934284344864	9.29655001371647
8.53155621059759	0.302273609742184	7.93907459920523	9.12403782198996
8.97445740487782	0.341141458114597	8.3057631718987	9.64315163785695
8.92389337613123	0.373457162716956	8.19190439684241	9.65588235542004
9.20147500337726	0.375866839279142	8.46476979148294	9.93818021527159
8.94408837826158	0.358856598865944	8.24072362833115	9.64745312819201
9.20739535935968	0.335337744863964	8.55010288307943	9.86468783563992
9.15290102126955	0.399469278900784	8.36993522241552	9.93586682012359
9.18935562807713	0.351356012461368	8.50064487061182	9.87806638554244
8.8466219609438	0.334203522593818	8.19155706081624	9.50168686107135
8.66442229608129	0.331102524686029	8.0154495417284	9.31339505043417
9.35665445333809	0.402682851777233	8.56739383788203	10.1459150687941
9.26942776164238	0.334001933021196	8.61476082561216	9.9240946976726
8.53382858635638	0.334235853415364	7.87869088923247	9.18896628348029
8.65428047985288	0.359714799468772	7.94922163149724	9.35933932820851
9.12791363300489	0.340963135779056	8.45960659734825	9.79622066866152
9.32260025380661	0.3895393886369	8.55910246604062	10.0860980415726
8.97820834985779	0.348340694264457	8.29544179317976	9.66097490653583
9.49707908866456	0.349253406281014	8.81253350209744	10.1816246752317
8.78955741876642	0.313818139799943	8.17444469877282	9.40467013876003
9.53645145374229	0.377473280182005	8.79659550092573	10.2763074065588
8.80382137079067	0.345377859546184	8.12685560176986	9.48078713981148
9.66569223008335	0.402090939235013	8.87758057703817	10.4538038831285
8.89064479163778	0.361761852359541	8.18157369614098	9.59971588713459
9.38038160544503	0.353068399576172	8.68836172266587	10.0724014882242
8.98312530773029	0.349854818447941	8.29739059949891	9.66886001596168
8.56127169200486	0.324644355034163	7.9249503141683	9.19759306984142
8.43530813386947	0.319831419009193	7.80839078858832	9.06222547915062
9.43695667319639	0.380959557563757	8.69026510172102	10.1836482446717
9.05958380868989	0.3625492109494	8.34895911465417	9.77020850272561
8.69428692704237	0.324793425866156	8.05766530575472	9.33090854833002
8.83851735483784	0.335006450360409	8.18188200309404	9.49515270658163
8.67521738294345	0.285016115802215	8.11653678284445	9.23389798304244
9.0124721608664	0.393007830813731	8.24217381801729	9.78277050371551
8.94256117545519	0.345351235309932	8.26561790396416	9.61950444694621
9.30742502647489	0.360282628697188	8.60125239509386	10.0135976578559
9.21519568085839	0.387791711082446	8.45511326026262	9.97527810145415
8.62493457877255	0.332216657473994	7.97375937620927	9.27610978133583
8.38196622426535	0.319707932116611	7.75529283150107	9.00863961702963
8.74853417917619	0.29701133966609	8.16636332392818	9.3307050344242
8.59640159726163	0.331434645973262	7.94676191968922	9.24604127483405
8.8484431553314	0.337678204178672	8.18657941072769	9.5103068999351
9.39203615226191	0.382147460537464	8.64300753694381	10.14106476758
8.65088306714628	0.303586040929641	8.05581599429008	9.24595014000249
8.70970461291677	0.363936825170146	7.99638293478472	9.42302629104882
8.62338401523135	0.337121742312127	7.96261364895599	9.28415438150672
8.74757842932584	0.331976057030398	8.09683721119482	9.39831964745687
9.36528798937839	0.365079610528419	8.64966836833543	10.0809076104214
9.09178011498477	0.328254581110953	8.44838288583598	9.73517734413356
8.47070514082364	0.34211258305457	7.80014432911778	9.1412659525295
9.78158643192021	0.373600060046212	9.04929687992883	10.5138759839116
8.91724536891322	0.353485631005951	8.22438978292931	9.61010095489713
9.25235953303251	0.360289083770672	8.5461804123232	9.95853865374183
8.48560881119983	0.341484681917995	7.81625988906811	9.15495773333155
8.89283231987	0.349807121131753	8.20719197598009	9.57847266375992
8.62830264583933	0.354294241791199	7.93387210247234	9.32273318920631
8.76357154896598	0.360198605619798	8.05756321924242	9.46957987868953
8.71931340166603	0.319389508376076	8.09328318474472	9.34534361858733
8.70980919642647	0.345293199311231	8.03300235253509	9.38661604031786
8.87710032584024	0.339259011682489	8.21212627616876	9.54207437551172
9.71581137769311	0.39542244588838	8.94076775417312	10.4908550012131
9.30066301901935	0.342540303276595	8.62921978871905	9.97210624931965
8.82217463561861	0.321018352158506	8.19292584478396	9.45142342645326
8.55990870355112	0.350350207859969	7.87320624217906	9.24661116492318
8.8649137830319	0.356387270222697	8.16638885295856	9.56343871310523
9.08152561973042	0.328270739618476	8.43806807195964	9.7249831675012
9.22464691082179	0.342361078152211	8.55361523844636	9.89567858319723
9.18944031835458	0.322311546562986	8.55769211591189	9.82118852079727
7.96207077267749	0.310433976875159	7.35357519057831	8.57056635477667
9.27772192096881	0.374339192452819	8.5440013824028	10.0114424595348
9.25016277125276	0.399146698290582	8.46782190703484	10.0325036354707
8.77845074575753	0.349512278520024	8.0933702471404	9.46353124437466
8.34732071021272	0.34983071245466	7.66162157469794	9.0330198457275
8.59846283613593	0.342008755644412	7.92810044683252	9.26882522543934
9.87936954135932	0.39151236016889	9.11199587368886	10.6467432090298
8.87124542233528	0.329548496112478	8.22526942600473	9.51722141866584
8.98275600178562	0.375194818769232	8.24735451221391	9.71815749135733
8.43740476894335	0.31949037616537	7.81115885659023	9.06365068129647
8.79023060633998	0.326117557646309	8.1510210228815	9.42944018979847
9.16974994861385	0.341451323352081	8.50045896912006	9.83904092810764
9.17796764571136	0.339527787888558	8.51244971493556	9.84348557648716
8.56599739300048	0.291019702041981	7.99557391595807	9.13642087004289
9.94319772514349	0.376771412330024	9.20471639962856	10.6816790506584
8.89565737062455	0.338832384147081	8.23151353717543	9.55980120407368
8.71600954035367	0.347718817424193	8.03446707135102	9.39755200935632
8.48795197324653	0.31529983430848	7.86991572503936	9.10598822145371
9.42779627630875	0.364457337651055	8.71345079834483	10.1421417542727
8.45576135360244	0.355855705119577	7.75824896943517	9.15327373776971
9.0044493367433	0.406227658082896	8.20822860412783	9.80067006935878
9.22798433930821	0.347344976543266	8.5471720132271	9.90879666538932
9.22345019256511	0.352540523961374	8.53244574174916	9.91445464338106
8.78461151775257	0.337763664288536	8.12257152990547	9.44665150559967
9.00638638642744	0.393573037475695	8.23497304249523	9.77779973035966
9.25639166214912	0.361877684065565	8.5470912865231	9.96569203777515
8.88651252296548	0.350268525283382	8.19995977132765	9.57306527460331
9.4331280308073	0.349853691437952	8.74738173807401	10.1188743235406
9.32694374454838	0.376266973822967	8.58944555052296	10.0644419385738
8.733089354206	0.299737464896197	8.14557158921334	9.32060711919867
8.96251634712743	0.327584573968928	8.32040230345329	9.60463039080157
8.95394119430422	0.35065677862276	8.26662969712977	9.64125269147867
8.8620836158755	0.302532254113091	8.2690956572196	9.4550715745314
8.91650736089636	0.317328880817335	8.29452177372052	9.5384929480722
8.63272251878091	0.331522011972877	7.98290245120509	9.28254258635673
9.10216795388711	0.314320530149516	8.48605071586051	9.71828519191372
8.84208497394772	0.358473256296589	8.1394601026223	9.54470984527314
9.60968380984098	0.340422397151109	8.94243667127949	10.2769309484025
9.48248067240263	0.381030504496899	8.73565130963065	10.2293100351746
8.86591724825364	0.31979105450348	8.23909797976469	9.49273651674258
8.60986625033214	0.327986751747787	7.96698615049931	9.25274635016497
8.61785592480781	0.319961459071066	7.99064114377496	9.24507070584067
8.88272896358968	0.383597256767391	8.13085569473705	9.63460223244232
8.94656514177534	0.346009168553391	8.26836320704675	9.62476707650393
9.05610914773085	0.316973478338434	8.43477513546934	9.67744315999236
8.75992456950213	0.369932333289086	8.03483133658334	9.48501780242093
9.41429293208895	0.397582928786173	8.63500451207886	10.193581352099
8.8703582426139	0.336230452061843	8.2113313351367	9.52938515009109
9.0359142365154	0.364483010816919	8.32150766542734	9.75032080760345
9.40013412635192	0.355373426463091	8.7035881696391	10.0966800830647
9.01851092674953	0.336045195451201	8.35986125397121	9.67716059952786
8.37717965566696	0.316995613821007	7.75584033352466	8.99851897780925
8.82575367042681	0.311629223542225	8.21491908803054	9.43658825282308
8.75655757883183	0.359581951934136	8.05174059730951	9.46137456035415
8.64753052907811	0.33308590469023	7.9946403076249	9.30042075053131
8.67397219741505	0.317063440396026	8.05250310095034	9.29544129387975
9.05451838968552	0.34074159386434	8.3866303691612	9.72240641020985
9.14985350719327	0.361224864866401	8.44178874118885	9.85791827319769
9.79718322437311	0.37497695734439	9.06221259091528	10.532153857831
8.94027013470172	0.322872120681217	8.30742548990182	9.57311477950163
9.17402276862233	0.314934385554818	8.55668377947002	9.79136175777464
9.19679694763809	0.380962601008158	8.45009775298245	9.94349614229372
9.14165902635187	0.341618504005828	8.47205896075258	9.81125909195117
9.21737904361771	0.370275088590647	8.49162088219351	9.94313720504192
9.55849331529897	0.385886125025748	8.80215107661045	10.3148355539875
9.4410245832851	0.370208880373466	8.71540517204778	10.1666439945224
8.98194188079428	0.323973711147284	8.34691065967314	9.61697310191543
8.79074310815103	0.348938533490398	8.10680940367616	9.4746768126259
9.16838547835422	0.347336730303537	8.48756766033315	9.84920329637528
9.02667259413417	0.360695781879726	8.31969423606852	9.73365095219981
9.01375104907116	0.357625293755586	8.31278469900091	9.71471739914141
8.94621625879198	0.393182054474937	8.17556179743343	9.71687072015054
9.46677616085925	0.355328752314517	8.77031067271125	10.1632416490073
9.4282299087948	0.354461168123258	8.73348052167492	10.1229792959147
9.30406341751317	0.40279583280441	8.51455771029134	10.093569124735
8.70610000699196	0.32141514397928	8.07610521590564	9.33609479807828
8.85895394188516	0.347542015143276	8.17774641532157	9.54016146844874
8.70607263252513	0.323813463043081	8.07137854141885	9.34076672363141
8.63788818530386	0.334816242542971	7.98157656967172	9.29419980093601
8.8330587457464	0.323006283730988	8.19994735711949	9.46617013437331
8.95555931668857	0.335401531580402	8.29813986130206	9.61297877207509
8.92221087141834	0.346396502737149	8.24324514700793	9.60117659582875
9.56737490457456	0.371799997913135	8.83862644887165	10.2961233602775
9.48088255021447	0.386297460872504	8.7237354647394	10.2380296356895
9.01791155736774	0.338315713765494	8.35478688571914	9.68103622901633
10.1626322993889	0.388483410717437	9.40119187326989	10.9240727255078
8.80541777994192	0.366847186645914	8.08636966141379	9.52446589847004
8.44623879930464	0.336358042767824	7.78696254161829	9.10551505699098
9.22484713664354	0.339348886449299	8.5596756218675	9.89001865141959
8.62362886839081	0.351502850520131	7.93467300012405	9.31258473665757
8.50480310845405	0.347503421887646	7.82366500228552	9.18594121462258
8.82823396641805	0.341372987039181	8.15912599774403	9.49734193509208
10.0139925208174	0.388081904032041	9.25333148515777	10.7746535564771
9.47298634646658	0.398526770673817	8.69187192456949	10.2541007683637
8.32489919728762	0.326976106296973	7.68393305071974	8.9658653438555
8.97811919865014	0.316691924058452	8.35737325435882	9.59886514294146
9.01739584117973	0.391781195840942	8.24949556934865	9.78529611301081
8.70497290148694	0.320950451128874	8.07587586481474	9.33406993815914
8.97374797331041	0.376276963351763	8.23624025370522	9.71125569291559
9.25202015373484	0.350346321486179	8.56532589191329	9.93871441555638
9.26882056542322	0.364588885275978	8.5542113307031	9.98342980014335
8.68783531613794	0.320430524220375	8.05975680289801	9.31591382937786
8.4383757029139	0.322359594319015	7.80651991738845	9.07023148843936
8.9165725318479	0.329611078374042	8.27049470274821	9.5626503609476
8.95271289858436	0.347979720520484	8.27065563798018	9.63477015918854
9.75872331202968	0.433216515554481	8.90961507624895	10.6078315478104
9.00593347840534	0.335010653943282	8.34927400712683	9.66259294968386
8.7160794763735	0.40462214800843	7.92301701591759	9.50914193682941
8.99118583110118	0.343181969235648	8.31851288313877	9.66385877906359
8.52398195196197	0.289878742296959	7.95577275018605	9.09219115373789
9.03417251017101	0.371333773974178	8.30633783039518	9.76200718994684
8.87984674503932	0.356476915721029	8.1811389366087	9.57855455346994
9.49630200510878	0.353943090036317	8.8025584633652	10.1900455468524
9.48746942489887	0.328124791348895	8.84433160940399	10.1306072403937
8.69282230049563	0.301704748928266	8.10143648293434	9.28420811805693
8.50007440691246	0.317236121494072	7.87825880534765	9.12189000847727
9.34955645871399	0.381773711484334	8.60126063488012	10.0978522825479
9.08831664241241	0.352966041179085	8.3964768387761	9.78015644604872
9.06290917365967	0.301221464392945	8.4724610459147	9.65335730140463
8.80826785524573	0.319018781688888	8.18297253398742	9.43356317650404
9.26297265236198	0.362098351653803	8.55324011296553	9.97270519175842
9.68654745041424	0.395644837560708	8.91107797492053	10.462016925908
8.92257707135821	0.341052167162333	8.25410336016547	9.59105078255096
8.6268992729014	0.327079413024412	7.98578688030979	9.26801166549301
9.32417672196139	0.392239554098346	8.55538771027498	10.0929657336478
8.89986336003337	0.321474986048889	8.26974896027331	9.52997775979344
8.41499116654354	0.319516367855185	7.78871223578514	9.04127009730194
8.76137459265235	0.348316923123724	8.07867067036932	9.44407851493539
9.38135019961972	0.367243577557691	8.66154729601993	10.1011531032195
8.85063820498523	0.318890920976935	8.22557176629112	9.47570464367934
9.17703655246375	0.347125664555448	8.49665655835733	9.85741654657017
9.11649922036226	0.336155812864848	8.45759489744547	9.77540354327905
9.37968608831358	0.354671357071945	8.68451771827506	10.0748544583521
8.71134612566259	0.340385547215583	8.04415615070247	9.37853610062271
8.66594005080169	0.368856382365966	7.9429644461845	9.38891565541888
8.6316318587859	0.354895092726735	7.93600725854251	9.3272564590293
8.93643594221401	0.331875063252201	8.28593399344781	9.58693789098022
8.90048946668665	0.313740259890548	8.28552567397768	9.51545325939562
8.55871540407688	0.293313062879393	7.98376869608017	9.13366211207359
8.80077860553549	0.361497540529119	8.09220235746683	9.50935485360416
9.2303225338588	0.339871832830409	8.56412322419552	9.89652184352209
8.84513629649387	0.326304121594764	8.2055486771456	9.48472391584214
8.90652183974736	0.348603599812356	8.22323369633204	9.58980998316268
8.56362507803694	0.333243111051291	7.91045410746368	9.21679604861021
9.23111337253293	0.347560485239333	8.54988380498128	9.91234294008458
8.87297711484099	0.387768329173392	8.11293470255485	9.63301952712712
8.99590584820692	0.34847427872913	8.31288042410811	9.67893127230573
9.13176318261089	0.418388919678725	8.31171085875627	9.95181550646551
8.9299039618284	0.330245594992039	8.28259537462622	9.57721254903059
8.65531855161548	0.295586544226827	8.07593867687123	9.23469842635973
8.67494654273155	0.322478074775292	8.04287621289502	9.30701687256807
9.17147278973997	0.393016081838835	8.40114755728207	9.94179802219788
8.16684801924609	0.324194603971862	7.53140385319459	8.8022921852976
8.60739075303642	0.319801503955378	7.98054884915744	9.23423265691539
8.73319079756072	0.311715412041475	8.12220465937103	9.34417693575042
9.36052003722783	0.404547665454072	8.56759882539431	10.1534412490614
8.78636153874073	0.363173008536153	8.07450688881169	9.49821618866977
8.92288256334914	0.33777112292237	8.26083179648216	9.58493333021612
8.7141384993991	0.303452502550612	8.11934414139519	9.30893285740301
8.92741844120476	0.356158628628203	8.2293388716411	9.62549801076843
8.83330940800018	0.323350397312483	8.19951106419255	9.4671077518078
8.9853542297954	0.31581408256443	8.3663113246315	9.6043971349593
9.43045577850063	0.335575795199938	8.77271076469862	10.0882007923026
8.88627007276273	0.35295261339227	8.19445569517355	9.57808445035192
8.96869697458149	0.348024525342043	8.28655224876047	9.6508417004025
9.30660702922811	0.374857754061121	8.571875025904	10.0413390325522
8.98111129972303	0.345692167521473	8.30354476484118	9.65867783460487
9.02241160515095	0.324421263060598	8.38651373575943	9.65830947454247
9.19628794317068	0.353300737929471	8.50378192985358	9.88879395648777
8.71391807790067	0.307784818176128	8.11060410626988	9.31723204953147
9.29835354493232	0.328243911577688	8.65492910869522	9.94177798116941
8.72624985395304	0.378107298048518	7.98514879538369	9.46735091252239
9.54910277366451	0.344576924255263	8.87370314653485	10.2245024007942
9.16540401655692	0.409205218014142	8.36335883145765	9.96744920165619
9.13253640092484	0.369767435656803	8.40779010752422	9.85728269432546
9.13273552709438	0.315632003322709	8.51406642949258	9.75140462469617
9.20623739358055	0.373676051555824	8.47382052068173	9.93865426647937
8.73272123898784	0.297524478299413	8.14953242192922	9.31591005604647
8.97498346811151	0.361598421282657	8.26623934243713	9.68372759378588
9.22501170000038	0.360955873391058	8.51752172891621	9.93250167108454
8.56993008687347	0.318399633433293	7.94582225450089	9.19403791924604
9.04747205710567	0.344225282771243	8.37276313295482	9.72218098125653
8.81348932080805	0.330813567901867	8.16506386565889	9.4619147759572
8.82267698019064	0.309553217027659	8.21589133074661	9.42946262963468
8.53742431460888	0.29528977099854	7.95862201927331	9.11622660994445
9.12546630704753	0.35817962187608	8.42339574820247	9.82753686589259
9.63210046660633	0.381176717342606	8.88497125961507	10.3792296735976
9.35914540247075	0.383271046173418	8.60792669588649	10.110364109055
9.13577524853901	0.330084299378109	8.48879406484629	9.78275643223173
9.09810165354436	0.336384272511268	8.43878048440554	9.75742282268319
8.32722379174439	0.310652417612865	7.71831119235868	8.93613639113009
9.2346561239174	0.397257182132788	8.45603097278531	10.0132812750495
9.20059544717133	0.353372934092895	8.50797106975	9.89321982459266
8.55980733711169	0.323097117611318	7.92646380679878	9.19315086742461
8.79566364828354	0.312630711624728	8.18277267244123	9.40855462412585
8.96413396642953	0.331761020286128	8.31383768629318	9.61443024656589
9.24664657374282	0.369379588614453	8.52264259202034	9.9706505554653
8.4032425694117	0.332802652482751	7.75091961977243	9.05556551905098
9.28987019901503	0.405314245748823	8.49543504395275	10.0843053540773
8.89212910418981	0.351331577907811	8.20348885624748	9.58076935213213
8.89759543432911	0.347636966445806	8.2162105325397	9.57898033611852
8.60128053252077	0.305970347051708	8.00152377861161	9.20103728642994
8.75268161884834	0.310591871705123	8.1438826988209	9.36148053887577
9.46230528475692	0.394080491106337	8.68989543086479	10.234715138649
8.89019940572791	0.318749693392739	8.26543322900401	9.51496558245181
8.34552947759613	0.318197289266066	7.72173090375278	8.96932805143947
9.16498430880078	0.352896012515124	8.47328482880379	9.85668378879776
8.74216717321852	0.344740671094008	8.06644268731756	9.41789165911948
8.5831360291518	0.332672093797669	7.9310838290277	9.2351882292759
9.61205665503543	0.370431692837654	8.88599979743372	10.3381135126371
9.55395421249857	0.372610815688954	8.82362035250529	10.2842880724919
8.70992920860277	0.336795402256698	8.04973017491125	9.37012824229428
8.85535472917765	0.315406983894991	8.2371362713332	9.4735731870221
8.86896990237001	0.352876831365978	8.17732579829761	9.56061400644241
9.0124394014053	0.389600306210881	8.24881628234446	9.77606252046615
9.12436423341367	0.415902342287428	8.30919442374003	9.9395340430873
9.06208463402305	0.347053168891976	8.38185416131809	9.74231510672801
9.29582398888649	0.336741739991047	8.63580043710508	9.9558475406679
9.02788462682518	0.340203264257396	8.36104809916858	9.69472115448177
8.86091776981305	0.326243375367999	8.22146841788497	9.50036712174113
9.3619639215623	0.34099795913066	8.69357504118239	10.0303528019422
8.12510665649456	0.260173750275749	7.61510106257152	8.6351122504176
8.43877680773887	0.316652289640839	7.81805320907089	9.05950040640685
8.99912715855555	0.329176213878669	8.35389494834652	9.64435936876457
8.74516622367004	0.314841082949169	8.12802385966799	9.36230858767208
9.01976706325032	0.351692412817668	8.33041903057557	9.70911509592506
9.5026678073524	0.405718123978064	8.70744467382399	10.2978909408808
9.03063406385242	0.325607420078037	8.39241793140473	9.66885019630011
8.99607226602892	0.352946686706227	8.30427989566259	9.68786463639524
9.3203254006887	0.34264943286659	8.64871220601565	9.99193859536176
8.97985232383092	0.311613702094709	8.36906574875932	9.59063889890252
9.2170798468955	0.382439995549467	8.46746997960061	9.96668971419039
8.82071135096592	0.360949643634525	8.11323271515119	9.52818998678064
8.77029188058876	0.317543573709319	8.14786999898468	9.39271376219284
9.44526760397791	0.400951790156555	8.65940219529908	10.2311330126567
8.69758672875199	0.341971282666006	8.02729914854581	9.36787430895817
8.65170898365284	0.331380335485146	8.00217224668769	9.30124572061798
9.03087372710377	0.356527047018183	8.33205141444703	9.72969603976051
8.75620346057616	0.319136099774339	8.13066534908035	9.38174157207197
9.08739348590562	0.371976612937418	8.35822677532463	9.81656019648661
9.54188228676711	0.333933091498004	8.88734856917938	10.1964160043548
8.95913070081822	0.293953351934537	8.38295813022012	9.53530327141633
8.8844758104013	0.358434692274502	8.18190688151591	9.58704473928669
9.44227957932277	0.349293602606977	8.75761871162704	10.1269404470185
8.87588180173307	0.323342247617341	8.24210525894454	9.50965834452159
8.96069225419315	0.356809722113559	8.26134032515848	9.66004418322783
9.39784684057833	0.369266713087663	8.67406864111239	10.1216250400443
8.78146111004603	0.345512598944074	8.10425132993005	9.45867089016201
9.60815678169974	0.404173656977409	8.81596443285088	10.4003491305486
8.87631791837295	0.318446603770306	8.25214162950114	9.50049420724476
9.28848906916947	0.376876108131725	8.54979150809278	10.0271866302462
9.46719304880452	0.363779450031993	8.75415177739789	10.1802343202111
10.1059886343929	0.349936069990452	9.420091691767	10.7918855770187
8.42650383715977	0.317133780387011	7.80488577897178	9.04812189534777
8.38769412363728	0.315951838559019	7.76839870438408	9.00698954289047
9.10888469491221	0.367049835790493	8.38944800600531	9.8283213838191
9.73881023060514	0.361460410363062	9.03032714249726	10.447293318713
9.26593759760934	0.36507737857106	8.55038001468901	9.98149518052967
9.31624991388053	0.345278996542964	8.63948762046126	9.9930122072998
8.73975819016538	0.327992227805888	8.09686094036647	9.38265543996429
9.28207868308908	0.341221290891683	8.61325271921632	9.95090464696183
8.76039622907244	0.323527737051175	8.126225593443	9.39456686470187
9.2937932480347	0.3174704218008	8.67152585627897	9.91606063979043
9.03916416955009	0.349137265229355	8.35484286232437	9.7234854767758
9.19283441569263	0.337046059787413	8.53219984096043	9.85346899042483
8.6474083859061	0.337290666814012	7.98629249586186	9.30852427595034
8.98420167141363	0.354577093488433	8.2892049586247	9.67919838420256
9.30898749548391	0.359369790050703	8.60461501566029	10.0133599753075
8.90563966636699	0.345603497581136	8.22824408818526	9.58303524454872
8.80275002805975	0.312409140821458	8.1903960802647	9.4151039758548
9.17554974742311	0.350187606570158	8.48916132920705	9.86193816563917
9.23601955562403	0.359086185109721	8.5322019248394	9.93983718640866
9.14557615475675	0.373393721601915	8.41369236859942	9.87745994091408
9.15392652975749	0.388987328652479	8.39148665638018	9.91636640313479
8.84795629060588	0.324234196531493	8.21242886975708	9.48348371145469
8.91954622716722	0.357805830948593	8.21822759508938	9.62086485924507
8.76344393874586	0.353047781311746	8.0714588901124	9.45542898737933
8.7116263216065	0.321242920147357	8.08196079497472	9.34129184823827
9.61363974860589	0.340245825044224	8.94672275784991	10.2805567393619
9.01661027079549	0.375669808182771	8.28025895598174	9.75296158560925
9.31612682615993	0.393680490643098	8.54450044639193	10.0877532059279
8.70164202971757	0.367937689121342	7.98043825416425	9.4228458052709
8.85541036294099	0.326919985902564	8.21461826754495	9.49620245833703
8.77052700793403	0.340780971911442	8.10258956873897	9.43846444712909
8.63974083281876	0.338893171609903	7.97547628450593	9.30400538113159
8.75868414030754	0.350851468411813	8.07100265341648	9.4463656271986
9.25888213787067	0.331680479402862	8.6087518652004	9.90901241054093
8.54598160169692	0.347692860849967	7.86446176973842	9.22750143365543
9.28072875835976	0.346411349466848	8.60172270937745	9.95973480734206
9.49325333010367	0.362068524513689	8.78357940780161	10.2029272524057
8.53770290162191	0.312218577647166	7.9257205866518	9.14968521659202
9.57952841562724	0.43206976858922	8.73264084237899	10.4264159888755
8.78183917249732	0.367935361891678	8.06068304324268	9.50299530175196
9.15792733310564	0.371824453080501	8.42913971501993	9.88671495119135
8.82579026829871	0.341200406394664	8.15701261664814	9.49456791994928
8.84085808205491	0.329042782241025	8.1959128201726	9.48580334393723
8.89751431718129	0.275679469152946	8.35715738697323	9.43787124738934
8.69926248367768	0.325414846051466	8.06139934560491	9.33712562175045
9.6537430332689	0.371944779843594	8.92471542063036	10.3827706459074
9.24384491704343	0.34514359482889	8.5673501202059	9.92033971388097
9.3405209370001	0.344892648694444	8.66450832793586	10.0165335460643
9.31394195023531	0.342521133973854	8.64258012014761	9.98530378032302
9.33896516942488	0.381174715402969	8.59182936792452	10.0861009709252
9.0860303277693	0.310756029177214	8.47691813458277	9.69514252095582
8.63697583264946	0.29601776068908	8.05674846969472	9.2172031956042
8.98133183116056	0.336240072973979	8.32226399970332	9.64039966261779
9.14062858705762	0.330830870529731	8.49217703946453	9.7890801346507
9.13976223201631	0.378359021897718	8.39815073490007	9.88137372913254
9.00221139082761	0.329996756500383	8.35540030518596	9.64902247646926
9.1870242492009	0.384818656658866	8.43277105260825	9.94127744579354
9.17851451753678	0.394148972797159	8.40597179253899	9.95105724253458
8.9951894489958	0.373555836139833	8.26298286022904	9.72739603776256
8.84318631279153	0.331482099062124	8.19344307898539	9.49292954659766
8.54005851148987	0.292819349941628	7.96607116068783	9.11404586229191
8.8012389957836	0.303508582474458	8.2063188443544	9.3961591472128
9.66567169793218	0.402578845629175	8.87661674236686	10.4547266534975
9.18028893975064	0.375449226036746	8.44439624967073	9.91618162983056
9.21710753715111	0.350960580517148	8.52918899940783	9.90502607489439
9.37796518565627	0.331417613859156	8.72835658032946	10.0275737909831
9.09083977798852	0.387396931546127	8.33152828200602	9.85015127397103
8.68800049237671	0.325437329386159	8.05010386905427	9.32589711569915
9.21116369436061	0.354678217021414	8.51597761138091	9.90634977734031
9.15004553199443	0.35835665738503	8.44765348783945	9.85243757614942
