estFinal_ps2	sdFinal_ps2	X1	X2
8.41906781894849	0.491369378432677	7.45464292029745	9.38349271759954
10.053323104071	0.703741472215046	8.67136268221958	11.4352835259223
8.52075942779028	0.407284592911898	7.72164377803326	9.3198750775473
8.43663603419954	0.436526032185969	7.57990762034257	9.29336444805651
9.35053758263325	0.568026574845667	8.23555249097734	10.4655226742892
8.63649833689063	0.517225856915509	7.62132557497568	9.65167109880558
9.35627286375959	0.504617888405152	8.36561395382027	10.3469317736989
8.4431036442825	0.405624946177497	7.64727831315073	9.23892897541427
9.7584168954059	0.534043402622174	8.71057239720263	10.8062613936092
8.80469825703678	0.500064531731939	7.8233498310994	9.78604668297416
8.81243768466839	0.503835020170316	7.82346066460318	9.80141470473359
9.71039409514442	0.5879056510029	8.55604858348052	10.8647396068083
9.01531748459515	0.476479006248349	8.07993967418693	9.95069529500337
8.48781506563279	0.527215520171309	7.45287840038973	9.52275173087586
8.7889353092753	0.473728969985959	7.85878756875062	9.71908304979999
8.72456576559301	0.425729834264404	7.8890993758283	9.56003215535772
9.27521503694225	0.599174166026968	8.0987773897994	10.4516526840851
9.58857741382946	0.670500352068488	8.2722219769262	10.9049328507327
9.39163758070722	0.452830119468428	8.50306839972184	10.2802067616926
9.79680801635702	0.561834297811495	8.69434741657486	10.8992686161392
9.26727453107241	0.63001876891592	8.0300960667023	10.5044529954425
9.21929121473568	0.455679326847035	8.32535470032578	10.1132277291456
9.42763124810972	0.506820529060789	8.43288602462615	10.4223764715933
10.5170398076689	1.60818738551951	7.35556379793934	13.6785158173984
9.44978306576163	0.647466225607069	8.17831929867855	10.7212468328447
8.95167136478748	0.539288943098705	7.89324454274876	10.0100981868262
8.90671908986717	0.594868462564153	7.73821953116932	10.075218648565
8.6448241471182	0.542298984277579	7.58043548789804	9.70921280633836
9.01948389988725	0.564677994684412	7.91133540473418	10.1276323950403
7.89386292956832	0.564293595636847	6.78583087963616	9.00189497950048
8.50643937036621	0.46613125604612	7.59165796734561	9.42122077338682
9.03940259488046	0.418005515523544	8.21931284563253	9.85949234412839
8.98880065562419	0.399854854668596	8.20440161265365	9.77319969859473
8.7640618430119	0.408173076677664	7.96338331436575	9.56474037165805
9.32270331448954	0.614806712331125	8.11559405199095	10.5298125769881
8.18007168770184	0.365587711920598	7.46250385866689	8.89763951673679
9.04576166560032	0.474333813867082	8.11431423118317	9.97720910001747
9.40086615875863	0.565165856918997	8.29204255083786	10.5096897666794
8.79075793799642	0.587532062173908	7.63702295108267	9.94449292491018
9.16938116140859	0.504123857792771	8.17965983173861	10.1591024910786
9.24059389526009	0.477841476848641	8.30247115427681	10.1787166362434
9.25408586073961	0.417540224146175	8.43506546293708	10.0731062585421
8.36846568783504	0.472475428998908	7.44059528197368	9.29633609369641
8.85437433955003	0.52352261586188	7.82697637147488	9.88177230762517
9.7996548006991	0.695670673998684	8.43341501238613	11.1658945890121
10.0895356068505	0.61066987481549	8.89060063759836	11.2884705761025
9.4329759725855	0.478215203532216	8.49435047509698	10.371601470074
9.05850565525629	0.524062804849376	8.02999956469603	10.0870117458166
8.16967009078954	0.582612741602138	7.02505680560856	9.31428337597052
8.65199105216199	0.559454090816837	7.55368203805138	9.75030006627261
8.60726672540336	0.416308974471433	7.79055287691047	9.42398057389625
9.71341781076174	0.466829672564391	8.79732349051498	10.6295121310085
9.20915293020571	0.505344815491266	8.21730845361315	10.2009974067983
9.07764700014466	0.567079362866831	7.96492693771611	10.1903670625732
8.66445440072647	0.397876530233805	7.88376261238337	9.44514618906957
9.79682234763244	0.4969551646855	8.82175553287031	10.7718891623946
8.63748348514311	0.487026547620936	7.68162070090541	9.5933462693808
8.62890649488818	0.421105378167679	7.80256251360213	9.45525047617424
8.89313975914433	0.47647303307895	7.95787092757946	9.82840859070919
8.80800186138256	0.492831185211276	7.84088514069588	9.77511858206925
9.2205653596939	0.615767784327997	8.01170257627785	10.4294281431099
8.44985204439826	0.432828564701594	7.60014425737679	9.29955983141973
9.57464415589314	0.592542765603812	8.41152108034983	10.7377672314364
8.92225729418922	0.609794945289286	7.72540408730651	10.1191105010719
8.88201569826485	0.486614927585425	7.92679601620175	9.83723538032796
9.18601800666553	0.545648926847905	8.1148887061603	10.2571473071708
9.79512185830145	0.473407584385808	8.86615455618588	10.724089160417
9.17895749004211	0.620755184941676	7.95925134182961	10.3986636382546
8.7304192083161	0.497574973969544	7.75356711504028	9.70727130159192
8.85119147148919	0.517709329344403	7.83545000563955	9.86693293733883
8.61619909331825	0.55249524100965	7.53139996673611	9.7009982199004
9.09432293275397	0.479248791594442	8.15354556002446	10.0351003054835
9.08924142387404	0.552774856395947	8.0047273975087	10.1737554502394
8.738405874595	0.45894475850154	7.83782077171015	9.63899097747985
8.69436275122408	0.495515261730083	7.7219794852232	9.66674601722496
9.15620974674487	0.600594403565056	7.97746499156538	10.3349545019244
8.96497084180412	0.452298207868604	8.07737826194712	9.85256342166113
8.94781630167915	0.469723808996659	8.02620172490126	9.86943087845703
9.72057454192597	0.46466022713062	8.80848570710082	10.6326633767511
9.00502297420527	0.420991185745272	8.17877503023786	9.83127091817269
9.10673492274497	0.474181375655992	8.17602879518395	10.037441050306
8.45415904653014	0.484952682695161	7.50232441886778	9.40599367419249
9.36359122403569	0.537573588601836	8.30846558337239	10.418716864699
9.07204301269212	0.441875741057501	8.20516732626033	9.93891869912391
9.41474671771944	0.527047114619683	8.38057100460244	10.4489224308364
8.68941769153496	0.501979810873227	7.70442942922976	9.67440595384016
8.33247114717578	0.520164200146895	7.31182388990809	9.35311840444347
9.32287812628909	0.496179614302487	8.34918233311712	10.2965739194611
9.88353548611627	0.661374322390264	8.58579060160338	11.1812803706292
9.01484768460759	0.539639530603281	7.95538132618587	10.0743140430293
9.09467897748928	0.459278010021297	8.19316971120595	9.99618824377261
9.28841094815701	0.554867426129974	8.19924670763126	10.3775751886828
8.79354770571599	0.659126806827155	7.4995616775846	10.0875337338474
9.19713501236814	0.401295436553988	8.40952504277715	9.98474498195912
9.30040163617819	0.498632271455222	8.32203722322372	10.2787660491327
9.00070046100813	0.570465623253213	7.88056253900842	10.1208383830078
8.7487773533799	0.471591130967771	7.82328739368963	9.67426731307017
8.70111059851502	0.481841586105429	7.75591941460822	9.64630178242181
9.30876545492822	0.60384009492074	8.12330865203303	10.4942222578234
9.18618320976467	0.564432787262504	8.07783698431827	10.2945294352111
9.476857510314	0.552307013365768	8.39285056845644	10.5608644521716
8.98017299884379	0.578090539838795	7.8452338574885	10.1151121401991
8.7800681435627	0.627798767145402	7.54739711107916	10.0127391760462
9.61994175959831	0.50869704416633	8.62130170874993	10.6185818104467
8.19362783356177	0.427601269793485	7.3545363617408	9.03271930538274
9.05703339328318	0.464388390976077	8.14569484213664	9.96837194442972
8.4143572778125	0.486480181452365	7.45951630443508	9.36919825118992
9.07519724697313	0.558991896022687	7.97789426287147	10.1725002310748
9.73291998352542	0.590567001268552	8.57316461837163	10.8926753486792
9.19103267837806	0.485027113599305	8.2389950727624	10.1430702839937
9.37019304967704	0.577534715888884	8.23609475638419	10.5042913429699
9.90352674816834	0.639158214375877	8.64869255133934	11.1583609449973
9.0778705438353	0.545784564505064	8.00724325784709	10.1484978298235
9.25099837728432	0.6549729227418	7.96530862164648	10.5366881329222
8.80568395546512	0.525508789705147	7.77422829875995	9.8371396121703
9.04164180197667	0.425740315414014	8.20590605751596	9.87737754643738
8.30034095494446	0.542336425150473	7.23592438158212	9.3647575283068
9.46293795232043	0.446784457000362	8.58636089065443	10.3395150139864
7.84983825576633	0.383813449570073	7.09654570922795	8.60313080230472
8.6137273193017	0.384475687020646	7.85924857158625	9.36820606701716
8.25927102444512	0.556196295093276	7.16691573229837	9.35162631659187
8.37034823194592	0.514719545955145	7.35868870111654	9.38200776277529
9.39599241481388	0.543419096838464	8.32951808234148	10.4624667472863
8.86223694760819	0.553624926927366	7.77578472970774	9.94868916550863
8.51907597468268	0.513523640374407	7.51087235990104	9.52727958946432
9.32616150882759	0.474171896817625	8.3957601080786	10.2565629095766
9.1100114770564	0.475079843894335	8.17755923097455	10.0424637231383
9.41431659975196	0.530297849394935	8.37286209787688	10.455771101627
9.25354883746045	0.662337119484299	7.95311713266288	10.553980542258
9.36497496078431	0.664487609256099	8.05993478832603	10.6700151332426
10.0496326893605	0.553282013742129	8.96362614846212	11.1356392302588
8.51234754748621	0.486236394693287	7.55802404305824	9.46667105191418
8.77435729300098	0.484949359353665	7.82255725136472	9.72615733463723
9.3316364307847	0.548377262267854	8.25540849342732	10.4078643681421
10.0106420169091	0.526067038960696	8.97867277202727	11.0426112617909
10.003184731921	0.722491737438379	8.5845893038672	11.4217801599748
9.19638026522408	0.69700478214222	7.82746024757914	10.565300282869
9.5250636868348	0.468097154809373	8.60644779041931	10.4436795832503
8.92968560982702	0.5289780037478	7.8911787911611	9.96819242849294
9.2188494210143	0.511999458583866	8.21371514396195	10.2239836980666
9.51242464717291	0.953600184584415	7.63952762336327	11.3853216709825
8.97108783100064	0.560538290740485	7.87063626053047	10.0715394014708
8.80957689495014	0.536575362725611	7.75674893894141	9.86240485095886
8.89511402053451	0.456835465224279	7.9985522065399	9.79167583452912
9.00372343933602	0.490315067480976	8.04106142170589	9.96638545696614
8.75460335463485	0.551466683020993	7.6730086652261	9.83619804404359
8.38910559264855	0.421978962075912	7.56109278631975	9.21711839897736
8.36921856470014	0.485048656456278	7.41695015216251	9.32148697723776
9.64166174723386	0.536120687619384	8.58940154155112	10.6939219529166
8.5290066951037	0.47783612314566	7.59087709914965	9.46713629105774
9.14175121724126	0.518938892368308	8.12344945002726	10.1600529844553
8.99380052008038	0.580517838655268	7.85482220168471	10.1327788384761
9.62969353865682	0.612844786508439	8.42663196426952	10.8327551130441
9.26424679893714	0.532342001712959	8.21965422568793	10.3088393721863
9.48838700663938	0.496756624838167	8.513683891138	10.4630901221408
10.009647200431	0.560565314213588	8.90939585691889	11.1098985439432
9.30039131634826	0.629647512261656	8.06443031538196	10.5363523173146
8.8387048372415	0.454866180319096	7.94587389712689	9.73153577735611
9.19021156397241	0.467093605346001	8.27348732125505	10.1069358066898
8.05316411753799	0.416132756609833	7.23666524158928	8.8696629934867
8.77461673901391	0.534646414248351	7.72485597049721	9.82437750753061
9.01326519187771	0.473829066326562	8.08345355175928	9.94307683199613
8.9804078629992	0.506074093106369	7.98682325826863	9.97399246772977
8.92134905083224	0.386933949864921	8.16188579114361	9.68081231052086
9.37115971193652	0.569885315250542	8.2528803314856	10.4894390923874
8.42615608037988	0.512376272838316	7.4198571317296	9.43245502903015
9.12755173025584	0.433089609907275	8.27762324334418	9.9774802171675
9.22375789578685	0.499875458106131	8.2430929140494	10.2044228775243
9.13921467131989	0.483743835712142	8.18977723907894	10.0886521035609
8.70812323184162	0.848238858605634	7.04033485106405	10.3759116126192
8.6843223936163	0.518638940921231	7.66620186302423	9.70244292420838
8.99407811055591	0.558839987086075	7.89719964506955	10.0909565760423
9.40581185489206	0.50613081721518	8.41234882799177	10.3992748817924
9.46849816270931	0.588518474280482	8.31351022487446	10.6234861005442
9.01594289733137	0.551419193999466	7.93317363784073	10.098712156822
7.87281794226358	0.469147451329977	6.95172543085794	8.79391045366922
8.5432598795648	0.549661893943446	7.46465720749884	9.62186255163076
9.17823238498075	0.433738381037101	8.32736580529036	10.0290989646711
9.09384546460469	0.477783655754426	8.15594734358365	10.0317435856257
9.05547944922764	0.589808243741202	7.89759167762878	10.2133672208265
10.185001868943	0.619113327720668	8.96991685540461	11.4000868824814
8.96223755489379	0.488466302290937	8.00363448823903	9.92084062154856
8.94300158122405	0.608964929109011	7.74733016529114	10.138672997157
8.62822943925205	0.508546049288087	7.63060836421296	9.62585051429115
9.22791943220101	0.48436551388309	8.27767098784483	10.1781678765572
8.99915184209311	0.538157053559893	7.94298021959385	10.0553234645924
8.80612549187605	0.571921869546666	7.68310628377263	9.92914469997948
8.37396263891263	0.520032012448584	7.35341619253891	9.39450908528636
9.17492996789713	0.525373077452553	8.14395384255604	10.2059060932382
8.82605663970663	0.501310170777346	7.84209454806462	9.81001873134863
9.23890544563731	0.478064948183065	8.300748792826	10.1770620984486
9.20499894457671	0.514872393496966	8.19499752395482	10.2150003651986
9.06920398111149	0.472623043505939	8.1415163793809	9.99689158284207
8.9325810303197	0.446863492135873	8.05615795194075	9.80900410869865
9.09918263563593	0.463947539184677	8.18859310780563	10.0097721634662
9.28721713767986	0.482893120065789	8.33996838254534	10.2344658928144
8.87516456396081	0.502989932952704	7.88781604740071	9.86251308052092
8.62817509495984	0.501982046009258	7.64314249637392	9.61320769354576
8.80383827992693	0.474714039720176	7.87190808380775	9.73576847604611
9.11969829943873	0.491947051676725	8.15463219360589	10.0847644052716
9.06501831437756	0.559274180077461	7.96683549255293	10.1632011362022
9.32173836616326	0.466092076618762	8.40707878767273	10.2363979446538
8.8000552163253	0.409890773646142	7.9959215637045	9.6041888689461
9.38561737471044	0.479498061232285	8.44490248453704	10.3263322648838
9.66261742673644	0.590951533768427	8.50277542450996	10.8224594289629
9.07838466956651	0.459470029267823	8.17705906991387	9.97971026921914
8.95697914139996	0.482071477271326	8.01068267802146	9.90327560477845
8.6218638338232	0.490640501590641	7.65859815410767	9.58512951353873
9.89858797803009	0.592737379268229	8.73521327501481	11.0619626810454
8.66430002358462	0.451561189932547	7.77802420489949	9.55057584226974
8.92954903328921	0.498222555754886	7.95125179684255	9.90784626973586
9.06564555261227	1.12762668288954	6.85026291715415	11.2810281880704
8.29360354550374	0.42155234498078	7.46653512764011	9.12067196336737
8.9673017747606	0.411489222757534	8.15979535454005	9.77480819498116
9.52940648013148	0.587292379702025	8.37666611895672	10.6821468413062
9.23063087765662	0.55390010985728	8.14382123368845	10.3174405216248
8.45631933413748	0.44353361329294	7.58574207504282	9.32689659323215
8.83176569052938	0.525263459102985	7.80065121290054	9.86288016815822
8.85216295921867	0.607288889835602	7.65994459476779	10.0443813236696
8.8226137896301	0.546479744856601	7.74920060091618	9.89602697834401
8.86527577100957	0.675366392162404	7.53884479831983	10.1917067436993
9.31637391680027	0.602100751452149	8.1340105889434	10.4987372446571
9.72456634315465	0.492732298766426	8.75783991974179	10.6912927665675
8.91043669291485	0.652650837367551	7.62894194013964	10.1919314456901
8.13092177982476	0.818053140448874	6.52155721646605	9.74028634318346
9.02889823664141	0.471896139169224	8.10261567485649	9.95518079842633
8.66280722837353	0.457053199380966	7.7660433598697	9.55957109687736
9.32917805924093	0.592758218519076	8.16598281900493	10.4923732994769
9.18164472372705	0.561864686423584	8.07876958008601	10.2845198673681
9.42370292764746	0.51081965045043	8.42075731288417	10.4266485424107
8.54911170286024	0.454734064731004	7.65674124165343	9.44148216406704
8.37984117329368	0.567996908125092	7.26474627078471	9.49493607580265
9.19062148802332	0.453002985761958	8.3020794983677	10.0791634776789
9.0462182682958	0.551761783628435	7.96292089758819	10.1295156390034
9.2642014363471	0.503349685773947	8.276464948238	10.2519379244562
8.56754383771941	0.479241951909195	7.62657609771892	9.50851157771989
9.01556321767986	0.48215889546884	8.06956748161123	9.96155895374848
7.87055880432631	0.394943016618476	7.09557864611955	8.64553896253307
8.11923445608053	0.449945302535571	7.23583612523349	9.00263278692758
9.01386508525537	0.463321820050706	8.10484619468885	9.92288397582189
9.45085451822496	0.481386150727134	8.5061419279689	10.395567108481
9.85805655061871	0.95434786559255	7.98467157991592	11.7314415213215
8.86270603597952	0.556793538388314	7.7696753467012	9.95573672525784
8.52930483966427	0.482457150026499	7.58178781053878	9.47682186878976
9.41523627282076	0.599750297957597	8.23767380305949	10.592798742582
9.01136600902976	0.507360140226872	8.01525818032234	10.0074738377372
9.76823329123354	0.639116711453275	8.51378606992256	11.0226805125445
9.19504178072561	0.478312783655925	8.25587878493267	10.1342047765186
9.4688764689947	0.72298063422712	8.0476984615613	10.8900544764281
8.67350187762743	0.514151193975357	7.66411025532949	9.68289349992538
8.04481449896	0.492012350260958	7.0787971880127	9.01083180990729
8.86710917901562	0.417176478726235	8.04858923833861	9.68562911969263
8.4166889860151	0.478337711750366	7.47775508678912	9.35562288524109
9.17739525381207	0.674180546310059	7.85281562075832	10.5019748868658
8.76403207303536	0.501120010753426	7.78025108419647	9.74781306187425
8.89263855458287	0.475245394411522	7.96001601427408	9.82526109489166
8.85615083863535	0.594484656325094	7.68844965607007	10.0238520212006
9.11875136706317	0.568302901110643	8.00317665896363	10.2343260751627
8.32526557977976	0.456220228580608	7.43016517762109	9.22036598193843
9.57101097511273	0.561626104225563	8.46906005209898	10.6729618981265
9.35128363610693	0.525336823080417	8.31915934221844	10.3834079299954
9.41550392088615	0.880302973372102	7.68627749418641	11.1447303475859
10.02196967687	0.799172770721967	8.45145775848668	11.5924815952534
8.50178056789676	0.40237268265032	7.71195642146578	9.29160471432775
9.21272489314162	0.443679474965569	8.34220216068835	10.0832476255949
8.83547446794292	0.453192777113205	7.94605091668796	9.72489801919788
8.8064573620245	0.446460101997006	7.93013784764656	9.68277687640245
8.96244391982099	0.402317123941407	8.17277665758951	9.75211118205248
9.26807939968343	0.616940962236204	8.05755679304473	10.4786020063221
7.92675439749622	0.508608851965975	6.92803902813154	8.9254697668609
9.14189574627732	0.487665752284766	8.18447520614173	10.0993162864129
9.17558142415889	0.488217763407089	8.21756394551653	10.1335989028013
9.03061612339743	0.521357826523984	8.00739185511855	10.0538403916763
9.4066932360094	0.467852818954138	8.48819611476717	10.3251903572516
8.58984417810138	0.454703248459145	7.6977116589885	9.48197669721426
8.69356742227147	0.470938901146153	7.76903290364252	9.61810194090041
8.42589227945551	0.461754865470332	7.51967773332208	9.33210682558894
8.19218921143559	0.735993501140251	6.74637134859613	9.63800707427504
9.02567404958603	0.52371830754878	7.99779502115271	10.0535530780193
9.09952681697031	0.518692628000581	8.08099924342797	10.1180543905126
9.7229900299611	0.572891676207113	8.59906912807166	10.8469109318505
8.62892154634245	0.506156287468175	7.63541225190932	9.62243084077558
8.61756430101443	0.57780436323468	7.48278494206572	9.75234365996314
8.62099536424031	0.485560941530096	7.66762360621748	9.57436712226315
9.32094761066886	0.525332299439768	8.28990428378961	10.3519909375481
8.27203154074559	0.467080915846231	7.35535398036844	9.18870910112273
8.84676222900582	0.592439413393368	7.68330236833116	10.0102220896805
9.18670418709371	0.670946506942227	7.86832599197293	10.5050823822145
9.56742174709832	0.540716073656585	8.50636528705886	10.6284782071378
9.00997770593423	0.546379233897206	7.93695614312042	10.082999268748
8.94416122979925	0.472393440152535	8.01709410406647	9.87122835553203
8.82049917961023	0.470099666976858	7.89770381353631	9.74329454568415
8.74925569896037	0.434337346530119	7.89712731999047	9.60138407793027
9.04078693480152	0.585763161688285	7.89128209138826	10.1902917782148
8.95167171552716	0.511364888982075	7.94808465108	9.95525877997432
9.30563041048489	0.52708685760533	8.27048665183919	10.3407741691306
9.3869577992008	0.550021497114516	8.3077101080077	10.4662054903939
9.05754581491467	0.543128474739357	7.99128141580998	10.1238102140194
8.41833716668591	0.445004856335744	7.54474422657258	9.29193010679923
9.19804634034664	0.509059303750774	8.19938275308976	10.1967099276035
9.16189789268053	0.564818885347196	8.05332587294455	10.2704699124165
9.42535890947331	0.498950906487622	8.44643719893551	10.4042806200111
8.84539360453955	0.476243999046722	7.91078747345001	9.77999973562908
8.9783537835779	0.474932070815988	8.04645548238419	9.91025208477161
9.01580625902791	0.538586547010719	7.95839101565641	10.0732215023994
9.2426372534006	0.601120947937859	8.06253897263498	10.4227355341662
8.74348320826515	0.63760065102196	7.49201931353104	9.99494710299926
9.09135644148249	0.453391329290546	8.20167042020698	9.98104246275801
9.07966369528328	0.4107891184099	8.27351779447288	9.88580959609368
9.65321263580135	0.630516986940483	8.41572964488657	10.8906956267161
9.30218910169724	1.03921570928454	7.25891252512639	11.3454656782681
8.99216350304972	0.432620925456029	8.14295889630859	9.84136810979085
8.82681654579591	0.432343677574197	7.97833993064484	9.67529316094699
9.60155752831034	0.631584404204105	8.36182679120202	10.8412882654187
9.62530142418175	0.593194713186275	8.46061535357689	10.7899874947866
9.31406177738794	0.536948216503063	8.26027826220578	10.3678452925701
9.72045105848898	0.529524187967526	8.68100517287527	10.7598969441027
8.28449509415844	0.384766390811061	7.52946318845205	9.03952699986483
9.1984363371892	0.587291876628716	8.04529381196802	10.3515788624104
9.47297857079924	0.509533278578128	8.4727745342357	10.4731826073628
9.47803336452403	0.482920906341914	8.5302246776497	10.4258420513983
8.72907213826451	0.541177139341426	7.66682348590024	9.79132079062879
9.50625103612419	0.554621832188088	8.41800186877369	10.5945002034747
8.28033819344937	0.398375132378073	7.49845371583686	9.06222267106188
7.95369241861611	0.382291076295998	7.20347639976495	8.70390843746727
9.03285608046507	0.643823459245105	7.76831431504969	10.2973978458805
9.41188930095429	0.50004319176514	8.43051381360311	10.3932647883055
9.12882547556729	0.48357789676568	8.18013827115192	10.0775126799827
8.84290982108019	0.472686330971499	7.91545797572225	9.77036166643814
8.23062501038611	0.601453375614449	7.04923203774486	9.41201798302736
8.5670469517056	0.529772122442141	7.52695310452567	9.60714079888553
9.12174357418643	0.528324885703192	8.08474039900653	10.1587467493663
8.9537020416974	0.525488108273523	7.92224203089652	9.98516205249829
9.50372860113388	0.533739359344663	8.45649516417601	10.5509620380918
9.14734589909837	0.518081705256856	8.13072089943313	10.1639708987636
8.41043439368302	0.47143575244722	7.48524748080295	9.33562130656308
8.68259693467986	0.475358914442738	7.7493430881521	9.61585078120762
8.84223943264127	0.425565148435969	8.0069596171554	9.67751924812714
8.98149320827721	0.509912637714254	7.98052502963049	9.98246138692394
8.62391868236149	0.482967272744467	7.67583817231383	9.57199919240915
9.60049742409267	0.525527814629789	8.56889662937608	10.6320982188093
9.14679003644088	0.495869883719501	8.17352674417982	10.1200533287019
8.62086246211762	0.463562479795618	7.71077008890239	9.53095483533285
8.81675209487311	0.421082990561796	7.99025688348472	9.64324730626149
9.04616081574588	0.482943176368386	8.09848193835341	9.99383969313835
9.25463488043022	0.510952158788277	8.25204500782212	10.2572247530383
8.73549171847917	0.483804166010032	7.78598050509074	9.68500293186761
8.83306576288216	0.483130115060979	7.88530895791968	9.78082256784464
8.50785294892291	0.439550340887551	7.64539965900337	9.37030623884245
9.06937023138766	0.465189005811504	8.15673645182189	9.98200401095343
9.68355558003557	0.580044334353828	8.5448421611067	10.8222689989644
8.75607207477541	0.475417397057149	7.82293989192397	9.68920425762684
9.26843556771989	0.629566351027763	8.03263103202395	10.5042401034158
8.64791012337338	0.465932358430312	7.73359807482941	9.56222217191736
8.8101775988546	0.435952387058311	7.95488850688459	9.66546669082461
9.57752347709095	0.56018290297997	8.47834997312715	10.6766969810547
9.12546434595622	0.454103463948961	8.23476211233214	10.0161665795803
9.02419591490568	0.484247300028248	8.07377598158068	9.97461584823069
9.4209441272671	0.525846196073905	8.38911800087345	10.4527702536607
8.6865210190794	0.453091548076915	7.79754252182842	9.57549951633039
8.96602876910935	0.449347088373714	8.08451075294163	9.84754678527708
8.60526190225502	0.554925839458309	7.51625624473118	9.69426755977886
8.47645465638441	0.429675279423753	7.63300647560288	9.31990283716594
9.01627076040695	0.529758990556884	7.97555442165388	10.05698709916
8.94630384122951	0.442218899077417	8.0786709917788	9.81393669068022
9.20393264858929	0.432727489736214	8.35475523088139	10.0531100662972
8.95713537006975	0.827415776694685	7.33061145704934	10.5836592830902
9.09537072359562	0.537741850618071	8.0401994669145	10.1505419802767
8.82671912093071	0.501896182714229	7.84202074356071	9.81141749830071
8.55044853159675	0.428577359768355	7.70962574017464	9.39127132301887
8.00269789207705	0.550188169113422	6.92138779998721	9.08400798416689
8.71923283501657	0.455611390493727	7.82497011650977	9.61349555352337
8.58350576399465	0.462510935628923	7.67552447646633	9.49148705152297
8.99828624187287	0.70491117659152	7.61373764236325	10.3828348413825
8.91333020668351	0.452122194489517	8.02588807985793	9.80077233350909
8.96930961120803	0.593015297451543	7.80478748336411	10.133831739052
8.85870302143164	0.447774372852777	7.97982224924054	9.73758379362273
9.24465805878463	0.545640060237767	8.17390366111501	10.3154124564542
8.72745145991111	0.525429034783838	7.69602578451514	9.75887713530709
8.57639447693986	0.49936699349473	7.59626809289547	9.55652086098425
9.7538941550465	0.634953245964834	8.5078452656115	10.9999430444815
9.23995557325579	0.500502373445236	8.25808117471916	10.2218299717924
9.11382876765985	0.469075503054092	8.19333016691262	10.0343273684071
9.06694431921935	0.787035978483411	7.52013492566835	10.6137537127704
8.88581295373081	0.648275706815881	7.61195929097489	10.1596666164867
8.43766496404909	0.508222249235029	7.44003929140899	9.43529063668919
9.00911803265473	0.512264503417067	8.00356419663454	10.0146718686749
8.99635038538503	0.539685263344333	7.93639064029645	10.0563101304736
8.79972563080941	0.495904172062232	7.82596073610813	9.77349052551068
8.89015905865243	0.671898099469454	7.57051304699501	10.2098050703099
8.91452177437755	0.521739604296318	7.89060102763723	9.93844252111786
9.23286184678848	0.568450062283103	8.11652842260432	10.3491952709726
9.34158925871415	0.521950743385472	8.31707497057914	10.3661035468492
8.57324830394965	0.53409134766799	7.52416995339333	9.62232665450597
9.26773756218753	0.513468032809976	8.2598371366571	10.275637987718
9.26523024393651	0.59699773463149	8.09346726950133	10.4369932183717
9.00980246682788	0.486997763091729	8.05373219279228	9.96587274086349
8.66811000237538	0.479108618457123	7.72743452443067	9.60878548032009
8.93266730429221	0.440632867311251	8.06805258941648	9.79728201916795
8.8781056391526	0.523791261130279	7.8501331795902	9.90607809871499
10.1921093614787	0.621625315102539	8.97177028554516	11.4124484374123
8.95415587481354	0.521966746433689	7.92953586529282	9.97877588433426
9.15967334919812	0.577763497707153	8.02546441551198	10.2938822828843
9.21263089527794	0.513860067147555	8.20431474810936	10.2209470424465
9.27294105470732	0.502369713058896	8.2871329683573	10.2587491410573
9.21098917535215	0.605601486673392	8.02183412641564	10.4001442242887
8.76211319412966	0.439993909908338	7.89887417429849	9.62535221396082
8.65502442417013	0.441795496586938	7.78729658663844	9.52275226170182
9.216058679716	0.58581688105922	8.06597491062354	10.3661424488085
9.08266596214911	0.542728331592085	8.01747334263289	10.1478585816653
8.81915209171842	0.539540038662254	7.75977909138233	9.87852509205451
8.91224509712946	0.56246893746347	7.8081679129445	10.0163222813144
9.03178467129673	0.451930668500679	8.14473069677893	9.91883864581453
9.775010940436	1.39239178971111	7.03466038841271	12.5153614924593
9.647078682719	0.590618271155731	8.48831780924709	10.8058395561909
9.20101935870305	0.470429734325367	8.27758770843123	10.1244510089749
8.62980527616762	0.45939710798779	7.72821323351987	9.53139731881537
9.09183835491329	0.503827217080825	8.10243216080404	10.0812445490225
8.80085711260867	0.623763418536585	7.57540874573204	10.0263054794853
9.0967085807164	0.68585885383355	7.75035989372351	10.4430572677093
8.57785695670689	0.466987363889113	7.66103300545862	9.49468090795516
9.84500213392186	0.473575737448372	8.9158950942029	10.7741091736408
9.53402311324047	0.662990491238046	8.23264965477432	10.8353965717066
8.96921877915046	0.484771994657334	8.01768919623643	9.92074836206449
9.18803156337504	0.491427623431706	8.22337766934676	10.1526854574033
8.7218883702273	0.471268864068518	7.79723047362778	9.64654626682682
9.32929881041792	0.511888527340941	8.3244072495096	10.3341903713262
9.41693994479919	0.545321569654426	8.34640535758969	10.4874745320087
8.33356309410087	0.49134198661952	7.36916722075381	9.29795896744793
9.29280669033439	0.529623312020822	8.25344288127884	10.3321704993899
8.82864455816504	0.528671224567736	7.79054051534998	9.8667486009801
8.62449423403951	0.407337427342379	7.8249969403937	9.42399152768532
8.80141398931866	0.459809911154904	7.8993212325159	9.70350674612142
8.50760621708476	0.505078788917057	7.51578481768616	9.49942761648336
8.49551333461072	0.48356008153479	7.54627773429425	9.44474893492719
8.35665117200489	0.521014427552298	7.33342517471929	9.37987716929049
8.73836907006381	0.476890527571959	7.80236489974343	9.67437324038419
9.70722577989769	0.528651554283047	8.66968888503849	10.7447626747569
9.22060096979541	0.446839081829739	8.34382147657892	10.0973804630119
8.8693369517133	0.522999588895853	7.84281561919182	9.89585828423479
9.34617554246264	0.515844172269985	8.33403998002128	10.358311104904
8.82995268157051	0.483660270939481	7.88081080792928	9.77909455521173
8.8363102116099	0.456877525658701	7.93999026649909	9.73263015672071
9.68772532254287	0.746805573695518	8.22206955684898	11.1533810882368
8.48124288256252	0.511538274822402	7.47672753408475	9.4857582310403
8.8703352226432	0.465714804971149	7.95619114471985	9.78447930056655
9.32662144796847	0.635828975590465	8.07797692423104	10.5752659717059
9.05591492814088	0.568545093857788	7.93965255889614	10.1721772973856
8.9083642224806	0.506662536212594	7.91343048095997	9.90329796400123
8.63720931621294	0.569291151224799	7.51997045682535	9.75444817560052
9.03496419737733	0.473923310699536	8.10500182053747	9.96492657421718
9.20121740386213	0.506171541665112	8.20777627186673	10.1946585358575
9.22019010019504	0.693115119578458	7.86005707223552	10.5803231281546
9.42015284695828	0.667247841015338	8.10996591715572	10.7303397767608
8.45437774280542	0.506306372502224	7.46045771898688	9.44829776662396
8.90582955431609	0.52960098536695	7.86560242821307	9.94605668041911
9.05963487171377	0.553991726139024	7.97229486967769	10.1469748737498
8.46465320078192	0.429671860020193	7.62133367049173	9.30797273107211
8.77432866042561	0.577774964491888	7.63990680027705	9.90875052057417
8.96617867516303	0.404298297410731	8.17299451996856	9.7593628303575
8.41037864763987	0.453268432738491	7.52095824504559	9.29979905023416
9.40417566077612	0.519202983989202	8.38495778461199	10.4233935369403
9.19951029425247	0.449543311217599	8.31732573442743	10.0816948540775
9.23934936862494	0.483508678439019	8.29042466871741	10.1882740685325
8.77225167305352	0.496435168366178	7.79801509970366	9.74648824640337
8.18775640289079	0.387354024355516	7.42753421669712	8.94797858908446
8.7723579084207	0.516085445007463	7.7590982195703	9.7856175972711
9.87992059908084	0.539384129106965	8.82117849480785	10.9386627033538
8.37950138143895	0.369787312537206	7.65401034289971	9.1049924199782
8.6792134499036	0.44103485784064	7.81336763224063	9.54505926756658
8.83616891218144	1.12535435445264	6.62181844380328	11.0505193805596
8.67899746022926	0.443297685120882	7.80895647614897	9.54903844430955
8.99470340679662	0.522851620388661	7.96858575185792	10.0208210617353
8.58615823796255	0.495052755572989	7.61479937623222	9.55751709969288
9.01811381912346	0.484735404100526	8.06675007185874	9.96947756638818
9.08571535937801	0.548439032616189	8.00916903462971	10.1622616841263
8.79511951570408	0.518793040625692	7.77689180643725	9.81334722497092
9.94598810087794	0.591690358122541	8.78346932464502	11.1085068771109
9.13451389773903	0.540788583112953	8.07258062150321	10.1964471739749
8.78664164444168	0.45524902371471	7.89307232335001	9.68021096553335
8.97726806416883	1.14006854174861	6.73589397103427	11.2186421573034
9.29995112353511	0.56126655785646	8.19817501695846	10.4017272301118
9.43403427756663	0.561149943820759	8.33274663713285	10.5353219180004
9.17877768054539	0.480133360258661	8.23663339078831	10.1209219703025
8.9999128658778	0.462818462973744	8.09177444188213	9.90805128987347
9.36308079547381	0.914636771290769	7.5650881334443	11.1610734575033
9.61446386934027	0.551207794318802	8.53306135290558	10.695866385775
8.90640993049342	0.475774200992863	7.9723340176787	9.84048584330815
9.13768664541441	0.624028189360095	7.91175093412151	10.3636223567073
8.59433094398629	0.497173337202613	7.61857507523092	9.57008681274167
9.07451228331986	0.57632650839343	7.94293538315736	10.2060891834824
8.67860187700077	0.48642581232449	7.72342183942521	9.63378191457634
8.19312467028058	0.397139239333381	7.41373990701163	8.97250943354954
9.11786791742588	0.587342191389183	7.96518471155648	10.2705511232953
9.36913200846347	0.659758618443617	8.07401507758436	10.6642489393426
8.80502658488731	0.501934466040864	7.82003877019874	9.79001439957588
9.25967989200693	0.589153653241367	8.10363348220371	10.4157263018101
8.56641389874973	0.460558041116299	7.66277440229793	9.47005339520152
9.10565193620314	0.555495185315083	8.01448090907926	10.196822963327
9.84364824828728	0.640715396698731	8.5855605195835	11.1017359769911
9.17105544054994	0.506337025107866	8.17743025690779	10.1646806241921
8.93033026987196	0.508380539974276	7.93257698229243	9.92808355745149
9.16433357041367	0.526946007766865	8.12978818576159	10.1988789550657
8.75005487706986	0.602722349160819	7.5662247680425	9.93388498609722
8.74797629693714	0.561218835237218	7.64596688266135	9.84998571121294
9.45511646303901	0.700749352042523	8.07886468592142	10.8313682401566
8.81682514609791	0.498346105262081	7.83882388032776	9.79482641186806
8.51960567972401	0.491763403492899	7.55441974595658	9.48479161349144
8.41981749404755	0.440617497828925	7.55461829011924	9.28501669797586
8.93587024596119	0.47509633309084	8.00330394222201	9.86843654970036
8.66152053330985	0.556275271173083	7.56906704553541	9.75397402108429
9.05628823668367	0.490896424063292	8.092846490291	10.0197299830763
9.6542882615931	0.552960841501562	8.56905795162346	10.7395185715627
8.88164342393957	0.515524500629619	7.86955896298923	9.89372788488991
9.09825433883981	0.523384503338899	8.07127609157108	10.1252325861085
8.33409757860943	0.463057935520613	7.42565082108367	9.24254433613519
8.970576930069	0.485763398044653	8.01740015825388	9.92375370188412
8.73997722464014	0.472607425325708	7.81202640019019	9.66792804909009
8.8948114613616	0.442590231194539	8.02629250839564	9.76333041432756
9.25580333796947	0.507242736662478	8.26036058289445	10.2512460930445
9.0460171321343	0.549413885933245	7.96722396755409	10.1248102967145
9.19523852498788	0.594237447059602	8.02782233713831	10.3626547128374
8.49142404370162	0.474844516935199	7.55960163308424	9.423246454319
8.89755692700683	0.551881860967893	7.81432713067285	9.98078672334081
9.33677848832846	0.543492678143998	8.2700667035345	10.4034902731224
8.06165664876614	0.59135866949077	6.9003141277943	9.22299916973799
9.80790501924071	0.617586940851513	8.59547178633613	11.0203382521453
8.7025071989984	0.557251552997045	7.60861425040196	9.79640014759484
8.89072443480032	1.99044781519716	4.98325047825993	12.7981983913407
8.97816690953985	0.511427450110153	7.97473613274476	9.98159768633493
9.2202396736347	0.554619291728047	8.13182086347336	10.308658483796
8.75109260584083	0.547892547493143	7.67518885824779	9.82699635343388
8.64255070342012	0.439645329610501	7.77957385826321	9.50552754857704
9.40092757228319	0.429033594604399	8.55915743636422	10.2426977082022
8.96716038903724	0.679070447245639	7.6330196854478	10.3013010926267
8.90424396519428	0.50469203870365	7.91397084380825	9.89451708658032
8.98359506043059	0.564408715988388	7.87453350246599	10.0926566183952
9.05425104422654	0.449390360137883	8.17239755918217	9.93610452927092
9.53786640729831	0.622186497603274	8.31625220109188	10.7594806135047
9.28316551555072	0.545010314158867	8.21365152067373	10.3526795104277
8.76985712884561	0.500294248563621	7.78763845159169	9.75207580609954
8.3789967197414	0.415949559978818	7.56299814705365	9.19499529242916
9.27453761482662	0.628417462757585	8.04072161877459	10.5083536108786
8.64621244399297	0.454251041646682	7.75458340222302	9.53784148576292
9.44519674528123	0.576086148643599	8.31452723227785	10.5758662582846
8.61451078676498	0.508441857421789	7.61651178895917	9.61250978457079
9.33877155466082	0.523682059171893	8.31111209263388	10.3664310166878
8.91022409243475	0.469356392147222	7.98919816681115	9.83125001805834
8.58663720112506	0.427860395202741	7.74710140958723	9.42617299266289
8.35491884961055	0.560261213163596	7.25509185003437	9.45474584918672
9.31712595308845	0.653032348202164	8.03561838833586	10.598633517841
9.72565535675005	0.680726452712813	8.3885341282259	11.0627765852742
9.68914673036095	0.50592749128903	8.69621316484806	10.6820802958738
9.56302690520926	0.515709431789421	8.55082734999607	10.5752264604225
8.81798128712225	0.625685259406878	7.5895942114356	10.0463683628089
8.91247531565303	0.469729234255678	7.99051711442236	9.83443351688369
9.22495125153237	0.553307365863115	8.13890249889308	10.3110000041717
8.92290832685155	0.437683484316375	8.06398098088044	9.78183567282266
8.30443114698278	0.501863869821289	7.31914859061486	9.28971370335069
8.31321604577568	0.473225556919536	7.38371077977057	9.2427213117808
8.35042449259046	0.455253155646611	7.45733606099006	9.24351292419086
9.03148718172844	0.590910173469116	7.87206076658058	10.1909135968763
9.58067679721567	0.832801062901648	7.94518293061993	11.2161706638114
8.25837126740095	0.465219274638364	7.34498630955626	9.17175622524564
9.11971314555369	0.458129284180807	8.2208448344149	10.0185814566925
8.4359535244676	0.408445411415282	7.63407521687864	9.23783183205656
8.81185086187909	0.52353506696875	7.78403567400647	9.8396660497517
9.26656235847483	0.5467635500465	8.19359165248313	10.3395330644665
9.02754771674535	0.464057331843914	8.11703546820764	9.93805996528305
8.9344395861757	0.506262866783732	7.94133019160024	9.92754898075116
8.65573506106579	0.47426923464353	7.72496110586056	9.58650901627103
9.27960683879954	0.537084505169194	8.22537558988	10.3338380877191
8.53033294061573	0.444339203971007	7.6586435878991	9.40202229333236
8.77717293182704	0.587537781848649	7.62291737106889	9.93142849258519
9.07839016953537	0.459854295380042	8.17608117026575	9.98069916880499
9.31178193831922	0.559747517702539	8.21319259463746	10.410371282001
9.80988538879155	0.49904011086585	8.83056035159129	10.7892104259918
8.58722095249243	0.529175470443178	7.54801697230596	9.62642493267891
8.70611616678198	0.606087997409949	7.51576055575458	9.89647177780938
8.88021949459046	0.480165808365273	7.93761461929678	9.82282436988413
9.36768537703986	0.519908214040908	8.34742802585771	10.387942728222
8.59173035149692	0.557062348096299	7.49790653995102	9.68555416304282
9.49503049573286	0.626676871142662	8.26430825684773	10.725752734618
8.87436782472218	0.548735365231264	7.79771198011454	9.95102366932983
8.86523882769455	0.555407263349651	7.7751094406396	9.95536821474949
9.13397816388109	0.484270774546686	8.1836398627887	10.0843164649735
9.16137243345367	0.507057998578228	8.16647766468566	10.1562672022217
9.72961525734937	0.698920763672442	8.3573239396654	11.1019065750333
9.06749351262385	0.471086741750459	8.14295777185887	9.99202925338884
8.82566309002151	0.459465578820339	7.92391858802895	9.72740759201406
9.27160039263371	0.489254833419824	8.31118457318079	10.2320162120866
9.85206308410518	0.624984788835736	8.62535027684839	11.078775891362
8.60911586073991	0.403356226822858	7.81756411790853	9.40066760357129
9.36050468880476	0.668622044259857	8.04815332551387	10.6728560520956
8.88699710861781	0.53185999328218	7.8432894624813	9.93070475475431
8.56029836145766	1.12735088881987	6.34247245025578	10.7781242726595
9.0629268800833	0.531727733470414	8.01893495237459	10.106918807792
8.7977507449782	0.47863787320438	7.85800018328176	9.73750130667464
8.99385429351133	0.548396222846087	7.9178103860153	10.0698982010074
9.45983783020887	0.600653475303437	8.28047687647931	10.6391987839384
9.63039911691183	0.731341575083543	8.1949306624936	11.0658675713301
8.60338011474063	0.525299265963065	7.57192448095933	9.63483574852192
8.37985003856386	0.458605522656796	7.47932018782073	9.28037988930699
8.61477064893906	0.41127100384121	7.80752566229069	9.42201563558742
8.29623574786708	0.445220639484838	7.42238732372544	9.17008417200872
8.67972639809175	0.500818451936599	7.6971551607746	9.66229763540889
9.43250145504567	0.445446424808286	8.55869415494788	10.3063087551435
10.0207880156824	0.611421117077931	8.82060332786247	11.2209727035023
9.10962540039775	0.514288056411336	8.09994385683916	10.1193069439563
8.68606106197765	0.498009920086986	7.70853902582386	9.66358309813144
8.66131049462107	0.434253855959107	7.80872559198357	9.51389539725858
9.06589297621809	0.639177120390101	7.81001274696986	10.3217732054663
8.9077253818376	0.521757625445892	7.88404175494914	9.93140900872606
9.20671143814639	0.494347600408361	8.23697920386926	10.1764436724235
8.55183231339991	0.492169809064588	7.58621234293885	9.51745228386098
8.93114383470552	0.472923828877036	8.00301016056879	9.85927750884225
9.21341681048675	0.609135496181979	8.01795679125216	10.4088768297213
9.5855740181792	0.514779465833355	8.57506983974566	10.5960781966127
9.14131133219334	0.430886574009034	8.29569434321554	9.98692832117114
8.78704549635501	0.531969611241273	7.74282874764238	9.83126224506765
9.62826733020855	0.695908341659344	8.26208042344108	10.994454236976
8.56219241378784	0.547942586352236	7.48635570945648	9.63802911811919
8.10266516273782	0.432805182868422	7.25347217131111	8.95185815416453
9.12320564573573	0.518876696402851	8.10487753063039	10.1415337608411
8.93323653179596	0.466393609103366	8.01829717288179	9.84817589071014
9.51959082013385	0.591511951597804	8.3590593558941	10.6801222843736
8.52065870605246	0.436946888402377	7.66305695042676	9.37826046167815
9.36837117070521	0.509038984895818	8.36975448654712	10.3669878548633
8.93965173432123	0.437712950143168	8.08067170260933	9.79863176603312
9.3408938281095	0.489096808611501	8.38138588339536	10.3004017728236
8.91823944840869	0.577385430552789	7.78465203866001	10.0518268581574
10.4743548060086	0.666842560173598	9.16568925474533	11.7830203572718
8.78374734269114	0.511066174416024	7.78059535590639	9.78689932947589
9.79973856134797	0.511729723258524	8.79548187125281	10.8039952514431
8.99197187912568	0.499760907396527	8.01131011250627	9.97263364574509
9.1556682364503	0.475003062354334	8.22355950330219	10.0877769695984
8.81318528314895	0.515047395687697	7.80200537659655	9.82436518970134
9.28792573991273	0.527744364797959	8.25201473335882	10.3238367464666
8.90439055052697	0.689096346366915	7.55069686282547	10.2580842382285
8.62125405785197	0.441020123797733	7.75579269665237	9.48671541905158
8.94434390794436	0.473125583146219	8.01574176993176	9.87294604595696
8.43593490439229	0.3701425943216	7.70957579613112	9.16229401265346
9.19503958920779	0.574512841604858	8.06798833989138	10.3220908385242
9.2478336708922	0.589418167260874	8.09059924135791	10.4050681004265
9.70060992048696	0.476873295837853	8.7648859246843	10.6363339162896
8.80640647179754	0.661952204488195	7.50699773775369	10.1058152058414
8.42692891316037	0.478426484604909	7.48803123809217	9.36582658822857
8.35801486953909	0.468257821540532	7.43892039501548	9.27710934406271
8.95972270724964	0.421040996501381	8.13326514569144	9.78618026880783
8.05605744926661	0.639928652048544	6.79905935380196	9.31305554473126
9.06835867569341	0.537990424055022	8.0124126503873	10.1243047009995
9.72572337238017	0.557388654919281	8.63178345136245	10.8196632933979
8.7574242291678	0.405975951909237	7.96081199758752	9.55403646074809
8.32061514931803	0.700532413598074	6.9456149880325	9.69561531060355
9.04479969170542	0.499546874053293	8.06475734028911	10.0248420431217
8.77980918646567	0.423966567103856	7.94766270115766	9.61195567177369
9.4818008838573	0.606464758714457	8.29107742060528	10.6725243471093
9.1520897327783	0.45057581066625	8.26808722666276	10.0360922388938
8.5133882957917	0.477048749322077	7.57731861172099	9.4494579798624
9.12890448471014	0.609324340695014	7.93186779226386	10.3259411771564
9.04064850731404	0.496039706304297	8.06689119971476	10.0144058149133
8.86777391986848	0.425778997954813	8.03213689683137	9.70341094290558
8.88426706474953	0.54061924481407	7.82258727327712	9.94594685622194
8.37474667127855	0.40619348872658	7.57766448663475	9.17182885592235
8.36663860215765	0.450092609983535	7.48346665592551	9.24981054838979
8.26956996137798	0.458961688293008	7.3691937602114	9.16994616254455
8.41207129812087	0.472937202452897	7.48351817346379	9.34062442277795
9.02146082421893	0.582163470727757	7.8783341408067	10.1645875076311
9.27022169294582	0.559135827828885	8.17264961393246	10.3677937719592
9.57731100400955	0.569747086676934	8.45932743898275	10.6952945690363
9.25454671457418	0.551445220862456	8.17158076078743	10.3375126683609
8.60122186137647	0.459108378445205	7.69999760997007	9.50244611278287
8.80326427318369	0.463391885252768	7.8941533396833	9.71237520668408
8.95669409628254	0.499954977794351	7.97589675142156	9.93749144114353
9.12397015362602	0.494325326264354	8.15344565438026	10.0944946528718
9.05595388240176	0.513782649142114	8.04772201737022	10.0641857474333
9.19398736974741	0.440895734437198	8.32871402521644	10.0592607142784
8.07756963262606	0.5629722150444	6.97198676761209	9.18315249764003
9.38605695628326	0.592155773547929	8.2239642626898	10.5481496498767
9.01238076730774	0.497753450656108	8.03585034939747	9.98891118521801
9.08983546160063	0.475789938387876	8.15647375087863	10.0231971723226
8.20527944782238	0.512851178008264	7.19854044849293	9.21201844715184
8.83365161913298	0.544198947411201	7.76530136605868	9.90200187220728
10.177028287578	0.568935403070932	9.06083053849211	11.2932260366639
8.91167659192592	0.415854058249756	8.09535875696344	9.7279944268884
8.97017015072302	0.529257735277672	7.93168035790549	10.0086599435406
8.43058599738125	0.471405530604783	7.5053432536031	9.3558287411594
9.0570903279007	0.503826300774857	8.06840259838824	10.0457780574132
8.84705188593535	0.457345437411466	7.94937660351689	9.7447271683538
9.19927525367368	0.469115282256824	8.27899360606584	10.1195569012815
8.62287305571562	0.413262378290613	7.81157207260184	9.4341740388294
9.9735968629294	0.526222766970234	8.94102423191291	11.0061694939459
8.99386532999602	0.509393368792746	7.9941634806404	9.99356717935164
8.71461861160993	0.48628239301369	7.76073653426018	9.66850068895969
8.63218592406232	0.455940812277357	7.73775535062071	9.52661649750394
9.4525534645557	0.560601733716228	8.35243146356767	10.5526754655437
8.76754159547675	0.584403088386329	7.62074643893922	9.91433675201428
8.71591580512098	0.53199093913804	7.67127544165402	9.76055616858793
9.22559711718606	0.469915768186636	8.30346872926863	10.1477255051035
9.55597631516346	0.491318323457585	8.59200681858812	10.5199458117388
8.84447894212117	0.487986263563837	7.88677926309116	9.80217862115117
9.06241921159741	0.532194819046497	8.01780730763345	10.1070311155614
8.78358368826887	0.536500621336985	7.73014742639159	9.83701995014616
8.56032841822291	0.524504937152654	7.53069180795625	9.58996502848957
9.37033622523915	0.523343138265033	8.34287784866678	10.3977946018115
9.49593273825675	0.581102135382084	8.35529394995391	10.6365715265596
8.80245053150089	0.415893500798713	7.98649620405369	9.61840485894808
9.17287290132463	0.540213508696242	8.11185508913579	10.2338907135135
8.68739898988217	0.482564166492575	7.74041329158709	9.63438468817725
8.96711270508482	0.420177452511431	8.14248867239228	9.79173673777737
9.23682727961569	0.484534621356096	8.28602243287489	10.1876321263565
8.53815306383364	0.526011267518645	7.50534390431697	9.57096222335031
8.60227292088179	0.420710875511971	7.77649302991981	9.42805281184377
8.58213934634285	0.524874070385744	7.55203378983242	9.61224490285328
9.99086192773091	0.534679412419577	8.94142679488602	11.0402970605758
9.21744677414385	0.497427885860476	8.24146390491902	10.1934296433687
8.69699031274609	0.469103183671917	7.77615512198791	9.61782550350427
8.67184201320159	0.531994897443775	7.62751523421578	9.7161687921874
8.82533158140037	0.480867623218061	7.88164703354587	9.76901612925487
8.88585445668426	0.535280434266842	7.83522193670589	9.93648697666263
9.14243220708327	0.521464077792074	8.11907563433662	10.1657887798299
8.99829287518348	0.51674595787962	7.98369062201942	10.0128951283475
8.48116898647277	0.518926019320229	7.46241335634779	9.49992461659775
9.0698694885106	0.64997925161076	7.7937229330391	10.3460160439821
9.0374519209458	0.496523136270504	8.06281274585028	10.0120910960413
9.1080835080903	0.516699902200077	8.09404270827164	10.122124307909
9.47192396582191	0.537717330575797	8.41625246186456	10.5275954697793
9.40228841328872	0.509556470048676	8.40221338316621	10.4023634434112
8.28346820014211	0.446263209033697	7.4075996288124	9.15933677147182
9.19892796878992	0.488014589051564	8.24121167984873	10.1566442577311
8.71141924867835	0.488660738686051	7.75285918073576	9.66997931662094
8.65705565487209	0.45196419909057	7.77044978552493	9.54366152421925
8.61403130383671	0.515128900207794	7.60263240394449	9.62543020372894
9.18366715926469	0.63621524565693	7.93454167743436	10.432792641095
8.99226911538107	0.513733127853291	7.98388645139635	10.0006517793658
9.6188424702672	0.565789233053481	8.50865332378719	10.7290316167472
9.0390142739193	0.491191593785767	8.07498996672492	10.0030385811137
9.11433219790407	0.477136657658315	8.17763624223185	10.0510281535763
8.84315407885541	0.574820106866185	7.71464451277343	9.97166364493739
9.46639913440692	0.620778403138346	8.2477640575362	10.6850342112777
9.28212497942422	1.18330868488931	6.95355957980384	11.6106903790446
9.71248804679409	0.698148384488648	8.34158727148223	11.0833888221059
9.76370185458611	0.514811352959194	8.75303332515949	10.7743703840127
9.25479423961631	0.543232031038308	8.18819908984361	10.321389389389
8.81006626484045	0.841402721731996	7.15590171491568	10.4642308147652
9.26576705780164	0.508348476455229	8.2681248113718	10.2634093042315
8.59584428070148	0.419454262924617	7.77269096052787	9.41899760087509
8.84783647493289	0.694603746494003	7.48301730290221	10.2126556469636
8.73444440559464	0.536279130411333	7.68200036551726	9.78688844567201
9.33072605004768	0.516519295889361	8.31715378045636	10.344298319639
9.33377520826127	0.46332939583327	8.42467954692916	10.2428708695934
8.92854959486733	1.40683803251547	6.16049827281451	11.6966009169201
8.87302703832272	0.486650662150481	7.91788247822322	9.82817159842223
9.45670533572005	0.502672702634631	8.46993206096468	10.4434786104754
8.80634937933181	0.483226474272026	7.85818211691161	9.75451664175201
8.24086106679113	0.475347802694361	7.30773678111809	9.17398535246416
8.66970914814146	0.455251990044012	7.77608929404274	9.56332900224018
9.16021111196552	0.508970967881567	8.16083993533782	10.1595822885932
8.97554699502977	0.479903778645447	8.03370304310433	9.9173909469552
10.159114607413	0.613536703430661	8.9551315718454	11.3630976429806
9.37781606803166	0.555142891916199	8.28846012271123	10.4671720133521
8.66803089848807	0.465207603683358	7.75511950674229	9.58094229023385
10.2820242828781	0.630526024276504	9.04435653054194	11.5196920352143
9.12346089201482	0.518391063433505	8.10616669876966	10.14075508526
8.77157460779509	0.564551609201321	7.66284324685734	9.88030596873285
9.27325811402093	0.504089308335475	8.28375679818447	10.2627594298574
8.47152416773704	0.551215808878967	7.3893311498833	9.55371718559078
8.31323200234847	0.619698893753877	7.09599933645966	9.53046466823728
9.05303791138512	0.507851544775496	8.05620923399979	10.0498665887705
9.90520594112009	0.544503290882097	8.83610423425162	10.9743076479886
9.58517922214501	0.69934159270121	8.21217425213023	10.9581841921598
8.1757119707143	0.438294662809479	7.31567339489681	9.0357505465318
8.61276911084649	0.419072582109182	7.79042903185463	9.43510918983836
9.14541651563729	0.646576552149985	7.87595746066657	10.414875570608
8.27747432392945	0.43871988747956	7.41600115620779	9.13894749165111
8.90423106119267	0.596720230605385	7.73294408526313	10.0755180371222
9.39090591449109	0.477381690780054	8.45418349184382	10.3276283371384
8.98735486433486	0.567989582299557	7.87199659278477	10.1027131358849
8.86180102302866	0.434290953542599	8.00953815684703	9.7140638892103
8.46214166474237	0.414330524493459	7.64915414905662	9.27512918042812
9.0267627703164	0.525230206290643	7.99534723626637	10.0581783043664
8.81147487893356	0.664803658890538	7.50504169646243	10.1179080614047
9.88661847563881	0.637993667229501	8.63501781915229	11.1382191321253
9.33737361638494	0.457482362647221	8.43996010639783	10.2347871263721
8.27624170875759	0.666022363077375	6.96841483309202	9.58406858442316
9.16424227547881	0.505329090296933	8.17241169367954	10.1560728572781
8.38270063733977	0.379796273148324	7.63753010478805	9.1278711698915
8.77666117025119	0.456467745399879	7.8807388012243	9.67258353927807
8.97172943203775	0.579045838232849	7.83473735663638	10.1087215074391
9.48259755652241	0.480903139728649	8.53872372792789	10.4264713851169
9.47034633355186	0.489047208656454	8.51024714855205	10.4304455185517
8.46467421566695	0.447114647035985	7.58702588307151	9.34232254826239
8.61137618905178	0.766326289543552	7.10488676195919	10.1178656161444
9.32999149693902	0.573147209731586	8.20481091729177	10.4551720765863
9.10989650868358	0.543186249011312	8.04369395710251	10.1760990602647
8.66071114715397	0.362270041373264	7.94991886319094	9.37150343111701
9.13230030663774	0.465622499144091	8.2186236316954	10.0459769815801
9.40240717287915	0.499432598696946	8.42255348661807	10.3822608591402
9.90355602418357	0.646646391817592	8.63430917349369	11.1728028748734
8.89210340877828	0.538786882911753	7.83456127714945	9.94964554040712
8.15430406177083	0.449279150462711	7.2720993606281	9.03650876291356
9.64255772857462	0.517441374395902	8.62754199610243	10.6575734610468
9.17438450169261	0.470408561027255	8.25089993148246	10.0978690719028
8.30124301096858	0.478908301769943	7.36125267684146	9.2412333450957
8.51421454488319	0.404369353009958	7.72086517311078	9.30756391665561
9.24354540410426	0.760352623053685	7.74994560274861	10.7371452054599
8.44260241373309	0.418141599770133	7.62178616928425	9.26341865818193
9.27777377338194	0.448873889989433	8.39738369711377	10.1581638496501
8.80297525181254	0.53493929717261	7.75298524623136	9.85296525739371
9.49637901163795	0.505785371045159	8.50394919043926	10.4888088328366
8.79192567325211	0.566940131415361	7.67910340171382	9.9047479447904
8.58989327703626	0.492928768554199	7.62256188670508	9.55722466736744
8.69067465255281	0.540778427705216	7.62891036667243	9.75243893843319
8.83611343767186	0.554660363999267	7.74709525360723	9.92513162173648
9.16214615316059	0.522830391965422	8.13628266988616	10.188009636435
8.2971874127187	0.415662905734065	7.48134728684887	9.11302753858854
8.77591597998751	0.569975931428319	7.65690270762347	9.89492925235155
8.45529669397407	0.497930798349285	7.47776628116787	9.43282710678028
8.6426955043495	0.461196658156484	7.73740624200436	9.54798476669464
8.22256306006481	1.7737417135653	4.72865978673338	11.7164663333962
8.38742737069707	0.545647877972651	7.31591010537233	9.45894463602181
9.32702585202901	0.477298837005531	8.39041084848876	10.2636408555693
8.91520581973227	0.654910846512348	7.6292543379758	10.2011573014887
9.13404260257516	0.502090110748884	8.14881472157321	10.1192704835771
9.12952002267264	0.713154533041468	7.72917282148504	10.5298672238602
8.78330925334941	0.445644226200536	7.90845629950927	9.65816220718955
8.71634416136674	0.557048572904705	7.62206848790021	9.81061983483327
8.81473383905009	0.554074042050588	7.72613733077568	9.90333034732449
9.06027977822546	0.731823390937964	7.62252060932174	10.4980389471292
7.98836808935448	0.499868088244945	7.00697273691864	8.96976344179033
8.95183355329389	0.44540477686503	8.07781892323556	9.82584818335223
8.58447715548818	0.443154115406427	7.71409476903453	9.45485954194183
8.67686964336109	0.5922331078688	7.5139436153373	9.83979567138488
9.11957510172362	0.526453436405075	8.08697551856532	10.1521746848819
8.24752462690905	0.425421755847377	7.41278616583223	9.08226308798587
8.62902900478214	0.421971233196539	7.80102919151744	9.45702881804684
9.05593600362828	0.570488858600995	7.93655409745486	10.1753179098017
8.99624151645643	0.534864658099138	7.94599046290861	10.0464925700043
8.95400011411411	0.432579059814633	8.10492000966061	9.8030802185676
9.5194774106748	0.736973826504117	8.07113910344003	10.9678157179096
9.06726600533255	0.486782848401954	8.11189237092896	10.0226396397361
8.86509158598068	0.546457400452998	7.79261810165617	9.93756507030519
9.38622696559954	0.51215477092585	8.38099196858326	10.3914619626158
9.46386476376849	0.513177561800363	8.45694287740973	10.4707866501273
9.00893960441323	0.437844761389618	8.14968951705603	9.86818969177043
8.68665090289223	0.551718769296809	7.6034994259641	9.76980237982036
8.74505995714285	0.498958746919256	7.76564809321734	9.72447182106835
9.27252009388285	0.463333147090077	8.36315176621143	10.1818884215543
8.87977758345243	0.664562907416255	7.57541479862932	10.1841403682755
9.15072776103037	0.472934239005558	8.22266438263563	10.0787911394251
8.85604377428981	0.614832114628889	7.64913647457444	10.0629510740052
8.70950717214696	0.430856389512806	7.86403235499615	9.55498198929776
8.83707163133894	0.518326595212133	7.8191515131173	9.85499174956057
9.33479523136484	0.656690642202784	8.04576937996945	10.6238210827602
8.81745490760626	0.503835198630008	7.82816350447881	9.80674631073371
8.61123616479567	0.479249771983233	7.67047776911637	9.55199456047496
8.9859182540224	0.504995626185879	7.9948565489219	9.97697995912291
8.59333010277575	0.599037278068335	7.41565080864825	9.77100939690324
8.48375916472634	0.408828491806071	7.68150944685788	9.28600888259481
8.52153261927156	0.459133150409244	7.62063288183064	9.42243235671247
8.90929511017447	0.516764566506425	7.89488462945265	9.92370559089628
8.64904325387213	0.412877518141342	7.83902894190841	9.45905756583586
9.02206935268389	0.894910787144179	7.26205863299331	10.7820800723745
10.2728940202581	0.658896611228341	8.97889474721733	11.5668932932989
9.35129933939235	0.529191322363131	8.31280921735538	10.3897894614293
9.07111835116064	0.461927971422673	8.16478402055461	9.97745268176667
9.38819111315296	0.521168733306253	8.36532823355286	10.4110539927531
7.88961092400083	0.387556206304425	7.12892138003533	8.65030046796633
8.98552519051516	0.517791912709791	7.96946902333759	10.0015813576927
9.15180117019465	0.497479044890042	8.17531308320592	10.1282892571834
8.4317135701776	0.441202044767507	7.56599878986518	9.29742835049002
8.87956647448766	0.58662179787777	7.72664771628266	10.0324852326927
8.48650721721951	0.475486838685462	7.55299983217497	9.42001460226406
8.93090035599814	0.50986414489772	7.9304991788791	9.93130153311718
9.05554326919627	0.56056788563603	7.95455893062577	10.1565276077668
9.77769356057606	0.593882487128429	8.61259836043488	10.9427887607172
8.57475847242022	0.572547323538958	7.450330316598	9.69918662824244
9.15435563747481	0.542404063787654	8.08933170734465	10.219379567605
8.6279250667679	0.431629268598434	7.78047023198277	9.47537990155302
8.44561923848046	0.40215955206181	7.65589913882104	9.23533933813987
9.29703731337068	0.496474476205384	8.32319428981877	10.2708803369226
8.99579704262686	0.485446458020153	8.04299799096081	9.94859609429291
7.90130732593634	0.539930762326736	6.84051260371339	8.96210204815928
9.37531203694813	0.644703106191803	8.10908478760425	10.641539286292
8.48288529365089	0.476752324554883	7.54692133261734	9.41884925468443
8.59426293802374	0.607796875402414	7.40103465233292	9.78749122371456
9.90406178941397	0.583754195603998	8.75823262189104	11.0498909569369
9.27260749000949	0.524282726918454	8.24375692682154	10.3014580531974
8.70502523787313	1.73650326106488	5.28614764458671	12.1239028311595
9.35160282606532	0.488317767364441	8.39309168655582	10.3101139655748
9.14768021467331	0.556233929571784	8.05603410074872	10.2393263285979
9.18472860474505	0.519129883559994	8.16593073986402	10.2035264696261
9.12636604036821	0.68811216297856	7.77602287564983	10.4767092050866
9.01661886030811	0.453416780769738	8.12703693236906	9.90620078824717
9.11204527253743	0.543457546491804	8.04510858954456	10.1789819555303
9.29532625674256	0.597888871220404	8.12124730366367	10.4694052098214
8.94682008566435	0.493142834971751	7.97839737516601	9.9152427961627
9.40614843072025	0.489191265882221	8.44615694046547	10.366139920975
8.12500213304414	0.389350170095732	7.3605980064196	8.88940625966868
8.35352065527652	0.43943533368198	7.49114717230611	9.21589413824693
9.20513910323537	0.501102365896131	8.22163001701153	10.1886481894592
9.0854787177242	0.547036425783992	8.01135718509687	10.1596002503515
9.27544388724611	0.694051487561436	7.91231543457679	10.6385723399154
9.69507802159844	0.590701042971572	8.53583246846194	10.854323574735
9.16442898957992	0.60218505216578	7.98202213909675	10.3468358400631
8.50166030988622	0.497349652954579	7.52530825939334	9.47801236037911
9.50410645612409	0.527127716040444	8.46952298138287	10.5386899308653
8.83281973500124	0.475446714777162	7.89965630199343	9.76598316800905
9.24861174204145	0.615160992636469	8.04138790280673	10.4558355812762
8.83044848537198	0.542576492145417	7.76586748326569	9.89502948747828
8.74120060388518	0.636800741189051	7.48965522489775	9.9927459828726
9.55397796679407	0.662346786137166	8.25356922725585	10.8543867063323
8.93411433536031	0.504829958079232	7.94348414155186	9.92474452916877
8.2236271191154	0.597359386859088	7.05073179587048	9.39652244236033
9.03361710490981	0.512253231583671	8.02845699762473	10.0387772121949
8.29554907911709	0.454195996106437	7.4042322122921	9.18686594594208
9.46590069231074	0.569974298239764	8.3470048146463	10.5847965699752
9.32122002448338	0.408195771616484	8.52039383585294	10.1220462131138
9.12477824487805	0.467818508259342	8.20654115508493	10.0430153346712
8.65165797681868	0.475487178646605	7.71880525041768	9.58451070321969
9.15157802928191	0.675125414961786	7.8249189991553	10.4782370594085
8.53772610182949	0.466353683875616	7.6225252272415	9.45292697641749
9.30981875949411	0.566223476369573	8.19860809332307	10.4210294256652
9.72283557768257	1.47142769467436	6.82717778876717	12.618493366598
8.6493276875037	0.518177468234634	7.63162138976748	9.66703398523992
10.0644573018741	0.679446849720628	8.7310313161224	11.3978832876257
9.13181339233054	0.531103912623875	8.08924498746923	10.1743817971919
9.23696760551661	0.59107294629187	8.07689316529824	10.397042045735
9.32317782007958	0.599992330859983	8.14435788276838	10.5019977573908
10.1565869434861	0.602099773045567	8.97374725489481	11.3394266320774
8.39772604721704	0.40718345296725	7.59868289338924	9.19676920104484
8.23009980650558	0.446495650856472	7.35354356626038	9.10665604675077
8.85139330532263	0.56907758359276	7.73445905550001	9.96832755514526
9.38239755999693	0.544033881443422	8.31432163223285	10.450473487761
9.41701599680666	0.495576924461766	8.44483816993183	10.3891938236815
9.51972077095601	0.505499071809209	8.52766614295402	10.511775398958
8.63824466860049	0.463742668889467	7.72807126570839	9.5484180714926
8.80741195741602	0.45480463125738	7.91437742716655	9.70044648766549
8.21059043620373	0.434242361156512	7.35788741580776	9.06329345659969
9.01653543558828	0.395485755784862	8.24049853639475	9.79257233478181
9.16172727119209	0.573160493875073	8.03646020356442	10.2869943388198
9.24327865146969	0.481345810765833	8.29873912344856	10.1878181794908
8.9164092961788	0.496367236029221	7.94246506678666	9.89035352557093
9.1126783850006	0.447253447905111	8.23525274562935	9.99010402437186
9.45568891473397	0.587742517597436	8.3020489567268	10.6093288727411
8.97766953805215	0.457228994653923	8.08050004153791	9.87483903456639
8.73389156251489	0.440835834500412	7.86871202514431	9.59907109988548
9.4422030777369	0.448555849150256	8.56216598836608	10.3222401671077
9.00625448710771	0.533809648492013	7.95866867641989	10.0538402977955
9.2014838160602	0.565106098039519	8.09254616436714	10.3104214677533
8.84205265823124	0.675727505319415	7.51490799032234	10.1691973261401
8.62672424857393	0.465523029199805	7.71287566414654	9.54057283300131
9.35482008675569	0.581907562124817	8.2124440200154	10.497196153496
8.80851387824213	0.526397382364592	7.77564034711718	9.84138740936709
8.47945273754665	0.408102802479752	7.67846954707792	9.28043592801538
9.74070242942329	0.501445351747846	8.75629823955115	10.7251066192954
9.23737218174	0.534830815340174	8.18788704840582	10.2868573150742
8.78884481986155	0.474069199474435	7.85822861663754	9.71946102308556
8.51398891757638	0.461000764328684	7.60935801071073	9.41861982444203
9.20388408242031	0.489896020770086	8.24257311730048	10.1651950475401
9.31690742072901	0.551798410877968	8.23362281655258	10.4001920249054
8.36493518380208	0.577395695060905	7.23085939116506	9.49901097643909
8.741946170385	0.568575201447636	7.62590641764832	9.85798592312168
9.12445556062645	0.507073870105681	8.12883576126302	10.1200753599899
8.54043432641029	0.476748497858725	7.60490955315164	9.47595909966895
9.32869789295137	0.520614503430829	8.3064367452579	10.3509590406448
9.89786393893732	0.608451085460449	8.70303829599376	11.0926895818809
8.55843625252614	0.514718376984823	7.54797585245785	9.56889665259443
9.16957222746215	0.563723563405551	8.06309363943719	10.2760508154871
8.52277783380098	0.487418449008351	7.56653123322036	9.4790244343816
9.11779369103309	0.509480269578783	8.11814612505298	10.1174412570132
8.83910595835525	0.544467870561695	7.7701399086182	9.9080720080923
8.90335613927681	0.408545109032031	8.10168668419299	9.70502559436063
9.27569855702235	0.398969410553118	8.49285835890179	10.0585387551429
8.73129690577018	0.419603148473015	7.90821425008143	9.55437956145892
9.62363328515469	0.553576858570212	8.53711570247586	10.7101508678335
8.9809027854481	0.455507794259702	8.08681374853053	9.87499182236566
9.4225491108188	0.510767718854138	8.42022262021594	10.4248756014217
9.66703064433669	0.500019689796217	8.68592107147264	10.6481402172007
9.03856716261166	0.506291935948678	8.0445226140879	10.0326117111354
8.74144393577811	0.450794400558036	7.85619497320516	9.62669289835106
8.57752819348796	0.424325947191076	7.74473072213984	9.41032566483609
9.02954657494005	0.455310505064558	8.13629304113759	9.92280010874251
8.90093853359629	0.482511853741298	7.95385978013751	9.84801728705508
8.71236253146017	0.579863629134617	7.57355304913246	9.85117201378789
9.10606797214716	0.469014082089189	8.1858437830935	10.0262921612008
8.99352529112348	0.574499241145857	7.86564440774388	10.1214061745031
8.95436371713201	0.579411707059486	7.81684572998298	10.091881704281
9.28479838313833	0.837661027170333	7.639003871564	10.9305928947127
8.89081223321414	0.53468339736945	7.84101643699031	9.94060802943796
8.42844294803105	0.481709787792406	7.48247228599535	9.37441361006674
9.28455092017719	0.43291226185638	8.43505459959568	10.1340472407587
9.22323015619495	0.781978501801385	7.68720892290516	10.7592513894847
9.19061549276768	0.569122352151419	8.07367676944107	10.3075542160943
9.43374965791277	0.536452923043183	8.38082353978828	10.4866757760373
9.14588535414071	0.456313462885058	8.25034120620733	10.0414295020741
8.99724948445856	0.756059569808409	7.51174227545603	10.4827566934611
8.05565584801051	0.643099325182703	6.79104064802014	9.32027104800088
9.06631749036731	0.598320020002811	7.89165367436771	10.2409813063669
8.83224376377046	0.537964037457449	7.77626759238218	9.88821993515874
