estFinal_msm11	sdFinal_msm11	X1	X2
5.52624209712014	0.249575569582723	5.037073980738	6.01541021350227
5.47583308763646	0.277730316148669	4.93148166798507	6.02018450728785
5.09778711051926	0.243685560953051	4.62016341105128	5.57541080998724
4.53660768513759	0.20122400820295	4.14220862905981	4.93100674121538
4.98908772003131	0.268749612915596	4.46233847871674	5.51583696134587
4.97444392611343	0.353007055742663	4.28255009685781	5.66633775536905
5.01326099059572	0.343621910475256	4.33976204606422	5.68675993512722
4.46877904582403	0.293970749994226	3.89259637583535	5.04496171581272
5.48752403665473	0.268094740479215	4.96205834531547	6.01298972799399
4.45355219209096	0.366564730469235	3.73508532037126	5.17201906381066
5.06910559715224	0.217912309816868	4.64199746991118	5.4962137243933
4.83904731567632	0.192735127623579	4.46128646553411	5.21680816581854
5.38360627596607	0.241590588795482	4.91008872192693	5.85712383000522
4.66108914056155	0.253809555864346	4.16362241106743	5.15855587005567
5.25002272548195	0.296468863740878	4.66894375254983	5.83110169841408
4.99828005499862	0.248620407056857	4.51098405716718	5.48557605283006
5.3076169685498	0.285880053015137	4.74729206464013	5.86794187245946
4.80735117858913	0.36905275731983	4.08400777424227	5.530694582936
4.99808627274987	0.274226523504315	4.46060228668141	5.53557025881832
5.44814958837302	0.232414624237766	4.992616924867	5.90368225187904
5.31344137016403	0.23067914324109	4.8613102494115	5.76557249091657
4.87379593793672	0.21019514824443	4.46181344737764	5.28577842849581
4.366320285948	0.437077402231436	3.50964857757438	5.22299199432161
5.15096770805168	0.257339874189907	4.64658155463946	5.6553538614639
5.19653322276907	0.206931284244897	4.79094790564908	5.60211853988907
4.96725463652133	0.310803025665465	4.35808070621702	5.57642856682564
5.04332195534218	0.239073906283164	4.57473709902718	5.51190681165718
4.89092081781888	0.221155897240687	4.45745525922713	5.32438637641062
5.32466651072958	0.274990652804842	4.78568483123209	5.86364819022707
5.28146525611673	0.841235823806809	3.63264304145538	6.93028747077808
5.11123602417922	0.28171008553142	4.55908425653764	5.66338779182081
5.1791438606256	0.30075165784195	4.58967061125538	5.76861710999582
5.2227182463183	0.363636557637128	4.50999059334953	5.93544589928707
5.11451033820074	0.300150882735113	4.52621460803992	5.70280606836156
5.4573222323852	0.262522392282881	4.94277834351076	5.97186612125965
5.26273265865588	0.290983686475094	4.6924046331647	5.83306068414707
4.82260416542524	0.78654048315188	3.28098481844755	6.36422351240292
5.15143737145909	0.219007791881797	4.72218209937077	5.58069264354742
4.72669171975919	0.207469895322802	4.3200507249265	5.13333271459188
5.12454253706816	0.241405773716797	4.65138722058323	5.59769785355308
5.26323741652143	0.269277199915639	4.73545410468678	5.79102072835608
4.66756553258585	0.288237890017535	4.10261926815148	5.23251179702022
4.91605279597931	0.242677425882224	4.44040504125016	5.39170055070847
5.06688935050814	0.248305204596021	4.58021114949994	5.55356755151635
4.79424528005563	0.2325305279671	4.33848544524011	5.25000511487114
4.67726817027491	0.377291778844941	3.93777628373883	5.416760056811
5.30820136332295	0.263578899764394	4.79158671978474	5.82481600686116
5.2432400497964	0.243221952849631	4.76652502221112	5.71995507738168
5.20472096129153	0.311864243893549	4.59346704326017	5.81597487932289
5.13788817869781	0.272245470327022	4.60428705685684	5.67148930053877
5.09766654936281	0.240910777080726	4.62548142628459	5.56985167244104
4.76208991063492	0.261202957367704	4.25013211419422	5.27404770707562
5.20073301740589	0.207653946231514	4.79373128279212	5.60773475201966
5.34054057202062	0.227876162812161	4.89390329290879	5.78717785113246
5.21640869273018	0.238804811497422	4.74835126219523	5.68446612326512
5.015046425702	0.200603403792549	4.62186375426861	5.4082290971354
4.79291900408285	0.269246630636761	4.2651956080348	5.3206424001309
4.66230509035636	0.51929797287166	3.6444810635279	5.68012911718481
4.62257815907064	0.345951805751513	3.94451261979767	5.3006436983436
5.1288115151772	0.246111287687295	4.6464333913101	5.6111896390443
4.78886476932641	0.196902958026116	4.40293497159522	5.1747945670576
5.35725549791645	1.17550210119537	3.05327137957353	7.66123961625938
4.96897260811606	0.199502544761625	4.57794762038328	5.35999759584885
4.87694606916819	0.25822147410105	4.37083197993013	5.38306015840624
5.06999898663344	0.302743636885948	4.47662145833699	5.6633765149299
4.82466214216754	0.228314371832276	4.37716597337628	5.2721583109588
4.9715782030136	0.228190628017945	4.52432457209843	5.41883183392878
4.89138051408362	0.242205510408791	4.41665771368239	5.36610331448485
4.92157292059388	0.258096442279409	4.41570389372624	5.42744194746152
4.99401714203358	0.306547477962298	4.39318408522748	5.59485019883969
5.32198473635412	0.226458169214917	4.87812672469289	5.76584274801536
5.13051934490891	0.215195313337417	4.70873653076758	5.55230215905025
5.34107133120923	0.327322266989773	4.69951968790927	5.98262297450918
5.02741853714086	0.206932765507689	4.62183031674579	5.43300675753593
5.05741903482714	0.259952270389898	4.54791258486294	5.56692548479134
5.27093255071421	0.573200095585362	4.1474603633669	6.39440473806152
5.00085406374993	0.200915781487505	4.60705913203442	5.39464899546544
5.88863736371404	0.480327854960308	4.94719476799183	6.83007995943624
4.96664431897205	0.270461223793754	4.43654032033629	5.49674831760781
4.89683392209105	0.313558076837914	4.28226009148874	5.51140775269336
5.14609665385564	0.252166224473173	4.65185085388822	5.64034245382306
4.67656751611587	0.230398683752605	4.22498609596076	5.12814893627097
4.99672065324326	0.233405397830422	4.53924607349564	5.45419523299089
5.34227367089382	0.262738142874989	4.82730691085884	5.8572404309288
4.81696434121681	0.248844353189545	4.3292294089653	5.30469927346832
5.15069583358352	0.181495943115177	4.79496378507777	5.50642788208927
4.97045049257694	0.212299279924111	4.55434390392568	5.38655708122819
5.04725106514022	3.12953527476271	-1.0866380733947	11.1811402036751
5.45149402914229	0.224542365145894	5.01139099345634	5.89159706482824
5.14683125893791	0.223738499340199	4.70830380023112	5.5853587176447
5.01356014389973	0.208294039902376	4.60530382569108	5.42181646210839
5.37151442601947	0.235544535150452	4.90984713712459	5.83318171491436
4.87591240628629	0.229558660368478	4.42597743196407	5.32584738060851
4.9051746043023	0.245531564581297	4.42393273772295	5.38641647088164
4.71476831169296	0.252225178509459	4.22040696181442	5.2091296615715
4.8477001835259	0.538609995293016	3.79202459275159	5.90337577430021
5.13729027448332	0.232655395353096	4.68128569959125	5.59329484937539
5.06834097574595	0.216973372890248	4.64307316488106	5.49360878661083
5.03561516145373	0.239622420556025	4.56595521716392	5.50527510574354
5.23590754056633	0.515584473075719	4.22536197333793	6.24645310779474
4.582034074162	0.261855059067346	4.06879815839	5.095269989934
4.82631425052811	0.737261022699606	3.38128264603688	6.27134585501934
5.26142526213805	0.406377219474218	4.46492591196858	6.05792461230752
5.06376722412463	0.216478481164644	4.63946940104192	5.48806504720733
5.15359972884097	0.229029332570799	4.70470223700221	5.60249722067974
4.82005565597866	0.244037595887443	4.34174196803927	5.29836934391804
4.73557902582827	0.461278166779579	3.8314738189403	5.63968423271624
4.79078277032935	0.280960574165522	4.24010004496492	5.34146549569377
4.77613048891225	0.203858023948457	4.37656876197327	5.17569221585122
4.96434554014169	0.249116094541781	4.4760779948398	5.45261308544358
5.14334120326375	0.203604244909632	4.74427688324087	5.54240552328663
5.21904844930836	0.298273368624485	4.63443264680437	5.80366425181235
4.85796029921321	0.18011585995783	4.50493321369586	5.21098738473055
5.09690418534846	0.415608773033656	4.2823109902025	5.91149738049443
5.13343224526951	0.241287574159618	4.66050859991666	5.60635589062236
5.14290092369916	0.332779743967867	4.49065262552214	5.79514922187618
5.43659183775194	0.222769052187808	4.99996449546383	5.87321918004004
4.81252896698951	0.251980002342713	4.31864816239779	5.30640977158123
5.37769124903193	0.216226963561106	4.95388640045216	5.8014960976117
5.14256915887576	0.251711593089192	4.64921443642094	5.63592388133058
4.92639432754853	0.211911761044455	4.5110472759014	5.34174137919566
5.20709024288822	0.218753967806086	4.7783324659883	5.63584801978815
5.34903987142226	0.495751192779915	4.37736753357363	6.3207122092709
4.71985908904272	0.255096219914015	4.21987049801126	5.21984768007419
4.73460840493121	0.396444953353618	3.95757629635812	5.5116405135043
5.17595888953092	0.314332263901681	4.55986765228363	5.79205012677822
4.51434646224323	0.237715230467634	4.04842461052667	4.98026831395979
4.57866118538551	0.368112596949836	3.85716049536383	5.30016187540719
5.00894599115617	0.229019729483371	4.56006732136877	5.45782466094358
5.71920257131881	0.445835870482236	4.84536426517363	6.59304087746399
4.8479598404221	0.349453342280132	4.16303128955304	5.53288839129116
5.19072552552747	0.23952304506801	4.72126035719417	5.66019069386077
5.10667632128885	0.283416060967141	4.55118084179325	5.66217180078444
5.17664382661539	0.21787775589216	4.74960342506675	5.60368422816402
4.73905021366014	0.241859165434972	4.26500624940759	5.21309417791268
5.13252278681013	0.204818408931043	4.73107870530528	5.53396686831497
5.44910258111343	3.1201023724578	-0.666298068903859	11.5645032311307
4.99520595238296	0.383219858557844	4.24409502960959	5.74631687515633
5.01164558909592	0.231923443440657	4.55707563995223	5.4662155382396
5.17272100331088	0.323528478326779	4.53860518579039	5.80683682083137
5.26209241202452	0.260715698200682	4.75108964355118	5.77309518049786
4.89444500076748	0.442963109189581	4.0262373067559	5.76265269477906
5.04585352657986	0.370166500638234	4.32032718532892	5.7713798678308
4.76172788103245	0.241573004132057	4.28824479293362	5.23521096913128
5.59387066431166	0.355620804074879	4.89685388832489	6.29088744029842
5.38101265069031	0.225836289549415	4.93837352317345	5.82365177820716
5.34218919138849	0.328703851520124	4.69792964240905	5.98644874036793
4.77212776177224	0.277977705714883	4.22729145857107	5.31696406497341
5.15649312524187	0.206580997300603	4.75159437053269	5.56139187995105
4.98198820569801	0.262998199011977	4.46651173563453	5.49746467576148
4.99742629456928	0.176566678874941	4.6513556039744	5.34349698516417
5.53231034130611	0.324860209871414	4.89558432995814	6.16903635265408
4.87838567674802	0.25340485335851	4.38171216416534	5.3750591893307
4.86949100246666	0.214085316920306	4.44988378130286	5.28909822363046
5.04162277744414	0.328761976929539	4.39724930266224	5.68599625222603
5.22567439420637	0.344001067122074	4.55143230264711	5.89991648576564
4.68112371778775	0.549803390525869	3.60350907235705	5.75873836321846
4.56054336730154	3.71278595365983	-2.71651710187172	11.8376038364748
4.39590648023154	0.405825141417108	3.60048920305401	5.19132375740907
5.38848874511468	0.226743757794433	4.94407097983759	5.83290651039176
5.05667115765652	0.229427858301907	4.60699255538478	5.50634975992825
5.2067172479169	0.202732470595046	4.80936160555061	5.60407289028319
5.03251871174989	0.262158126151576	4.5186887844928	5.54634863900698
4.81799793177173	0.250661827385158	4.32670075009682	5.30929511344664
4.86165138364004	0.352361296874573	4.17102324176588	5.5522795255142
5.29544634518802	0.31639091863425	4.67532014466489	5.91557254571115
4.93243879953645	0.251085060466579	4.44031208102196	5.42456551805095
5.18880616464691	0.208642968038828	4.77986594729081	5.59774638200301
5.3957697055059	0.263684510306552	4.87894806530506	5.91259134570674
5.08727217653088	0.330993463324134	4.43852498841557	5.73601936464618
5.00860309548193	0.229643576418343	4.55850168570198	5.45870450526188
5.39268291088631	0.221797997755206	4.95795883528611	5.82740698648652
4.63557379528913	0.272682789423981	4.10111552801813	5.17003206256014
4.79512422323544	0.197727124062125	4.40757906007367	5.1826693863972
5.64279610524209	0.242764002718839	5.16697865991317	6.11861355057102
5.10681517535941	0.270563536560694	4.57651064370045	5.63711970701837
4.8518669641063	0.21463891665947	4.43117468745374	5.27255924075886
5.23612110701149	0.266318203031253	4.71413742907024	5.75810478495275
5.0815707591283	0.244846771171028	4.60167108763308	5.56147043062351
5.27962241113745	0.250589031766076	4.78846790887595	5.77077691339896
4.87077920359189	0.219969336699257	4.43963930366135	5.30191910352243
4.48163218025418	0.439417809551695	3.62037327353286	5.34289108697551
5.11203672987476	0.323916453985585	4.47716048006301	5.7469129796865
4.73857336390757	0.224748896228142	4.29806552730041	5.17908120051473
4.7044608105901	0.28263608702304	4.15049408002495	5.25842754115526
4.90491909053923	0.229818083825874	4.45447564624052	5.35536253483795
5.59844455131711	0.224943099249348	5.15755607678839	6.03933302584583
5.06593324786815	0.330962532578474	4.41724668401435	5.71461981172196
5.31413322855217	0.323916121887792	4.6792576296521	5.94900882745225
5.30176328926447	0.253814064126531	4.80428772357647	5.79923885495247
4.94333663045041	0.225133473013054	4.50207502334482	5.38459823755599
5.14807004515702	0.216605354929887	4.72352354949444	5.57261654081959
5.20781059505405	0.220006828065722	4.77659721204523	5.63902397806286
4.99028915475022	0.238575445953013	4.52268128068231	5.45789702881812
5.45247239962104	0.254672738081449	4.9533138329814	5.95163096626068
4.42486045727574	0.235737765076348	3.96281443772609	4.88690647682538
5.0896792871578	0.261421842131444	4.57729247658017	5.60206609773543
5.02389267480243	0.273383033156945	4.48806192981482	5.55972341979005
5.53487311491823	0.347819243488801	4.85314739768018	6.21659883215628
4.9211349588378	0.284543586907683	4.36342952849874	5.47884038917686
5.18509264811512	0.297528192710095	4.60193739040333	5.7682479058269
4.99084813877531	0.298030695015419	4.40670797654508	5.57498830100553
5.75692182377849	0.379544148434833	5.01301529284621	6.50082835471076
5.10200449879388	0.247690364999432	4.61653138339499	5.58747761419277
5.00888655658712	0.313572731397963	4.39428400304711	5.62348911012713
4.5545486908477	0.227806107827349	4.10804871950609	5.0010486621893
4.79521174958294	0.242283618395892	4.320335857527	5.27008764163889
4.80549088127797	0.233529989999656	4.34777210087865	5.26320966167729
5.02355544535687	0.212721123430991	4.60662204343212	5.44048884728161
5.17544598283507	0.291893165803029	4.60333537786113	5.74755658780901
4.85237985885428	0.1999032710439	4.46056944760824	5.24419027010033
4.97428519722936	0.204062355888403	4.57432297968809	5.37424741477063
5.04346975467443	0.298104338947635	4.45918525033707	5.62775425901179
5.21168805620079	0.216335509161632	4.78767045824399	5.63570565415759
5.93317664958632	0.500830396497611	4.951549072451	6.91480422672163
4.71398329814523	0.312927552081208	4.10064529606606	5.3273213002244
5.46556472315571	0.226994820072867	5.02065487581289	5.91047457049853
4.76965829449915	0.258352619173423	4.26328716091924	5.27602942807906
4.91206984156048	0.277723518087565	4.36773174610885	5.45640793701211
5.60052847926881	0.224892024755848	5.15974011074735	6.04131684779028
5.45271689577595	0.256395650089298	4.95018142160093	5.95525236995097
5.04809345466802	0.223698304862913	4.60964477713672	5.48654213219933
4.80303386336647	0.297025030067613	4.22086480443394	5.38520292229899
5.39881937175698	0.267031339228853	4.87543794686843	5.92220079664553
5.16372389129559	0.26053451932216	4.65307623342415	5.67437154916702
4.88384100570683	0.219207415371074	4.45419447157952	5.31348753983413
4.82776760953997	0.207973844879593	4.42013887357597	5.23539634550397
4.94581561559365	0.258942321559063	4.43828866533789	5.45334256584941
5.05736488345567	0.31265612279927	4.44455888276911	5.67017088414224
5.09583120217114	0.519384828140891	4.077836939015	6.11382546532729
5.02603780678852	0.224544616455225	4.58593035853628	5.46614525504076
5.13503764021871	0.199985582613698	4.74306589829586	5.52700938214156
5.06888078015372	0.2155477526448	4.64640718496992	5.49135437533753
4.78369813075217	0.208331454163361	4.37536848059199	5.19202778091236
4.8348531548607	0.292046891862799	4.26244124680961	5.40726506291178
4.80510334619455	0.209929564844799	4.39364139909875	5.21656529329036
5.4278146320988	0.2342678572937	4.96864963180315	5.88697963239446
5.40799272753789	0.395021754482014	4.63375008875315	6.18223536632264
5.03103583861947	0.227664763224627	4.5848129026992	5.47725877453974
5.0174294365958	0.245893562625565	4.53547805384969	5.49938081934191
5.19311756094807	0.273976156716025	4.65612429378466	5.73011082811148
5.33422130696118	0.23031973895064	4.88279461861792	5.78564799530443
4.66894027837086	0.209905246673712	4.25752599489038	5.08035456185133
5.02583264792666	0.272976653877301	4.49079840632715	5.56086688952617
5.08690672732297	0.231515836103906	4.63313568855931	5.54067776608662
5.01537325169673	0.220378051265217	4.58343227121691	5.44731423217656
5.60475232255177	0.292652341510585	5.03115373319102	6.17835091191252
5.7794533415177	0.697538655107885	4.41227757750625	7.14662910552916
4.85865828184263	0.207481507676449	4.45199452679679	5.26532203688847
4.90867820579838	0.36698275862058	4.18939199890204	5.62796441269471
5.01666808576495	0.266699143082967	4.49393776532234	5.53939840620756
5.00626773864991	0.220208165145698	4.57465973496434	5.43787574233548
4.87156389842536	0.219023572467847	4.44227769638838	5.30085010046234
5.23643712081315	0.382481083762393	4.48677419663886	5.98610004498744
4.75577971942361	0.260230958547942	4.24572704066965	5.26583239817758
5.81734136312064	0.342550431357722	5.14594251765951	6.48874020858178
4.58782276918574	0.394688077324415	3.81423413762989	5.3614114007416
4.41278667260161	0.334335476994848	3.75748913769171	5.06808420751152
4.71422204810542	0.288387839341588	4.14898188299591	5.27946221321493
5.11195780876539	0.252572709624846	4.61691529790069	5.60700031963009
5.11494177926784	0.292121292304362	4.54238404635129	5.68749951218439
5.60728525356461	0.201325825015776	5.21268663653369	6.00188387059553
4.75999449843339	0.272152791845037	4.22657502641711	5.29341397044966
5.55443778729219	0.25537083815984	5.0539109444989	6.05496463008547
4.77529878994665	0.201800259257418	4.37977028180211	5.17082729809119
5.13005106271291	0.673165635941106	3.81064641626834	6.44945570915748
4.89033441903119	0.227959921071544	4.44353297373096	5.33713586433142
4.70257781715445	0.250686190810081	4.21123288316669	5.19392275114221
4.57993038846448	0.216941263682005	4.15472551164775	5.00513526528121
4.60174864746895	0.195727850733449	4.21812206003139	4.98537523490651
4.67952662463558	0.399288804942079	3.89692056694911	5.46213268232206
4.95802757065676	0.289829027265521	4.38996267721634	5.52609246409718
5.2591409488121	0.256365633198426	4.75666430774318	5.76161758988101
4.96248441865628	0.217767905394653	4.53565932408276	5.3893095132298
4.97475375163905	0.456634835942013	4.07974947319271	5.8697580300854
5.65630312841982	0.348438746816261	4.97336318465995	6.3392430721797
4.71681197115684	0.197827237292692	4.32907058606317	5.10455335625052
4.90174777353846	0.223872312823903	4.46295804040361	5.34053750667331
5.26525562047892	0.317996913552783	4.64198166991546	5.88852957104237
4.77720845915656	0.273283407526405	4.24157298040481	5.31284393790831
5.11862569906939	0.370748120336627	4.3919593832096	5.84529201492918
4.49706336634245	0.215226483202169	4.0752194592662	4.9189072734187
5.25986549876038	0.233954585530214	4.80131451112116	5.7184164863996
5.18766449426025	0.244712829270865	4.70802734888935	5.66730163963114
5.38304796498305	0.325719611968878	4.74463752552405	6.02145840444205
5.07486838249008	0.226857675253845	4.63022733899255	5.51950942598762
5.06668202308035	0.253714833949919	4.56940094853851	5.56396309762219
5.17489670647926	0.233435176726247	4.71736376009582	5.6324296528627
4.85953866652486	0.300993433780955	4.26959153631419	5.44948579673554
5.24226786633987	0.279707299449459	4.69404155941893	5.79049417326081
4.95874981069596	0.235489490908793	4.49719040851473	5.4203092128772
4.9582362702373	0.35055884003165	4.27114094377527	5.64533159669933
5.2991882555165	0.237687150005314	4.83332144150608	5.76505506952692
4.90947930380073	0.240706189715612	4.43769517195813	5.38126343564333
5.06940862469112	0.218262012710648	4.64161507977825	5.49720216960399
5.10678570320324	0.282607130275036	4.55287572786417	5.66069567854231
5.13117297506543	0.31346761272249	4.51677645412935	5.74556949600151
5.03870238297202	0.219203760393817	4.60906301260014	5.4683417533439
5.29049615518003	0.275314701808259	4.75087933963585	5.83011297072422
4.66943376053928	0.249142507473593	4.18111444589104	5.15775307518752
4.66391204811377	0.316238607400799	4.0440843776082	5.28373971861934
5.25374726756676	0.23862034667291	4.78605138808785	5.72144314704566
4.81696800759272	0.257855925599195	4.31157039341829	5.32236562176714
5.02976442394971	0.221912175413801	4.59481656013866	5.46471228776076
5.01786517909677	0.270087520997009	4.48849363794263	5.54723672025091
5.12260962440326	0.295849747282917	4.54274411972875	5.70247512907778
5.28833696937778	0.264034038318418	4.77083025427368	5.80584368448188
4.74724724510814	0.291762672727879	4.17539240656149	5.31910208365478
4.39805359619848	0.240829376904375	3.9260280174659	4.87007917493105
4.59806183410659	0.251142723429908	4.10582209618397	5.09030157202921
5.07403954980311	0.231202065123474	4.6208835021611	5.52719559744512
4.95060972339359	0.238058967590439	4.48401414691633	5.41720529987085
4.57286928787415	0.215017467269427	4.15143505202607	4.99430352372222
4.7789076349122	0.24542501128917	4.29787461278543	5.25994065703897
5.05711431515914	0.272001996260066	4.52399040248941	5.59023822782887
5.60790815427158	0.240625912509318	5.13628136575331	6.07953494278984
4.95616482908723	0.26129204904609	4.4440324129569	5.46829724521757
5.02894776665751	0.240990896914304	4.55660560870547	5.50128992460954
4.99282012367112	0.233389644965576	4.53537641953859	5.45026382780365
4.93913119027049	0.779682375501105	3.41095373428833	6.46730864625266
5.05377582120983	0.33160363856749	4.40383268961754	5.70371895280211
4.85022737709495	0.327939500556828	4.20746595600357	5.49298879818633
5.17898814003514	0.209835722113082	4.7677101246935	5.59026615537678
5.08202758627416	0.21001967058017	4.67038903193702	5.49366614061129
4.62373528848066	0.218208227791186	4.19604716200993	5.05142341495138
5.18918638389034	0.196112050696496	4.80480676452521	5.57356600325547
4.62602486431044	0.305793754440784	4.0266691056065	5.22538062301438
4.28803877746267	0.36897788061692	3.56484213145351	5.01123542347184
4.6134662640286	0.265414992487756	4.0932528787526	5.1336796493046
5.37653876728103	0.262451752424723	4.86213333252857	5.89094420203349
4.88244963636263	0.226923918859897	4.43767875539723	5.32722051732803
5.19512253717607	0.179892080880589	4.84253405865012	5.54771101570203
5.21464979843835	0.285092637589089	4.65586822876373	5.77343136811296
5.15982077599276	0.222302798418893	4.72410729109173	5.59553426089379
5.00852888925901	0.244024038444748	4.5302417739073	5.48681600461071
5.05109476975617	0.335968750032054	4.39259601969335	5.709593519819
4.52157676980994	0.311290725313216	3.91144694819604	5.13170659142384
5.38580895059427	0.32693374631349	4.74501880781983	6.02659909336871
5.15494753242445	0.243020392087055	4.67862756393382	5.63126750091508
5.34338463365892	0.205297574422001	4.9410013877918	5.74576787952604
5.09571072927402	0.206195579408376	4.6915673936336	5.49985406491444
4.36342315949016	0.29980710391827	3.77580123581035	4.95104508316997
5.25332402842523	0.287072388160739	4.69066214763018	5.81598590922028
5.38170908526542	0.336227709585723	4.7227027744774	6.04071539605344
4.75103712414896	0.284108706446452	4.19418405951392	5.30789018878401
5.06024034167156	0.302444112874093	4.46744988043834	5.65303080290478
4.92415250598621	0.263952942490863	4.40680473870412	5.4415002732683
4.75487409265447	0.24892004872672	4.2669907971501	5.24275738815884
4.90117496676729	0.208448132153407	4.49261662774661	5.30973330578797
4.7111015555836	0.250244472886139	4.22062238872677	5.20158072244043
4.71083899225135	0.215330992856796	4.28879024625203	5.13288773825067
4.99406744458017	0.367411046378805	4.27394179367771	5.71419309548262
4.96107469903327	0.247802553723302	4.4753816937356	5.44676770433095
4.63406890602826	0.244668625668035	4.15451839971891	5.11361941233761
4.84087997690451	0.206841686936343	4.43547027050928	5.24628968329974
4.76731734299804	0.232941742622085	4.31075152745875	5.22388315853733
4.6385633876889	0.223743729328248	4.20002567820553	5.07710109717227
4.89529030243687	0.199540518327086	4.50419088651578	5.28638971835796
5.03760369216609	0.203314529527482	4.63910721429222	5.43610017003995
5.14346249852784	0.225700279076178	4.70108995153853	5.58583504551715
4.9148325588536	0.313669663711655	4.30004001797875	5.52962509972844
5.18101576276713	0.243108717249097	4.7045226769589	5.65750884857536
5.71563268255703	0.361339144780034	5.00740795878816	6.42385740632589
5.00001584678894	0.232171497158063	4.54495971235914	5.45507198121874
5.05141915436044	0.379205242385456	4.30817687928494	5.79466142943593
4.94993740689514	0.22651294135118	4.50597204184682	5.39390277194345
5.16434298053969	0.358787172317603	4.46112012279719	5.86756583828219
5.12017127178269	0.273515457292612	4.58408097548917	5.65626156807621
5.23682942668258	0.29864560405615	4.65148404273252	5.82217481063263
4.8108014713797	0.252924081884911	4.31507027088527	5.30653267187412
5.50821704126343	0.301604082301137	4.9170730399532	6.09936104257366
4.50538367558825	0.34283091691849	3.83343507842801	5.17733227274849
5.02716824535208	0.212032277914071	4.61158498064051	5.44275151006366
4.86431364056542	0.247188818723154	4.37982355586804	5.3488037252628
5.4193429646896	0.272271805712931	4.88569022549226	5.95299570388695
4.89050204762686	0.21350259756545	4.47203695639858	5.30896713885515
4.89797996160621	0.254523787241735	4.39911333861241	5.39684658460001
5.07383336778008	0.214521018728289	4.65337217107264	5.49429456448753
5.13705065234838	0.235918155359628	4.6746510678435	5.59945023685325
4.86633505937411	0.246990029612574	4.38223460133347	5.35043551741476
4.92000760244618	0.211637758334432	4.5051975961107	5.33481760878167
5.08062041719273	0.2787109879257	4.53434688085836	5.6268939535271
4.97378691766347	0.217019019935919	4.54842963858907	5.39914419673787
4.66341709416868	0.261854740917986	4.15018180196942	5.17665238636793
4.98431533335507	0.324000454804104	4.34927444193903	5.61935622477112
4.76808965206619	0.272630823471062	4.23373323806291	5.30244606606947
5.27676086635207	0.27126438074816	4.74508268008567	5.80843905261846
4.87328193374559	0.235588704630932	4.41152807266896	5.33503579482221
4.77004908653864	0.219534921816752	4.3397606397778	5.20033753329947
5.09892421404011	0.265324282482857	4.57888862037371	5.61895980770651
4.67772664808309	0.21561153018829	4.25512804891405	5.10032524725214
4.84611289930646	0.193273394014168	4.46729704703869	5.22492875157423
4.73529259807676	0.360910417976852	4.02790817884213	5.44267701731138
5.14834930373475	0.22768907104923	4.70207872447826	5.59461988299124
5.09575022182662	0.246074966442638	4.61344328759905	5.57805715605419
5.3845288616895	0.333511073212704	4.7308471581926	6.0382105651864
4.72259266364374	0.204577958946834	4.32161986410794	5.12356546317953
5.58782277827628	0.471064746620423	4.66453587490025	6.51110968165231
5.16987473634997	0.212527727442937	4.75332039056181	5.58642908213813
5.19133090822544	0.295699764091374	4.61175937060634	5.77090244584453
5.02105043844158	0.268379637812829	4.49502634832843	5.54707452855472
4.81528821471101	0.220674903700338	4.38276540345835	5.24781102596367
5.50111418183884	0.269177480615998	4.97352631983148	6.02870204384619
4.49967778610517	0.304725143018916	3.90241650578809	5.09693906642224
4.86115980807719	0.26190735781474	4.3478213867603	5.37449822939408
5.20715543837737	0.222854227331953	4.77036115280674	5.64394972394799
4.76196951510353	0.315559976077336	4.14347196199196	5.38046706821511
4.96279718065194	0.218532950294576	4.53447259807457	5.39112176322931
5.05765729266352	0.298123491138849	4.47333525003137	5.64197933529566
4.93344928998272	0.314045585556844	4.31791994229131	5.54897863767413
5.08507497719698	0.472487438278777	4.15899959817057	6.01115035622338
4.52808966510529	0.23832150302978	4.06097951916692	4.99519981104366
5.00376246209253	0.267877753831174	4.47872206458343	5.52880285960163
4.92705074272545	0.334676693748115	4.27108442297915	5.58301706247176
5.13599715653231	0.313760646166207	4.52102629004654	5.75096802301807
4.81181146462536	0.286727011142301	4.24982652278645	5.37379640646427
4.79485138043316	0.259888929166315	4.28546907926718	5.30423368159914
5.27982267550919	0.288918777009329	4.7135418725709	5.84610347844747
5.37022763424069	0.210059731357741	4.95851056077952	5.78194470770186
5.54979730319983	0.2566758368623	5.04671266294972	6.05288194344993
5.04246997407926	0.260844397719552	4.53121495454894	5.55372499360958
5.0805445139286	0.222753243130094	4.64394815739362	5.51714087046359
4.65317283666756	0.202096886854139	4.25706293843344	5.04928273490167
4.98297634083791	0.239529885816514	4.51349776463755	5.45245491703828
4.93714019004703	0.305322496030239	4.33870809782776	5.53557228226629
4.8333777076712	0.414672350242373	4.02061990119615	5.64613551414625
4.71077302154571	0.234506013601616	4.25114123488654	5.17040480820487
5.23521082499711	0.207783938350042	4.82795430583103	5.64246734416319
5.18832561194372	0.294667613592383	4.61077708930265	5.76587413458479
5.04358475172429	0.238661846361202	4.57580753285634	5.51136197059225
5.04784651018025	0.233564652853735	4.59005979058693	5.50563322977357
5.13307076422133	0.258501044744633	4.62640871652185	5.63973281192081
5.14647424415715	0.394884256406412	4.37250110160058	5.92044738671372
4.89154224597239	0.245755712482393	4.4098610495069	5.37322344243788
5.01238970499204	0.242450403888256	4.53718691337106	5.48759249661302
5.13738357679194	0.290109614633879	4.56876873210953	5.70599842147434
4.97365359841456	0.262298134521162	4.45954925475308	5.48775794207603
5.07022125275673	0.291507920717743	4.49886572814995	5.6415767773635
5.2056901431002	0.243177651811929	4.72906194554882	5.68231834065158
4.84727269236204	0.262946085518017	4.33189836474673	5.36264701997736
4.94125727105043	0.21685458902524	4.51622227656096	5.3662922655399
4.9793655119584	0.469707406172947	4.05873899585943	5.89999202805738
5.21423288783572	0.264270361677895	4.69626297894704	5.73220279672439
5.21485047043945	0.287545073692082	4.65126212600297	5.77843881487594
4.88277301454386	0.286512749094859	4.32120802631793	5.44433800276978
5.26400902313992	0.237621778740228	4.79827033680907	5.72974770947077
4.82671224427269	0.194260021984171	4.44596260118372	5.20746188736166
4.8756858616402	0.211830963993102	4.46049717221372	5.29087455106668
5.22395797242501	0.236024140407576	4.76135065722617	5.68656528762386
4.42967410586712	0.237376120789639	3.96441690911942	4.89493130261481
5.12230686616204	0.198533900656795	4.73318042087472	5.51143331144936
4.79687494697548	0.308131300582597	4.19293759783359	5.40081229611737
5.0108924766973	0.223363955417033	4.57309912407992	5.44868582931469
4.77027958779601	0.240964313985406	4.29798953238461	5.24256964320741
4.99807831916077	0.210316625455105	4.58585773326876	5.41029890505277
5.0880320107108	0.218296133793473	4.66017158847559	5.51589243294601
4.59849572908847	0.345988636303389	3.92035800193382	5.27663345624311
5.00962157798067	0.208503172757112	4.60095535937673	5.41828779658461
4.95743853128253	0.290007203873561	4.38902441169035	5.5258526508747
5.42736877108837	0.338387634043735	4.76412900836265	6.09060853381409
5.01093533764908	0.365194951650738	4.29515323241363	5.72671744288453
4.60967846560682	0.247519818794955	4.12453962076871	5.09481731044494
5.40155136106207	0.417330909454568	4.58358277853111	6.21951994359302
5.12607795226738	0.23821679304676	4.65917303789573	5.59298286663903
5.56353914074767	0.251985181327139	5.06964818534648	6.05743009614886
4.72619896909102	0.408175349157986	3.92617528474137	5.52622265344067
4.42347537591604	0.313880630978826	3.80826933919755	5.03868141263454
5.23749492924038	0.307522834473271	4.63475017367277	5.84023968480798
5.01927415511994	0.235541637353776	4.55761254590654	5.48093576433334
5.02439436567353	0.344746187502915	4.34869183816781	5.70009689317924
5.22077066158634	0.25990292963617	4.71136091949945	5.73018040367323
5.20451296928854	0.268637649462542	4.67798317634196	5.73104276223512
5.08699390213545	0.226962209676747	4.64214797116903	5.53183983310187
5.13391523883249	0.200930799011977	4.74009087276901	5.52773960489596
5.29678328686071	0.224901787094017	4.85597578415643	5.73759078956498
4.87191740060669	0.273254827215632	4.33633793926405	5.40749686194933
4.82173149473355	0.235899804994071	4.35936787694517	5.28409511252193
5.35802274568785	0.226457509847342	4.91416602638706	5.80187946498864
5.54766410832609	0.257407708402282	5.04314499985762	6.05218321679457
4.90382346015125	0.268409805856247	4.37774024067301	5.4299066796295
4.90058349628883	0.254988672271249	4.40080569863718	5.40036129394048
5.14492636208543	0.230246291710321	4.6936436303332	5.59620909383766
5.23037492075446	0.308578229572507	4.62556159079235	5.83518825071658
4.91323021486282	0.476831986916664	3.97863952050616	5.84782090921948
5.08211544948362	0.34375895983845	4.40834788820026	5.75588301076698
4.7329886052758	0.21925367215692	4.30325140784824	5.16272580270336
5.11820054863697	0.307789914227987	4.51493231675011	5.72146878052382
5.05972440099596	0.185014129951087	4.69709670629183	5.42235209570009
5.14968981057386	0.246641703385431	4.66627207193842	5.63310754920931
4.83532445774055	0.244170759182856	4.35674976974216	5.31389914573895
4.8908976508431	0.211185122239095	4.47697481125447	5.30482049043172
4.70388333299031	0.275899148469677	4.16312100198974	5.24464566399088
5.34270416380905	0.233109718578456	4.88580911539528	5.79959921222282
5.62606665689392	0.29146931995012	5.05478678979169	6.19734652399616
5.25925398155431	0.292514863789913	4.68592484852608	5.83258311458254
4.91448509597642	0.272693201947689	4.38000642015895	5.44896377179389
4.76650426639852	0.286618465030225	4.20473207493928	5.32827645785776
4.803652723382	0.226326500241015	4.36005278290961	5.24725266385439
4.92108803166112	0.325744271071151	4.28262926036167	5.55954680296058
4.91186020933417	0.222539396094991	4.47568299298799	5.34803742568035
5.0261077902321	0.820458323848977	3.41800947548811	6.6342061049761
4.91307439546213	0.207559951580137	4.50625689036506	5.3198919005592
5.1941141945152	0.405060889585121	4.40019485092836	5.98803353810204
4.35189063390971	0.266277473437736	3.82998678597174	4.87379448184767
5.17765625983906	0.264724197880996	4.65879683199231	5.69651568768581
4.81185178961417	0.232412745211051	4.35632280900051	5.26738077022783
4.79560752910058	0.255411672208524	4.29500065157187	5.29621440662928
5.4287603416372	0.325682219702652	4.79042319102	6.0670974922544
5.04078197528902	0.244314620399704	4.5619253193056	5.51963863127244
5.36427954113081	0.695611728007756	4.00088055423561	6.72767852802601
4.71301407080573	0.219180038405485	4.28342119553098	5.14260694608048
4.73375544782868	0.274297562144838	4.1961322260248	5.27137866963257
4.864680828987	0.253861886790721	4.36711153087718	5.36225012709681
4.47974461156883	0.331478020514261	3.83004769136088	5.12944153177679
4.91958181316018	0.221485499412155	4.48547023431236	5.35369339200801
4.79667938793387	0.280438825654571	4.24701928965091	5.34633948621683
5.3824212414986	0.273600336299357	4.84616458235186	5.91867790064534
4.93271065714114	0.243316364559585	4.45581058260435	5.40961073167793
4.99240028354694	0.641431585052873	3.73519437684331	6.24960619025057
5.0057699621361	0.185593856412108	4.64200600356837	5.36953392070384
4.69128890495957	0.207305691707219	4.28496974921342	5.09760806070572
5.25633558945261	0.240486642728022	4.78498176970569	5.72768940919953
4.77134497650207	0.248773455418128	4.28374900388254	5.25894094912161
4.48572836404835	0.306479678841773	3.88502819351848	5.08642853457823
5.02171589925472	0.314007034268356	4.40626211208875	5.6371696864207
4.25574996695081	0.200125481541604	3.86350402312927	4.64799591077236
4.88258606904514	0.246863635176671	4.39873334409886	5.36643879399141
5.03046836599955	0.299100008721374	4.44423234890566	5.61670438309344
4.95660829346677	0.213120548105874	4.53889201917926	5.37432456775429
5.29863218738176	0.269077285074395	4.77124070863595	5.82602366612757
4.85907424987526	0.265246889099556	4.33919034724013	5.37895815251039
4.60728291281286	0.223792493205693	4.1686496261297	5.04591619949602
4.47755537726676	0.29084232396789	3.90750442228969	5.04760633224382
4.95981872303181	0.226580132422158	4.51572166348438	5.40391578257924
5.05831705490393	0.254218542343348	4.56004871191097	5.5565853978969
4.56203959739023	0.596054843053995	3.3937721050044	5.73030708977606
5.01571715271856	0.24095774909155	4.54343996449912	5.487994340938
4.95225049662299	0.272687978748388	4.41778205827615	5.48671893496984
5.03446858699881	0.203782536823448	4.63505481482485	5.43388235917277
4.81466013990013	0.222072268337078	4.37939849395945	5.2499217858408
5.10238472599467	0.224049032159321	4.66324862296241	5.54152082902694
4.83233790146995	0.498303843749458	3.85566236772102	5.80901343521889
4.38385772131393	0.254460962472945	3.88511423486696	4.88260120776091
4.85301670068489	0.31445031137954	4.236694090381	5.46933931098879
4.89599150084283	0.230724808207247	4.44377087675662	5.34821212492903
4.98701610610871	0.230694055279771	4.53485575776036	5.43917645445706
5.23807741067476	0.230987391526352	4.78534212328311	5.69081269806641
5.00655127297166	0.192883184208202	4.62850023192358	5.38460231401973
4.94369160291573	0.274554605118111	4.40556457688424	5.48181862894723
4.89518077044586	0.259777276904364	4.3860173077133	5.40434423317841
5.01193838510617	0.215014856215472	4.59050926692384	5.43336750328849
5.38888680127182	0.231444556139537	4.93525547123833	5.84251813130531
4.92293823741442	0.25160018293211	4.42980187886749	5.41607459596136
5.0256782827021	0.283816004861658	4.46939891317325	5.58195765223095
4.72131466790853	0.272930820950352	4.18637025884584	5.25625907697122
5.3162638472895	0.302020274375367	4.72430410951378	5.90822358506522
4.73250393986365	0.262212275434731	4.21856788001157	5.24643999971572
5.03118272352194	0.268360103539859	4.50519692058382	5.55716852646007
4.79290866840275	0.355970251296721	4.09520697586118	5.49061036094433
5.23821545147636	0.245135735625717	4.75774940964995	5.71868149330276
5.02120628267585	0.245155627913183	4.54070125196601	5.50171131338568
4.88651097839341	0.24499015484183	4.40633027490342	5.36669168188339
5.28327439362573	0.296029511642421	4.70305655080658	5.86349223644488
4.94336580350404	0.231638231440459	4.48935486988074	5.39737673712734
5.35343974568745	0.229133762620717	4.90433757095085	5.80254192042406
4.38953211426223	0.183285490230288	4.03029255341086	4.74877167511359
5.17973300450152	0.229250671132016	4.73040168908277	5.62906431992027
4.62048076840673	0.371560927570163	3.89222135036921	5.34874018644425
4.79639785693935	0.246019321041751	4.31419998769752	5.27859572618118
5.11349214634315	0.256957360079778	4.60985572058679	5.61712857209952
5.04464874604146	0.239817143964809	4.57460714387043	5.51469034821248
5.00311295233874	0.605283614234891	3.81675706843836	6.18946883623913
4.42766392083992	0.214050185263008	4.00812555772442	4.84720228395541
4.97514255893032	0.413132827639553	4.1654022167568	5.78488290110385
5.16083768834401	0.22737539396351	4.71518191617553	5.60649346051249
4.96043386008054	0.232762596470624	4.50421917099812	5.41664854916297
4.52149961364675	0.240854890462256	4.04942402834073	4.99357519895277
5.10052175391152	0.226785851741161	4.65602148449884	5.54502202332419
5.2031033589948	0.22838808429454	4.7554627137775	5.6507440042121
4.96727302224265	0.42278367469157	4.13861701984717	5.79592902463813
4.26720176049564	0.267409649524016	3.74307884742856	4.79132467356271
5.09832693907127	0.30330543676187	4.50384828301801	5.69280559512454
4.63673516606659	0.388912894602544	3.8744658926456	5.39900443948758
5.03030546387757	0.248889777701199	4.54248149958322	5.51812942817192
5.07338681345266	0.213492764102953	4.65494099581087	5.49183263109445
4.90562920780167	0.222269899283093	4.46998020520681	5.34127821039653
5.33697035665919	0.258516545131228	4.83027792820199	5.8436627851164
4.87423341996399	1.04082004176976	2.83422613809526	6.91424070183272
5.09529394569849	0.307662711419852	4.49227503131558	5.6983128600814
5.64890052281021	0.347773635378056	4.96726419746922	6.33053684815119
5.17297196956669	0.365792618946158	4.45601843643222	5.88992550270116
4.92504010698721	0.228809907407348	4.4765726884688	5.37350752550561
5.79067356930616	0.265931714342151	5.26944740919555	6.31189972941678
5.11590384462657	0.217350884850376	4.68989611031984	5.54191157893331
4.70542702589163	0.227065557326631	4.26037853353144	5.15047551825183
5.31146504256785	0.281963228823633	4.75881711407353	5.86411297106217
5.22435041995718	0.340696136070002	4.55658599325997	5.89211484665438
5.30309503654797	0.23206983167943	4.84823816645629	5.75795190663965
5.07145300155086	0.275331139113285	4.53180396888882	5.6111020342129
4.95130828146006	0.221489044595685	4.51718975405251	5.3854268088676
5.02442744721904	0.273046416043857	4.48925647177308	5.559598422665
4.87551407460033	0.247137196590707	4.39112516928255	5.35990297991812
4.52758277089771	0.22792429938781	4.0808511440976	4.97431439769782
4.9818210760197	0.239190997699796	4.51300672052809	5.4506354315113
4.72774773730584	0.410653423104694	3.92286702802064	5.53262844659104
5.43017184458615	0.217394394591627	5.00407883118656	5.85626485798574
4.49310269455554	0.328872121385528	3.8485133366399	5.13769205247117
4.60773081476838	0.297470340039971	4.02468894829004	5.19077268124672
5.09285071338312	0.208478398839661	4.68423305165738	5.50146837510885
5.07708821042236	0.261665871628105	4.56422310203128	5.58995331881345
5.57121712534379	0.257854533063186	5.06582224053994	6.07661201014763
5.22743235723659	0.252416891707731	4.73269524948944	5.72216946498374
5.21330525506264	0.200055138018607	4.82119718454618	5.60541332557911
4.90594309189644	0.284260171987304	4.34879315480133	5.46309302899156
5.00173325188195	0.231653460425407	4.54769246944815	5.45577403431575
4.72685645138771	0.222285576917102	4.29117672063019	5.16253618214523
5.32312142192422	0.243157686181866	4.84653235700777	5.79971048684068
5.19695137716969	0.225256985137621	4.75544768629995	5.63845506803943
5.06980512566979	0.29291649391938	4.4956887975878	5.64392145375177
4.74555743942287	0.804517772167007	3.16870260597554	6.32241227287021
5.26640763348834	0.265201492944269	4.74661270731757	5.7862025596591
5.63984947728829	0.345191264172378	4.96327459951043	6.31642435506615
4.82570397423128	0.199787110869336	4.43412123692738	5.21728671153518
4.84755670529109	0.232715202866048	4.39143490767363	5.30367850290854
5.23263201429317	0.353220380643789	4.54032006823135	5.924943960355
5.25947673087412	0.313773897153438	4.64447989245338	5.87447356929486
4.78309303507844	0.280601094168896	4.23311489050741	5.33307117964948
4.88484186852654	0.202025244143252	4.48887239000577	5.28081134704732
4.90024420585686	0.271230735532629	4.36863196421291	5.43185644750081
4.90760068253964	0.231908514441046	4.45305999423519	5.36214137084409
4.94743691336006	0.33231513647332	4.29609924587235	5.59877458084776
5.1640479663693	0.2454883833565	4.68289073499056	5.64520519774804
4.98167246400959	0.261541564006313	4.46905099855721	5.49429392946196
4.81278880802158	0.228840888725855	4.3642606661189	5.26131694992426
4.93491556945539	0.348120881409437	4.25259864189289	5.61723249701789
5.35358595925392	0.275707817745708	4.81319863647234	5.89397328203551
4.90119587865173	0.297251850517915	4.31858225163662	5.48380950566685
4.97476103975007	0.334867025229982	4.3184216702993	5.63110040920083
4.82688948011264	0.260694516753304	4.31592822727616	5.33785073294911
5.11287670503288	0.24359827631616	4.6354240834532	5.59032932661255
4.48694713030934	0.608722587948905	3.29385085792949	5.6800434026892
4.3076644570069	0.243217805450524	3.83095755832387	4.78437135568992
5.5327545668124	0.259536077010451	5.02406385587192	6.04144527775288
4.7356287039013	0.257171872425697	4.23157183394693	5.23968557385567
5.04714978962754	0.310055784003071	4.43944045298152	5.65485912627356
5.02482811256426	0.314915110032895	4.40759449689978	5.64206172822873
5.21798254927893	0.268715979872434	4.69129922872895	5.7446658698289
5.27090904507917	0.191039942707193	4.89647075737307	5.64534733278527
5.13894318637809	0.249786762877091	4.64936113113899	5.62852524161719
4.80385707359856	0.262760232312191	4.28884701826666	5.31886712893045
4.83130831678754	0.262793543228396	4.31623297205989	5.3463836615152
5.20138667725527	0.238945789527226	4.7330529297819	5.66972042472863
4.87021597583553	0.204706732785836	4.46899077957529	5.27144117209577
5.21691520394434	0.485967974124625	4.26441797466008	6.16941243322861
4.84606522947709	0.269731362007068	4.31739175994323	5.37473869901094
5.23779240209551	0.470014712040115	4.31656356649689	6.15902123769414
5.17253968548938	0.242726101859507	4.69679652584475	5.64828284513402
4.96159571365863	0.207644420101551	4.55461265025959	5.36857877705767
4.95930241226927	0.291659337922034	4.38765010994208	5.53095471459645
5.11255260241689	0.22438850333266	4.67275113588488	5.55235406894891
4.9291659160282	0.223368831656301	4.49136300598185	5.36696882607455
5.32023089870498	0.47649609670523	4.38629854916273	6.25416324824723
5.18544547073112	0.305573681206804	4.58652105556578	5.78436988589646
5.03114555451471	0.520859321399783	4.01026128457113	6.05202982445828
5.20519071947423	0.26122983332731	4.6931802461527	5.71720119279576
5.46224158100884	0.387540468361298	4.7026622630207	6.22182089899698
4.9819600627719	0.246488473868488	4.49884265398966	5.46507747155414
4.51204091330864	0.332317337450121	3.8606989319064	5.16338289471087
4.96856215602015	0.289349197097436	4.40143772970917	5.53568658233112
5.51714695355299	0.319628947129081	4.89067421717999	6.14361968992599
4.92459824666114	0.25179331597275	4.43108334735455	5.41811314596773
4.50993157409972	0.229417937807093	4.06027241599781	4.95959073220162
4.93276441829733	0.215462933347426	4.51045706893637	5.35507176765829
5.27720001008471	0.335040167249859	4.62052128227498	5.93387873789443
4.99161027514581	0.265295421130077	4.47163124973086	5.51158930056076
4.85706148088652	0.2205577195542	4.42476835056029	5.28935461121275
4.93241969496972	0.248777704357953	4.44481539442813	5.4200239955113
4.76817318691645	0.327653657526518	4.12597201816447	5.41037435566842
4.98987172521619	0.245089825847486	4.50949566655512	5.47024778387726
5.10239277987046	0.257739301549081	4.59722374883426	5.60756181090666
4.8437310346696	0.201405161974531	4.44897691719951	5.23848515213968
5.28432870866576	0.250471590597297	4.79340439109506	5.77525302623647
4.65382369756909	0.226800503582182	4.20929471054802	5.09835268459017
4.77179401531979	0.228121856429516	4.32467517671794	5.21891285392164
5.11140059907213	0.235350733982486	4.65011316046646	5.5726880376778
4.73740100010824	0.245557761854161	4.25610778687408	5.2186942133424
5.14155055075183	0.283544240777261	4.5858038388284	5.69729726267527
5.07277168158505	0.244417745959174	4.59371289950507	5.55183046366503
5.20383645524972	0.250386238139305	4.71307942849669	5.69459348200276
5.05114181784731	0.230439501736275	4.59948039444421	5.50280324125041
5.17391500068442	0.248167680197228	4.68750634749785	5.66032365387098
5.22860067195578	0.198167959902024	4.84019147054781	5.61700987336374
4.66759509073639	0.262020654795756	4.1540346073367	5.18115557413607
4.95385578191404	0.265368271133243	4.43373397049288	5.47397759333519
4.69725397504561	0.2055267709543	4.29442150397519	5.10008644611604
5.07597012429707	0.214315513529386	4.65591171777948	5.49602853081467
4.72534686094209	0.226536485580224	4.28133534920486	5.16935837267933
4.78258880088982	0.277079586145876	4.23951281204391	5.32566478973574
5.19692849449615	0.431687244983277	4.35082149432893	6.04303549466338
4.95826954815121	0.239591786322698	4.48866964695872	5.4278694493437
4.86889940997145	0.246891679636572	4.38499171788377	5.35280710205913
5.28176839702822	0.237649207039298	4.8159759512312	5.74756084282525
5.23774158928205	0.293572860471807	4.66233878275731	5.81314439580679
5.23702029249509	0.202836868274139	4.83946003067778	5.63458055431241
4.80950051541671	0.258825971582007	4.30220161111598	5.31679941971744
5.08563680946106	0.237497967781645	4.62014079260903	5.55113282631308
5.26912356069824	0.283357464890158	4.71374292951353	5.82450419188295
5.06770319796389	0.229226523843009	4.61841921123159	5.51698718469619
5.09234358797344	0.326365678961149	4.45266685720959	5.73202031873729
5.0970610605187	0.187346949227347	4.7298610400331	5.4642610810043
5.1101264185587	0.391367059561274	4.34304698181861	5.8772058552988
4.82242946158529	0.220795460456572	4.38967035909041	5.25518856408017
4.38324129262307	0.203373290927596	3.98462964240498	4.78185294284116
5.00844808370451	0.267481134420256	4.48418506024081	5.53271110716821
5.08107738584753	0.223200665802232	4.64360408087516	5.51855069081991
5.04291531213388	0.228028902822153	4.59597866260246	5.4898519616653
4.93516120090263	0.238835252342586	4.46704410631116	5.4032782954941
4.69477449041233	0.320164949328856	4.06725118972777	5.32229779109689
4.92312105334052	0.215326121943827	4.50108185433061	5.34516025235042
5.32344263171536	0.22688460436993	4.8787488071503	5.76813645628043
4.82313864856058	0.22397891359454	4.38413997791528	5.26213731920587
5.58124607178248	0.3324925844937	4.92956060617483	6.23293153739013
5.79399973457179	0.446444252034816	4.91896900058355	6.66903046856002
4.74109972818118	0.285858922886564	4.18081623932351	5.30138321703884
5.18944772198379	0.24112205396386	4.71684849621463	5.66204694775296
4.66239572907032	0.340610184141329	3.99479976815331	5.32999168998732
5.05479787066	0.436632901928947	4.19899738287926	5.91059835844073
5.51061313564964	0.41389860801627	4.69937186393775	6.32185440736153
5.04075163639151	0.734150700441649	3.60181626352587	6.47968700925714
4.97192356768461	0.232875614043653	4.51548736415905	5.42835977121017
4.53139606298558	0.2503607725067	4.04068894887245	5.02210317709871
5.29520926415153	0.367060173750366	4.57577132360081	6.01464720470225
4.73196032657655	0.214462628885796	4.31161357396039	5.15230707919271
5.33687883983275	0.285008226377912	4.77826271613205	5.89549496353346
4.96259992453948	0.253459250097226	4.46581979434892	5.45938005473004
5.05185958058092	0.246290914506172	4.56912938814882	5.53458977301302
5.08072800949257	0.287926464693179	4.51639213869394	5.6450638802912
5.03974420891271	0.212953688748489	4.62235497896567	5.45713343885975
4.6577799134895	0.249557164869221	4.16864787034583	5.14691195663318
5.06961708500113	0.228359121442843	4.62203320697316	5.5172009630291
4.79418670438128	0.3006385059886	4.20493523264363	5.38343817611894
4.71063504446546	0.308692981942569	4.10559679985803	5.3156732890729
5.21904252786726	0.358389833459351	4.51659845428693	5.92148660144758
5.1786734415766	0.277857688981276	4.6340723711733	5.72327451197991
4.75408209007101	0.269602741446657	4.22566071683556	5.28250346330646
5.01318224341408	0.225345461495188	4.57150513888351	5.45485934794465
4.95796554598118	0.368499293831161	4.23570693007211	5.68022416189025
4.81580476192998	0.228940200388725	4.36708196916808	5.26452755469188
4.66886258540525	0.254764237060597	4.16952468076648	5.16820049004402
5.31686418520163	0.634371815739023	4.07349542635314	6.56023294405011
4.89506085252707	0.416424517174136	4.07886879886576	5.71125290618837
4.88488077155348	0.380892044967948	4.1383323634163	5.63142917969065
5.02471693639214	0.302518575262357	4.43178052887792	5.61765334390635
5.26821391572118	0.237742080487838	4.80223943796502	5.73418839347734
5.18806983571172	0.264362780053543	4.66991878680678	5.70622088461667
4.8725964795421	0.239584300624885	4.40301125031733	5.34218170876688
5.16374607539096	0.183607204461854	4.80387595464572	5.52361619613619
5.09812151070143	0.256316735349557	4.5957407094163	5.60050231198657
5.28072956998621	0.195242026856055	4.89805519734834	5.66340394262408
5.19666049130226	0.282926764592538	4.64212403270089	5.75119694990364
5.44253839137761	0.29922373848343	4.85605986395008	6.02901691880513
5.09430389699761	0.300988299476347	4.50436683002397	5.68424096397126
5.03103351539059	0.273891059691921	4.49420703839443	5.56785999238676
5.08060023458384	0.274978077587517	4.54164320251231	5.61955726665538
4.76078737633101	0.243999509404466	4.28254833789825	5.23902641476376
5.22000742149273	0.336182264509018	4.56109018305505	5.8789246599304
4.99076369322765	0.262082482468893	4.47708202758862	5.50444535886668
5.35624822253203	0.242274177427375	4.88139083477437	5.83110561028968
4.99600244769368	0.480772278777392	4.05368878128999	5.93831611409736
3.82845195856356	0.525826808285082	2.7978314143248	4.85907250280233
5.19194204236093	0.260412068810537	4.68153438749227	5.70234969722958
5.15166755704672	0.253028551837733	4.65573159544476	5.64760351864867
5.10745175913168	0.310427314344478	4.4990142230165	5.71588929524686
4.52794665788659	0.226101245717388	4.08478821628051	4.97110509949267
5.43993519415899	0.441864273333832	4.57388121842468	6.3059891698933
4.98103537529046	0.270686727935453	4.45048938853697	5.51158136204395
4.99746397016771	0.331029420641718	4.34864630570994	5.64628163462548
4.80728356926956	0.205439746856744	4.40462166543034	5.20994547310877
4.7948134568836	0.244064968062004	4.31644611948207	5.27318079428513
5.0240649501721	0.280044821185158	4.47517710064919	5.57295279969501
5.0131156061887	0.278010926865545	4.46821418953223	5.55801702284517
4.88483485980092	0.243867593026567	4.40685437746885	5.36281534213299
5.07596025412325	0.237115986199485	4.61121292117226	5.54070758707424
5.48516795339995	0.305450001623937	4.88648595021703	6.08384995658286
4.78256989090341	0.213457786311044	4.36419262973376	5.20094715207305
5.35185920447899	0.363215811928719	4.6399562130987	6.06376219585928
5.05446796069886	0.207467646950047	4.64783137267677	5.46110454872095
4.89673788273213	0.219159225532524	4.46718580068838	5.32628996477588
4.76640757583557	0.243185069931146	4.28976483877052	5.24305031290061
5.06209040699276	0.390977729468696	4.29577405723412	5.82840675675141
5.04920583697635	0.234444609223156	4.58969440289897	5.50871727105374
5.11241112302399	0.244758653415001	4.63268416233059	5.59213808371739
5.10912490351711	0.235629695629282	4.64729070008371	5.5709591069505
5.27124407403942	0.278845914112375	4.72470608237916	5.81778206569967
5.12972805811683	0.248200135877608	4.64325579179672	5.61620032443694
4.96619285460399	0.202051965275426	4.57017100266416	5.36221470654383
4.86042412076329	0.25269321411086	4.365145421106	5.35570282042057
4.85486920414489	0.207580878641791	4.44801068200698	5.2617277262828
4.80675023691173	0.311690940079504	4.1958359943559	5.41766447946756
4.86349383680983	0.224333289458959	4.42380058947027	5.30318708414939
5.21714231675475	0.350304330397886	4.5305458291749	5.90373880433461
4.81774317586608	0.230881188233266	4.36521604692888	5.27027030480328
4.74527191775791	0.216344877697689	4.32123595747044	5.16930787804538
5.12966242332274	0.881308162101393	3.40229842560401	6.85702642104147
5.12140890495641	0.315492603837885	4.50304340143416	5.73977440847866
4.77748084874644	0.245028821444775	4.29722435871468	5.2577373387782
5.34674045757387	0.317992269692314	4.72347560897694	5.97000530617081
4.79813773228162	0.213480658864958	4.3797156409063	5.21655982365694
5.17365485410618	0.190262148398168	4.80074104324576	5.54656866496659
5.21164020987873	0.257758295916764	4.70643394988187	5.71684646987559
5.27939471623367	0.265365637380086	4.7592780669687	5.79951136549864
4.78341496773285	0.251996446091711	4.2895019333931	5.2773280020726
4.73989956742813	0.399303557425301	3.95726459487454	5.52253453998172
5.19741524560162	0.338057931079306	4.53482170068618	5.86000879051706
5.17101984305917	0.267159087937745	4.64738803070119	5.69465165541715
5.19356000677725	0.225128727400502	4.75230770107227	5.63481231248224
5.15990571864355	0.243293046659165	4.68305134719159	5.63676009009552
5.00924440340025	0.241390428169876	4.53611916418729	5.48236964261321
5.59889259483506	0.359896544123674	4.89349536835266	6.30428982131746
4.89462001379065	0.235746250513195	4.43255736278479	5.35668266479651
5.00085282474862	0.203138127597055	4.60270209465839	5.39900355483885
4.86269431929108	0.184870920084418	4.50034731592562	5.22504132265654
5.35466756957409	0.21363503538084	4.93594290022765	5.77339223892054
5.23211955875631	0.248071829543516	4.74589877285102	5.71834034466161
5.43099663217239	0.223699961875956	4.99254470689551	5.86944855744926
4.77696306272726	0.242691072124696	4.30128856136286	5.25263756409166
5.20367874136364	0.314134684315292	4.58797476010567	5.81938272262161
5.22198910743484	0.244271263430845	4.74321743111038	5.70076078375929
5.03540886185256	0.267546461647165	4.51101779702411	5.559799926681
4.54687344206369	0.22587103313185	4.10416621712526	4.98958066700212
4.75521319457857	0.204270828181842	4.35484237134216	5.15558401781498
5.03745092118978	0.313355025394467	4.42327507141663	5.65162677096294
5.02130832477855	0.289239939145317	4.45439804405373	5.58821860550337
4.66585172797308	0.196946283752417	4.27983701181834	5.05186644412782
5.01022371862496	0.332032445774997	4.35944012490596	5.66100731234395
5.23785360980906	0.249248168630878	4.74932719929254	5.72638002032559
4.70940027918326	0.254273224907147	4.21102475836526	5.20777580000127
4.76464891308918	0.243382257707249	4.28761968798297	5.24167813819538
4.25087636472496	0.325654286895625	3.61259396240954	4.88915876704039
4.68389419505898	0.21303268893222	4.26635012475183	5.10143826536613
4.90269401977916	0.264690804316951	4.38390004331794	5.42148799624039
4.78627566188265	0.232897986293911	4.32979560874659	5.24275571501872
4.90213463890967	0.278550038337753	4.35617656376768	5.44809271405167
4.91304486651084	0.173317275530908	4.57334300647026	5.25274672655143
4.58625005760887	0.225656126103875	4.14396405044528	5.02853606477246
5.01604669619321	0.298855920113211	4.43028909277132	5.60180429961511
4.64488356285285	0.286477358256763	4.08338794066959	5.2063791850361
4.94377771975075	0.265911907358278	4.42259038132852	5.46496505817297
5.06183725436686	0.205940922039357	4.65819304716972	5.465481461564
5.18314855032239	0.252878316414288	4.68750705015038	5.67879005049439
4.76285278926656	0.293890514575849	4.18682738069789	5.33887819783522
4.20314234417985	0.515446505258466	3.19286719387326	5.21341749448644
4.9714457056808	0.228766224777521	4.52306390511686	5.41982750624475
4.80643983685215	0.248403884609297	4.31956822301793	5.29331145068638
4.99568183120637	0.220825572139595	4.56286370981277	5.42849995259998
5.27299395331846	0.190222476228521	4.90015789991056	5.64583000672636
5.52646313281271	0.29546833598128	4.9473451942894	6.10558107133602
4.95787351858298	0.220735612114293	4.52523171883897	5.390515318327
4.91632877604284	0.232311596040923	4.46099804780263	5.37165950428305
4.64000335808205	0.253636202207133	4.14287640175607	5.13713031440803
4.91299205795378	0.288392545780353	4.34774266822429	5.47824144768327
5.19971890446782	0.244335477880231	4.72082136782257	5.67861644111307
5.45537428519838	0.294560359633416	4.87803598031688	6.03271259007988
5.26017784730853	0.226392957906688	4.81644764981142	5.70390804480564
4.76944171968717	0.383397815470814	4.01798200136438	5.52090143800997
4.95892149522206	0.306555573963345	4.3580725702539	5.55977042019022
5.088698313751	0.204978984607066	4.68693950392115	5.49045712358085
5.15126176044843	0.274976526361368	4.61230776878015	5.69021575211671
5.02074915647188	0.18473530390816	4.65866796081189	5.38283035213187
4.26681130659342	0.268015853678708	3.74150023338315	4.79212237980369
5.12698483488961	0.289842381073563	4.55889376798543	5.69507590179379
4.83587255344951	0.249868046054019	4.34613118318363	5.32561392371538
4.92342734166337	0.206355558166878	4.51897044765628	5.32788423567045
4.96397894683777	0.221388472457413	4.53005754082124	5.3979003528543
5.81543229368089	0.296664109783875	5.2339706385045	6.39689394885729
4.79629638181614	0.214226705410546	4.37641203921147	5.21618072442081
5.03874106106854	0.241463895155312	4.56547182656413	5.51201029557295
4.96966678540658	0.292838316771547	4.39570368453435	5.54362988627881
4.78260126541349	0.230739660991996	4.33035152986918	5.23485100095781
4.82819550987864	0.234690474754696	4.36820217935944	5.28818884039785
4.80939942236614	0.221530726788829	4.37519919786004	5.24359964687225
4.69775038711322	0.24165633873742	4.22410396318787	5.17139681103856
5.92112208698793	0.215463971802825	5.49881270225439	6.34343147172146
4.90340257348127	0.199284952782136	4.51280406602828	5.29400108093426
4.69609961406685	0.259988650737562	4.18652185862123	5.20567736951247
4.92964271861761	0.232360668663045	4.47421580803805	5.38506962919718
5.38419280361572	0.376305562389078	4.64663390133313	6.12175170589831
4.71997821770335	0.390142742578249	3.95529844224999	5.48465799315672
4.78796194433886	0.311393691799935	4.17763030841099	5.39829358026674
4.85768021151242	0.284054890528615	4.30093262607633	5.4144277969485
4.97038477379213	0.31100390909937	4.36081711195737	5.5799524356269
5.18148580657912	0.232520770060448	4.72574509726064	5.6372265158976
5.5794554809613	0.24225153257799	5.10464247710844	6.05426848481416
5.00006291785835	0.189845765162009	4.62796521814081	5.37216061757589
4.77234522874442	0.257575638846275	4.26749697660572	5.27719348088312
5.19186583910666	0.269321653091592	4.66399539904714	5.71973627916618
5.23784938308907	0.196082063428477	4.85352853876926	5.62217022740889
4.39481623173573	0.240131979108674	3.92415755268272	4.86547491078873
5.31543023498165	0.282723730651911	4.7612917229039	5.86956874705939
4.68853358786158	0.317883730320732	4.06548147643295	5.31158569929022
4.69311550880601	0.223842145660753	4.25438490331093	5.13184611430109
4.77160624074717	0.281145020249441	4.22056200105827	5.32265048043607
4.49829273883222	0.348826336894713	3.81459311851858	5.18199235914586
4.95666599541436	0.243821836900229	4.47877519508991	5.43455679573881
4.95969099262688	0.206926909217534	4.55411425056051	5.36526773469325
4.73767110343093	0.323652405882527	4.10331238790118	5.37202981896069
5.04788768697327	0.221678759287295	4.61339731877018	5.48237805517637
5.14568432998124	0.253064032470274	4.6496788263395	5.64168983362298
4.85902559717449	0.224013846997654	4.41995845705909	5.29809273728989
5.08972789217661	0.249313652497751	4.60107313328102	5.57838265107221
4.8556790645851	0.217336359847326	4.42969979928434	5.28165832988586
4.39880695654584	0.244575159015777	3.91943964487492	4.87817426821676
5.0936800521821	0.311947655335545	4.48226264772443	5.70509745663977
5.34130407176398	0.308699173191335	4.73625369230896	5.94635445121899
5.21826138323052	0.232772021653616	4.76202822078944	5.67449454567161
5.60152996801476	0.193838484272021	5.2216065388416	5.98145339718792
5.19019249496432	0.212794785397159	4.77311471558589	5.60727027434275
5.21563414619458	0.259813816402281	4.70639906604611	5.72486922634305
4.95594010732343	0.24953884925333	4.4668439627869	5.44503625185996
4.72619034096828	0.405208697146236	3.93198129456166	5.5203993873749
4.77579949573873	0.336988908696177	4.11530123469422	5.43629775678323
4.72581316201044	3.9019122895465	-2.9219349255007	12.3735612495216
5.06280993031815	0.263549397735318	4.54625311075693	5.57936674987938
4.70466675481421	0.236398295933054	4.24132609478542	5.16800741484299
4.87781311718779	0.277192013069838	4.33451677157091	5.42110946280467
5.2480763864617	0.21252541329817	4.83152657639729	5.66462619652611
5.20200404151606	0.243339737963061	4.72505815510846	5.67894992792366
4.73247760517124	0.226596495870571	4.28834847326492	5.17660673707755
5.13703631245213	0.232400240719474	4.68153184064196	5.59254078426229
5.32343643874735	0.280472783388837	4.77370978330523	5.87316309418947
5.05537791886497	0.254447453604317	4.55666090980051	5.55409492792944
4.85369246902576	0.250937022860132	4.3618559042199	5.34552903383161
5.03612473737893	1.47726424029962	2.14068682639169	7.93156264836618
5.10816259578576	0.21847730654142	4.67994707496458	5.53637811660694
4.84966950803289	0.267076719257168	4.32619913828884	5.37313987777694
5.15704808848987	0.234826014422195	4.69678910022237	5.61730707675737
5.48910452393989	0.244808872744972	5.00927913335975	5.96892991452004
4.97168795913951	0.200868592399225	4.57798551803703	5.36539040024199
4.86730990191906	0.215925227718584	4.44409645559063	5.29052334824748
5.13947990169947	0.23306522822134	4.68267205438564	5.5962877490133
4.89301189202261	0.233309349208111	4.43572556757471	5.35029821647051
4.85696127212986	0.202469352439581	4.46012134134828	5.25380120291144
4.90068507477503	0.24823224635078	4.4141498719275	5.38722027762256
4.81286007015425	0.277500177015124	4.26895972320461	5.35676041710389
5.37847185397031	0.234909392347587	4.91804944496903	5.83889426297158
5.04466320210465	0.286467641223053	4.48318662530747	5.60613977890183
5.01618017804196	0.22922248378563	4.56690410982213	5.4654562462618
5.36557144691977	0.285369822134533	4.80624659553609	5.92489629830346
4.74752607695498	0.233454944705698	4.28995438533181	5.20509776857815
4.96049537534761	0.213944788839216	4.54116358922275	5.37982716147248
5.02001038302617	0.271740220510789	4.48739955082502	5.55262121522732
4.6732202144107	0.257558108025038	4.16840632268163	5.17803410613978
5.1083513759825	0.206149661320904	4.70429803979353	5.51240471217147
4.87100263944618	0.224029682338388	4.43190446206294	5.31010081682942
5.32389758079094	0.373073206447899	4.59267409615305	6.05512106542882
5.02115235145918	0.232797237693957	4.56486976557903	5.47743493733934
4.98130540965485	0.235675123853199	4.51938216690259	5.44322865240712
4.69141851926814	0.230726992241874	4.23919361447406	5.14364342406221
4.85301536779108	0.27449350772748	4.31500809264521	5.39102264293694
5.18031569902419	0.26705463892517	4.65688860673086	5.70374279131753
5.0311266580982	0.315334263715259	4.41307150121629	5.6491818149801
4.93153243369407	0.212439771078405	4.5151504823804	5.34791438500775
4.82075620935366	0.252505490474692	4.32584544802326	5.31566697068406
5.2158870787077	0.218584471112972	4.78746151532628	5.64431264208913
4.1470896465133	0.298310431361642	3.56240120104448	4.73177809198212
4.28288234618675	0.448142126011027	3.40452377920514	5.16124091316836
4.68575299108782	0.232519124201296	4.23001550765328	5.14149047452236
5.1368484019256	0.273112637691941	4.60154763204939	5.6721491718018
4.58645289718892	0.234581347798332	4.12667345550419	5.04623233887365
4.77441634463681	0.369610562215542	4.04997964269435	5.49885304657927
5.07742576399322	0.342251544245164	4.4066127372727	5.74823879071374
4.89541379038662	0.287534089859769	4.33184697426147	5.45898060651177
4.58492839063672	0.534929713018574	3.53646615312031	5.63339062815312
5.14336028877245	0.225685816624865	4.70101608818771	5.58570448935718
5.25089849436297	0.251782708414664	4.75740438587022	5.74439260285571
5.03339128385198	0.230363415086333	4.58187899028277	5.4849035774212
4.87884312253882	0.179534301293267	4.52695589200402	5.23073035307363
5.6265436587905	0.361490563517981	4.91802215429525	6.33506516328574
5.13466093220807	0.232911067770271	4.67815523937834	5.59116662503781
5.31401052541951	0.498082300808347	4.33776921583515	6.29025183500387
4.70001113533846	0.31929408902046	4.07419472085836	5.32582754981856
4.56503920962522	0.251699244307468	4.07170869078258	5.05836972846786
5.3177659616676	0.217110317174139	4.89222974000629	5.74330218332891
5.14374127434241	0.19751623337046	4.7566094569363	5.53087309174851
4.85993235797704	0.237055905981364	4.39530278225356	5.32456193370051
5.33673114349816	0.294571566821102	4.7593708725288	5.91409141446752
4.4715756000247	0.288429353418266	3.9062540673249	5.0368971327245
4.77780707345602	0.234797136265248	4.31760468637613	5.23800946053591
5.18298676862397	0.241178567893107	4.71027677555348	5.65569676169446
5.07509943988505	0.729421280083963	3.64543373092048	6.50476514884962
5.61261893692101	0.812024511048764	4.02105089526543	7.20418697857658
5.3661443961663	0.241612881149953	4.89258314911239	5.83970564322021
5.54280336646774	0.318627191478951	4.91829407116899	6.16731266176648
5.20730546629149	0.237327509432986	4.74214354780283	5.67246738478014
5.01697550222636	0.224852469180484	4.57626466263261	5.45768634182011
4.68376436439714	0.22701022475927	4.23882432386897	5.1287044049253
5.1566461741827	0.280580425187533	4.60670854081513	5.70658380755026
4.90560858834721	0.230005282139855	4.4547982353531	5.35641894134133
5.07865421096919	0.233002006974144	4.62197027729986	5.53533814463851
5.08356082281766	0.22487013573153	4.64281535678386	5.52430628885146
