estFinal_msm11	sdFinal_msm11	X1	X2
6.25220705350742	0.237280163944719	5.78713793217577	6.71727617483907
4.93967846988195	0.472876793882061	4.01283995387311	5.86651698589079
5.24049048390086	0.392735615215961	4.47072867807758	6.01025228972415
4.87590788408334	0.315593297738102	4.25734502051666	5.49447074765002
5.1317864932267	0.279145590330918	4.5846611361781	5.6789118502753
5.1513418548299	0.350503809591004	4.46435438803153	5.83832932162826
5.35338776927902	0.344374464349795	4.67841381915342	6.02836171940462
4.48485228044722	0.352580329333535	3.79379483495349	5.17590972594095
5.59659122774332	0.668300125592719	4.28672298158159	6.90645947390505
4.18097120271696	0.449269435116541	3.30040310988854	5.06153929554538
5.00042922270654	0.56067191542299	3.90151226847748	6.0993461769356
4.92789148426603	0.268778709311655	4.40108521401518	5.45469775451687
5.79112994375418	0.480898312510459	4.84856925123368	6.73369063627468
4.64276012952915	0.415052545117796	3.82925714109827	5.45626311796003
5.22509574545833	0.587750041049966	4.0731056650004	6.37708582591627
5.1813490142449	0.364854475523261	4.46623424221931	5.89646378627049
6.11623744699304	0.272640472059423	5.58186212175657	6.65061277222951
5.49664904423674	0.455194307053189	4.60446820241249	6.38882988606099
4.87958796280425	0.656963759153849	3.5919389948627	6.16723693074579
6.32742009908457	0.307874599481235	5.72398588410135	6.93085431406779
4.32416602302093	1.20770636816412	1.95706154141925	6.69127050462261
5.47577177019061	0.278697105588076	4.92952544323798	6.02201809714324
5.22690740198925	0.625935494793208	4.00007383219456	6.45374097178393
5.45309121559253	0.38237451595531	4.70363716432013	6.20254526686494
5.17172021315421	0.415851166752618	4.35665192631908	5.98678849998934
4.85920869965777	0.57571978947196	3.73079791229272	5.98761948702281
5.44512087455224	0.378826478897639	4.70262097591287	6.18762077319162
4.73979542240185	0.39928380917542	3.95719915641802	5.52239168838567
5.4421957567519	0.459958011269817	4.54067805466306	6.34371345884075
5.68393107015343	0.544362291991228	4.61698097785063	6.75088116245624
4.84623343569358	0.323368672514475	4.21243083756521	5.48003603382195
5.81780738432025	0.379851809430816	5.07329783783585	6.56231693080465
5.23020546564534	0.605823224114929	4.04279194638007	6.4176189849106
5.2493252081939	0.305239059885695	4.65105665081794	5.84759376556986
5.79440543959838	0.298487540835152	5.20936985956148	6.37944101963528
5.68267742772446	0.352637588674298	4.99150775392283	6.37384710152608
4.89162870357189	0.713942459591776	3.49230148277201	6.29095592437177
5.68993661190652	0.263140742212635	5.17418075716976	6.20569246664329
5.17000604293094	0.241524914546398	4.69661721042	5.64339487544188
5.37064083117017	0.294733325650404	4.79296351289538	5.94831814944496
5.31957352200232	0.344170621698571	4.64499910347312	5.99414794053152
4.65627255710764	0.395640285581681	3.88081759736755	5.43172751684773
5.02971617295719	0.298466149286537	4.44472252035558	5.6147098255588
5.56758519014578	0.294075765290095	4.9911966901772	6.14397369011437
4.79109161556653	0.369578877873805	4.06671701493387	5.51546621619919
4.62868239665834	0.662601300931265	3.32998384683306	5.92738094648362
5.80127291730004	0.382957255869095	5.05067669579661	6.55186913880346
5.68737375532432	0.243647038765474	5.20982555934399	6.16492195130465
5.99177332299402	0.380501405760689	5.24599056770307	6.73755607828498
5.65925707513962	0.258716736727745	5.15217227115324	6.166341879126
5.50267665977865	0.342875247526758	4.8306411746262	6.17471214493109
4.74576395526985	0.474176418932572	3.81637817416201	5.67514973637769
4.97606429394953	0.553070271917097	3.89204656099202	6.06008202690704
5.65917681210193	0.33015648560401	5.01207010031807	6.30628352388579
5.12160822416915	0.48687147575769	4.16734013168407	6.07587631665422
5.18653356691901	0.372073414911558	4.45726967369236	5.91579746014567
6.07741775543417	0.405686508497884	5.28227219877831	6.87256331209002
4.13396234985633	1.00349773994292	2.1671067795682	6.10081792014446
5.05657055004041	0.453631921808183	4.16745198329637	5.94568911678445
5.28457042752526	0.440893769686558	4.4204186389396	6.14872221611091
5.0010709805708	0.292763290251097	4.42725493167865	5.57488702946295
5.74281150357164	0.507158461876065	4.74878091829456	6.73684208884873
5.18651596290076	0.302967874952067	4.59269892799471	5.78033299780681
5.38839626109131	0.283502075427102	4.83273219325419	5.94406032892844
5.48983384915248	0.409129074281273	4.68794086356118	6.29172683474377
5.31855533511606	0.468038065246677	4.40120072723257	6.23590994299954
5.07754192826547	0.442412194182256	4.21041402766825	5.94466982886269
5.23228297608182	0.438163490962069	4.37348253379616	6.09108341836747
5.29862373172562	0.412601536150651	4.48992472087035	6.1073227425809
5.12113919676733	0.27391365261771	4.58426843763662	5.65800995589805
5.32872294473089	0.385295781764775	4.57354321247193	6.08390267698985
5.28466407136203	0.313853896461806	4.66951043429689	5.89981770842717
5.14802458166261	0.491302340096193	4.18507199507407	6.11097716825114
5.19878192529234	0.335038430929543	4.54210660067044	5.85545724991425
4.82168614846064	0.527981168873314	3.78684305746895	5.85652923945234
5.49955021278297	0.490982499004125	4.53722451473489	6.46187591083105
5.20336533395984	0.26116308442849	4.69148568848	5.71524497943968
5.73595140126757	0.409342329559608	4.93364043533074	6.5382623672044
4.7105420491067	0.698001081839482	3.34245992870131	6.07862416951208
5.1850457988437	0.400648019067782	4.39977568147085	5.97031591621655
4.91521908952643	0.583642543759376	3.77127970375805	6.05915847529481
5.51672675499994	0.287087066460595	4.95403610473718	6.07941740526271
5.31300489786304	0.279696356994584	4.76480003815366	5.86120975757242
5.54239971650324	0.290411193100677	4.97319377802592	6.11160565498057
5.35137811148106	0.320486224561977	4.72322511133958	5.97953111162253
5.62799385172159	0.276109610057756	5.08681901600839	6.16916868743479
5.27919390325154	0.457523315609031	4.38244820465784	6.17593960184525
5.13145313471709	5.2154543005967	-5.09083729445244	15.3537435638866
3.99274247709508	1.23167922165477	1.57865120265174	6.40683375153843
5.3118162595733	0.26694871306605	4.78859678196385	5.83503573718276
5.17640724666204	0.241625862064435	4.70282055701575	5.64999393630834
5.37088946446046	0.298503035695496	4.78582351449729	5.95595541442363
5.58670655443294	0.339758608748634	4.92077968128561	6.25263342758026
5.62688350612289	0.719612517431213	4.21644297195771	7.03732404028807
5.02908566234346	0.310416638527327	4.4206690508299	5.63750227385702
4.82283696611962	0.503726790118651	3.83553245748707	5.81014147475218
5.53079018226745	0.267012807388456	5.00744507978607	6.05413528474882
5.43247193418528	0.231351190769777	4.97902360027652	5.88592026809404
4.82654086143009	0.435817472164546	3.97233861598758	5.6807431068726
5.47503633723084	0.35329572141926	4.78257672324909	6.16749595121259
4.58389021247452	0.397151375448371	3.80547351659571	5.36230690835332
5.02612297183808	0.332813458973827	4.37380859224938	5.67843735142678
5.16944496699428	0.307328714021011	4.5670806875131	5.77180924647546
5.27252665146506	0.279230094572358	4.72523566610324	5.81981763682688
5.28135437130659	0.479562741420895	4.34141139812164	6.22129734449155
5.55221782482428	0.318250974528838	4.92844591474776	6.1759897349008
4.93198625049391	0.597581608143086	3.76072629853346	6.10324620245436
4.74379809334903	0.503096712322306	3.75772853719731	5.72986764950075
4.85475790410082	0.264121992207198	4.33707879937472	5.37243700882693
5.00709338204061	0.481847728693566	4.06267183380122	5.95151493028
5.26811348059994	0.310994245258526	4.65856475989323	5.87766220130665
5.1680512357274	0.462414743793965	4.26171833789123	6.07438413356357
4.62535613670766	0.40699659223267	3.82764281593163	5.4230694574837
5.34275325012488	0.40093619737853	4.55691830326296	6.1285881969868
5.2980533483684	0.352689823828008	4.6067812936655	5.98932540307129
4.28483388163238	1.04447778024568	2.23765743235085	6.33201033091392
5.72749602883709	0.317180108260945	5.10582301664564	6.34916904102854
5.03573974830161	0.43217242881908	4.18868178781621	5.882797708787
5.43829667806995	0.40944532836703	4.63578383447057	6.24080952166933
4.6981040905173	0.797786760870418	3.13444203921128	6.26176614182332
5.09717355134364	0.30447485350488	4.50040283847408	5.69394426421321
5.3663608924021	0.288446350175998	4.80100604605714	5.93171573874706
5.03619038453041	0.543290040347537	3.97134190544923	6.10103886361158
5.28732829049291	0.354040892390865	4.59340814140682	5.98124843957901
5.73203822640027	0.374712631410299	4.99760146883608	6.46647498396446
5.44591975563782	0.216061896447858	5.02243843860002	5.86940107267562
5.23095948616673	0.344855378335059	4.55504294463001	5.90687602770345
4.93003786394451	0.495646803898869	3.95857012830273	5.9015055995863
5.67077090068054	0.26995471668421	5.14165965597949	6.1998821453816
4.59352639603993	0.882321751673643	2.86417576275959	6.32287702932027
4.39454839858623	0.987909120095653	2.45824652319875	6.33085027397371
5.40170099468358	0.28471776620034	4.84365417293091	5.95974781643625
4.7162458486094	0.664463936724558	3.41389653262927	6.01859516458954
5.29446724961115	0.280991285504607	4.74372433002212	5.84521016920018
4.93821873561891	0.252853715783008	4.44262545268422	5.43381201855361
4.57907133649051	0.752939176515632	3.10331055051987	6.05483212246115
5.89962228108204	0.59294765560394	4.73744487609832	7.06179968606576
5.35595370391775	0.548108236690347	4.28166156000467	6.43024584783083
5.39546562938267	0.611562559721879	4.19680301232779	6.59412824643755
5.43994846894629	0.715195547284745	4.03816519626819	6.84173174162439
5.13672488109357	0.541775341294841	4.07484521215568	6.19860455003146
4.44893870333944	0.787297388340603	2.90583582219186	5.99204158448703
5.42027795021568	0.327325820040272	4.77871934293675	6.06183655749461
5.0294170346963	0.257738066456643	4.52425042444128	5.53458364495132
6.05394386405427	0.369596809674477	5.32953411709229	6.77835361101624
5.6785212645307	0.271712033535666	5.14596567880079	6.2110768502606
5.45502189246489	0.356583179495083	4.75611886065453	6.15392492427525
5.10708051773556	0.403378388886624	4.31645887551777	5.89770215995334
5.60110614291725	0.254497135507755	5.10229175732205	6.09992052851245
4.78731001093652	0.269776509221833	4.25854805286173	5.31607196901132
5.12307538743196	0.234866230166838	4.66273757630496	5.58341319855897
5.37218061250982	0.679405470285885	4.04054589074949	6.70381533427016
4.97186615078747	0.29281737890829	4.39794408812722	5.54578821344771
5.30022925408786	0.392848047771833	4.53024708045507	6.07021142772066
4.78681562624553	0.492345772107905	3.82181791291404	5.75181333957702
5.27919827529485	0.480024623892112	4.33835001246631	6.22004653812339
5.22226053892337	0.551518730202104	4.14128382772725	6.3032372501195
4.60431472660653	2.45356220191002	-0.204667189137111	9.41329664235017
3.75922425407188	1.10532645958873	1.59278439327797	5.92566411486579
5.69989601212089	0.267360562272992	5.17586931006582	6.22392271417595
5.64782237799187	0.259161023439232	5.13986677205098	6.15577798393277
5.87713525749232	0.298703137992251	5.29167710702751	6.46259340795713
4.65862682300787	0.457722919192528	3.76148990139052	5.55576374462523
4.78162342814876	0.387688435505858	4.02175409455728	5.54149276174024
5.01367572836712	1.10969835584571	2.83866695090952	7.18868450582472
5.26468534395133	0.649687014188607	3.99129879614166	6.538071891761
5.27011803230137	0.383315006706393	4.51882061915684	6.0214154454459
5.43543972446529	0.33712493304504	4.77467485569701	6.09620459323357
5.22439030783808	0.301820038628396	4.63282303212642	5.81595758354973
5.49375610131107	0.281556047751849	4.94190624771745	6.0456059549047
5.00776764977314	0.626541393916338	3.77974651769711	6.23578878184916
5.78369166875303	0.222148139967728	5.34828131441629	6.21910202308978
4.91929249811368	0.389239253322723	4.15638356160114	5.68220143462622
5.05209726023098	0.273377890853859	4.51627659415742	5.58791792630454
5.879016821594	0.283247606612422	5.32385151263365	6.43418213055434
5.69676334473539	0.296098042468444	5.11641118149724	6.27711550797354
4.87017617851077	0.268440699931254	4.34403240664552	5.39631995037603
5.97876624289714	0.307959968938491	5.3751647037777	6.58236778201659
5.53250613881865	0.243520344512988	5.05520626357319	6.00980601406411
5.11819811671777	0.460389808756566	4.2158340915549	6.02056214188064
4.671132074943	0.628959779852381	3.43837090643233	5.90389324345366
4.61508389353557	1.03931922067409	2.57801822101435	6.65214956605679
5.33104946099775	0.289161628170669	4.76429266978324	5.89780625221226
4.92254555113753	0.334159068556818	4.26759377676616	5.57749732550889
4.10712374970256	0.777717210079422	2.58279801794689	5.63144948145823
5.10556659687191	0.442275448174765	4.23870671844937	5.97242647529444
4.20616289456459	1.21586931472865	1.82305903769644	6.58926675143273
4.85751721065134	0.772700720235425	3.3430237989899	6.37201062231277
4.06316483453978	1.45612918754677	1.2091516269481	6.91717804213145
5.36740370965605	0.381878711895733	4.61892143434041	6.11588598497168
5.20401451013487	0.327029493209391	4.56303670344447	5.84499231682528
5.28961312781291	0.277070604286132	4.74655474341209	5.83267151221372
5.56952846440257	0.391013767876823	4.803141479364	6.33591544944114
5.4302611666324	0.240616194284263	4.95865342583524	5.90186890742955
5.41835842493439	0.29748121069047	4.83529525198106	6.00142159788771
5.28228138616207	0.325882551811827	4.64355158461089	5.92101118771325
4.93472860643755	0.533210693575398	3.88963564702977	5.97982156584533
5.52843273886831	0.40065193814023	4.74315494011346	6.31371053762316
5.69226948552484	0.360070447584507	4.98653140825921	6.39800756279048
5.54395609764127	0.352637702077398	4.85278620156957	6.23512599371297
5.54079602958116	0.282670621643272	4.98676161116035	6.09483044800197
5.37951522942241	0.335665411005079	4.72161102385246	6.03741943499237
5.89949525761534	0.588054524503325	4.74690838958882	7.05208212564186
5.41596437473627	0.333961174991588	4.76140047175276	6.07052827771978
5.4151663499326	0.365475069937201	4.69883521285568	6.13149748700951
4.56664139345835	0.377829709062907	3.82609516369506	5.30718762322165
5.02570534304965	0.48502560598108	4.07505515532673	5.97635553077257
4.84252773716392	0.381162643987701	4.09544895494802	5.58960651937981
5.45412741073298	0.290750052085536	4.88425730864533	6.02399751282063
4.78332949363848	0.692791539227135	3.4254580767533	6.14120091052366
5.24318414625457	0.282359225002917	4.68976006524886	5.79660822726029
5.18018635163534	0.570252705804038	4.06249104825942	6.29788165501125
3.97458451341375	1.15421343338579	1.71232618397759	6.2368428428499
5.46915454861686	0.33360241136345	4.8152938223445	6.12301527488922
5.43171140062405	0.529870563664314	4.39316509584199	6.4702577054061
5.19081042634185	0.521761904179079	4.16815709415086	6.21346375853285
6.30435901874438	0.295244427187529	5.72567994145682	6.88303809603193
5.22765420998949	0.289028548363906	4.66115825519624	5.79415016478275
5.04291051191035	0.376943215770326	4.30410180900051	5.78171921482019
5.63171409400275	0.449937147797399	4.74983728431985	6.51359090368566
5.371947399778	0.568145897444398	4.25838144078698	6.48551335876902
5.12190254544119	0.379452949367418	4.37817476468105	5.86563032620133
5.35672132341475	0.368920406410156	4.63363732685084	6.07980531997865
5.55524862836056	0.34051531625775	4.88783860849537	6.22265864822575
5.65296916611321	0.293073305505435	5.07854548732256	6.22739284490387
4.96715921506491	0.573967114475697	3.84218367069255	6.09213475943728
4.71265096235083	0.322744847742819	4.0800710607749	5.34523086392675
4.93290138957896	0.46985099333415	4.01199344264402	5.85380933651389
5.24410110187596	0.398236783008857	4.4635570071786	6.02464519657332
4.817759980698	0.444033262030982	3.94745478711728	5.68806517427872
5.15674490947474	0.249610842837101	4.66750765751402	5.64598216143546
5.1273577004108	0.230800267836755	4.67498917545076	5.57972622537084
5.33445838106352	0.268885148796646	4.80744348942209	5.86147327270495
4.77962048577214	0.397019362757054	4.00146253476832	5.55777843677597
5.3662747641282	0.499638397648196	4.38698350473774	6.34556602351867
4.72683454196742	0.263769768215486	4.20984579626507	5.24382328766977
5.34505512197503	0.471957858972429	4.42001771838907	6.27009252556099
6.22217933937524	0.472299322602928	5.2964726670735	7.14788601167698
4.50896712011537	0.865649664829264	2.81229377705001	6.20564046318073
5.14785283563801	0.469310341436051	4.22800456642335	6.06770110485267
5.21154692815124	0.415314651649938	4.39753021091736	6.02556364538511
5.63886796580167	0.393009428554745	4.86856948583437	6.40916644576897
5.0198334657987	0.289057873525037	4.45328003368962	5.58638689790777
4.87510004888001	0.410469561136737	4.07057970905201	5.67962038870801
5.2304766115753	0.440620791504382	4.36685986022671	6.09409336292389
5.23785248358761	0.316853581323882	4.61681946419281	5.85888550298242
5.49076563798985	0.382080595996419	4.74188766983687	6.23964360614283
6.46634177591451	0.464605299861005	5.55571538818694	7.37696816364208
5.24806128968281	0.395945728052985	4.47200766269896	6.02411491666666
4.99883127098852	0.611298797470554	3.80068562794623	6.1969769140308
5.07110847546724	0.344867075862774	4.3951690067762	5.74704794415828
5.51219615430945	0.302519590887515	4.91925775616992	6.10513455244898
5.16162288149859	0.374205950155085	4.42817921919462	5.89506654380256
5.867645014358	0.320904072064444	5.23867303311169	6.49661699560431
4.85755389675148	0.801116975813139	3.28736462415773	6.42774316934524
5.93891901023215	0.469963355617084	5.01779083322266	6.86004718724163
5.15649904094545	0.633535586349504	3.91476929170042	6.39822879019048
4.45476881103762	0.51054683555095	3.45409701335775	5.45544060871748
4.71483520518769	0.479642203520429	3.77473648628765	5.65493392408773
5.36577147370923	0.254948221423842	4.8660729597185	5.86546998769996
5.38075832514073	0.246128164751197	4.89834712222839	5.86316952805308
6.26255325111347	0.283615349198733	5.70666716668395	6.81843933554299
4.68432048637252	0.882518969664723	2.95458330582966	6.41405766691538
5.47178372103232	0.45528140708269	4.57943216315025	6.36413527891439
5.15300376093946	0.203181580220045	4.75476786370817	5.55123965817074
5.4710842486231	0.677124451574575	4.14392032353693	6.79824817370927
5.23274362272748	0.271776542683685	4.70006159906746	5.7654256463875
4.7032655378289	0.510747038690921	3.7022013419947	5.70432973366311
4.50840268230574	0.356744702899978	3.80918306462178	5.2076222999897
5.08006692600157	0.216666408756595	4.65540076483864	5.50473308716449
3.92307447272482	1.4076255656639	1.16412836402357	6.68202058142607
5.276483161743	0.350530740085283	4.58944291117584	5.96352341231015
5.64331598669354	0.34963593813733	4.95802954794437	6.32860242544271
5.33882116185181	0.386809972338683	4.58067361606799	6.09696870763563
5.0950890519412	0.365861553864032	4.3780004063677	5.81217769751471
5.24724139453108	0.696316226924943	3.88246158975819	6.61202119930397
4.89042614631881	0.306579057586731	4.28953119344881	5.4913210991888
5.44967130392634	0.248904761891629	4.96181797061875	5.93752463723393
5.97185132075981	0.279809015573796	5.42342565023517	6.52027699128445
4.58572622630182	0.520677277399763	3.56519876259828	5.60625369000536
4.78852606592202	0.513600692864645	3.78186870790732	5.79518342393672
5.13682014981669	0.283834099464959	4.58050531486537	5.69313498476801
5.80367430074523	0.328169527683536	5.1604620264855	6.44688657500496
5.60661597670954	0.277910809644297	5.06191078980671	6.15132116361236
5.61013180648106	0.428937635215517	4.76941404145865	6.45084957150347
5.5715444048692	0.363569121491287	4.85894892674627	6.28413988299212
5.20580943129321	0.256151280574471	4.70375292136725	5.70786594121917
5.72877266077018	0.318442649636001	5.10462506748362	6.35292025405674
4.84995748644418	0.592157541665841	3.68932870477913	6.01058626810923
5.58646878848034	0.331368204807857	4.93698710705694	6.23595046990374
5.62783012297328	0.324070431416863	4.99265207739623	6.26300816855033
4.37363773193502	1.24653896734991	1.9304213559292	6.81685410794084
5.21784082426213	0.538389970679998	4.16259648172933	6.27308516679493
5.05614172410147	0.268280948048607	4.5303110659262	5.58197238227674
5.59746092417233	0.460090500035803	4.69568354410216	6.49923830424251
5.33213353494164	0.245916974824633	4.85013626428536	5.81413080559792
5.27704066716846	0.383987614495572	4.52442494275714	6.02965639157978
5.36099422538557	0.358603424274684	4.65813151380719	6.06385693696395
5.26246626516827	0.325002338916811	4.62546168089133	5.89947084944522
4.43608843805155	0.660250561972285	3.14199733658587	5.73017953951723
5.16974677376684	0.310492217432863	4.56118202759843	5.77831151993525
5.3568237018074	0.303170224987402	4.7626100608321	5.95103734278271
5.48608510553885	0.24958542875244	4.99689766518407	5.97527254589363
4.66345317190587	0.437947794429235	3.80507549482457	5.52183084898717
5.34705769739178	0.345524967957255	4.66982876019556	6.024286634588
5.07495615484163	1.39636872135649	2.33807346098291	7.81183884870035
5.57887228242175	0.302005426805386	4.98694164588319	6.17080291896031
4.96861698951957	0.391663080639659	4.20095735146584	5.7362766275733
4.77811197139893	0.33008325387269	4.13114879380846	5.4250751489894
5.53669180069259	0.300092933487463	4.94850965105716	6.12487395032801
3.53380262059095	1.07838365787393	1.42017065115805	5.64743459002386
5.18704419920369	0.308313958974282	4.5827488396141	5.79133955879329
3.39598012452592	1.18766228948392	1.06816203713744	5.7237982119144
5.3233097197979	0.278314063732748	4.77781415488171	5.86880528471409
5.38509665961301	0.332156410423414	4.73407009518312	6.03612322404291
5.96766330371133	0.272706490257103	5.43315858280741	6.50216802461525
5.39048119122349	0.39512686528234	4.61603253527011	6.16492984717688
5.17278758106792	0.280879952105511	4.62226287494112	5.72331228719472
5.21206180632553	0.376650828003237	4.47382618343918	5.95029742921187
4.92986793186759	0.658896215733261	3.6384313490304	6.22130451470478
5.67167895669535	0.388471046865543	4.91027570483888	6.43308220855181
5.59809043399433	0.367452114451454	4.87788428966948	6.31829657831917
5.28084662835278	0.397691848321393	4.50137060564285	6.06032265106271
5.13232936698698	0.220005648930934	4.70111829508235	5.56354043889161
5.06609262635902	0.340636982353423	4.39844414094631	5.73374111177173
5.27104819854331	0.403484513377593	4.48021855232322	6.06187784476339
4.93907292313815	0.564675197008374	3.83230953700174	6.04583630927456
4.39169451250557	0.656235453373902	3.10547302389272	5.67791600111842
3.76826138097785	1.00745114199288	1.79365714267179	5.7428656192839
5.64160658184356	0.375703607210838	4.90522751171032	6.3779856519768
5.02545040917358	0.274008393516781	4.48839395788069	5.56250686046648
5.46496345694598	0.229287512186987	5.01555993305948	5.91436698083247
3.87539004347647	1.22737332457007	1.46973832731914	6.2810417596338
5.52436650551192	0.286807502050797	4.96222380149236	6.08650920953148
5.16149615910277	0.54996971911938	4.08355550962879	6.23943680857676
6.25756071251035	0.441300117483983	5.39261248224174	7.12250894277895
5.14019600692563	0.376255822258943	4.4027345952981	5.87765741855316
5.76791741635857	0.293237236360262	5.19317243309245	6.34266239962468
4.85613485345535	0.813307523491616	3.26205210741179	6.45021759949892
5.37369080258406	0.31193058309151	4.7623068597247	5.98507474544342
5.16197888305877	0.30689083236058	4.56047285163204	5.76348491448551
4.7588157757224	0.432898658923493	3.91033440423235	5.60729714721245
5.83769708873747	0.349001020750706	5.15365508806608	6.52173908940885
6.38633023990291	0.648069512885858	5.11611399464663	7.65654648515919
4.08158771609713	0.543722434772351	3.01589174394332	5.14728368825094
5.01988807456504	0.399003312144114	4.23784158276258	5.80193456636751
5.65475836189261	0.396977743421538	4.8766819847864	6.43283473899883
5.03774634647457	0.435312846822324	4.18453316670282	5.89095952624633
4.83948885202567	0.561275545709207	3.73938878243562	5.93958892161572
4.91981485743368	0.377115678342685	4.18066812788202	5.65896158698534
4.66711858395399	0.472682723771255	3.74066044536233	5.59357672254565
4.83587156205352	0.668654442709518	3.52530885434286	6.14643426976417
4.77573978505965	0.444194859887523	3.90511785968011	5.6463617104392
4.84048772951613	0.330810411785251	4.19209932241704	5.48887613661522
4.92597358061587	0.371519262341687	4.19779582642616	5.65415133480557
5.01802394699048	0.753926834853298	3.54032735067802	6.49572054330295
4.8856679890148	0.272143643868842	4.35226644703187	5.41906953099773
4.60530777733126	0.358595571581067	3.90246045703237	5.30815509763015
5.68201566160852	0.224835183023962	5.24133870288156	6.12269262033549
5.18330855261905	0.326365460944962	4.54363224916692	5.82298485607117
5.20695314916947	0.310722644152353	4.59793676663086	5.81596953170808
5.39013155433397	0.3035646647582	4.7951448114079	5.98511829726004
6.82935049779496	1.27815645841556	4.32416383930047	9.33453715628945
5.61663355235108	0.24999441080037	5.12664450718235	6.1066225975198
5.25917287472739	0.490309271342161	4.29816670289675	6.22017904655802
5.29996329000336	0.330582747955748	4.65202110401009	5.94790547599663
3.23928034184616	2.43998390846273	-1.54308811874079	8.02164880243311
5.90523034830679	0.38288601349408	5.15477376185839	6.65568693475518
5.64137120428852	0.40600491519869	4.84560157049909	6.43714083807795
5.11111111051552	0.523134160706942	4.08576815552992	6.13645406550113
5.36279901000607	0.43954860414882	4.50128374587439	6.22431427413776
5.44496282371326	0.381795261413035	4.69664411134371	6.19328153608281
4.57639227673573	0.835849065726928	2.93812810791095	6.21465644556051
4.81663526491506	0.513267960150638	3.81063006301981	5.82264046681031
5.85436549760061	0.341860717065463	5.1843184921523	6.52441250304892
5.16336839215834	0.314546507744659	4.54685723697881	5.77987954733787
4.79596788566672	0.518270549079202	3.78015760947148	5.81177816186195
5.27931646720772	0.27351329447584	4.74323041003507	5.81540252438037
5.18021566427996	0.280383839829247	4.63066333821463	5.72976799034528
5.83075089239635	0.310674040857631	5.22182977231539	6.4396720124773
4.28105896006695	0.697260519643407	2.91442834156587	5.64768957856803
5.68166021227933	0.308933703997404	5.07615015244442	6.28717027211424
5.11592228564084	0.418797315361815	4.29507954753168	5.93676502375
5.3901814990047	0.298107369010315	4.80589105574448	5.97447194226492
5.08188145052248	0.530038285276121	4.04300641138128	6.12075648966368
4.4327137679503	0.740614466865436	2.98110941289404	5.88431812300655
5.42923039406674	0.503443306090173	4.44248151413	6.41597927400348
5.11773136300348	0.551742696884898	4.03631567710908	6.19914704889788
4.8826225295019	0.530263470105479	3.84330612809516	5.92193893090864
5.95837535042211	0.306874635738052	5.35690106437553	6.5598496364687
4.69877910661626	0.345765158578179	4.02107939580303	5.37647881742949
4.79201942341055	0.276531556322553	4.25001757301835	5.33402127380275
5.19591160853836	0.302868251496315	4.60228983560558	5.78953338147113
5.07311557088937	0.450738520988771	4.18966806975138	5.95656307202736
4.65467480269546	0.703348319977158	3.27611209554023	6.03323750985069
5.20266674017349	0.358964613201429	4.49909609829869	5.90623738204829
5.23665532591852	0.275968049821323	4.69575794826873	5.77755270356831
5.64118848103992	0.404867508968744	4.84764816346118	6.43472879861866
4.83736726335893	0.600604052700629	3.6601833200657	6.01455120665216
4.9807099377566	0.759812690964739	3.49147706346571	6.46994281204749
5.42592949182126	0.519140139365602	4.40841481866468	6.44344416497784
4.79962411589172	0.510328896418621	3.79937947891122	5.79986875287221
5.29583885384135	0.517582727173628	4.28137670858104	6.31030099910166
5.11418569853397	0.410300518370885	4.30999668252704	5.9183747145409
5.7617579788266	0.270463321436465	5.23164986881113	6.29186608884207
5.38791977701503	0.406111644708281	4.5919409533868	6.18389860064326
4.98221816022961	0.270475245364161	4.45208667931586	5.51234964114337
5.44938961673507	0.234982522140831	4.98882387333905	5.9099553601311
5.31884041388802	0.322438456686557	4.68686103878237	5.95081978899367
4.98410107413918	0.429835721910612	4.14162305919438	5.82657908908398
3.38999789896713	1.86834268821024	-0.271953769924933	7.0519495678592
4.99038607595302	0.340047140130349	4.32389368129754	5.65687847060851
4.49200846652483	0.91653716964476	2.6955956140211	6.28842131902856
5.32770183880818	0.421846564252127	4.50088257287401	6.15452110474235
5.47048276888351	0.523480046166217	4.44446187839773	6.4965036593693
4.77267662471145	0.399865905088746	3.98893945073751	5.55641379868539
4.89372825539565	0.411773592996632	4.08665201312225	5.70080449766905
5.1776806529648	0.518445698109909	4.16152708466938	6.19383422126022
5.46369351352677	0.339056003447571	4.79914374676953	6.12824328028401
6.2008102646675	0.402381177752507	5.41214315627259	6.98947737306242
5.02855821240812	0.434457013634603	4.1770224656843	5.88009395913194
5.48069555572354	0.401673222507389	4.69341603960906	6.26797507183802
4.39660712805371	0.428081888280748	3.55756662702345	5.23564762908398
5.10988734372761	0.469132031458988	4.19038856206799	6.02938612538722
5.05993526035955	0.413685802083889	4.24911108827513	5.87075943244397
4.81062148303837	0.812113568308867	3.21887888915299	6.40236407692374
5.58823741115941	0.313975502447948	4.97284542636143	6.20362939595739
5.43910829828954	0.269985186802603	4.90993733215644	5.96827926442264
4.86030476845816	0.433910884308961	4.0098394352126	5.71077010170373
5.48858238659669	0.383651943311321	4.7366245777065	6.24054019548687
4.69716024827946	0.418717406743592	3.87647413106202	5.5178463654969
5.40902257419935	0.351068977995294	4.72092737732857	6.09711777107012
5.2688553117359	0.566963528237424	4.15760679639055	6.38010382708125
5.14397468335488	0.333866919504289	4.48959552112647	5.79835384558328
4.9977753813621	0.40267535335969	4.20853168877711	5.78701907394709
5.5245084925128	0.407944276017736	4.72493771151804	6.32407927350756
5.14559347212695	0.245328329179883	4.66474994693438	5.62643699731952
4.77177870964202	0.576251353821	3.64232605615285	5.90123136313118
5.70770684062542	0.38203247823278	4.95892318328917	6.45649049796167
5.44384356403449	0.520831198445404	4.42301441508149	6.46467271298748
5.16810592580545	0.27671575365093	4.62574304864963	5.71046880296128
5.31785738720675	0.399315059194502	4.53519987118553	6.10051490322797
4.81826404646413	0.538691923148307	3.76242787709345	5.87410021583482
5.26303482190688	0.461304212523207	4.35887856536139	6.16719107845237
3.24550032493051	1.35629774900011	0.587156736890293	5.90384391297074
5.10996025965316	0.694521282396712	3.74869854615561	6.47122197315072
5.14328156449775	0.455008488742551	4.25146492656235	6.03509820243315
5.04888125942533	0.309647981271202	4.44197121613377	5.65579130271688
5.94601285158967	0.276565792348722	5.40394389858618	6.48808180459317
4.3237200039603	0.361380558634788	3.61541410903612	5.03202589888449
5.02325127236747	0.328798425951143	4.37880635750323	5.66769618723171
5.46580437171516	0.458936534131993	4.56628876481646	6.36531997861387
5.08336701690306	0.281486498215398	4.53165348040088	5.63508055340524
5.5317657479962	0.245093250375126	5.05138297726095	6.01214851873145
4.8684537938719	0.584539082275056	3.72275719261278	6.01415039513101
5.17808025601695	0.313003895502337	4.56459262083237	5.79156789120153
4.07668514637013	0.741866276860124	2.62262724372429	5.53074304901597
4.59895338379329	0.544418950343269	3.53189224112048	5.6660145264661
5.29195531373832	0.409921926490516	4.48850833781691	6.09540228965974
5.94755171702749	0.62700105868189	4.71862964201098	7.17647379204399
4.9114527630301	0.443733287681099	4.04173551917514	5.78117000688505
4.76636247836357	0.578194471640009	3.63310131394915	5.89962364277799
6.08150572926028	0.825932919751312	4.46267720654771	7.70033425197285
5.52213227493585	0.526254596495326	4.49067326580501	6.55359128406669
5.92198661487843	0.274609468364062	5.38375205688487	6.46022117287199
4.05425623781553	1.11296396495173	1.87284686651013	6.23566560912092
3.71185567857948	1.1305138622048	1.49604850865807	5.92766284850089
5.51023344975837	0.371987021412621	4.78113888778963	6.2393280117271
5.5116586016043	0.291132632908821	4.94103864110301	6.08227856210559
5.02792747754476	0.422810640974014	4.19921862123569	5.85663633385382
5.9161053529519	0.421400332527252	5.09016070119849	6.74205000470532
5.5229365107849	0.318792124203543	4.89810394734595	6.14776907422384
5.05510993250044	0.303257358278198	4.46072551027518	5.64949435472571
5.03635706896212	0.408674891696177	4.23535428123761	5.83735985668663
5.41993895585539	0.250414815345942	4.92912591777734	5.91075199393343
5.69874285329867	0.489827303382933	4.73868133866812	6.65880436792922
4.90634661745572	0.434272166629906	4.05517317086111	5.75752006405034
5.4055969406664	0.293832392856269	4.82968545066811	5.98150843066469
5.91072516661335	0.29515044285724	5.33223029861316	6.48922003461354
5.27699054232197	0.278592488608174	4.73094926464995	5.82303181999399
4.729451618979	0.50746655739974	3.73481716647551	5.72408607148249
5.61292721887997	0.236174892331854	5.15002442990954	6.0758300078504
5.88115868709576	0.339115266820019	5.21649276412852	6.545824610063
5.4684010418418	0.429158576121826	4.62725023264302	6.30955185104058
5.6404917424912	0.337189538202195	4.9796002476149	6.3013832373675
5.07684767398866	0.375102852097283	4.34164608387799	5.81204926409934
5.54082740130857	0.337290252645354	4.87973850612368	6.20191629649346
5.64248947128224	0.255391393193351	5.14192234062328	6.14305660194121
5.14246593857876	0.468120458485042	4.22494983994808	6.05998203720944
4.83633086381849	0.365625906795578	4.11970408649915	5.55295764113782
4.90806878588808	0.270140762370827	4.37859289164126	5.4375446801349
5.55191546110195	0.30377991584312	4.95650682604943	6.14732409615446
5.52273346049451	0.440468876358582	4.65941446283169	6.38605245815733
5.93183233253542	0.346426615928064	5.25283616531642	6.61082849975443
5.69348489434819	0.301594576999494	5.10235952342918	6.2846102652672
5.23047268275308	0.363519791623146	4.51797389117171	5.94297147433445
5.43841759457527	0.326760040577461	4.79796791504345	6.0788672741071
4.47192767511484	0.47798375704726	3.53507951130221	5.40877583892748
5.30247733065604	0.26433215826616	4.78438630045437	5.82056836085771
4.93690398880456	0.416282454120244	4.12099037872888	5.75281759888024
5.48819056002502	0.272721373513437	4.95365666793869	6.02272445211136
5.22244470363271	0.304201655589184	4.62620945867791	5.81867994858751
5.93436929487135	0.679850007090545	4.60186328097388	7.26687530876882
4.91150221560171	0.475632526458556	3.97926246374295	5.84374196746048
5.93409967906883	0.263682770211017	5.41728144945524	6.45091790868243
5.14347794711618	0.360622932226304	4.43665699995262	5.85029889427973
4.99851726905989	0.419664772492589	4.17597431497442	5.82106022314537
5.38866054220797	0.823066809872215	3.77544959485843	7.00187148955751
5.72695105077997	0.226504638204036	5.28300195990006	6.17090014165988
4.87519600525728	0.434749213971773	4.02308754587261	5.72730446464195
4.44385615764153	0.588058613889893	3.29126127441734	5.59645104086572
3.63831348995341	0.61588847288587	2.4311720830971	4.84545489680971
4.86393756736664	0.919428579779213	3.06185755099938	6.6660175837339
4.4775033051663	0.64482062553339	3.21365487912086	5.74135173121175
4.91320969492869	0.539581705460497	3.85562955222611	5.97078983763126
1.89966881113411	2.31887781627585	-2.64533170876656	6.44466933103478
5.1521531326487	0.72696951799519	3.72729287737813	6.57701338791927
5.05931539211113	0.398155708401229	4.27893020364472	5.83970058057754
5.3714351513283	0.480475126920538	4.42970390256404	6.31316640009255
5.21014006687405	0.266815041313294	4.6871825859	5.73309754784811
4.87118786150051	0.275986051719721	4.33025520012986	5.41212052287116
5.33268663232906	0.263642458387483	4.81594741388959	5.84942585076853
5.52136329699112	0.637459880948081	4.27194193033288	6.77078466364936
3.83701748111947	1.03891362411763	1.80074677784891	5.87328818439002
5.14629227915594	0.352615451982942	4.45516599326937	5.8374185650425
4.34201757114991	0.299596929408061	3.75480758951011	4.92922755278971
5.54426518820105	0.274519273877317	5.00620741140151	6.08232296500059
5.3247999902858	0.403340455965092	4.53425269659422	6.11534728397739
4.95113803335449	0.857382826807066	3.27066769281264	6.63160837389634
5.08395863834143	0.317179965834492	4.46228590530583	5.70563137137704
5.06122120318552	0.720724251509089	3.6486016702277	6.47384073614333
4.85474303518122	0.259499764782001	4.3461234962085	5.36336257415394
4.68748158481898	0.582344651132008	3.54608606860024	5.82887710103771
4.88890116300544	0.446431219263567	4.01389597324885	5.76390635276203
5.0985256975006	0.355140623576254	4.40245007529114	5.79460131971006
5.49505656245404	0.548823607943841	4.41936229088411	6.57075083402397
4.6101424626053	0.50125180472206	3.62768892535006	5.59259599986053
5.38906557930915	0.550303230772378	4.31047124699528	6.46765991162301
5.27020260873413	0.246917751564049	4.7862438156686	5.75416140179967
4.80510927452679	0.394509201211686	4.03187124015189	5.5783473089017
5.44456895151909	0.261256950662389	4.93250532822081	5.95663257481738
5.15734737515034	0.410416178442335	4.35293166540337	5.96176308489732
4.50935767493564	0.439285984378063	3.64835714555464	5.37035820431665
5.28302298627305	0.317756335973054	4.66022056776587	5.90582540478024
4.55737239415561	0.693092990774721	3.19891013223716	5.91583465607406
4.91401310402563	0.297061889414702	4.33177180077282	5.49625440727845
5.27528882008856	0.435471194200177	4.42176527945621	6.1288123607209
5.09108971287764	0.251046277576867	4.59903900882698	5.58314041692829
5.15380196998633	0.344562467464662	4.47845953375559	5.82914440621707
5.29886808634904	0.29783284107161	4.71511571784869	5.8826204548494
5.2556532918689	0.310229774625092	4.64760293360372	5.86370365013408
5.73618940520717	0.264927727301008	5.21693105969719	6.25544775071714
5.08082490414036	0.39244165671264	4.31163925698358	5.85001055129713
5.72658561218706	0.238187954161489	5.25973722203054	6.19343400234358
4.90990957152019	0.361255803037235	4.20184819756721	5.61797094547317
4.94641805878297	0.786352108303068	3.40516792650895	6.48766819105698
4.978683495931	0.412890222133731	4.16941866054889	5.78794833131311
5.30462800248713	0.43399822171685	4.4539914879221	6.15526451705215
4.7860528413759	0.504183428305796	3.79785332189654	5.77425236085526
4.9769895419254	0.498013650860667	4.00088278623849	5.9530962976123
5.00215339666375	0.315317409138508	4.38413127475227	5.62017551857522
4.53943618666398	0.618178368552062	3.32780658430194	5.75106578902602
5.37482784721832	0.388157231796969	4.61403967289626	6.13561602154038
5.02998052933873	0.49739329963499	4.05508966205415	6.00487139662331
5.58089141884676	0.269208610383125	5.05324254249583	6.10854029519768
4.25014784698711	0.519448584811313	3.23202862075693	5.26826707321728
5.81488120196458	0.247649100996347	5.32948896401174	6.30027343991742
4.31660780163806	0.667616062874545	3.00808031840395	5.62513528487217
4.79395141494233	0.375112855763522	4.05873021764583	5.52917261223884
5.19845266841285	0.348930893743064	4.51454811667645	5.88235722014926
5.12375039114164	0.54577280579831	4.05403569177695	6.19346509050633
5.00786033390315	0.682339597110359	3.67047472356685	6.34524594423946
4.58232791342063	0.247229644128891	4.097757810928	5.06689801591325
5.13163731552372	0.418363445986869	4.31164496138946	5.95162966965799
4.55331438454526	0.563465872249876	3.4489212749355	5.65770749415502
5.3366730980653	0.274379671293529	4.79888894232999	5.87445725380062
5.35747105420412	0.299639124809427	4.77017836957765	5.9447637388306
5.0216959193079	0.540853847093833	3.96162237900399	6.08176945961181
5.89093159510483	0.279225753938722	5.34364911738493	6.43821407282472
4.85585987762292	0.895436569176346	3.10080420203728	6.61091555320856
4.33981103944108	0.374285413989828	3.60621162802101	5.07341045086114
5.62516342489509	0.412914493334138	4.81585101796018	6.43447583183
4.20753390051882	0.830508137781023	2.57973795046802	5.83532985056963
4.97327844731002	0.50218303482364	3.98899969905569	5.95755719556435
5.42609983917118	0.305148501561364	4.8280087761109	6.02419090223145
5.22766381815941	0.309410491385389	4.62121925504404	5.83410838127477
5.66743058659937	0.421425123731388	4.84143734408585	6.49342382911288
4.82871201760999	0.894398617918661	3.07569072648941	6.58173330873056
5.10625194263943	0.565836919803132	3.99721157982529	6.21529230545357
5.30129916019181	0.338769255172787	4.63731142005314	5.96528690033047
5.6424347099193	0.279134384345212	5.09533131660268	6.18953810323591
4.64507897735295	0.636193735017302	3.39813925671904	5.89201869798686
5.72703202432197	0.305687215360428	5.12788508221553	6.3261789664284
4.9957758610048	0.334283878614622	4.34057945892014	5.65097226308946
4.75765277055594	0.467691961404984	3.84097652620217	5.67432901490971
5.62575666252481	0.588954890961469	4.47140507624033	6.78010824880929
5.27548042882343	0.830726743311502	3.64725601193288	6.90370484571397
5.57862254602158	0.404405833216676	4.7859871129169	6.37125797912627
5.05220955524647	0.401754850567963	4.26477004813326	5.83964906235968
4.78199218364271	0.524398156050923	3.7541717977829	5.80981256950252
5.34705924042671	0.489057331550899	4.38850687058695	6.30561161026648
4.71016888630724	0.44967273342287	3.82881032879841	5.59152744381606
4.94992688461873	0.369922415581796	4.22487895007841	5.67497481915905
5.44766207317637	0.363541142533133	4.73512143381143	6.16020271254131
4.86238710003791	0.580155527509495	3.7252822661193	5.99949193395652
5.74750721231186	0.255328392219282	5.24706356356207	6.24795086106165
4.93289768445087	0.457652357885477	4.03589906299533	5.8298963059064
4.92174286582824	0.296185170833455	4.34121993099467	5.50226580066181
5.46958168346773	0.294010840091345	4.89332043688869	6.04584293004677
5.14384123031017	0.282182826236092	4.59076289088743	5.69691956973291
5.28358427624873	0.40122183924448	4.49718947132955	6.06997908116792
5.56776258712465	0.583777622557138	4.42355844691266	6.71196672733664
4.60778895948777	0.487724218783604	3.6518494906719	5.56372842830363
4.9957998369885	0.373487679074723	4.26376398600204	5.72783568797496
5.6473893219625	0.260514424519762	5.13678104990377	6.15799759402123
5.54946090067656	0.314619727617943	4.93280623454539	6.16611556680772
5.67061740537951	0.268426252024665	5.14450195141117	6.19673285934785
5.46317060505864	0.254618847986803	4.9641176630045	5.96222354711277
4.91343779249497	0.573630832693976	3.78912136041478	6.03775422457516
5.09060340034933	0.443417442475519	4.22150521309732	5.95970158760135
5.63167765106692	0.338455079773267	4.96830569471131	6.29504960742252
3.8322351195538	1.27841588545758	1.32653998405694	6.33793025505066
4.72137656399571	0.355440567181581	4.02471305231982	5.41804007567161
4.36053133649483	0.763411590088819	2.86424461992075	5.85681805306892
6.14179423759623	0.342490682467687	5.47051249995956	6.81307597523289
5.58704897725006	0.354025783448368	4.89315844169126	6.28093951280886
4.5431949506355	0.43755998730825	3.68557737551133	5.40081252575967
5.42945647101007	0.275654457843437	4.88917373363694	5.96973920838321
4.91670832003938	0.432288724676184	4.06942241967406	5.7639942204047
5.07184943685325	0.333126146119163	4.41892219045969	5.72477668324681
5.35599016592525	0.413680155804286	4.54517706054885	6.16680327130165
5.39302037407899	0.346482348748067	4.71391497053277	6.0721257776252
5.11149203537795	0.561765406336091	4.01043183895921	6.21255223179669
4.29941310701638	0.584475844247197	3.15384045229188	5.44498576174089
5.46255000548097	0.298879257769176	4.87674666025339	6.04835335070856
4.97475917352061	0.794477541427383	3.41758319232294	6.53193515471829
4.9910598112853	0.564463398418947	3.88471155038416	6.09740807218644
5.58744445828229	0.280731998002403	5.03720974219758	6.137679174367
4.45977661558339	0.720733962223583	3.04713804962516	5.87241518154161
5.5288881827449	0.28281119357775	4.97457824333251	6.08319812215729
4.89655256953443	0.578259356833646	3.76316423014049	6.02994090892838
4.31629496213574	0.510196188281975	3.31631043310307	5.31627949116841
5.4538131755564	0.400367160297811	4.66909354137269	6.23853280974011
5.26378050014932	0.362555020425485	4.55317266011537	5.97438834018327
5.27523948963608	0.40117178852558	4.48894278412594	6.06153619514622
5.54588521499455	0.287279913468999	4.98281658459531	6.10895384539379
5.47167599716977	0.307751985617181	4.86848210536009	6.07486988897944
5.455060251068	0.269408497856797	4.92701959526868	5.98310090686732
5.48328843397009	0.307986044176248	4.87963578738464	6.08694108055554
4.6385590348151	0.713391659098999	3.24031138298106	6.03680668664913
4.96716233491067	0.325831257386814	4.32853307043251	5.60579159938882
5.48509724218618	0.428314751820478	4.64560032861804	6.32459415575432
5.20544198869622	0.277996464653546	4.66056891797527	5.75031505941717
5.19626948383722	1.06316630189541	3.11246353212221	7.28007543555222
5.13002338537325	0.429343647090729	4.28850983707542	5.97153693367108
5.38321639679273	0.763481685238893	3.8867922937245	6.87964049986096
5.2731288850218	0.49865951147813	4.29575624252467	6.25050152751894
5.36595487444499	0.266068949777424	4.84445973288124	5.88745001600874
5.35929699621488	0.308171880269373	4.75528011088691	5.96331388154286
5.49914986357883	0.268723581327155	4.9724516441776	6.02584808298005
4.50886219916138	0.66445268097473	3.20653494445091	5.81118945387185
5.79502251295621	0.298535315517626	5.20989329454166	6.38015173137075
6.08748032999063	0.460756716697475	5.18439716526357	6.99056349471768
5.50551415275404	0.584657647436725	4.35958516377806	6.65144314173002
5.02282080223506	0.382800577309876	4.2725316707077	5.77310993376241
5.66930604063558	0.439868697827081	4.8071633928945	6.53144868837666
5.70650059431993	0.340241408344408	5.03962743396489	6.37337375467497
5.16745351652512	0.405928731409654	4.3718332029622	5.96307383008805
5.07285935507236	0.516511317841218	4.06049717210357	6.08522153804114
5.60684716376631	0.2391079657992	5.13819555079988	6.07549877673274
5.09462117898834	0.389772657360776	4.33066677056122	5.85857558741546
4.84803498873314	0.255090618949713	4.3480573755917	5.34801260187458
4.87651703534833	0.313452734711722	4.26214967531335	5.4908843953833
4.95161707153158	1.00751934916155	2.97687914717494	6.92635499588822
5.21425126981951	0.441133514111862	4.34962958216026	6.07887295747876
5.44065075322734	0.322613415706671	4.80832845844226	6.07297304801242
5.17917583134792	0.2958436041786	4.59932236715786	5.75902929553798
5.3196342315826	1.02963387257632	3.30155184133301	7.33771662183219
5.10950316543444	0.296740450546792	4.52789188236273	5.69111444850615
5.63520691709486	0.299622197072101	5.04794741083355	6.22246642335618
4.85758784223278	0.263567231385425	4.34099606871735	5.37417961574822
4.04741839700615	0.714350907149333	2.64729061899346	5.44754617501884
5.14367317285685	0.275211670293226	4.60425829908213	5.68308804663158
4.87823149020942	0.310032778027385	4.27056724527574	5.48589573514309
5.57431007773557	0.215177511228333	5.15256215572804	5.9960579997431
4.31452410031492	0.986833278274474	2.38033087489695	6.24871732573289
4.56798924375686	0.923242249716124	2.75843443431326	6.37754405320046
5.16602973809562	0.267643887024218	4.64144771952816	5.69061175666309
5.20863207589273	0.476030095042516	4.27561308960939	6.14165106217606
5.34501206743563	0.340834910856446	4.67697564215699	6.01304849271426
5.88056144880288	0.378973822058452	5.13777275756831	6.62335014003745
5.31200875711495	0.43459335792964	4.46020577557285	6.16381173865704
5.41415263735564	0.307840789631874	4.81078468967717	6.01752058503411
5.39718492745938	0.457224491359836	4.5010249243941	6.29334493052465
4.80282955090418	0.410223089084856	3.99879229629786	5.60686680551049
4.99866525183909	0.586302882044309	3.84951160303224	6.14781890064593
5.34649320023456	0.249868054153243	4.85675181409421	5.83623458637492
5.16968628296706	0.534672295828672	4.12172858314286	6.21764398279126
5.61399539546118	0.444315886002571	4.74313625889614	6.48485453202622
5.50756400538714	0.295903576535212	4.92759299537813	6.08753501539616
3.90571276172137	0.605387081077056	2.71915408281034	5.0922714406324
5.13171508979873	0.520313569611522	4.11190049336014	6.15152968623731
5.83640241652166	0.322670755892094	5.20396773497315	6.46883709807016
5.64628424140226	0.303384926036244	5.05164978637123	6.2409186964333
5.23748080334246	0.276627233422781	4.6952914258338	5.77967018085111
5.34680599639878	0.312846137714587	4.73362756647819	5.95998442631937
5.43077391761343	0.405927517304914	4.6351559836958	6.22639185153106
4.65583377606279	0.499017266836093	3.67775993306404	5.63390761906153
5.85880005497156	0.261289320692256	5.34667298641474	6.37092712352839
4.94468976696277	0.441307782371902	4.07972651351385	5.8096530204117
5.36664525431879	0.410870879943563	4.56133832962941	6.17195217900818
5.43862839676658	0.304976062978574	4.84087531332857	6.03638148020458
4.54882975011452	0.353798712999016	3.85538427263645	5.24227522759259
5.31531805741819	0.411414406551551	4.50894582057715	6.12169029425923
5.61648710275679	0.316255396737654	4.99662652515099	6.23634768036259
5.59051640756915	0.266278538100635	5.06861047289191	6.1124223422464
4.93396008805605	0.363425277957339	4.22164654325966	5.64627363285243
4.86552059809512	0.333585163600535	4.21169367743807	5.51934751875217
5.37343962995498	0.235049282326979	4.9127430365941	5.83413622331586
5.38707324126643	0.445820610903301	4.51326484389596	6.2608816386369
5.47454627666456	0.329868165720904	4.82800467185159	6.12108788147753
5.88395415254248	0.218429709303512	5.4558319223076	6.31207638277737
5.8142378599658	0.591647305724436	4.65460914074591	6.9738665791857
4.21176753603589	0.751501626269557	2.73882434854756	5.68471072352423
5.25838223236541	0.275077245181739	4.7192308318092	5.79753363292162
4.91317747800811	0.465092529978546	4.00159611925016	5.82475883676607
5.11555046844646	0.562106362911528	4.01382199713986	6.21727893975305
5.73558282042408	0.471186973274008	4.81205635280703	6.65910928804114
4.72594366234979	0.744116467444787	3.26747538615801	6.18441193854157
5.00096234916824	0.346607953046387	4.32161076119732	5.68031393713916
4.20400804549077	0.580593377401807	3.06604502578323	5.34197106519831
5.46952234579742	0.431767020212989	4.62325898617996	6.31578570541488
4.78251850528885	0.362965592290823	4.07110594439884	5.49393106617886
5.51715601655695	0.432069397015274	4.67029999840701	6.36401203470689
5.40901882059403	0.440562101298769	4.54551710204845	6.27252053913962
5.03930804124002	0.350154251623315	4.35300570805833	5.72561037442172
5.28465890881207	0.32899306124958	4.63983250876289	5.92948530886125
5.44513114289049	0.272132149744625	4.91175212939103	5.97851015638996
4.57764621530333	0.545940501659145	3.50760283205141	5.64768959855526
4.7528546555224	0.433729324338764	3.90274517981842	5.60296413122638
5.49902237955358	0.387279976626668	4.73995362536531	6.25809113374185
5.07676315577956	0.316479124066619	4.45646407260899	5.69706223895014
5.40881294317044	0.373246895298596	4.67724902838519	6.14037685795568
5.8206370222876	0.46433872542373	4.91053312045709	6.73074092411811
4.89677022877929	0.404456917256481	4.10403467095658	5.68950578660199
5.24755723117203	0.291295615039105	4.67661782569539	5.81849663664868
4.76293008371086	0.618223405271064	3.55121220937958	5.97464795804215
4.39356439713575	0.477404366219201	3.45785183934611	5.32927695492538
5.07283267410455	0.497864042413375	4.09701915097433	6.04864619723476
6.2760170065635	0.609098573801247	5.08218380191306	7.46985021121395
5.21207851473056	0.443929104634384	4.34197746964717	6.08217955981396
5.09428388687601	0.459483437114124	4.19369635013232	5.99487142361969
5.6829860410166	0.402516419460256	4.8940538588745	6.47191822315871
5.50603071921123	0.592924084362619	4.34389951386049	6.66816192456196
4.87189602192166	0.762792384028713	3.37682294922538	6.36696909461794
4.90489138205526	0.395396149231151	4.12991492956221	5.67986783454832
5.2287686495782	0.383890125903889	4.47634400280657	5.98119329634982
4.9745680857266	0.408968996003569	4.1729888535596	5.77614731789359
5.77608446610253	0.256410667601135	5.2735195576043	6.27864937460075
5.37651973289515	0.309099822810028	4.7706840801875	5.98235538560281
5.01123533502253	0.694703138350523	3.64961718385551	6.37285348618956
5.53253421419923	0.480684078882511	4.5903934195895	6.47467500880895
4.60302353420319	0.71207886577168	3.2073489572907	5.99869811111569
5.74611881691823	0.368081749377245	5.02467858813883	6.46755904569763
4.32685488279083	0.70407567550604	2.94686655879899	5.70684320678266
4.45703127219574	0.701435146514253	3.0822183850278	5.83184415936368
5.57372795438634	0.324016929383725	4.93865477279424	6.20880113597844
5.968640410397	0.411322999341756	5.16244733168716	6.77483348910684
5.12712328250629	0.522446806272067	4.10312754221304	6.15111902279955
4.80875316691303	0.554022389968485	3.7228692825748	5.89463705125126
4.72314389879571	0.631562864720299	3.48528068394392	5.96100711364749
5.6003411015776	0.352126516869783	4.91017312851283	6.29050907464238
5.28884317712963	0.294544018811487	4.71153690025911	5.86614945400014
5.20799560356931	0.37114285359733	4.48055561051854	5.93543559662008
3.84041943772052	1.12977939294375	1.62605182755078	6.05478704789026
4.54751605409617	0.561023480536472	3.44791003224468	5.64712207594765
4.79699221906944	0.873825037991654	3.0842951446058	6.50968929353308
5.23365571096678	0.327119751800112	4.59250099743856	5.874810424495
5.52926217540894	0.394442504849241	4.75615486590443	6.30236948491345
5.06824251642549	0.418069122390432	4.24882703654024	5.88765799631074
5.20649269041117	0.458423639937831	4.30798235613302	6.10500302468932
5.40558638357036	0.26406555223626	4.88801790118729	5.92315486595343
5.17763727719044	0.319748394916805	4.5509304231535	5.80434413122738
3.57300809193869	1.2875455301315	1.04941885288095	6.09659733099642
5.05841987338943	0.25123470190532	4.56599985765501	5.55083988912386
5.78329880936273	0.505276575753781	4.79295672088532	6.77364089784014
5.30755279098598	0.432469909448431	4.45991176846706	6.1551938135049
5.18083375305812	0.294368785886226	4.60387093272112	5.75779657339512
5.3430801976976	0.398774862935123	4.56148146634476	6.12467892905045
5.3736555272542	0.515404858234835	4.36346200511392	6.38384904939447
5.02293235096146	0.454355868034754	4.13239484961334	5.91346985230958
5.36358652091058	0.407041124349073	4.5657859171864	6.16138712463477
5.36653864979093	0.423693855409159	4.53609869318898	6.19697860639288
4.02513400305999	1.38476510825389	1.31099439088237	6.73927361523762
5.28009559454191	0.370993356669614	4.55294861546947	6.00724257361436
4.51713891104711	0.526031040330302	3.48611807199972	5.5481597500945
5.27724857869212	0.358335952370499	4.57491011204594	5.97958704533829
5.15112897474469	0.227750166795309	4.70473864782589	5.5975193016635
4.93962710821616	0.588165700167926	3.78682233588702	6.09243188054529
4.91968460355688	0.321575152828744	4.28939730401254	5.54997190310122
5.09425336197249	0.560024659834201	3.99660502869745	6.19190169524752
5.65847818711047	0.256256238826679	5.15621595901018	6.16074041521076
5.00020289751161	0.239802316158809	4.53019035784035	5.47021543718288
5.74891991009456	0.354555641750495	5.05399085226359	6.44384896792553
5.79355147662097	0.37404285939303	5.06042747221063	6.52667548103131
4.28804143003034	0.841928631791029	2.63786131171992	5.93822154834075
5.15943982214765	0.278843468873192	4.61290662315619	5.7059730211391
5.33242934586284	0.25590419519848	4.83085712327382	5.83400156845186
5.764371155009	0.283002358007969	5.20968653331338	6.31905577670462
5.74253972131315	0.370493849840048	5.01637177562666	6.46870766699965
5.70911647191513	0.315882526238255	5.08998672048815	6.32824622334211
5.08928213738606	0.613754271170551	3.88632376589178	6.29224050888034
5.03213213393026	0.436398780985038	4.17679052319959	5.88747374466094
5.290694212809	0.452704955349571	4.40339250032384	6.17799592529416
6.20760695553624	0.342250709198866	5.53679556550646	6.87841834556602
5.36201136356579	0.27680330254123	4.81947689058497	5.9045458365466
5.64222254131558	0.315222975247365	5.02438550983074	6.26005957280041
5.19047215206899	0.326005493803235	4.55150138421465	5.82944291992333
6.11831235188216	0.423617641694477	5.28802177416099	6.94860292960333
5.48203999105593	0.254559965364688	4.98310245894114	5.98097752317071
4.95839295772926	0.578554652103428	3.82442583960654	6.09236007585198
5.36799304385512	0.329873838019091	4.7214403213377	6.01454576637254
5.77301179268561	0.262566493758207	5.25838146491952	6.28764212045169
5.24404141237718	0.520477164663629	4.22390616963646	6.26417665511789
5.9232738520976	0.323781688087156	5.28866174344677	6.55788596074842
5.52468086809404	0.390373854338258	4.75954811359105	6.28981362259703
5.54774157196036	0.776327842833631	4.02613900000644	7.06934414391427
5.85002639345304	0.232461337816554	5.39440217133259	6.30565061557348
4.82375569649767	0.553090489713421	3.73969833665937	5.90781305633598
5.25256798370056	0.29768078980931	4.66911363567432	5.83602233172681
4.56180214706708	0.362201441050447	3.8518873226082	5.27171697152595
4.77519700757755	0.541496624922101	3.71386362273023	5.83653039242487
5.25306533466216	0.362382804465549	4.54279503790969	5.96333563141464
4.7372594141945	0.300983457528692	4.14733183743827	5.32718699095074
5.52335859283945	0.313963178655503	4.90799076267467	6.13872642300424
5.63065719173252	0.346691173523913	4.95114249162565	6.31017189183939
5.26252634133894	0.332992886137965	4.60986028450853	5.91519239816935
5.30681860737369	0.304380641641644	4.71023254975607	5.90340466499131
4.05868949325523	0.681901140401355	2.72216325806857	5.39521572844188
5.02368962849503	0.307577653388752	4.42083742785307	5.62654182913698
5.66583912916869	0.318689899981418	5.04120692520511	6.29047133313227
5.11603477225973	0.28181641452429	4.56367459979212	5.66839494472734
4.64968218365655	0.512581291014646	3.64502285326784	5.65434151404525
4.87829480975316	0.330134691670136	4.2312308140797	5.52535880542663
5.46339606115821	0.308095623469642	4.85952863915771	6.0672634831587
5.08570797033863	0.645561592655732	3.8204072487334	6.35100869194386
5.18102778370187	0.55982764634913	4.08376559685758	6.27828997054617
4.86614131145692	0.713036561450424	3.46858965101409	6.26369297189975
5.64830708674544	0.238463104497685	5.18091940192997	6.1156947715609
5.23713629724188	0.311099554099457	4.62738117120694	5.84689142327681
5.02873483948872	0.417255580911108	4.21091390090294	5.84655577807449
3.49098740395469	1.19874591064339	1.14144541909365	5.84052938881572
5.49736127075893	0.296196747226938	4.91681564619413	6.07790689532373
4.39545115508474	0.543521500844309	3.33014901342989	5.46075329673958
5.25493510164015	0.282568115172627	4.70110159590181	5.8087686073785
5.35992641669241	0.265586091516235	4.83937767732059	5.88047515606423
5.75989691250222	0.29020017159808	5.19110457616998	6.32868924883446
4.46560124590359	0.755267665171948	2.98527662216657	5.94592586964061
5.32243548605297	0.319927282995092	4.69537801138259	5.94949296072335
2.68066065421899	1.34518329629868	0.044101393473563	5.31721991496441
5.06063523446053	0.34227444908299	4.38977731425787	5.73149315466319
5.55212660686189	0.289919065177518	4.98388523911395	6.12036797460982
4.32933295555062	1.38631225710358	1.61216093162761	7.04650497947363
5.32256292943104	0.265647660648305	4.80189351456036	5.84323234430172
4.52408712981758	0.644195169485521	3.26146459762596	5.7867096620092
5.25391394046051	0.524391929215047	4.22610575919901	6.281722121722
5.07832192787768	0.347573180385569	4.39707849432197	5.7595653614334
5.28068739750995	0.397629317689292	4.50133393483894	6.06004086018096
5.46490031610016	0.277191168049465	4.92160562672321	6.00819500547712
4.64759128907698	0.39971627167368	3.86414739659657	5.43103518155739
5.23850133275152	0.400735235977172	4.45306027023626	6.02394239526677
5.25973431704588	0.394614524983425	4.48628984807836	6.03317878601339
5.39225336763586	0.442362831941115	4.52522221703128	6.25928451824045
5.29092298472797	0.257746785445096	4.78573928525558	5.79610668420036
5.84543230597104	0.303922582687906	5.24974404390275	6.44112056803934
4.72530171807861	0.345999310259751	4.04714306996949	5.40346036618772
5.68368424176539	0.254275992005787	5.18530329743404	6.18206518609673
5.30898035855191	0.311512044772715	4.69841675079739	5.91954396630644
5.10205954934097	0.328839429597971	4.45753426732895	5.746584831353
4.82282720401291	0.735588756866323	3.38107324055491	6.2645811674709
5.16182256651555	0.239162518306385	4.69306403063504	5.63058110239607
4.82882902098821	0.391487598952947	4.06151332704044	5.59614471493599
6.5498505823921	0.238589599871216	6.08221496664451	7.01748619813968
5.35223832591797	0.338981666638957	4.68783425930562	6.01664239253033
5.2532526554652	0.413273692151337	4.44323621884858	6.06326909208182
5.07105956401726	0.298587261528179	4.48582853142203	5.65629059661249
5.75335529642235	0.34439768237003	5.07833583897709	6.42837475386761
5.67247388773013	0.337444582399241	5.01108250622761	6.33386526923264
4.57006426274519	0.906132078180485	2.79404538951144	6.34608313597894
5.72446513707257	0.291442860945248	5.15323712961989	6.29569314452526
5.79037033050667	0.239786657518077	5.32038848177124	6.2603521792421
5.04897099093415	0.386445470238246	4.29153786926719	5.80640411260111
5.57582228976438	0.396987218837685	4.79772734084252	6.35391723868624
5.54280561047806	0.238206570249483	5.07592073278907	6.00969048816705
5.29213548472171	0.306069647346216	4.69223897592313	5.8920319935203
4.02525620210527	1.10757725447113	1.85440478334185	6.19610762086868
5.25596409393818	0.245275912346828	4.7752233057384	5.73670488213796
4.21016168801918	0.703200704195638	2.83188830779573	5.58843506824263
5.29408933604109	0.649240837032641	4.02157729545711	6.56660137662507
4.21422578145047	0.666294058487113	2.90828942681573	5.52016213608521
4.9980271201728	0.314120545163084	4.38235085165316	5.61370338869245
5.02220223794651	0.389918997527872	4.25796100279188	5.78644347310115
5.62422679851454	0.275342425321313	5.08455564488477	6.16389795214432
5.40397832595356	0.301193034204218	4.8136399789133	5.99431667299383
4.98474986029065	0.354332232890261	4.29025868382574	5.67924103675556
4.69265299778059	0.524051554799467	3.66551195037363	5.71979404518754
5.65757612308077	0.371976229003096	4.9285027142347	6.38664953192684
4.50719706042837	0.689715569305755	3.15535454458909	5.85903957626765
5.20016006319409	0.243437347949606	4.72302286121286	5.67729726517531
5.81456599110104	0.369668138573141	5.09001643949769	6.5391155427044
4.80921585008897	0.516136001742413	3.79758928667384	5.8208424135041
4.1182132110128	0.696746625612389	2.75258982481252	5.48383659721308
4.79111765793018	0.687077967183389	3.44444484225074	6.13779047360962
5.59596738440109	0.419242515511613	4.77425205399833	6.41768271480385
5.52796036191848	0.264989783689167	5.00858038588771	6.04734033794925
5.54727717161509	0.396959369087231	4.76923680820412	6.32531753502606
5.16906388796357	0.295387807185087	4.5901037858808	5.74802399004634
5.11069426965861	0.424643999742535	4.27839203016324	5.94299650915397
5.35606798945552	0.264137622170532	4.83835825000128	5.87377772890976
4.74850063894403	0.734645570817769	3.3085953201412	6.18840595774686
4.77938402754266	0.420113582148865	3.95596140653088	5.60280664855444
5.08239327743627	0.586227676702295	3.93338703109977	6.23139952377277
6.16519407800937	0.324492532122535	5.52918871504921	6.80119944096954
5.0321747924347	0.292044188004548	4.45976818394579	5.60458140092361
5.19442453244999	0.347937751515491	4.51246653947963	5.87638252542035
5.11075991885103	0.307046703559911	4.50894837987361	5.71257145782846
5.55929916399063	0.301111414305691	4.96912079195148	6.14947753602979
4.54966575756654	0.282432347758826	3.99609835595924	5.10323315917384
5.38963455806978	0.299147342240582	4.80330576727824	5.97596334886132
5.44335431947605	0.398975927241783	4.66136150208216	6.22534713686995
4.58409384149279	0.700462522484749	3.21118729742268	5.9570003855629
5.58318376027253	0.255964247932666	5.08149383432451	6.08487368622056
5.61175338675066	0.506236396352541	4.61953004989968	6.60397672360165
5.38146271720739	0.249694930117236	4.89206065417761	5.87086478023717
5.15100919920705	0.598553872755002	3.97784360860724	6.32417478980685
5.36852874590219	0.281347898094757	4.81708686563647	5.91997062616792
5.21177019517198	0.610485193138303	4.0152192166209	6.40832117372305
5.02968703645097	0.309799883187716	4.42247926540305	5.63689480749889
5.3427795268739	0.237468459625011	4.87734134600888	5.80821770773893
5.45334899206326	0.376243720006676	4.71591130085018	6.19078668327635
5.24415148439021	0.302130288664614	4.65197611860757	5.83632685017286
4.97864975184857	0.461247288806952	4.07460506578694	5.88269443791019
5.12204904704122	0.307512741999881	4.51932407272145	5.72477402136099
4.19881392493438	0.717121557235168	2.79325567275345	5.60437217711531
5.68378009495907	0.372730494758892	4.95322832523164	6.41433186468649
5.64620578644822	0.415155604016497	4.83250080257589	6.45991077032055
4.81309636604707	0.478340544371272	3.87554889907938	5.75064383301476
5.2844487467413	0.417221266496852	4.46669506440747	6.10220242907513
5.47107536414761	0.297261721806559	4.88844238940676	6.05370833888847
5.08183887235948	0.358593676580925	4.37899526626087	5.78468247845809
5.50928196344748	0.362617490326351	4.79855168240783	6.22001224448713
5.16118208725917	0.410556094802882	4.35649214144552	5.96587203307281
5.3448057336817	0.238467842198748	4.87740876297215	5.81220270439124
4.87517169741226	0.630059644338262	3.64025479450927	6.11008860031525
4.8958811492562	0.726126688970711	3.4726728388736	6.31908945963879
5.04153042863484	0.345569700885198	4.36421381489985	5.71884704236983
5.14630993187853	0.291707575885786	4.57456308314239	5.71805678061467
5.62201898314692	0.277857683856645	5.0774179227879	6.16662004350595
5.39890403919158	0.34362379746196	4.72540139616614	6.07240668221702
5.00777161147306	0.478230761962798	4.07043931802597	5.94510390492014
5.39196366940212	0.375527973241388	4.655928841849	6.12799849695524
4.86899160668098	0.265671781614527	4.34827491471651	5.38970829864546
4.7152855455628	0.32957515470471	4.06931824234157	5.36125284878403
5.80175726270065	0.390136298280526	5.03709011807081	6.56642440733048
4.48365959645131	0.476088748003977	3.55052565036352	5.41679354253911
4.81941299295287	1.02266034902053	2.81499870887264	6.82382727703311
4.7574939204355	0.339191053202882	4.09267945615785	5.42230838471315
5.35696746549253	0.331901480137856	4.70644056442233	6.00749436656272
4.95861280989677	0.498044127352599	3.98244632028567	5.93477929950786
3.84032164670186	1.12390084283451	1.63747599474621	6.04316729865751
3.16096785503932	1.52792714901287	0.166230642974097	6.15570506710455
5.56092272548779	0.329205864007399	4.91567923203329	6.20616621894229
4.55812563235014	0.718332351322615	3.15019422375781	5.96605704094247
3.62307029762496	1.3890702230085	0.900492660528299	6.34564793472162
6.09116993323862	0.373153743114575	5.35978859673405	6.82255126974318
5.70784513175193	0.448192472651071	4.82938788535583	6.58630237814803
5.02037559176585	0.235191512914122	4.55940022645417	5.48135095707753
5.82862897257961	0.721511221474072	4.41446697849043	7.24279096666879
4.78200230031065	0.746313738469301	3.31922737291082	6.24477722771048
5.86323626841683	0.444331603575069	4.99234632540969	6.73412621142397
4.88840963455753	0.472316109143429	3.96267006063641	5.81414920847865
4.70483712463314	0.338214009520304	4.04193766597335	5.36773658329294
5.56168687659862	0.282224842132581	5.00852618601876	6.11484756717848
5.32710650356053	0.356465404044689	4.62843431163294	6.02577869548812
5.46000145243932	0.352408020155915	4.76928173293373	6.15072117194491
3.78050431725798	1.17898548289266	1.46969277078837	6.09131586372759
4.45134739494446	0.695416111815682	3.08833181578572	5.81436297410319
4.69668722848146	0.564442563154647	3.59037980469835	5.80299465226457
5.50115281124328	0.337579242005783	4.83949749691195	6.16280812557461
5.08578460104657	0.688066026007804	3.73717519007128	6.43439401202187
5.89881599706239	0.5102510675802	4.8987239046052	6.89890808951958
5.64056264218224	0.254616214525921	5.14151486171143	6.13961042265304
5.55694958089946	0.341447338569171	4.88771279730388	6.22618636449503
6.20700800472766	0.276615895360437	5.66484084982121	6.74917515963412
5.55687916844222	0.281435635350405	5.00526532315542	6.10849301372901
4.95567698328397	0.327357053806592	4.31405715782305	5.5972968087449
5.26005433437528	0.259779311535204	4.75088688376628	5.76922178498428
4.86678903945508	0.321421397751808	4.23680309986153	5.49677497904862
5.41752516112957	0.24587274488192	4.935614581161	5.89943574109813
5.19683999893379	0.401297532391471	4.41029683544651	5.98338316242108
