estFinal_msm11	sdFinal_msm11	X1	X2
5.73526470393442	0.345765850277363	5.05756363739078	6.41296577047805
5.52151164033548	0.288414234182638	4.95621974133751	6.08680353933345
5.31483336709763	0.324482979815711	4.67884672665884	5.95082000753642
5.19843346546082	0.341944859113121	4.5282215415991	5.86864538932253
5.15838710444613	0.245023208672125	4.67814161544877	5.6386325934435
4.85930144962262	0.384930185898998	4.10483828526059	5.61376461398466
5.07676964151949	0.244378827955749	4.59778713872622	5.55575214431275
4.38795300963681	0.264564390996802	3.86940680328308	4.90649921599054
5.54502370198858	0.303107032559371	4.95093391817221	6.13911348580495
4.79687081941824	0.411412921062262	3.99050149413621	5.60324014470028
5.20229070939804	0.269580608217147	4.67391271729244	5.73066870150365
5.07919279775597	0.240285169479915	4.60823386557534	5.5501517299366
5.41647028447392	0.345089820280241	4.74009423672465	6.09284633222319
4.72409930201757	0.260760194594023	4.21300932061328	5.23518928342185
5.30965176879431	0.329996087093903	4.66285943809026	5.95644409949836
5.3112964329533	0.310156314738576	4.70339005606569	5.91920280984091
6.01393565165047	0.244490821705391	5.53473364110791	6.49313766219304
4.89425263712877	0.517787794010701	3.8793885608678	5.90911671338975
4.8305554839495	0.60931196106292	3.63630404026617	6.02480692763282
5.48959991196958	0.301670296468642	4.89832613089104	6.08087369304812
5.01997147159922	0.35359825908215	4.32691888379821	5.71302405940024
4.59730360960471	0.550989625003041	3.51736394459875	5.67724327461067
5.77267969037464	0.331779244438422	5.12239237127534	6.42296700947395
4.88724327257052	0.519396613284058	3.86922591053376	5.90526063460727
5.10637093379033	0.257447289642987	4.60177424609007	5.61096762149058
4.76744303129078	0.413443281662987	3.95709419923133	5.57779186335024
5.49649558260091	0.355134534070583	4.80043189582257	6.19255926937925
5.00340936341514	0.623818464806339	3.78072517239472	6.22609355443557
5.31246077560109	0.307631851424769	4.70950234680855	5.91541920439364
5.60073352769763	0.362429325482121	4.89037204975267	6.31109500564258
4.72786707935257	0.48500183934057	3.77726347424505	5.67847068446008
4.98761094842589	0.449490458593511	4.10660964958261	5.86861224726917
4.84996862322815	0.3982612069164	4.06937665767201	5.63056058878429
5.12666504985647	0.264743759481146	4.60776728127343	5.64556281843952
5.73645196249466	0.238275906666481	5.26943118542836	6.20347273956096
5.11290337556366	0.284899997386552	4.55449938068602	5.67130737044131
4.86900059819485	0.288837668811032	4.30287876732523	5.43512242906447
5.18483512117397	0.250031412852095	4.69477355198387	5.67489669036408
5.11035522222152	0.222803467910292	4.67366042511735	5.54705001932569
5.384460567834	0.315387823068678	4.76630043461939	6.0026207010486
5.16204437741766	0.245227686000987	4.68139811285572	5.64269064197959
4.81085503162678	0.267645755819887	4.2862693502198	5.33544071303376
4.87114925359365	0.316046021543758	4.25169905136789	5.49059945581942
5.14649059632936	0.232153764818409	4.69146921728528	5.60151197537344
4.85826411421732	0.251371527535836	4.36557592024708	5.35095230818755
4.17136559329716	0.673568799235221	2.85117074679613	5.49156043979819
5.41927137665848	0.403442688336143	4.62852370751964	6.21001904579732
5.46316545513064	0.22652601911391	5.01917445766737	5.9071564525939
5.62885122178905	0.289640280877304	5.06115627126954	6.19654617230857
5.2856430508261	0.244378727615377	4.80666074469996	5.76462535695224
5.69302966548069	0.304747356673014	5.09572484640158	6.2903344845598
4.78387414595392	0.348414164162333	4.10098238419575	5.4667659077121
5.42413273184422	0.287965799129207	4.85971976555098	5.98854569813747
5.41684376720774	0.247740598410748	4.93127219432267	5.9024153400928
5.37894236243057	0.258861909151662	4.87157302049332	5.88631170436783
5.10789980915174	0.280503356280098	4.55811323084275	5.65768638746073
6.01623128671347	0.367322779956855	5.29627863799803	6.73618393542891
4.457527705259	0.393334492150885	3.68659210064327	5.22846330987474
4.85564980363891	0.31010631390792	4.24784142837939	5.46345817889843
5.30910291639873	0.257487273344582	4.80442786064335	5.81377797215412
5.07479993403426	0.223710176703775	4.63632798769486	5.51327188037366
5.48711559493795	0.236263931446947	5.02403828930194	5.95019290057397
5.05891651698631	0.241692140397436	4.58519992180734	5.53263311216528
4.82407559283057	0.263008477271297	4.30857897737883	5.33957220828232
5.39521304412872	0.302616876486627	4.80208396621493	5.98834212204251
5.12568806746172	0.342433468791942	4.45451846862951	5.79685766629392
5.24567006728382	0.270427210971128	4.71563273378041	5.77570740078723
4.66403300651808	0.3932935830362	3.89317758376713	5.43488842926903
5.11919125506567	0.304137420593	4.52308191070339	5.71530059942795
4.47880024116797	0.36132031795744	3.77061241797139	5.18698806436455
5.41277379531003	0.268841915582658	4.88584364076802	5.93970394985204
5.25959963777779	0.238750834141759	4.79164800285994	5.72755127269564
4.96955399593259	0.373068915537148	4.23833892147978	5.7007690703854
4.83388604414853	0.263878736223461	4.31668372115054	5.35108836714651
4.88644845246968	0.279542888430793	4.33854439114532	5.43435251379403
5.27503163861086	0.337978037236783	4.61259468562676	5.93746859159496
5.32476127045256	0.203398535134327	4.92610014158928	5.72342239931584
5.51751918954336	0.25100712338031	5.02554522771795	6.00949315136877
5.1836650461983	0.299815856219635	4.59602596800782	5.77130412438879
4.99230936798395	0.282959655112089	4.43770844396426	5.54691029200364
4.88807803251141	0.340771490114144	4.22016591188769	5.55599015313513
5.199982737614	0.28899779022576	4.63354706877152	5.76641840645649
4.93175821923824	0.391935463769864	4.16356471024931	5.69995172822718
4.91641113837792	0.514850754144017	3.90730366025564	5.92551861650019
5.28075185687864	0.261977479622506	4.76727599681853	5.79422771693875
5.25104186349115	0.302971012267395	4.65721867944705	5.84486504753524
4.95949587084018	0.323951862170436	4.32455022098613	5.59444152069424
5.11838031061373	0.22472521303514	4.67791889306485	5.5588417281626
5.21328406595836	0.474986076745641	4.2823113555369	6.14425677637981
5.0206885007753	0.36596152349725	4.3034039147207	5.73797308682991
4.89737395366633	0.363705972885815	4.18451024681013	5.61023766052253
5.06577764119668	0.268569764273049	4.5393809032215	5.59217437917186
5.26583209117103	0.498969121097753	4.28785261381944	6.24381156852263
5.25488035065713	0.286421443765235	4.69349432087726	5.81626638043699
5.09595314780511	0.232958702934517	4.63935409005346	5.55255220555677
5.21045612089431	0.364082952508636	4.49685353397739	5.92405870781124
5.27313924530582	0.236355190635012	4.8098830716612	5.73639541895045
5.37486897331207	0.253881204227983	4.87726181302522	5.87247613359892
4.99086602068472	0.296650443562739	4.40943115130175	5.57230089006768
5.83882317743095	0.272252478712693	5.30520831915407	6.37243803570782
5.23230866625225	0.243572998983467	4.75490558824466	5.70971174425985
4.9686219521973	0.206141855915815	4.5645839146023	5.3726599897923
5.20325642266231	0.38046302486661	4.45754889392375	5.94896395140086
5.0238775116609	0.237976970812775	4.55744264886786	5.49031237445393
4.84100717206307	0.570427052323559	3.7229701495089	5.95904419461725
4.64838329763821	0.504024191504792	3.66049588228882	5.6362707129876
5.31064861385901	0.378744572209637	4.56830925232813	6.0529879753899
4.81131406018205	0.394578797562905	4.03793961695876	5.58468850340535
4.72230136122758	0.300360306726942	4.13359516004277	5.31100756241238
4.99712084207119	0.265659093331926	4.47642901914062	5.51781266500177
5.14977688625535	0.250584473051917	4.65863131907359	5.64092245343711
5.26458952551571	0.255803094509805	4.7632154602765	5.76596359075493
4.6800578979463	0.38173009125411	3.93186691908824	5.42824887680435
4.50278017104343	0.592471452389566	3.34153612435988	5.66402421772698
4.94645584000853	0.332028967652247	4.29567906341013	5.59723261660694
4.64443927175371	0.621499446704132	3.42630035621361	5.86257818729381
5.48060985163344	0.229841511440405	5.03012048921025	5.93109921405664
5.00391707327022	0.258577090427729	4.49710597603187	5.51072817050857
5.39174225311502	0.250271297423401	4.90121051016515	5.88227399606488
4.99648244397617	0.407497812631776	4.19778673121789	5.79517815673445
5.11401195629095	0.297634062417965	4.53064919395174	5.69737471863016
5.09734308082394	0.296327316537803	4.51654154040984	5.67814462123803
5.15493840944656	0.34899122552962	4.4709156074085	5.83896121148461
5.1385704681736	0.264008481835732	4.62111384377557	5.65602709257164
4.51932762261861	0.678346582631259	3.18976832066135	5.84888692457588
5.27826478435604	0.216492892253642	4.8539387155389	5.70259085317318
4.70098420829054	0.431491918720165	3.85526004759901	5.54670836898206
4.89976998507311	0.380081333944734	4.15481057054143	5.64472939960479
5.39461409717315	0.289495616644678	4.82720268854958	5.96202550579672
5.11979834964338	0.397099882272138	4.34148258038999	5.89811411889677
5.0104360794253	0.379556090325865	4.2665061423866	5.754366016464
5.49405821589012	0.326188535802111	4.85472868571798	6.13338774606226
4.92236272654169	0.526304265390497	3.89080636637631	5.95391908670706
5.15141714283404	0.225281318521171	4.70986575853254	5.59296852713554
5.03209061159425	0.220792660690107	4.59933699664164	5.46484422654686
5.07430239826696	0.290763107801452	4.50440670697611	5.64419808955781
5.40317365888464	0.381161707210851	4.65609671275137	6.15025060501791
5.30063170601052	0.322469186149068	4.66859210115835	5.9326713108627
5.41305405460561	0.356823267784315	4.71368044974836	6.11242765946287
5.80479154537142	0.348923756398948	5.12090098282949	6.48868210791336
4.85595890148979	0.424084200400975	4.02475386870388	5.6871639342757
5.26107333853542	0.369619317843964	4.53661947556126	5.98552720150959
4.93395818330539	0.277526624077768	4.39000600011297	5.47791036649782
4.78644540632819	0.218431413079175	4.35831983669301	5.21457097596338
5.54479321769191	0.271553736711062	5.01254789373823	6.07703854164559
5.47880542147965	0.214372986459135	5.05863436801974	5.89897647493955
5.27630956468523	0.348899758723083	4.59246603758799	5.96015309178248
5.1485412394085	0.272873981140272	4.61370823637357	5.68337424244343
5.13037254532065	0.269883389632865	4.60140110164023	5.65934398900106
4.93929158511056	0.21575796846809	4.51640596691311	5.36217720330802
4.99373607713719	0.209079592700574	4.58394007544407	5.40353207883032
5.31580206112413	0.367005812417778	4.59647066878528	6.03513345346297
5.0161087430148	0.243803076665461	4.5382547127505	5.49396277327911
5.14021845562355	0.246390012242878	4.65729403162751	5.6231428796196
5.03979626923425	0.285391092608705	4.48042972772119	5.59916281074731
5.03188270389144	0.321788621861073	4.40117700504373	5.66258840273914
5.34246355801438	0.319507919799347	4.71622803520766	5.9686990808211
4.65475214645777	0.348535207640686	3.97162313948203	5.33788115343352
4.99343716043725	0.345512138618243	4.3162333687455	5.67064095212901
5.49390081033489	0.217627053781669	5.06735178492281	5.92044983574696
5.27572186840169	0.295167351536471	4.6971938593902	5.85424987741317
5.19833648667019	0.312340335630963	4.58614942883351	5.81052354450688
4.89065710086657	0.25701577109951	4.38690618951153	5.39440801222161
5.06416649420318	0.250300747665046	4.57357702877969	5.55475595962667
5.30714966219426	1.042728698539	3.26340141305783	7.35089791133069
5.42079097548372	0.308146029235036	4.81682475818305	6.02475719278439
5.21125688857284	0.315824022542151	4.59224180439023	5.83027197275546
4.91958585541492	0.525197371674197	3.89019900693349	5.94897270389635
5.32355828185151	0.231111843387524	4.87057906881196	5.77653749489106
5.34789322571916	0.246013110565947	4.8657075290099	5.83007892242842
5.05123582704328	0.300411312040806	4.4624296554433	5.64004199864326
5.66080432767546	0.210975019267806	5.24729328991056	6.07431536544036
5.03079849207767	0.340171493355046	4.36406236510178	5.69753461905356
5.20236702830629	0.235208020794948	4.74135930754819	5.66337474906439
5.87996433894012	0.239638164095669	5.41027353731261	6.34965514056763
5.44977949234589	0.255429520181041	4.94913763279105	5.95042135190073
4.92342501539232	0.24387713291819	4.44542583487266	5.40142419591197
5.48655685273708	0.262461057873652	4.97213317930472	6.00098052616944
5.1894843079711	0.329410308514679	4.54384010328233	5.83512851265987
4.58504805682509	0.485057739229298	3.63433488793566	5.53576122571451
4.75645004854409	0.385437059236029	4.00099341244147	5.5119066846467
5.23852964907106	0.635768345284764	3.99242369231292	6.4846356058292
5.17936616366689	0.323977080294788	4.54437108628911	5.81436124104467
4.93315412750314	0.29946140264847	4.34620977831213	5.52009847669414
4.82928206798982	0.444352394254608	3.95835137525079	5.70021276072885
5.06543852989843	0.349235052164837	4.38093782765535	5.74993923214151
5.1797184069373	0.350054400709594	4.4936117815465	5.86582503232811
4.92785832551091	0.478560434730521	3.98987987343909	5.86583677758273
5.28598648953187	0.646406718539273	4.0190293211949	6.55294365786885
5.3055133477156	0.268257440588555	4.77972876416203	5.83129793126917
5.38808831536762	0.275946991045868	4.84723221291772	5.92894441781752
5.13432717690563	0.28577333592378	4.57421143849502	5.69444291531624
5.43457467599655	0.293797573647135	4.85873143164816	6.01041792034493
5.36091403140231	0.250775814971165	4.86939343405883	5.8524346287458
5.16047182494988	0.344907838108898	4.48445246225644	5.83649118764332
4.64555714225632	0.373239702054351	3.91400732622979	5.37710695828284
4.89357811907838	0.530111019261823	3.85456052132521	5.93259571683155
5.09679266409541	0.330189022845067	4.44962217931907	5.74396314887174
5.245162366484	0.302902992470853	4.65147250124113	5.83885223172687
5.10317575015807	0.318134903516576	4.47963133926558	5.72672016105056
5.34365532357923	0.265480201523381	4.8233141285934	5.86399651856505
4.98766556645059	0.409410348003244	4.18522128436423	5.79010984853695
5.70639680122197	0.30070839662385	5.11700834383922	6.29578525860471
5.13418703352185	0.386819229909144	4.37602134289993	5.89235272414378
4.77736990424897	0.667524676861945	3.46902153759956	6.08571827089838
4.78782957757306	0.376406801212658	4.05007224719625	5.52558690794987
4.77646763101206	0.380568390905177	4.03055358483791	5.5223816771862
4.79940172519361	0.291883796888306	4.22730948329253	5.37149396709469
5.51316237728798	0.257442625638999	5.00857483103554	6.01774992354041
4.9036246464244	0.484396940943824	3.9542066421745	5.85304265067429
4.61650994821897	0.310997691365783	4.00695447314203	5.2260654232959
5.18957774553244	0.240947428859325	4.71732078496816	5.66183470609672
4.86667671963144	0.293072014063443	4.29225557206709	5.44109786719578
5.3622067862424	0.242486267729486	4.8869337014926	5.83747987099219
4.36041588880913	1.03468784489819	2.33242771280868	6.38840406480958
4.85609650780286	0.3589064769189	4.15263981304182	5.5595532025639
5.48228652621367	0.306771048901755	4.88101527036623	6.08355778206111
4.94156225963254	0.244611165074106	4.46212437608729	5.42100014317779
4.7339992801776	0.303619531991844	4.13890499747358	5.32909356288161
5.88082889368624	0.345312815409828	5.20401577548298	6.5576420118895
4.92942059200378	0.349352685558092	4.24468932830992	5.61415185569764
4.79659051336196	0.337279781441659	4.13552214173631	5.45765888498762
5.2316490161034	0.283133893978329	4.67670658390588	5.78659144830093
5.45719316504107	0.227356817997139	5.01157380176668	5.90281252831546
5.51460081590476	0.255789016046038	5.01325434445453	6.015947287355
4.99023235989927	0.278902486054885	4.44358348723169	5.53688123256684
5.0946788784353	0.31600219777231	4.47531457080157	5.71404318606902
5.09045769675067	0.272905132064056	4.55556363790512	5.62535175559622
5.08302138890149	0.276511566855068	4.54105871786556	5.62498405993742
5.27060858713656	0.248555699603707	4.7834394159133	5.75777775835983
4.98506383980345	0.324962887695444	4.34813657992038	5.62199109968652
5.15954805177223	0.241154454094374	4.68688532174726	5.63221078179721
5.33056242394984	0.214440008341953	4.91026000759962	5.75086484030007
4.94860878554011	0.242436563180465	4.4734331217064	5.42378444937382
4.56587328310546	0.694928720933127	3.20381299007653	5.92793357613439
4.9236062217781	0.217335070265795	4.49762948405714	5.34958295949906
5.28507513060778	0.264931612203135	4.76580917068964	5.80434109052593
5.26883061890928	0.4441905132323	4.39821721297398	6.13944402484459
4.91638767740732	0.318964724820755	4.29121681675864	5.541558538056
5.02644796657763	0.308638935595242	4.42151565281096	5.63138028034431
5.42605165900854	0.258920328849575	4.91856781446337	5.9335355035537
5.28425641058829	0.334478637930147	4.6286782802452	5.93983454093138
5.0687322502821	0.253474343752703	4.5719225365268	5.56554196403739
5.11117762693839	0.305375696671244	4.51264126146275	5.70971399241403
5.22614526849194	0.30248140564747	4.6332817134229	5.81900882356098
5.36951580853169	0.242490623548147	4.89423418637732	5.84479743068606
5.08059495449494	0.331428592753707	4.43099491269768	5.73019499629221
3.95863919357256	1.29861015398731	1.41336329175744	6.50391509538769
5.32664393047421	0.280009386524653	4.77782553288589	5.87546232806253
4.31044464338366	0.444268714754969	3.43967796246392	5.1812113243034
5.31112733730717	0.258416259887014	4.80463146792863	5.81762320668572
4.7821847834429	0.455712893304657	3.88898751256577	5.67538205432003
5.15342301988267	0.410964016621012	4.34793354730549	5.95891249245986
5.10230079566866	0.384415907576056	4.34884561681959	5.85575597451773
4.99803557477051	0.385629400020339	4.24220195073065	5.75386919881037
5.98337578590402	0.324333086774672	5.34768293582566	6.61906863598238
5.1463469999958	0.234069160113176	4.68757144617397	5.60512255381762
4.72790660031992	0.286189754798586	4.1669746809147	5.28883851972515
4.72276607100082	0.460346467977985	3.82048699376397	5.62504514823767
5.39201462646309	0.240079374070863	4.92145905328419	5.86257019964198
5.18462067896493	0.338335372977372	4.52148334792928	5.84775801000058
6.0136925009781	0.258577764647757	5.50688008226849	6.5205049196877
4.97268525090261	0.313853088526841	4.35753319739001	5.58783730441522
5.29824232311404	0.279779705214808	4.74987410089302	5.84661054533507
5.03534084999367	0.250545982241088	4.54427072480114	5.52641097518621
5.40094917131739	0.290209322590055	4.83213889904088	5.9697594435939
5.51312234738112	0.252357655312394	5.01850134296883	6.00774335179342
4.33068770302482	0.457502821676052	3.43398217253976	5.22739323350988
4.62718505024379	0.254731552969428	4.12791120642371	5.12645889406387
4.95028840440496	0.225643169913228	4.50802779137503	5.39254901743489
4.7207206848736	0.533878152972695	3.67431950504712	5.76712186470009
5.19595552563656	0.275884303951366	4.65522228989188	5.73668876138124
5.41360135272746	0.228045187567534	4.9666327850951	5.86056992035983
5.36143330114483	0.234206911577093	4.90238775445373	5.82047884783593
4.5842272799581	0.467927584809074	3.66708921373231	5.50136534618388
5.15475441573505	0.709619448403252	3.76390029686468	6.54560853460543
4.63725609871132	0.246944397187807	4.15324508022322	5.12126711719942
5.15345080666216	0.240106475004001	4.68284211565432	5.62405949767
5.61052252771415	0.210360599748545	5.198215752207	6.0228293032213
4.78300012405008	0.245923105591142	4.30099083709145	5.26500941100872
5.08192201024577	0.288121674579093	4.51720352807074	5.64664049242079
5.08079200811563	0.261019377743063	4.56919402773922	5.59238998849203
5.81426509465047	0.242219225152865	5.33951541335085	6.28901477595008
5.33069269800241	0.31974732070501	4.70398794942059	5.95739744658422
5.02657166119208	0.314461575772439	4.4102269726781	5.64291634970606
4.9991759060884	0.338521373971694	4.33567401310388	5.66267779907292
4.94554862891736	0.208132555101791	4.53760882091785	5.35348843691687
5.42011588487672	0.352638994417336	4.72894345581874	6.1112883139347
4.77791571822532	0.353111683290404	4.08581681897613	5.47001461747452
5.63028876650737	0.295408291068243	5.05128851601362	6.20928901700113
5.34813182719709	0.253234470097479	4.85179226580603	5.84447138858815
4.84110160279187	0.523862468513078	3.81433116450623	5.8678720410775
4.6207852727218	1.10073202363609	2.46335050639506	6.77822003904854
5.18393853307644	0.314020843568482	4.56845767968222	5.79941938647067
5.15268428234027	0.347317621515054	4.47194174417077	5.83342682050978
4.89575931709421	0.291901027049424	4.32363330407734	5.46788533011108
5.14035094310417	0.406576424413263	4.34346115125418	5.93724073495417
5.28342425325279	0.213493799819629	4.86497640560631	5.70187210089926
5.45049220829206	0.219176596412846	5.02090607932288	5.88007833726124
4.76401401764561	0.362017718791131	4.054459288815	5.47356874647623
4.9136359982915	0.290479822980693	4.34429554524934	5.48297645133366
5.34536173771885	0.2497545392176	4.85584284085235	5.83488063458534
4.65395138972287	0.297855691794709	4.07015423380524	5.2377485456405
4.98982586102329	0.294464771718493	4.41267490845505	5.56697681359154
4.951344909897	0.501198698903935	3.96899546004528	5.93369435974871
5.09398004561948	0.425916004488743	4.25918467682154	5.92877541441741
5.47296357789592	0.228634252164495	5.02484044365351	5.92108671213834
4.69834662744104	0.276514178475921	4.15637883762824	5.24031441725385
4.91688801200597	0.250822741709321	4.4252754382557	5.40850058575624
4.56378503879252	0.524916093199715	3.53494949612107	5.59262058146396
4.70673619772733	0.354583143710737	4.01175323605428	5.40171915940037
4.8029311504144	0.365438636767707	4.08667142234969	5.5191908784791
4.34979424513044	0.437132076554939	3.49301537508276	5.20657311517812
5.2533792822591	0.221760539550767	4.8187286247396	5.6880299397786
4.84796122289704	0.301578801733995	4.25686677149841	5.43905567429567
5.15202278849722	0.345347479764164	4.47514172815945	5.82890384883498
5.01226939641264	0.24833638370216	4.5255300843564	5.49900870846887
5.02042291494072	0.214658657639282	4.59969194596773	5.44115388391372
5.35317521130011	0.321449014833874	4.72313514222571	5.9832152803745
5.2484714007165	0.278863386013998	4.70189916412906	5.79504363730393
5.3388830630269	0.296223025312681	4.75828593341405	5.91948019263976
4.92647255355708	0.344402136336095	4.25144436633833	5.60150074077583
5.32409617599756	0.296975599137677	4.74202400168771	5.90616835030741
4.15523993180372	0.657614867318779	2.86631479185892	5.44416507174853
5.00284849469229	0.257668259908808	4.49781870527103	5.50787828411355
4.80813615952761	0.376637827263454	4.06992601809124	5.54634630096398
4.909654812056	0.354983104105108	4.21388792800999	5.60542169610201
4.52560990587738	0.5049696489379	3.53586939395909	5.51535041779566
4.38290466611396	0.427571176879012	3.54486515943109	5.22094417279682
5.66517482223968	0.271124425221281	5.13377094880597	6.19657869567339
4.84828529986394	0.327993831380509	4.20541739035815	5.49115320936974
5.50408749704777	0.224606570948306	5.06385861798909	5.94431637610645
4.71528026273329	0.512057557721314	3.71164744959952	5.71891307586707
5.31009344259072	0.24279899786238	4.83420740678046	5.78597947840099
5.39221522453411	0.294346525623692	4.81529603431167	5.96913441475654
5.66699569170096	0.340857659818226	4.99891467845724	6.33507670494469
4.93552908136069	0.255393957625961	4.4349569244138	5.43610123830757
5.41321168455789	0.266075349428098	4.89170399967882	5.93471936943696
5.03871541394849	0.412223564542065	4.23075722744605	5.84667360045094
5.39571172300806	0.265068522894198	4.87617741813543	5.91524602788069
5.07333350323396	0.248615297985896	4.58604751918161	5.56061948728632
4.37068554698323	0.33940553775389	3.70545069298561	5.03592040098086
5.50759954071103	0.304250773030378	4.91126802557149	6.10393105585057
5.24643720202207	0.410606838486959	4.44164779858763	6.05122660545651
4.81561022636738	0.311738459076449	4.20460284657754	5.42661760615722
5.1650936530201	0.241418834362348	4.6919127376699	5.6382745683703
5.06098796092753	0.439998104835016	4.1985916754509	5.92338424640416
4.94256395993722	0.292261149568641	4.36973210678268	5.51539581309176
4.94507724424527	0.370862859886008	4.21818603886869	5.67196844962184
4.95933122897663	0.249799480260708	4.46972424766564	5.44893821028761
4.84055940468903	0.243808250233103	4.36269523423215	5.31842357514591
5.46400978967844	0.423049222365143	4.63483331384276	6.29318626551412
5.01582167112183	0.289929668952206	4.44755951997551	5.58408382226816
4.9670173671745	0.265865184701545	4.44592160515947	5.48811312918953
4.94534051835437	0.229826556846892	4.49488046693446	5.39580056977427
4.8427984040355	0.413442711290165	4.03245068990678	5.65314611816422
4.77480747120052	0.224492377232658	4.33480241182451	5.21481253057653
4.94762707978631	0.191075922438564	4.57311827180672	5.3221358877659
5.14949530657255	0.238713881986869	4.68161609787828	5.61737451526681
5.28443888979035	0.231627379448359	4.83044922607156	5.73842855350913
5.46872254233493	0.309631060848769	4.86184566307134	6.07559942159852
5.23581785937943	0.257411606809765	4.73129111003229	5.74034460872657
5.47497872456858	0.560676470201524	4.3760528429736	6.57390460616357
5.47896086164304	0.224946767479469	5.03806519738328	5.9198565259028
5.47473452719735	0.297120267250853	4.89237880338568	6.05709025100902
4.64574177447466	0.499453657842849	3.66681260510268	5.62467094384665
5.17627670329354	1.54083612602995	2.15623789627485	8.19631551031224
5.28787664474182	0.291193048721817	4.71713826924705	5.85861502023658
5.39227707551966	0.274579694258398	4.8541008747732	5.93045327626612
5.22041200058089	0.309942756171138	4.61292419848546	5.82789980267632
5.37925270106984	0.329149081767153	4.73412050080622	6.02438490133346
4.1297901772945	0.873433546022041	2.4178604270913	5.8417199274977
5.11014927541632	0.413231786966647	4.30021497296169	5.92008357787095
4.98702458600775	0.370525646775843	4.2607943183271	5.71325485368841
5.37427582581265	0.371410458124893	4.64631132788786	6.10224032373744
5.04064040422579	0.212249850919726	4.62463069642313	5.45665011202845
4.76688211978184	0.3160944477821	4.14733700212892	5.38642723743475
5.05520979946361	0.234310833428523	4.5959605659437	5.51445903298351
5.02452698898917	0.227811341132078	4.57801676037029	5.47103721760804
5.58637119989397	0.263613636926022	5.06968847151897	6.10305392826897
4.71320177649384	0.292035212176007	4.14081276062887	5.28559079235881
5.12414846703588	0.299020709176956	4.53806787704905	5.71022905702271
5.32375326499501	0.31823598221478	4.70001073985404	5.94749579013598
4.87394837996148	0.298859529398112	4.28818370234118	5.45971305758178
4.4869671532878	0.382801941096037	3.73667534873957	5.23725895783604
4.861082935466	0.378094354697798	4.12001800025831	5.60214787067368
5.42095668379348	0.24932895074118	4.93227194034077	5.90964142724619
5.32227404765249	0.337411439041057	4.66094762713202	5.98360046817296
4.83833664322589	0.478399305717093	3.90067400402039	5.77599928243139
5.52046325222582	0.356605818669979	4.82151584763266	6.21941065681898
4.9621658787356	0.286955936011533	4.399732244153	5.5245995133182
4.79218907239417	0.205305468624738	4.38979035388968	5.19458779089865
4.76562380484861	0.242957334076358	4.28942743005895	5.24182017963827
5.25583538302182	0.258570389911485	4.74903741879531	5.76263334724833
4.92142947143318	0.347368817668684	4.24058658880256	5.6022723540638
5.20244521136236	0.251344001592808	4.70981096824045	5.69507945448426
4.7681489474032	0.349435598629748	4.0832551740889	5.45304272071751
4.92290808867887	0.328575633978347	4.27889984608131	5.56691633127643
5.12437632774308	0.255414291541966	4.62376431632082	5.62498833916533
4.6775929433358	0.372250024850987	3.94798289462787	5.40720299204374
5.38948102466559	0.356402054405836	4.69093299803016	6.08802905130103
4.5233339551862	0.463618252935343	3.61464217943293	5.43202573093947
4.8466772758531	0.367475460850038	4.12642537258703	5.56692917911918
4.97057703585108	0.318969455354892	4.34539690335549	5.59575716834666
5.41234199880354	0.325403486022651	4.77455116619915	6.05013283140794
5.25267378042827	0.295549662751841	4.67339644143466	5.83195111942188
4.73370962597188	0.292860173127771	4.15970368664145	5.30771556530231
5.05132373961066	0.259089456017926	4.54350840581553	5.55913907340579
5.24627212035974	0.2055815605026	4.84333226177464	5.64921197894483
5.08918731552313	0.299468526858211	4.50222900288104	5.67614562816523
4.73025877441683	0.47475123694909	3.79974634999661	5.66077119883705
4.74603544146361	0.268603263157096	4.2195730456757	5.27249783725152
4.97098581801292	0.35078435648035	4.28344847931144	5.65852315671441
5.69235726514714	0.284566554935108	5.13460681747433	6.25010771281995
4.79112564430561	0.717317867201716	3.38518262459025	6.19706866402097
4.62456287787418	0.273765111892051	4.08798325856576	5.1611424971826
4.65659477450126	0.269220646661033	4.12892230704564	5.18426724195688
5.05774098088357	0.338568507900392	4.3941467053988	5.72133525636834
5.34909491131699	0.235485398078236	4.88754353108365	5.81064629155033
5.94537996421805	0.390491986521392	5.18001567063613	6.71074425779998
5.36454316001363	0.265249851312049	4.84465345144201	5.88443286858524
5.30225304105986	0.328229515428961	4.6589231908191	5.94558289130062
4.71505791742899	0.249124053774323	4.22677477203131	5.20334106282666
5.40590435252284	0.356384785494125	4.70739017295436	6.10441853209132
4.90297788217251	0.34756592564664	4.22174866790509	5.58420709643992
4.59754901030132	0.504937451519575	3.60787160532295	5.58722641527969
4.82796834040744	0.322346301370959	4.19616958972036	5.45976709109452
5.53490607821252	0.309914965778378	4.9274727452869	6.14233941113814
5.06456586554988	0.328997100208166	4.41973154914188	5.70940018195789
5.36849340993524	0.246481260787668	4.88539013879141	5.85159668107907
4.77292069689241	0.243814074544414	4.29504511078536	5.25079628299947
5.06507116999133	0.311470395171148	4.45458919545587	5.67555314452678
5.29373041821866	0.294254912137505	4.71699079042915	5.87047004600817
4.96045902863324	0.273831847195404	4.42374860813024	5.49716944913623
5.23700874656386	0.257530278900634	4.73224939991861	5.7417680932091
5.27619232727453	0.25133328076179	4.78357909698143	5.76880555756764
5.21455179730298	0.215580171195911	4.79201466175899	5.63708893284696
5.24801263932689	0.371853568556871	4.51917964495543	5.97684563369836
5.11860085982806	0.350052878613649	4.4324972177453	5.80470450191081
5.3272477586645	0.380957140906475	4.58057176248781	6.07392375484119
4.8444743496061	0.289808505788991	4.27644967825967	5.41249902095252
5.31923518263168	0.256239372486038	4.81700601255905	5.82146435270432
5.0520495701634	0.337954449195803	4.38965884973963	5.71444029058718
5.3995997866779	0.286444993236191	4.83816759993497	5.96103197342084
4.78236573959262	0.417494563337489	3.96407639545114	5.6006550837341
4.97964845001529	0.425666887593345	4.14534135033233	5.81395554969825
5.1324354567022	0.235563269131363	4.67073144920473	5.59413946419967
4.91405645846648	0.292199338899446	4.34134575422357	5.4867671627094
5.38745270948101	0.403588661810622	4.59641893233219	6.17848648662983
4.71329546130096	0.321813873687527	4.08254026887341	5.34405065372852
5.26883190415673	0.258775915805133	4.76163110917867	5.77603269913479
4.23248374803621	0.774385961587081	2.71468726332553	5.75028023274689
5.35063193832362	0.235353260814833	4.88933954712655	5.81192432952069
4.62997228291484	0.472983441411501	3.7029247377483	5.55701982808138
4.93371716248901	0.37758747893015	4.19364570378592	5.67378862119211
5.12792767760671	0.224358721270146	4.68818458391722	5.56767077129619
4.63282824676204	0.331241773995996	3.98359436972989	5.28206212379419
5.08248854531882	0.236214117902882	4.61950887422917	5.54546821640847
5.26019088896634	0.284646408944328	4.70228392743546	5.81809785049722
5.57816806749354	0.314060557037088	4.96260937570084	6.19372675928623
4.52380633863545	0.36885148416599	3.8008574296701	5.24675524760079
4.8078139533188	0.364867701771119	4.09267325784741	5.52295464879019
5.18939555132613	0.364260998327417	4.47544399460439	5.90334710804786
5.38720956313988	0.28388550253267	4.83079397817584	5.94362514810391
5.83028928896814	0.228037560410902	5.38333567056278	6.27724290737351
4.66260953399195	0.427095355883424	3.82550263646044	5.49971643152346
4.1530124433256	0.59678257534115	2.98331859565695	5.32270629099426
5.32036622811864	0.377276037036304	4.58090519552748	6.05982726070979
5.30961984774568	0.317580314150182	4.68716243201132	5.93207726348004
4.7326156809268	0.426884464533009	3.8959221304421	5.56930923141149
5.43082333724369	0.287611748610999	4.86710430996613	5.99454236452124
5.60440041040646	0.280986170867878	5.05366751550541	6.1551333053075
4.93874438592404	0.211025193066395	4.52513500751391	5.35235376433418
5.3172199795229	0.29445312246417	4.74009185949312	5.89434809955267
5.15772649018281	0.249303024979682	4.66909256122264	5.64636041914299
5.28147446255467	0.26835430895774	4.75550001699749	5.80744890811184
4.82694907993657	0.318279286415613	4.20312167856197	5.45077648131117
5.25336191687628	0.290686059960437	4.68361723935382	5.82310659439873
5.50331903749692	0.258414568805506	4.99682648263813	6.00981159235572
5.35093544640703	0.301069984270777	4.7608382772363	5.94103261557775
4.83194444827779	0.271180450298218	4.30043076569329	5.3634581308623
4.73082735854288	0.344798942612259	4.05502143102285	5.40663328606291
5.25587437095419	0.263009893734959	4.74037497923367	5.77137376267471
5.1645168171504	0.356407126142095	4.46595884991189	5.86307478438891
5.38107657780117	0.265411580412298	4.86086988019306	5.90128327540927
5.0447723569799	0.299846325300276	4.45707355939136	5.63247115456844
5.03787554230621	0.461943620594294	4.13246604594139	5.94328503867102
4.42412815478551	1.00751164833777	2.44940532404349	6.39885098552754
4.91324058768526	0.309916746034473	4.30580376545769	5.52067740991283
4.16545370175165	0.674380961781651	2.84366701665961	5.48724038684368
4.9430246692938	0.238373877099575	4.47581187017863	5.41023746840896
5.29792488465765	0.281991852796048	4.74522085317739	5.8506289161379
5.19606256645522	0.337291406670767	4.53497140938052	5.85715372352992
5.11736840181916	0.328892926405772	4.47273826606385	5.76199853757447
4.83608657801013	0.307005354579261	4.23435608303478	5.43781707298548
5.13018294260901	0.251901592258279	4.63645582178279	5.62391006343524
5.59913321335601	0.296726978103463	5.01754833627322	6.1807180904388
4.82755029465408	0.318353351511236	4.20357772569206	5.4515228636161
5.02978956004353	0.384461408279368	4.27624519981596	5.78333392027109
4.99775138681991	0.223236317867841	4.56020820379895	5.43529456984088
5.37235143198659	0.218495492217311	4.94410026724066	5.80060259673252
5.16761108095764	0.230781322105788	4.71527968963029	5.61994247228498
5.08884780273981	0.322280654544687	4.45717771983222	5.72051788564739
4.77907400268575	0.245830584674187	4.29724605672435	5.26090194864716
5.37683188017784	0.324116963295873	4.74156263211793	6.01210112823775
5.24754977631588	0.253489610288434	4.75071014015055	5.74438941248121
4.9519316578739	0.292154570524144	4.37930869964658	5.52455461610122
5.57471204108933	0.275149164768152	5.03541967814375	6.11400440403491
5.06224057620973	0.349342896028138	4.37752849999458	5.74695265242488
5.23503713650604	0.245861246451381	4.75314909346134	5.71692517955075
4.67295439971863	0.447308842882175	3.79622906766957	5.54967973176769
4.40266221600133	0.476939169210059	3.46786144434961	5.33746298765305
4.99129017524403	0.298486265386593	4.40625709508631	5.57632325540175
4.74432973198044	0.40621246610414	3.94815329841633	5.54050616554455
4.91249898828061	0.356650958869594	4.21346310889621	5.61153486766502
4.42084721919332	0.959299458349342	2.54062028082861	6.30107415755803
5.17517510332339	0.310529463442877	4.56653735497535	5.78381285167143
4.70054110040444	0.347503676087162	4.0194338952736	5.38164830553528
5.13807704872545	0.248944178787472	4.65014645830201	5.6260076391489
4.09581293127359	1.01478945821644	2.10682559316937	6.0848002693778
4.89953134230113	0.259463436141069	4.39098300746464	5.40807967713763
5.33764876490423	0.212542552223679	4.92106536254582	5.75423216726264
5.41222872559828	0.664654326675819	4.10950624531367	6.71495120588288
4.58685357467715	0.370559230330332	3.8605574832297	5.31314966612461
4.81423775201512	0.309817788261585	4.20699488702242	5.42148061700783
4.43828415365619	0.249131715280385	3.94998599170663	4.92658231560574
5.37473528438356	0.242628872172925	4.89918269492463	5.85028787384249
4.61016384877689	0.585510701589914	3.46256287366066	5.75776482389312
5.27824771595027	0.28165101423661	4.72621172804652	5.83028370385403
5.24222002740999	0.257569909456754	4.73738300487475	5.74705704994523
4.96710225361886	0.401623040549472	4.17992109414189	5.75428341309582
4.87984411130415	0.213818584206146	4.46075968626011	5.2989285363482
4.55084668804284	0.340891730860577	3.88269889555611	5.21899448052958
5.15613167293514	0.325215481574192	4.51870932904972	5.79355401682056
5.13626216884544	0.293989024566408	4.56004368069528	5.7124806569956
4.90841947678465	0.437742256930505	4.05044465320086	5.76639430036844
4.74150869197671	0.30579425959751	4.14215194316559	5.34086544078783
4.80064870335953	0.427356837088597	3.96302930266588	5.63826810405318
5.10755940767479	0.210100372329593	4.69576267790879	5.51935613744079
4.83016107702027	0.343950274745724	4.15601853851866	5.50430361552189
5.32352824429423	0.242540524774586	4.84814881573604	5.79890767285242
4.81443984177706	0.529840895377482	3.7759516868372	5.85292799671693
4.35204745789978	0.381242589210354	3.60481198304749	5.09928293275208
4.72839612226499	0.403546801820729	3.93744439069636	5.51934785383362
5.10134187984483	0.359904995054549	4.39592808953791	5.80675567015175
5.09855595176235	0.244394780615014	4.61954218175692	5.57756972176777
5.31550898404843	0.246845529713818	4.83169174580934	5.79932622228751
5.21924456950372	0.204373386182171	4.81867273258667	5.61981640642078
5.23220656058154	0.289673977424744	4.66444556482904	5.79996755633404
5.11469971106327	0.225806449868224	4.67211906932155	5.55728035280498
5.48882728140233	0.304767384693773	4.89148320740254	6.08617135540212
5.60944886987563	0.242543786322946	5.13406304868266	6.0848346910686
4.9422685603197	0.28779451221133	4.37819131638549	5.50634580425391
5.16031043517038	0.285254921041795	4.60121078992846	5.7194100804123
4.91891015458586	0.341552793222426	4.24946667986991	5.58835362930182
4.56357039818343	0.728532118567046	3.13564744579202	5.99149335057484
5.02911801049838	0.262254701549857	4.51509879546066	5.5431372255361
5.28563810534543	0.271061416810047	4.75435772839774	5.81691848229312
4.95504555789695	0.373906438072589	4.22218893927468	5.68790217651923
5.10714589510242	0.332568021727047	4.45531257251741	5.75897921768743
4.97141827567963	0.265006659899884	4.45200522227586	5.4908313290834
4.69965462758194	0.353703164005265	4.00639642613163	5.39291282903226
5.40253284090924	0.281274704313432	4.85123442045491	5.95383126136357
4.91429123168203	0.302843785425359	4.32071741224833	5.50786505111573
5.25711219536834	0.319060956575005	4.63175272048133	5.88247167025535
4.3145529155832	0.35700873531781	3.61481579436029	5.01429003680611
5.34072921222253	0.267562211625066	4.8163072774374	5.86515114700766
4.75624032510374	0.261721220141703	4.243266733626	5.26921391658148
4.99143056028779	0.220333611987959	4.55957668079139	5.42328443978419
5.02487985997019	0.256668749367043	4.52180911121078	5.52795060872959
5.08539025550715	0.371782472930563	4.35669660856324	5.81408390245105
5.06748657014442	0.285887832091405	4.50714641924527	5.62782672104357
4.5853778352134	0.22847274296954	4.1375712589931	5.0331844114337
4.90681439129236	0.487270499220733	3.95176421281973	5.861864569765
4.8911736752638	0.267939053080184	4.36601313122664	5.41633421930096
4.9274129456026	0.340086647203769	4.26084311708321	5.59398277412199
4.84406593019142	0.355380359573335	4.14752042542768	5.54061143495516
5.01046578258642	0.297060222007913	4.42822774745091	5.59270381772193
4.66583581833251	0.869578265676089	2.96146241760737	6.37020921905764
5.22034285803792	0.409662715547435	4.41740393556495	6.0232817805109
4.56139028217627	0.231406475709389	4.10783358978586	5.01494697456667
5.51289029967594	0.252645430408306	5.01770525607566	6.00807534327622
4.16336599220857	0.700487705136898	2.79041009014025	5.53632189427689
5.06763456051505	0.319242895661392	4.44191848501872	5.69335063601138
5.46168182609454	0.263082905260674	4.94603933178362	5.97732432040546
5.15856594440377	0.309399651717629	4.55214262703722	5.76498926177032
5.12742334977474	0.349219051633865	4.44295400857236	5.81189269097712
4.80156690468823	0.486664878994872	3.84770374185828	5.75543006751818
4.99805018621354	0.341234964798104	4.32922965520926	5.66687071721783
5.22944392284575	0.295674753021929	4.64992140692277	5.80896643876873
5.46117070089144	0.252755898667936	4.96576913950228	5.95657226228059
5.23473590100408	0.264292138295859	4.7167233099442	5.75274849206397
5.61657103838299	0.270658408848428	5.08608055704007	6.1470615197259
5.2430599316588	0.251203857804282	4.7507003703624	5.73541949295519
4.80739749902838	0.321093353060218	4.17805452703035	5.43674047102641
5.61640557889431	0.24289083727722	5.14033953783096	6.09247161995766
5.16323815232364	0.397926283795195	4.38330263608506	5.94317366856222
5.31371973629275	0.266474199111521	4.79143030603417	5.83600916655133
5.00150308118561	0.320878676550031	4.37258087514755	5.63042528722367
5.07368013189578	0.314656181546046	4.45695401606553	5.69040624772603
4.70331939090984	0.365419336533852	3.98709749130349	5.41954129051619
5.19084175278895	0.239323711654531	4.72176727794607	5.65991622763183
4.4192574426657	0.587360825677718	3.26803022433737	5.57048466099402
5.11408922668995	0.399862837027181	4.33035806611668	5.89782038726323
2.25425713281961	1.87210144169718	-1.41506169290686	5.92357595854608
5.54581871764699	0.265216253502773	5.02599486078156	6.06564257451243
4.99615585108131	0.318048938527124	4.37277993156815	5.61953177059448
4.35415153021558	0.809454384709679	2.76762093618461	5.94068212424655
5.1023181208067	0.267702203781547	4.57762180139487	5.62701444021853
5.04788467555123	0.237654877067498	4.58208111649893	5.51368823460353
5.18260515694602	0.350737837290926	4.49515899585581	5.87005131803624
5.23753480214277	0.374865126350495	4.5027991544958	5.97227044978974
4.84720509770631	0.283308733831256	4.29191997939705	5.40249021601557
5.10732788916471	0.253253134225659	4.61095174608242	5.603704032247
4.82441838012983	0.645676554503706	3.55889233330256	6.08994442695709
5.40170522095117	0.231628371450186	4.9477136129088	5.85569682899353
5.49155324869809	0.226799572154603	5.04702608727507	5.93608041012111
4.92134545246851	0.270555815976169	4.39105605315522	5.4516348517818
5.1944524857913	0.412364863080325	4.38621735415386	6.00268761742873
5.05045277446869	0.244927494368742	4.57039488550596	5.53051066343143
5.38716482931591	0.263990533389604	4.86974338387228	5.90458627475953
4.87859127446707	0.830500667603317	3.25080996596457	6.50637258296957
4.77293286246084	0.228203730979057	4.32565354974189	5.22021217517979
4.91384998122874	0.823200325531097	3.30037734318779	6.52732261926969
4.92717142417205	0.399549996714246	4.14405343061212	5.71028941773197
4.78382894464447	0.310563997945099	4.17512350867207	5.39253438061686
4.92839709241588	0.26466734612867	4.40964909400369	5.44714509082807
5.06078168902865	0.272256511175849	4.52715892712398	5.59440445093331
5.15523528135199	0.231438593318503	4.70161563844773	5.60885492425626
4.91654106870313	0.244288988080776	4.4377346520648	5.39534748534145
5.45899250145376	0.293941103482305	4.88286793862845	6.03511706427908
5.31390913073472	0.314697011718951	4.69710298776558	5.93071527370386
4.89030817666183	0.41318700984268	4.08046163737018	5.70015471595349
4.7079814771305	0.329655191778629	4.06185730124439	5.35410565301661
5.54394401331005	0.446896102685605	4.66802765204627	6.41986037457384
4.38556001524499	0.415042790854273	3.57207614517061	5.19904388531936
5.09937926830718	0.339226587713615	4.4344951563885	5.76426338022587
5.51271802929349	0.259241189323126	5.00460529822017	6.02083076036682
5.1325993889992	0.437502882222955	4.27509373984221	5.99010503815619
5.32153750169242	0.208139737415007	4.913583616359	5.72949138702583
4.98685359899506	0.285830577331717	4.42662566742489	5.54708153056522
4.79326777936577	0.230431612967383	4.3416218179497	5.24491374078184
5.42347069082465	0.341254649325511	4.75461157814665	6.09232980350266
5.14161253962293	0.265318024625947	4.62158921135607	5.66163586788979
5.17162483125342	0.355112037292795	4.47560523815954	5.8676444243473
5.49275538594443	0.257332133526749	4.988384404232	5.99712636765685
5.31414991172152	0.259498323335255	4.80553319798442	5.82276662545862
5.40892968673125	0.219939669668229	4.97784793418152	5.84001143928098
5.32643760027286	0.267837373190842	4.80147634881881	5.85139885172691
4.93800739299698	0.305998758886049	4.33824982558033	5.53776496041364
5.09637855295053	0.269792324870117	4.5675855962051	5.62517150969596
5.62320205171043	0.300583398701078	5.03405859025632	6.21234551316455
5.26584185481927	0.275415944274966	4.72602660404033	5.8056571055982
4.99943456126286	0.493747931039585	4.03168861642527	5.96718050610045
5.05315504086726	0.265597947850769	4.53258306307975	5.57372701865476
5.3081960597685	0.417658810129646	4.4895847919144	6.12680732762261
5.10765306770473	0.351411613413432	4.4188863054144	5.79641982999505
5.23854721403175	0.224476666826817	4.79857294705119	5.67852148101231
5.27689800721887	0.283335262874769	4.72156089198432	5.83223512245342
5.54350771024299	0.250326745905064	5.05286728826907	6.03414813221692
4.60734028963645	0.492640130224401	3.64176563439663	5.57291494487628
5.65391247767183	0.220995211186413	5.22076186374646	6.0870630915972
5.72992926353187	0.367065705914959	5.01048047993855	6.44937804712519
4.84913524361093	0.323894774646345	4.21430148530409	5.48396900191776
5.16445292811117	0.286010318948455	4.6038727029722	5.72503315325014
5.29342760787365	0.26079534180223	4.78226873794128	5.80458647780602
5.33480029337182	0.292868504158926	4.76077802522032	5.90882256152331
4.80253579914502	0.434251157563444	3.95140353032067	5.65366806796937
5.02607372000225	0.291935834695281	4.4538794839995	5.598267956005
5.37986217535034	0.256493578802229	4.87713476089797	5.88258958980271
5.04868785690186	0.252041665853948	4.55468619182812	5.54268952197559
4.51795989435036	0.214084794656608	4.09835369682341	4.93756609187731
4.67985238421153	0.212202759592994	4.26393497540927	5.0957697930138
4.75957050107594	0.624136878405826	3.53626221940052	5.98287878275136
5.53001772155432	0.277395853254504	4.98632184917549	6.07371359393314
4.80564794119485	0.32785019257368	4.16306156375044	5.44823431863926
5.34331238197524	0.237348370010331	4.87810957675499	5.80851518719549
4.66087822263362	0.435580284545461	3.80714086492452	5.51461558034273
4.50354550810821	0.637765445935107	3.2535252340754	5.75356578214101
5.46751729770141	0.261583338722322	4.95481395380566	5.98022064159716
5.19949336179724	0.23993130337386	4.72922800718448	5.66975871641001
4.67049073774789	0.419026358390632	3.84919907530225	5.49178240019353
5.13011102258081	0.237847110612105	4.66393068578108	5.59629135938053
4.89795377066045	0.282196360771105	4.34484890354908	5.45105863777181
5.2396995461402	0.287668747986778	4.67586880008612	5.80353029219429
4.73698153081196	0.320449756388375	4.10890000829074	5.36506305333317
5.20723543288189	0.34464047380288	4.53174010422825	5.88273076153554
5.21203170875538	0.225982479132038	4.76910604965658	5.65495736785417
5.21223031608718	0.270801756683307	4.6814588729879	5.74300175918646
5.05862566753147	0.21274342933909	4.64164854602685	5.47560278903608
4.91380007261033	0.422588152778854	4.08552729316377	5.74207285205688
5.29633941335468	0.363644828532306	4.58359554943136	6.009083277278
4.91896080235218	0.252253294802946	4.4245443445384	5.41337726016595
5.54895419493212	0.529927813025999	4.51029568140116	6.58761270846307
4.7109793669994	0.315183068914738	4.09322055192652	5.32873818207229
5.11226861026793	0.39023880357864	4.3474005552538	5.87713666528207
4.95628820430398	0.205774599082202	4.55296999010287	5.3596064185051
5.10955571545266	0.295240355569215	4.530884618537	5.68822681236832
4.46915614421732	0.725536460572899	3.04710468149444	5.8912076069402
4.73653039221272	0.492391680006189	3.77144269940059	5.70161808502485
4.76908077206869	0.302112275099569	4.17694071287354	5.36122083126385
5.39601441851253	0.326261751332266	4.75654138590129	6.03548745112377
5.54904009477713	0.358623446916333	4.84613813882111	6.25194205073314
5.68114714683106	0.289151013084969	5.11441116118452	6.24788313247759
5.02743502981095	0.23364333820484	4.56949408692947	5.48537597269244
4.93360611056608	0.220347037154211	4.50172591774382	5.36548630338833
5.67910862761337	0.267798995611768	5.1542225962143	6.20399465901243
4.89288640790903	0.350503903351874	4.20589875733936	5.5798740584787
4.85927245782472	0.423077366927613	4.03004081864659	5.68850409700284
5.2618453389974	0.269619120046621	4.73339186370602	5.79029881428877
5.18426458817016	0.293145680487831	4.60969905441402	5.75883012192631
5.36596512958949	0.277575313249583	4.8219175156203	5.91001274355867
4.56133002497059	0.276888189979389	4.01862917261099	5.10403087733019
5.42592193245542	0.280029318569493	4.87706446805922	5.97477939685163
5.11365598348333	0.294348932970227	4.53673207486169	5.69057989210498
5.28278458230692	0.235686322883304	4.82083938945564	5.74472977515819
4.99178108737377	0.331228406587122	4.34257341046301	5.64098876428453
4.99297516745187	0.290216355562853	4.42415111054868	5.56179922435506
4.89965586869107	0.358873730029991	4.19626335783229	5.60304837954985
4.91187138707473	0.332377426478584	4.26041163117671	5.56333114297276
5.40662135379074	0.246817236983857	4.92285956930239	5.8903831382791
5.70197349589453	0.212818609447969	5.28484902137651	6.11909797041255
3.71464820119482	0.804102220711478	2.13860784860032	5.29068855378932
4.71308454934584	0.297932269262946	4.12913730159046	5.29703179710121
5.05853629331192	0.227456302034415	4.61272194132446	5.50435064529937
4.89666807186751	0.321530137224093	4.26646900290828	5.52686714082673
4.94409779538893	0.385291850693936	4.18892576802882	5.69926982274905
5.16119906178065	0.654109429098125	3.87914458074833	6.44325354281298
4.82674259554389	0.786066995580363	3.28605128420638	6.3674339068814
4.81616049200867	0.292545861366955	4.24277060372944	5.38955038028791
4.36703880576212	0.341177776440282	3.69833036393917	5.03574724758507
5.17190495357785	0.332309600120325	4.52057813734202	5.82323176981369
5.24793370853351	0.235739752236763	4.78588379414946	5.70998362291757
5.58937716176857	0.319044125549918	4.96405067569073	6.21470364784641
5.38276886703648	0.271661590248338	4.85031215014973	5.91522558392322
4.73734998620286	0.427749494875378	3.89896097624712	5.5757389961586
4.96440255683409	0.448103580944898	4.08611953818209	5.84268557548609
5.0639002509273	0.218587623199486	4.63546850945631	5.49233199239829
5.02573734155643	0.411772096230343	4.21866403294496	5.83281065016791
4.93882050363135	0.3338795873798	4.28441651236694	5.59322449489575
5.72573778837359	0.239092196675609	5.2571170828894	6.19435849385779
5.05168830449166	0.215522602124667	4.62926400432731	5.474112604656
5.55274997086179	0.285324324271084	4.99351429529046	6.11198564643311
4.71888723994438	0.732892313021918	3.28241830642143	6.15535617346734
4.97800730966245	0.330497555206689	4.33023210145734	5.62578251786756
4.80179722396194	0.278020068547704	4.25687788960844	5.34671655831544
4.56159876577597	0.748378545250148	3.09477681708568	6.02842071446626
4.33735544142653	0.574487001541035	3.21136091840611	5.46334996444696
4.67979498640782	0.405277154995009	3.8854517626176	5.47413821019804
5.17661545335546	0.389189481518908	4.4138040695784	5.93942683713252
5.28048647318476	0.266643833561626	4.75786455940398	5.80310838696555
5.0296492715037	0.267388850942669	4.50556712365607	5.55373141935133
5.58487797652265	0.254446963759185	5.08616192755465	6.08359402549065
4.03637614301663	0.893259555210042	2.28558741480495	5.78716487122831
5.03056395756718	0.405556174174376	4.23567385618541	5.82545405894896
5.21326883980937	0.222334680780453	4.77749286547969	5.64904481413906
5.25913682876731	0.242993132097512	4.78287028985619	5.73540336767843
5.27301106766262	0.244270024946355	4.79424181876777	5.75178031655748
5.30323084746704	0.264341273681986	4.78512195105035	5.82133974388373
5.22896798792465	0.271297392713208	4.69722509820676	5.76071087764254
5.145216418872	0.42688288929113	4.30852595586138	5.98190688188261
5.67317099311439	0.322545663117158	5.04098149340476	6.30536049282402
5.82353269993111	0.719679057060823	4.41296174809189	7.23410365177032
4.9986376538546	0.488913431308598	4.04036732848975	5.95690797921946
4.92036297706661	0.278165718569639	4.37515816867011	5.4655677854631
4.9951986496491	0.343191492977708	4.3225433234128	5.66785397588541
5.22688061995925	0.406579553525257	4.42998469504975	6.02377654486875
5.41507083367267	0.384147743776473	4.66214125587078	6.16800041147456
5.53918023506788	0.366247220230405	4.82133568341628	6.25702478671947
4.40713719088527	0.509898679589335	3.40773577889018	5.40653860288037
5.17441340288071	0.247001157504786	4.69029113417133	5.6585356715901
5.44941948444532	0.291149607499027	4.87876625374723	6.02007271514342
5.4092740526548	0.222049834386101	4.97405637725804	5.84449172805156
4.69604230217246	0.218547304012669	4.26768958630763	5.12439501803729
3.31149399190937	0.830584914701745	1.68354755909395	4.93944042472479
5.19753469532878	0.263856206112697	4.6803765313479	5.71469285930967
4.85321315759878	0.42066171169416	4.02871620267822	5.67771011251933
4.7387227240471	0.340875196588736	4.07060733873317	5.40683810936102
5.06036779037997	0.371300223811589	4.33261935170926	5.78811622905069
4.74047637248678	0.320905206637219	4.11150216747783	5.36945057749573
4.96353791187519	0.376087962057006	4.22640550624346	5.70067031750692
5.18060343353105	0.237760665718937	4.71459252872193	5.64661433834017
4.84842143673592	0.281709725204245	4.2962703753356	5.40057249813624
5.29741078325219	0.405858236406412	4.50192863989562	6.09289292660876
4.9549822159371	0.227041004383625	4.5099818473452	5.39998258452901
4.67670458637902	0.81177064965171	3.08563411306167	6.26777505969637
5.02673720970523	0.330613827265026	4.37873410826578	5.67474031114468
5.26011342021465	0.220939673329893	4.82707166048806	5.69315517994124
4.78262119183331	0.336043842639127	4.12397526026062	5.441267123406
5.12884028960478	0.332597941442301	4.47694832437787	5.78073225483169
5.11249514212748	0.268086595333561	4.5870454152737	5.63794486898126
5.1363286486208	0.291612857062216	4.56476744877886	5.70788984846275
5.26356202585522	0.300798806801919	4.67399636452346	5.85312768718698
5.28220394612642	0.762921521668635	3.7868777636559	6.77753012859694
5.1705574430648	0.234117550318509	4.71168704444052	5.62942784168907
4.9990666757402	0.335254442267653	4.3419679688956	5.6561653825848
4.95587290140185	0.266951002403895	4.43264893669022	5.47909686611349
5.12996869627357	0.208387281830391	4.721529623886	5.53840776866114
4.90498422851161	0.345947668986315	4.22692679729843	5.58304165972478
5.03104500327004	0.231939160335116	4.57644424901321	5.48564575752687
5.15876104584953	0.29538757348004	4.57980140182865	5.73772068987041
4.89672726183577	0.448967470040847	4.01675102055571	5.77670350311583
4.77924015139265	0.245508866555213	4.29804277294443	5.26043752984087
4.78155148749596	0.447198715623142	3.90504200487461	5.65806097011732
5.49509420981671	0.364631784437946	4.78041591231834	6.20977250731509
4.54258482470855	0.576071339677423	3.41348499894081	5.6716846504763
5.02446436625808	0.381147106814406	4.27741603690185	5.77151269561432
5.25303262116691	0.228191503424611	4.80577727445467	5.70028796787914
5.51505839822534	0.267610022534625	4.99054275405748	6.03957404239321
5.32519964560174	0.264343209867286	4.80708695426186	5.84331233694162
5.85277422303537	0.285442816012428	5.29330630365101	6.41224214241973
5.0012757989542	0.325065880377636	4.36414667341403	5.63840492449437
4.17627448777105	0.756166702643393	2.69418775059	5.6583612249521
5.33536832968689	0.288728706729724	4.76946006449664	5.90127659487715
5.66986304705454	0.332512706124145	5.01813814305122	6.32158795105787
5.69417231499313	0.334995688397825	5.0375807657334	6.35076386425287
4.98396555109645	0.251576870165051	4.49087488557295	5.47705621661995
5.37565209957102	0.344634006656235	4.7001694465248	6.05113475261724
5.7041910149249	0.360491922681389	4.99762684646938	6.41075518338043
5.19467522226947	0.344595992716029	4.51926707654605	5.87008336799288
5.47214160178293	0.299891625944648	4.88435401493142	6.05992918863444
5.14791398134736	0.293109254790357	4.57341984195826	5.72240812073646
5.27846400663175	0.235148289435901	4.81757335933738	5.73935465392612
5.25619213086045	0.281143309853284	4.70515124354802	5.80723301817289
5.30311677074743	0.363295845659892	4.59105691325404	6.01517662824082
4.61643380959594	0.297156241993931	4.03400757528784	5.19886004390404
5.30681563796882	0.444432523328565	4.43572789224483	6.17790338369281
5.69788070656751	0.224259094836498	5.25833288068797	6.13742853244704
4.97013551430664	0.340891875070905	4.30198743916767	5.63828358944561
5.15611538626425	0.25690023094564	4.6525909336108	5.65963983891771
4.97273520247883	0.24805231731925	4.4865526605331	5.45891774442456
5.02988048158218	0.286320937262793	4.46869144454711	5.59106951861725
5.2579226599238	0.257573198458624	4.75307919094489	5.7627661289027
4.95663529664879	0.241576038381197	4.48314626142164	5.43012433187594
5.22303551181267	0.277786201714255	4.67857455645273	5.76749646717261
5.63015786149457	0.23303736618315	5.17340462377559	6.08691109921354
5.15019856045742	0.255706346704731	4.64901412091615	5.65138299999869
5.17005580607002	0.27507885003172	4.63090126000785	5.70921035213219
4.17318592807177	0.556251410160369	3.08293316415745	5.2634386919861
4.80653860506573	0.247385684745615	4.32166266296433	5.29141454716714
4.98940111446149	0.407511437961207	4.19067869605752	5.78812353286546
5.0027523531574	0.449994076079392	4.12076396404179	5.88474074227301
5.01889949234189	0.302517805152233	4.42596459424351	5.61183439044027
5.01307613903217	0.244562447726648	4.53373374148794	5.4924185365764
5.12795017407084	0.224457130521028	4.68801419824962	5.56788614989205
4.85776064431956	0.524174636061596	3.83037835763883	5.88514293100029
4.96722106789131	0.504415598124683	3.97856649556693	5.95587564021569
4.2075447122607	1.14863158587779	1.95622680394024	6.45886262058117
5.43181288767168	0.217005953794639	5.00648121823418	5.85714455710917
5.28310870718195	0.253628538703762	4.78599677132258	5.78022064304133
5.05180308091475	0.29909165858071	4.46558343009656	5.63802273173294
4.6700513389704	0.422863190805615	3.84123948499139	5.4988631929494
5.27812815837878	0.23970442348314	4.80830748835183	5.74794882840574
5.06387816097102	0.286045202184684	4.50322956468904	5.624526757253
5.10602817108711	0.238366320698606	4.63883018251785	5.57322615965638
5.45556384116644	0.193498812317926	5.07630616902331	5.83482151330958
5.46640550679427	0.248025037135227	4.98027643400923	5.95253457957932
4.67958379909455	0.325347106024669	4.0419034712862	5.31726412690291
4.99953200749752	0.235649655649084	4.53765868242532	5.46140533256973
4.90628133558162	0.403446789835524	4.11552562750399	5.69703704365924
5.12359217100718	0.248813146547618	4.63591840377385	5.61126593824051
5.25734013068239	0.237907871707676	4.79104070213535	5.72363955922943
4.58084893159525	0.684539556351968	3.2391514011454	5.92254646204511
5.34846981192028	0.245048563569468	4.86817462732412	5.82876499651643
4.42691872102622	0.473937522383858	3.49800117715385	5.35583626489858
5.41756251207083	0.326273338325963	4.77806676895194	6.05705825518972
5.04569731901317	0.250420531386903	4.55487307749484	5.5365215605315
5.04491369349565	0.324126176536838	4.40962638748345	5.68020099950785
5.10712390455318	0.260452180358295	4.59663763105092	5.61761017805544
4.71354488879125	0.247762963432944	4.22792948046268	5.19916029711982
4.98352808104582	0.378156309509704	4.24234171440679	5.72471444768484
5.30915454848493	0.274013801223693	4.7720874980865	5.84622159888337
4.71341004795058	0.352239017768669	4.02302157312399	5.40379852277717
5.25538054764898	0.229516257345279	4.80552868325224	5.70523241204573
5.38560981305367	0.472826717286276	4.45886944717257	6.31235017893477
4.65569564621167	0.22951077514721	4.20585452692314	5.1055367655002
4.95729219919679	0.294126810025448	4.38080365154691	5.53378074684666
5.54711569625769	0.260103077825719	5.03731366371928	6.0569177287961
4.85128886694468	0.268228319365018	4.32556136098925	5.37701637290012
5.00359281066898	0.393336110326241	4.23265403442954	5.77453158690841
5.06771996166652	0.348204813954848	4.38523852631502	5.75020139701802
5.42022971697184	0.262238925541297	4.9062414229109	5.93421801103279
6.06608579460675	0.250030914869604	5.57602520146232	6.55614638775117
4.88713306872781	0.4218145520092	4.06037654678977	5.71388959066584
5.37869675855161	0.294985467476058	4.80052524229854	5.95686827480469
4.95458698165617	0.241659952862138	4.48093347404638	5.42824048926596
4.89872597691843	0.602953145082192	3.71693781255734	6.08051414127953
4.90108519488003	0.408081620313289	4.10124521906598	5.70092517069407
4.65182147030288	0.391801647592682	3.88389024102122	5.41975269958454
5.10681512807297	0.534493362611736	4.05920813735397	6.15442211879197
5.25663845696089	0.290606419017807	4.68704987568599	5.82622703823579
4.84487198950972	0.254796144379027	4.34547154652683	5.34427243249262
5.50251917989698	0.283104132784984	4.94763507963841	6.05740328015555
4.95333436631866	0.446674703626543	4.07785194721063	5.82881678542668
4.95885551474049	0.240551078737389	4.4873754004152	5.43033562906577
4.70513877243223	0.596045229213591	3.53689012317359	5.87338742169087
5.20140170053181	0.21704417327189	4.77599512091891	5.62680828014472
4.36363633143896	0.493555294137167	3.39626795493011	5.33100470794781
5.34601830847046	0.332901317109555	4.69353172693573	5.99850489000519
4.50811253726979	0.55167351373347	3.42683245035218	5.58939262418739
4.60926913912832	0.307616240334283	4.00634130807313	5.21219697018352
4.98391882167717	0.371975814440525	4.25484622537374	5.7129914179806
5.40640166682615	0.293739517791934	4.83067221195396	5.98213112169834
5.20368633761047	0.253873322458805	4.70609462559121	5.70127804962973
4.83413390227003	0.304258734782845	4.23778678209565	5.43048102244441
4.00514219854144	0.92854360656612	2.18519672967185	5.82508766741104
5.23234347588752	0.301380235687386	4.64163821394024	5.82304873783479
5.0771246519881	0.378244277940753	4.33576586722422	5.81848343675197
4.79296168694221	0.250386114111255	4.30220490328415	5.28371847060027
5.43569448179195	0.352929063771504	4.7439535167998	6.1274354467841
5.02240660581093	0.257070392156789	4.51854863718363	5.52626457443824
4.55527840769339	0.337669490530236	3.89344620625413	5.21711060913265
5.06757744918352	0.355727484882246	4.37035157881431	5.76480331955272
5.68077082496495	0.276941622810258	5.13796524425684	6.22357640567305
5.38602054024255	0.226657663954321	4.94177151889208	5.83026956159302
5.4499354185037	0.296794053995513	4.86821907267249	6.0316517643349
4.9858900553161	0.313410194446447	4.37160607420106	5.60017403643114
5.5260225507379	0.251878720892779	5.03234025778805	6.01970484368775
5.35709487696992	0.238781337847489	4.88908345478884	5.825106299151
5.02306639169552	0.45013346160053	4.14080480695849	5.90532797643256
5.03970725152652	0.256546607641452	4.53687590054927	5.54253860250376
4.79916975909284	0.227192791482888	4.35387188778638	5.2444676303993
5.3457681309007	0.321951204630095	4.71474376982571	5.97679249197568
4.73869146389356	0.277727361182213	4.19434583597643	5.2830370918107
4.95930925277417	0.298774614036445	4.37371100926274	5.5449074962856
5.31403272308411	0.221371535213163	4.88014451406631	5.74792093210191
5.29796700756493	0.281027597950374	4.7471529155822	5.84878109954766
4.78396047899018	0.241413474785872	4.31079006840987	5.25713088957049
5.05226384724922	0.238709852025869	4.58439253727852	5.52013515721993
5.39886572186872	0.273905886902847	4.86201018353914	5.9357212601983
3.80713858220576	0.843385737037349	2.15410253761256	5.46017462679897
4.94621066845064	0.245955707474188	4.46413748180123	5.42828385510004
5.99057297818042	0.375972916192357	5.2536660624434	6.72747989391744
5.11505782552739	0.248549176919782	4.62790143876462	5.60221421229016
5.42584627604633	0.325961214832068	4.78696229497548	6.06473025711719
5.22085846657253	0.244356963816725	4.74191881749175	5.69979811565331
5.46990839406551	0.382747494734924	4.71972330438506	6.22009348374596
5.34668567847967	0.315163199075946	4.72896580829081	5.96440554866852
4.90282504379906	0.254587829202575	4.40383289856201	5.40181718903611
5.32306501970728	0.316931582924665	4.70187911717494	5.94425092223963
5.29739640140381	0.280189620335631	4.74822474554598	5.84656805726165
5.04008735688773	0.273740457633872	4.50355605992534	5.57661865385012
4.98589778319831	0.382556094329835	4.23608783831183	5.73570772808478
4.81189231922353	0.35908722666769	4.10808135495486	5.5157032834922
5.10558930860748	0.24195476258442	4.63135797394202	5.57982064327294
5.14789359875484	0.233323521237117	4.69057949713009	5.60520770037959
4.92809210275261	0.322557448302732	4.29587950407926	5.56030470142597
5.17719559460983	0.250777609810508	4.68567147938123	5.66871970983842
5.39817340627604	0.26613244639639	4.87655381133912	5.91979300121297
5.21762447124846	0.258706042705268	4.71056062754614	5.72468831495079
4.86313797964743	0.282411383934004	4.30961166713678	5.41666429215808
5.09750717990341	0.247237584936984	4.61292151342692	5.5820928463799
5.17411535758706	0.436925504229734	4.31774136929678	6.03048934587734
5.31611970353883	0.341381139014068	4.64701267107126	5.98522673600641
5.56015534692339	0.369807271691442	4.83533309440816	6.28497759943862
5.30861322451653	0.27297726732356	4.77357778056236	5.84364866847071
5.1358977548601	0.388868342349884	4.37371580385433	5.89807970586588
5.19924705282507	0.32049952283448	4.57106798806949	5.82742611758065
5.15629623733477	0.272362979872	4.62246479678565	5.69012767788389
5.30106133410765	0.289346157867415	4.73394286468751	5.86817980352778
5.27360691869238	0.299733214831741	4.68612981762216	5.86108401976259
5.07374057898754	0.24436529879353	4.59478459335222	5.55269656462286
4.67276703500939	0.367400484045942	3.95266208627935	5.39287198373944
5.40719305372895	0.228919175871657	4.9585114690205	5.8558746384374
4.47915184197646	0.356018182033641	3.78135620519053	5.1769474787624
4.5040576383653	0.395193052595047	3.729479255279	5.27863602145159
4.92394524150929	0.237320819441142	4.45879643540465	5.38909404761393
5.0748617396862	0.253204523884347	4.57858087287288	5.57114260649952
4.24618575113126	0.712212905043874	2.85024845724526	5.64212304501725
4.06426074864578	0.975044569008013	2.15317339339008	5.97534810390149
3.97927172648389	0.812743657400764	2.38629415797839	5.57224929498939
5.01026056730591	0.299485327038454	4.42326932631054	5.59725180830128
4.71408962458271	0.317197928296943	4.0923816851207	5.33579756404472
4.77908502398051	0.612478060106773	3.57862802617124	5.97954202178979
5.48196727082792	0.338641023402506	4.818230864959	6.14570367669683
5.06127547910328	0.277836482306279	4.51671597378297	5.60583498442359
4.7864712354294	0.373111608570033	4.05517248263214	5.51776998822667
5.62670194912504	0.500739203075103	4.64525311109784	6.60815078715224
5.26293882933093	0.432560100644557	4.4151210320676	6.11075662659426
5.45253980333893	0.273801885567176	4.91588810762727	5.9891914990506
5.23724361876575	0.298853722257459	4.65149032314113	5.82299691439037
4.95040797031366	0.258971868593359	4.44282310787068	5.45799283275664
5.59112661049683	0.234126545344729	5.13223858162117	6.0500146393725
5.27783017542726	0.240475130797161	4.80649891906483	5.7491614317897
5.02145918096766	0.405234699299993	4.22719917033968	5.81571919159565
4.86972621745971	0.595263098276511	3.70301054483775	6.03644189008167
4.82848870505882	0.325749323156911	4.19002003167127	5.46695737844636
4.72765191580608	0.49650019418057	3.75451153521216	5.7007922964
4.62165350359124	0.677282174401569	3.29418044176416	5.94912656541831
5.17300422451591	0.222983105657053	4.73595733742808	5.61005111160373
4.98705376600384	0.531720659670333	3.94488127304998	6.02922625895769
5.28337179646153	0.241857993331744	4.80933012953131	5.75741346339175
5.5916770245805	0.235655018735568	5.12979318785879	6.05356086130222
5.6569592021053	0.317362771116978	5.03492817071602	6.27899023349457
5.46325427946846	0.206834675998775	5.05785831451086	5.86865024442605
4.98274322858744	0.228867203536105	4.53416350965667	5.4313229475182
5.43148333136902	0.25553530069122	4.93063414201423	5.93233252072381
5.01891581392781	0.263989079415676	4.50149721827308	5.53633440958253
4.79807098118722	0.306935690591689	4.19647702762751	5.39966493474693
4.86388070049212	0.314213725918563	4.24802179769174	5.4797396032925
