bias	rel bias	sd	RMSE	95% coverage	avg Width	numSim	meanBoot11
lowCorrect	0.00336966141006438	0.000673932282012877	0.0886942930339846	0.0887139535653778	0.953	0.350750985402051	1000	0.0894438460427711
modCorrect	0.00453556990617289	0.000907113981234578	0.103555054253237	0.10360259169781	0.951	0.419029469127515	1000	0.106750610882184
highCorrect	0.00394020377151576	0.000788040754303152	0.121960166804314	0.121962835365574	0.958	0.512411310420895	1000	0.130389775903304
lowMisPred	0.023476069455341	0.00469521389106819	0.0910256886624828	0.0939601838948539	0.992	0.511539190306022	1000	0.130335787471552
modMispred	0.00273074739626972	0.000546149479253944	0.125666892438947	0.125633724249299	0.989	0.634214302394553	1000	0.161350099928077
highMispred	0.010661958940345	0.00213239178806899	0.170696043019838	0.17094349748374	0.976	0.828785940840358	1000	0.210592325133265
lowMisWeight	0.00325839928607583	0.000651679857215166	0.0885409162772327	0.0885566006984472	0.952	0.35040998613434	1000	0.0893572213864869
modMisWeight	0.00468898916475624	0.000937797832951248	0.0954823778296481	0.0955497473095292	0.957	0.382877004391714	1000	0.0975923519589394
highMisWeight	0.00431279802093498	0.000862559604186996	0.10336804034175	0.103406320111969	0.96	0.411936637245856	1000	0.104954359284107
