estFinal_ps2	sdFinal_ps2	X1	X2
4.78501351519414	0.213198738410373	4.36693344201623	5.20309358837206
5.2670340452307	0.213207588613435	4.84899019029332	5.68507790016808
4.83513943543081	0.211689188181635	4.42009601398518	5.25018285687643
4.98629428592514	0.178899930582828	4.63548281606271	5.33710575578757
5.11514814403753	0.191805392865063	4.73908767018017	5.49120861789489
4.96365474408342	0.199737554659104	4.57186209285133	5.35544739531551
5.05626246109697	0.19559801049949	4.67274444423429	5.43978047795964
4.85614201352709	0.174394148431649	4.51414832326162	5.19813570379257
5.33449828956761	0.199409828193804	4.94355560065044	5.72544097848477
5.02725232081957	0.210228579817871	4.61504097777546	5.43946366386368
4.8596354065861	0.193145802918611	4.48090336126599	5.23836745190621
4.99523896051031	0.188134531988675	4.62636814405532	5.36410977696529
4.90534563386797	0.192192407928706	4.52848683729971	5.28220443043624
5.03692304510155	0.198678642317546	4.647348444374	5.42649764582909
5.20693162492097	0.203027802057993	4.80873591053202	5.60512733930992
4.91456860825894	0.197932657194195	4.52645417639246	5.30268304012542
4.88156607194722	0.216693521688097	4.45666561833626	5.30646652555819
4.9899276505249	0.198553256772074	4.60057708194572	5.37927821910408
5.06153586841455	0.220508064486539	4.62917683046874	5.49389490636035
5.28785959781372	0.207788734520776	4.88043137579372	5.69528781983372
4.88075498085763	0.205535963121217	4.4777284967116	5.28378146500366
5.24516242535456	0.186597705942184	4.87930344568498	5.61102140502415
4.96956264042498	0.210124734270535	4.55755911236999	5.38156616847997
5.23331469750246	0.223217209859524	4.79568453367663	5.67094486132829
5.08619964182289	0.208973783249888	4.67643181364995	5.49596746999583
5.12480172682635	0.204388387989438	4.72411407339057	5.52548938026213
5.08649089118774	0.203439265914405	4.68758388525282	5.48539789712266
4.86986056443208	0.212314384827464	4.45354226616004	5.28617886270412
4.70148943561114	0.230418143541343	4.24956312821732	5.15341574300496
4.86530532646797	0.204016520922904	4.46521986035976	5.26539079257619
4.73119270120351	0.207030951156569	4.32526180926702	5.13712359314
5.08079425411496	0.199326912889595	4.68996130799148	5.47162720023845
4.91239742851764	0.19717224553682	4.52581642879817	5.2989784282371
5.10523054964369	0.188339230816952	4.73595295064419	5.47450814864319
5.03398925199513	0.203248347147345	4.63543620324271	5.43254230074756
5.28497022329432	0.198190350741875	4.89633603718269	5.67360440940596
5.23166229170978	0.189611835205992	4.85984478983291	5.60347979358664
4.73984028290085	0.196410819455091	4.35471314937862	5.12496741642308
4.94266606549728	0.193724981979113	4.56281651714742	5.32251561384714
4.92376618151583	0.194428750626365	4.54254080428179	5.30499155874987
5.0404221361949	0.188075490015051	4.67165064828672	5.40919362410309
5.30275969618252	0.200220912358573	4.91010875198988	5.69541064037516
4.90404469712475	0.208841545551362	4.49455597463894	5.31353341961055
4.81022941111872	0.194379390664156	4.4290978073286	5.19136101490883
5.15328701512727	0.217690817886296	4.72641060307972	5.58016342717483
5.41178523854233	0.216871595928561	4.98656135873385	5.83700911835082
5.05198682115089	0.221614982352685	4.61749153854182	5.48648210375996
5.44105288984795	0.19243285599829	5.06366451159599	5.81844126809991
4.6832459175616	0.208369175424463	4.27472390854504	5.09176792657816
4.68232158317462	0.191630749675885	4.3065468022917	5.05809636405754
5.16170025689974	0.204505217581149	4.76071032309062	5.56269019070885
5.219436660294	0.202602678513387	4.82222648896158	5.61664683162641
5.26411451423792	0.23108164560271	4.81103669991906	5.71719232855679
5.05945217965196	0.224106575416512	4.6199357602142	5.49896859908973
5.09834768056223	0.199048350372423	4.70795985489792	5.48873550622653
4.79643028280904	0.220439828325801	4.36424904168841	5.22861152392967
4.90257643935321	0.202816459623613	4.50487777526768	5.30027510343873
4.88172007004034	0.199483300740314	4.49054042584486	5.27289971423581
5.1724585455793	0.199811666723926	4.78068305252534	5.56423403863326
4.69304914432529	0.195998961163912	4.30873934326611	5.07735894538446
4.93536033360047	0.193760810924415	4.55543911071949	5.31528155648146
5.03500122159449	0.209539006299127	4.62408733208794	5.44591511110103
4.94614409915871	0.209751267332808	4.53491108431372	5.35737711400371
5.00741298271145	0.216259118775467	4.58335793452296	5.43146803089995
4.63502714302824	0.189236169481865	4.26399942868191	5.00605485737458
5.0776742805631	0.204756039847485	4.67620757933065	5.47914098179554
5.20709309028163	0.196893699793867	4.82105180759066	5.59313437297259
5.24495176902802	0.206193151868815	4.84063914230497	5.64926439575108
5.17337830734644	0.201830807423088	4.77765890776953	5.56909770692336
5.05722818116633	0.213526584741972	4.63858440016503	5.47587196216763
4.77236535563095	0.201268264914391	4.37774103263886	5.16698967862304
4.94038767920634	0.19863562582226	4.5508766394053	5.32989871900739
5.02553610099641	0.202294489950832	4.62883892197556	5.42223328001726
5.30310150933531	0.215183402409642	4.88123014886338	5.72497286980723
4.72651161690518	0.206986463988515	4.3206588710963	5.13236436271406
4.97744186994473	0.193143364879186	4.59873431776731	5.35614942212216
5.15309501601389	0.216767374467007	4.72796224125859	5.57822779076919
5.25900879230286	0.196803148702043	4.87306632433639	5.64495126026934
5.20942809530251	0.196113478693784	4.82491425939452	5.59394193121049
5.02768310570467	0.188644233644704	4.65785346102075	5.39751275038859
5.25747842159654	0.172485366096812	4.91921054123852	5.59574630195455
4.83272592780947	0.213911129456024	4.41327995185547	5.25217190376346
5.0817855203197	0.195077895983237	4.6992507584505	5.4643202821889
5.32612705958504	0.194106131634303	4.94559979744565	5.70665432172442
5.03061008356182	0.214796819907769	4.60947957605402	5.45174059106961
4.87254706024416	0.179700138957764	4.52016424223276	5.22492987825555
4.83086831756308	0.200166832375022	4.43839660075418	5.22334003437198
5.06687928291229	0.232069382798447	4.61181216376759	5.52194640205699
5.21108567933975	0.193601246762465	4.83150130415646	5.59067005452304
4.95947661707271	0.178152159596824	4.61020576776315	5.30874746638227
4.82855871990689	0.187330266025851	4.46119996409868	5.1959174757151
5.14490237391037	0.221927160058174	4.70980287615325	5.58000187166748
4.96070140310575	0.199527052642724	4.5694970923	5.3519057139115
4.72919530836414	0.203641089118744	4.32990536459874	5.12848525212954
4.87801991326358	0.199877311063834	4.48614012227395	5.2698997042532
4.88388401311605	0.209904531534281	4.47234339116993	5.29542463506217
5.22557993693034	0.21266034194585	4.80861753041481	5.64254234344588
4.82920569282914	0.235043570146476	4.36826731270592	5.29014407295236
5.34613751460558	0.22128518935993	4.91228159275584	5.77999343645533
4.7274490382387	0.199009650503871	4.33722938516838	5.11766869130902
5.1935470422099	0.207469700525597	4.78673420015149	5.6003598842683
4.99317671358093	0.199972571505084	4.60112691384429	5.38522651331757
4.85085229469524	0.210739416713576	4.43757112274674	5.26413346664375
5.15330616020842	0.182800264912269	4.7949242966963	5.51168802372055
5.013139803095	0.196762315550002	4.62730109992655	5.39897850626346
5.14434602233258	0.203479439846286	4.74538298095545	5.5433090637097
4.80997614731119	0.215905723806586	4.38666091426448	5.23329138035791
4.87891517464814	0.211571715533078	4.46409835251716	5.29373199677911
5.01487968364675	0.209611715948175	4.60386619105017	5.42589317624334
5.13915581984966	0.194062790416839	4.75858855257478	5.51972308712454
4.87877015604695	0.214359206961966	4.45844520788031	5.29909510421358
5.28614067013449	0.220160198840448	4.85442458481374	5.71785675545523
4.9189723985112	0.21418556750574	4.49895048323546	5.33899431378694
5.12494639287407	0.199899949314869	4.73294964665658	5.51694313909157
4.78907279208506	0.208626857790862	4.38002544801783	5.19812013615228
5.26082350652282	0.194795208942148	4.87884123836651	5.64280577467912
4.97465852351977	0.197624935844751	4.58708798527565	5.36222906176389
5.27198300199824	0.215069400025439	4.85026710023484	5.69369890376165
4.45854868577565	0.191901383845239	4.08228390748554	4.83481346406577
4.70875084116156	0.20485541354993	4.30711024303917	5.11039143928395
4.52024685569618	0.199455669623725	4.12903713609518	4.91145657529719
4.92466630751258	0.21054209512357	4.51172744780583	5.33760516721934
5.10489212878678	0.202328085831136	4.70817442823335	5.50160982934021
4.99733918745609	0.197772125855829	4.609577834159	5.38510054075319
4.85859581837485	0.207442139040648	4.45186445020783	5.26532718654187
5.09150335819172	0.199074479547038	4.70117145190573	5.4818352644777
5.10703564755959	0.193573033256552	4.72749714200788	5.4865741531113
5.12705552592724	0.211840785989117	4.7116087110008	5.54250234085368
5.1514427918976	0.217555522992428	4.72486152885821	5.57802405493699
4.7523851903541	0.215104975787275	4.33066482690082	5.17410555380739
5.45114249161373	0.210575309151357	5.03831414437254	5.86397083885491
4.84393892962982	0.189276172582846	4.47284379931946	5.21503405994019
4.81421516478675	0.196901401451584	4.42804653655254	5.20038379302095
5.09768087038549	0.206742703593056	4.69229935120554	5.50306238956545
5.51773158457497	0.204428181676802	5.11684786103659	5.91861530811336
5.19328279318432	0.20609388194155	4.78918303134777	5.59738255502087
5.05915701105632	0.201284463775502	4.66439051949866	5.45392350261397
5.13913742993588	0.199161818359602	4.74857154388551	5.52970331598625
5.07983555291973	0.210884114310534	4.66612924281778	5.49354186302168
4.96561698964436	0.205078967954594	4.56352708296073	5.36770689632798
4.95462431749926	0.191706961517824	4.57876105878495	5.33048757621357
4.8893187058579	0.187514186340629	4.5217233585677	5.25691405314809
5.07792289662571	0.19950959539071	4.68672622088252	5.4691195723689
5.05906043223684	0.213849606455352	4.63982002448448	5.4783008399892
5.02895127623811	0.199832309714107	4.63706386593214	5.42083868654408
4.95460177437299	0.192450038509168	4.57726412762073	5.33193942112525
4.85139497959574	0.195844991604626	4.46726145983618	5.23552849935531
5.06748144333805	0.197529662296831	4.68015779088892	5.45480509578718
5.28570478686915	0.211038476522282	4.87186624951064	5.69954332422766
4.83860054446518	0.206304385136083	4.43403848499035	5.24316260394
5.24598554296325	0.203123926156623	4.84772351904738	5.64424756687911
4.96110640508324	0.205349727673153	4.55848833289865	5.36372447726783
5.1239328974401	0.193795729434481	4.74399016399485	5.50387563088535
5.17338162086172	0.211430367774118	4.75888944896345	5.58787379275998
5.18668368332836	0.196735593781879	4.80093592249044	5.57243144416628
5.2547784977425	0.204399898394703	4.85400984218726	5.65554715329774
4.96438780781652	0.201384259513803	4.56956299165209	5.35921262398096
5.2019433345109	0.214236375483773	4.78165944786852	5.62222722115328
5.44993540000477	0.195957151694015	5.06567849839753	5.83419230161202
4.62177288944707	0.200274911718892	4.22907192977228	5.01447384912186
5.06416092311092	0.199961331296917	4.67208653289079	5.45623531333105
4.95736044848708	0.18584855803658	4.59299460843257	5.3217262885416
5.09792687903531	0.223168698314975	4.6602876074994	5.53556615057122
5.13688829608241	0.206366991675159	4.73220821747698	5.54156837468785
5.32179013883313	0.228644761159883	4.87352276004502	5.77005751762125
4.95731348270786	0.201412856095298	4.56240895480699	5.35221801060873
5.02053893343681	0.211760900040242	4.60534294119445	5.43573492567917
5.22016975252131	0.206056382575179	4.81610002755452	5.62423947748811
5.22553390276419	0.206497923898303	4.82064556679676	5.63042223873162
5.00149912551133	0.220152081223448	4.56984689718527	5.43315135383739
4.76912747111347	0.223482727052199	4.33095088042631	5.20730406180063
5.03450380253294	0.227321230033158	4.58872872198801	5.48027888307788
4.83499338250788	0.212528411039729	4.41832340775629	5.25166335725948
5.20794074817863	0.218796908566269	4.77889782486675	5.63698367149051
5.00482721631619	0.206629560835058	4.5995732338007	5.41008119883168
4.76735995505734	0.213329061674318	4.34895898590148	5.1857609242132
4.64453878433937	0.198272633241024	4.25582510144554	5.03325246723321
5.04558839270894	0.197714098924275	4.65790465373927	5.43327213167861
5.01091472773678	0.206753749173068	4.60551054642227	5.41631890905129
5.03907992326636	0.179522102164403	4.68707144969776	5.39108839683496
5.19092653379744	0.190301165659283	4.8178532915583	5.56399977603659
5.02876459039166	0.203970755214858	4.62873292967339	5.42879625110994
5.39040527796998	0.206415309389461	4.98574669656011	5.79506385937985
4.84246049753307	0.197963022632135	4.45436029466887	5.23056070039727
5.15351181181653	0.214363265198997	4.73322319855087	5.57380042508218
5.23751143345862	0.196646600665085	4.85180617851394	5.62321668840329
4.89464012274223	0.207257486201026	4.48825105300007	5.30102919248439
4.80652239907043	0.20222792037013	4.40991506984595	5.20312972829491
4.85271643538916	0.200804593813934	4.45901711887933	5.24641575189899
4.5481579521067	0.187007314253156	4.18142690897216	4.91488899524123
4.92031552947821	0.208478427400267	4.51153466995503	5.3290963890014
5.15701229956367	0.198283189897353	4.7682339573828	5.54579064174453
5.17257837459789	0.199779922860577	4.78087010227105	5.56428664692473
4.95566795010161	0.180705423462537	4.60135177280953	5.3099841273937
4.92167197724492	0.201023165663761	4.52750155437218	5.31584240011767
5.20796409993534	0.215436732224895	4.7855364590905	5.63039174078017
4.72005398473536	0.185014349840325	4.35729882984002	5.08280913963069
4.73431210727133	0.194009231183389	4.35389830971937	5.11472590482329
5.22001786216267	0.181321287803457	4.86451032072992	5.57552540359542
4.8556974412167	0.207714919549571	4.44843615083048	5.26295873160292
4.71928824842347	0.205476736936702	4.31637417816642	5.12220231868051
5.07633793481128	0.203887863441041	4.67656023686104	5.47611563276152
4.54617761869224	0.190233285532555	4.17316893835709	4.91918629902739
5.32737915775357	0.20144669197788	4.93235399382407	5.72240432168307
5.13829931847141	0.198927400519884	4.74827634684358	5.52832229009924
5.11815117499825	0.200981680841075	4.72409382370005	5.51220852629645
4.81554396697817	0.206223060242905	4.4112228175662	5.21986511639014
4.883133297381	0.1891219069932	4.51233597151113	5.25393062325088
5.1308927802357	0.208606823087581	4.72185486716533	5.53993069330607
4.93236276231615	0.204838432796615	4.53068158150592	5.33404394312638
4.92434210906498	0.202051267008494	4.52815527479311	5.32052894333684
4.89343457769331	0.212185760913518	4.47748178903372	5.3093873663529
4.8470861971527	0.208373738628731	4.43842828911342	5.25574410519197
5.15366360965196	0.203374422789504	4.75492844212317	5.55239877718074
5.05439008470968	0.203158000183249	4.656006943374	5.45277322604537
5.05641440546309	0.205663777017675	4.65319029618247	5.4596385147437
4.95374225009153	0.178321978322315	4.60412210637394	5.30336239380911
5.11396411961999	0.208608950529649	4.7048732829453	5.52305495629467
5.04919187536647	0.221614616612416	4.61472596846946	5.48365778226347
5.087373717059	0.178231376281398	4.73773723054826	5.43701020356975
5.2907321573116	0.204259688521299	4.89009557848125	5.69136873614196
4.9853643041596	0.224425955596915	4.54538466354163	5.42534394477758
5.40933345585028	0.199210945380885	5.01874959155734	5.79991732014322
4.65967652255957	0.209947085583455	4.24800267548764	5.0713503696315
4.8308836530713	0.203218386514108	4.43240590581528	5.22936140032731
5.23998522377043	0.180217788978227	4.886565063891	5.59340538364987
4.85437497088213	0.213494668659326	4.435684010389	5.27306593137526
5.00986751403969	0.201854609875327	4.61404339201433	5.40569163606505
4.85881633186243	0.237218038901908	4.39351438885586	5.32411827486899
5.16701527690401	0.201347349326464	4.77220234718736	5.56182820662066
5.17121469359972	0.187491405009282	4.8035447463081	5.53888464089134
4.83007613331933	0.197343205773582	4.44311725544905	5.21703501118961
4.5719463993542	0.20281579711761	4.17433675019801	4.9695560485104
5.08577302797001	0.221731946256099	4.65106984570206	5.52047621023797
4.84185438814668	0.205538671460331	4.43886901947205	5.24483975682131
4.97861578371671	0.203549569752183	4.57945385284843	5.37777771458498
4.89181169031548	0.187424256417048	4.5242922704226	5.25933111020835
4.56688372546609	0.195865392317754	4.18281256098151	4.95095488995066
4.61853272319509	0.184662069781332	4.2564222375853	4.98064320880488
5.04120327043728	0.215874571865831	4.61789442820038	5.46451211267417
5.39005431661936	0.19806439060557	5.00170560122453	5.7784030320142
4.74946063175277	0.203745493860639	4.35001124865126	5.14891001485427
5.21563452868866	0.200294821934291	4.82291805442278	5.60835100295455
5.20806879599854	0.207554669155312	4.80107488255297	5.61506270944411
4.98396996737165	0.212204566776001	4.56790659129749	5.4000333434458
5.06951465520716	0.197909409416845	4.68149954605677	5.45752976435754
5.42185057360609	0.209043072680776	5.01195736446149	5.83174378275068
5.12851373629385	0.210059732699106	4.71653364287162	5.54049382971608
5.01259396366333	0.190136901953464	4.63979079778116	5.3853971295455
4.95454198266244	0.187549830208415	4.5867989241999	5.32228504112498
4.61259604178105	0.185607665976604	4.24866963774726	4.97652244581485
5.20322925051761	0.179035628636877	4.85218514984185	5.55427335119337
4.78907371069599	0.213961876998999	4.36955043692311	5.20859698446888
4.85883006590285	0.196502198131368	4.47345780618349	5.2442023256222
4.62327454481302	0.21189655210458	4.20783565625716	5.03871343336887
5.22076321334477	0.220655760483712	4.78808388226656	5.65344254442298
5.40383800244791	0.202455568138056	5.00690578777392	5.80077021712189
4.98090032590542	0.206098328280057	4.57673650200419	5.38506414980665
5.10276564417331	0.19031034342205	4.72959784322397	5.47593344512265
5.28356272758151	0.183091947643029	4.92453928680295	5.64258616836007
5.17920681160975	0.18847514216788	4.80959128997768	5.54882233324182
5.02462645937626	0.209824046404019	4.61320220977267	5.43605070897985
5.03997487528454	0.218211250857003	4.61201001870685	5.46793973186223
4.83392070669504	0.19674645086764	4.44808554097622	5.21975587241385
5.11351971075293	0.20064967946942	4.72014850462138	5.50689091688448
4.92481664315795	0.225258009248892	4.48318151446621	5.36645177184968
4.76910732091486	0.204101783911589	4.36887295095123	5.16934169087849
5.37025486609117	0.187151028941515	5.00329852188392	5.73721121029841
4.96112012455691	0.208122572249709	4.55306909803613	5.3691711510777
4.4540678161421	0.202867202487145	4.0561622069538	4.85197342533041
5.06910207118372	0.192444534055939	4.69167146500585	5.44653267736158
5.10472539995297	0.213980195298556	4.68523760226334	5.5242131976426
4.74044749434452	0.207675273159395	4.33331145699402	5.14758353169503
4.93967289730037	0.201463425689747	4.54460184957859	5.33474394502214
4.99133738061211	0.214701930642242	4.57023816798874	5.41243659323547
4.71162436360786	0.203484361832831	4.31265701640348	5.11059171081225
4.7904902039352	0.217451911447001	4.36412298615134	5.21685742171906
4.9570293947055	0.218771741657935	4.52798322835598	5.38607556105502
4.93109922690591	0.212668536218066	4.51411626832257	5.34808218548925
4.78627856554848	0.19783463848216	4.39834996587408	5.17420716522287
5.1467164725789	0.209744149874759	4.73550514631223	5.55792779884557
4.9942309915524	0.204660715116641	4.59292885548026	5.39553312762455
4.99659293077509	0.214055244833582	4.57680909199149	5.4163767695587
4.74833802856999	0.193272649881529	4.36935136518859	5.12732469195138
4.89950169019948	0.219010826375204	4.47012907458259	5.32887430581637
4.71965305812793	0.187624600582807	4.3517953487703	5.08751076748555
4.90119884672502	0.19115303158839	4.5264159158628	5.27598177758724
5.05045994953518	0.200820724849903	4.65670921874799	5.44421068032237
5.2879078841041	0.206262503493928	4.88351782251218	5.69229794569601
5.05094647170075	0.204190248331798	4.65055832109792	5.45133462230358
4.72775915531443	0.212680343866787	4.31075149770167	5.14476681292719
4.97965474506941	0.196994640705445	4.59327609177465	5.36603339836417
4.93809994198408	0.206680515885168	4.53282054071757	5.34337934325059
5.04007328589918	0.199326628728732	4.64924181618933	5.43090475560903
5.21740176043203	0.196511961903945	4.83212866652461	5.60267485433945
4.92095776882913	0.198493090407669	4.53172770562619	5.31018783203207
5.1395428839077	0.203445331602531	4.74063173586873	5.53845403194667
4.97039762562479	0.212450088249025	4.55388830143708	5.3869069498125
5.05029646790078	0.199901318758385	4.65820306969786	5.4423898661037
4.86189240907661	0.206843350674004	4.45632113557695	5.26746368257626
5.13741094994876	0.222663733822566	4.70087354715849	5.57394835273903
5.17146887890025	0.211075413134445	4.75755632987144	5.58538142792907
4.77472605573885	0.233596999585535	4.3167047802791	5.2327473311986
5.00086952867598	0.204097102708769	4.60064915722649	5.40108990012547
5.05765690864161	0.210722276764719	4.64448663694519	5.47082718033803
5.12099603820222	0.223549561194879	4.68268697188722	5.55930510451723
4.81876913475996	0.185926573029533	4.45425246971939	5.18328579980054
4.96652762987692	0.185370416822806	4.60298130705261	5.33007395270123
5.0909093501653	0.203532410437055	4.69178897795047	5.49002972238013
5.0929275460087	0.195462796862856	4.7096801634478	5.47617492856961
5.10109360160594	0.198983826458234	4.71094483255779	5.49124237065408
4.94987849889924	0.205330611993965	4.54728976239677	5.3524672354017
4.82045306934019	0.202832237663708	4.42273478389285	5.21817135478753
4.81916163105153	0.208869038067757	4.40962727510606	5.228695986997
4.93639850875965	0.212202727559215	4.52031549106855	5.35248152645075
4.91619043732507	0.200131087760324	4.5237601266855	5.30862074796464
4.93844025699004	0.182536700402952	4.58047203163823	5.29640848234186
4.92984194650028	0.204043703711323	4.52981740205652	5.32986649094405
5.27419561422107	0.208739733813122	4.86488709879334	5.68350412964881
5.07253616300703	0.205433741104053	4.66966427511318	5.47540805090089
4.93602891085922	0.201805887215198	4.54037025563678	5.33168756608165
5.16979854016937	0.205954760417528	4.76602067024801	5.57357641009074
5.06885214788097	0.198793052959236	4.67908580084011	5.45861849492183
4.90143177828362	0.19836436962616	4.51237225425272	5.29049130231452
4.77658349789422	0.191875217931242	4.40026121959276	5.15290577619569
4.74337229546128	0.195278268372208	4.36047860713903	5.12626598378353
5.29616958328672	0.19966828994733	4.90466659483859	5.68767257173486
5.05287646449554	0.199747636258918	4.66121600592292	5.44453692306816
5.1604101242198	0.174154110938479	4.81897272617692	5.50184752226269
4.77325587169263	0.198532513291687	4.38389068576664	5.16262105761862
5.03170039423931	0.220271595663405	4.59980211801322	5.4635986704654
4.96800519896872	0.190977135610797	4.593566416672	5.34244398126544
4.90603215786124	0.202457023419588	4.50909345001582	5.30297086570667
5.09528533700151	0.200364695012755	4.70239472066404	5.48817595333897
4.91598273441323	0.193228781549855	4.53709353371632	5.29487193511014
5.24367903591525	0.195371983375489	4.86059457611582	5.62676349571467
4.83718550103241	0.19897910882695	4.44697994575518	5.22739105630964
5.13523006352028	0.198674505683872	4.74559628427428	5.52486384276627
5.0033043877838	0.212002491515071	4.58764718898097	5.41896158658663
5.00688007353504	0.205502745440091	4.60396968188657	5.40979046518352
5.22281216173317	0.197357314258042	4.83590481978707	5.60971950367926
4.84134817216696	0.197514670275806	4.45401797107372	5.22867837326019
4.79170897010418	0.200703527129717	4.39800437955606	5.18541356065229
5.21718325103754	0.198291512784403	4.82837949266161	5.60598700941346
5.20010414841353	0.189060830824262	4.82932884546161	5.57087945136545
5.06347164178526	0.218236831815836	4.63546991050656	5.49147337306397
4.77840982238302	0.209010283970409	4.36861615463998	5.18820349012607
4.78075394515379	0.196101754981461	4.39627030951489	5.16523758079269
5.04171233379638	0.201550658634434	4.64655463215787	5.43687003543489
5.17894933092197	0.190175507109794	4.8060354068544	5.55186325498954
4.97582861594015	0.203665371229253	4.57648891425472	5.37516831762557
4.89374910837428	0.220723463572591	4.46082770052425	5.32667051622431
4.89148358104975	0.205996809596073	4.48759190308647	5.29537525901303
5.03174552195039	0.177480238213521	4.68371292082979	5.37977812307098
5.18521137891234	0.18553083096536	4.82141704763197	5.5490057101927
5.12891678399699	0.229447168376051	4.67895626764232	5.57887730035165
5.58737928554195	0.207651699367172	5.18024146751986	5.99451710356404
5.05896713086412	0.207194845565713	4.65272515090075	5.46520911082749
4.90494902253512	0.21717243522937	4.47912135047084	5.33077669459939
4.67818699509865	0.191742744044326	4.30225308336137	5.05412090683593
5.17558359544584	0.196562657534476	4.79021444595936	5.56095274493231
4.65136828811926	0.194383025103577	4.27026047636993	5.03247609986859
5.0191030994931	0.204952736373715	4.61726117172118	5.42094502726502
4.96626701952131	0.214451771560089	4.54561569906122	5.3869183399814
5.22203010854482	0.188242704309214	4.85290799238579	5.59115222470386
5.20367369451064	0.201549870226646	4.80848900618834	5.59885838283294
5.11828750494535	0.218479453907252	4.68974393364971	5.54683107624099
5.06505025721246	0.200556029100749	4.67180223456434	5.45829827986057
4.86408926194683	0.192410028181796	4.48675169543549	5.24142682845816
5.12976868482905	0.191033710680882	4.75519398115397	5.50434338850414
4.90118923354647	0.225996806892685	4.45790786870865	5.3444705983843
4.75499219783887	0.20114685564097	4.36054648863559	5.14943790704214
4.99833236052436	0.212630971610019	4.58134326765767	5.41532145339105
5.15042304583711	0.221730938005289	4.71558560510149	5.58526048657273
4.98327903116817	0.20158336451588	4.58797757062715	5.37858049170919
5.33396568748504	0.20564293645089	4.93077825691814	5.73715311805194
4.99577103914702	0.189806690460886	4.62362701792316	5.36791506037088
4.73566379206364	0.220977699993921	4.30239833146931	5.16892925265797
4.87748759084644	0.196217691802414	4.49271196407773	5.26226321761515
5.02693205299399	0.201793552165497	4.63130996063002	5.42255414535796
5.24148120150484	0.200472223675197	4.84839399374145	5.63456840926824
5.19308532996455	0.204906453188073	4.79136347369416	5.59480718623494
5.15044253564801	0.209251333926407	4.74011610766143	5.56076896363458
4.99890131810829	0.208902858383537	4.58923522901255	5.40856740720403
4.9674365140198	0.202856718703033	4.56969095033112	5.36518207770847
4.81239375437998	0.191925702007505	4.43599526800417	5.18879224075579
4.92523583810425	0.210534056204058	4.51234270782513	5.33812896838337
5.08154699511921	0.206051376719345	4.67741298023391	5.48568101000452
5.19168897186272	0.203784373021622	4.79209208693047	5.59128585679498
4.86404089537761	0.204120088880941	4.46383194927759	5.26424984147763
5.06666995214614	0.186890510723584	4.70013131301084	5.43320859128143
4.77949335683563	0.208700319955319	4.37027066550272	5.18871604816854
5.14399385940439	0.223031680735437	4.70662468694372	5.58136303186505
4.97889136911977	0.210021261516622	4.56698662902103	5.39079610921852
5.05297896004478	0.204286271590178	4.65245616203517	5.45350175805438
5.07491041310992	0.192387959121893	4.69764205435462	5.45217877186522
4.95798080667798	0.199131851330127	4.56745459079861	5.34850702255735
5.14841137335798	0.198047774043763	4.75995419932746	5.53686854738851
5.22317855772345	0.189369587777091	4.85189690619029	5.59446020925661
4.82537063703637	0.20801850658697	4.41747145736898	5.23326981670377
5.16749555433319	0.216001270123006	4.74394722460308	5.59104388406329
4.91293130345662	0.183964293721265	4.552251477415	5.27361112949823
5.02252100985959	0.211818882464476	4.607181013048	5.43786100667119
5.18590391447323	0.203795542765878	4.78629798733718	5.58550984160928
5.17331509480972	0.200017696133147	4.78111809414895	5.56551209547049
5.38580379492021	0.210022463244683	4.97386382265635	5.79774376718408
5.09524207279398	0.190552607979501	4.72158286690499	5.46890127868298
4.94504185786954	0.20370196761384	4.54557638107694	5.34450733466214
5.18781650255244	0.231817496936275	4.73314527494431	5.64248773016057
5.05246155609153	0.196487310108195	4.66722742562386	5.4376956865592
4.72722094611833	0.195523783303559	4.34381913876633	5.11062275347033
5.13596810647437	0.22180103326681	4.70104271518878	5.57089349775997
5.04024762554429	0.191888959265412	4.66401347953813	5.41648177155045
5.32167159081392	0.212994553912946	4.90402471049623	5.73931847113161
5.18039641081398	0.200011888176371	4.7882069940021	5.57258582762586
5.21642663312961	0.195129767348304	4.83379932032948	5.59905394592975
5.07145019334148	0.194115813621892	4.69081184210228	5.45208854458068
4.96594609822484	0.198956756051008	4.57582294992007	5.35606924652962
4.8981645846454	0.194328443609215	4.51702184244786	5.27930732684293
5.24351053423221	0.213258381916608	4.82525144582068	5.66176962264373
5.43976875483974	0.211938661741093	5.02419392635442	5.85534358332506
5.33353357023233	0.231905095631607	4.87885852207879	5.78820861838586
5.11252432563399	0.221677180515795	4.67789939236925	5.54714925889874
4.70654404955524	0.176038948523919	4.36137016986592	5.05171792924456
4.83811893528922	0.184539088586742	4.47622767996388	5.20001019061457
5.19280892726553	0.221253115854873	4.7589726081517	5.62664524637935
5.19510370728212	0.198444897385091	4.80604151907968	5.58416589548455
5.34155838716348	0.202875434112788	4.94374842456596	5.739368349761
4.61043139260864	0.208297316021547	4.20194567267853	5.01891711253875
5.15384251769283	0.22546657681702	4.71178763774632	5.59589739763935
4.9499038266214	0.215321717064557	4.5276154182069	5.3721922350359
4.87769990488837	0.19958145021021	4.48636179622888	5.26903801354785
5.15513295627817	0.176185004977445	4.80970579445424	5.5005601181021
4.80372018953761	0.204420091348635	4.40287732499333	5.2045630540819
4.91834067393321	0.187196063020592	4.55133503327428	5.28534631459213
4.593258028389	0.224440436435258	4.15318169476996	5.03333436200805
5.17654747914475	0.203536917212443	4.77739075991564	5.57570419837386
5.22470429891496	0.185152205259998	4.86169546271426	5.58771313511566
4.83551654895739	0.189989823041737	4.46291643570637	5.20811666220841
4.95148914432192	0.20218832304726	4.55500771159085	5.34797057705298
5.00469925821058	0.204641260888626	4.60343401534323	5.40596450107793
4.84980942412415	0.194289948691742	4.46880894902469	5.2308098992236
4.92870250004595	0.185593700693662	4.5647898146465	5.2926151854454
4.85172256601777	0.219062447798948	4.4221360491014	5.28130908293414
4.70715401307273	0.2021034268409	4.31085830231926	5.1034497238262
4.99955908875304	0.200569806050062	4.60627036133208	5.39284781617399
5.3574272118987	0.194780974571558	4.97554606530119	5.73930835849621
5.11957636798651	0.188485810031532	4.7498638703434	5.48928886562962
5.0070504208908	0.20135620743181	4.61217250520851	5.40192833657309
4.67892120411742	0.220980279747881	4.24568146489611	5.11216094333872
5.24469276521614	0.215710325010538	4.82176865527068	5.66761687516161
5.03829108356791	0.206500702535097	4.63336219689209	5.44321997024374
4.96587266244037	0.218159225220998	4.53813838735381	5.39360693752693
5.48391464011963	0.208434496629158	5.07528963401443	5.89253964622482
4.78945509836	0.208527780542556	4.3806225905009	5.1982876062191
4.7497030124375	0.222887119892586	4.31260353960509	5.18680248526991
5.02677325414051	0.196544945654189	4.64142529062284	5.41212121765817
4.91711011548256	0.195231826691927	4.53428231415642	5.2999379168087
4.94419042379541	0.194296756436009	4.56319191569627	5.32518893189455
4.86797826740278	0.191038912858089	4.49337736526612	5.24257916953943
4.67152800198765	0.219516986169257	4.24108736523084	5.10196863874446
5.22603931287928	0.197277001063879	4.83925530484813	5.61282332091043
5.10187605836973	0.200294326645271	4.70917915087444	5.49457296586503
5.04871420216651	0.224599046944039	4.60819747700043	5.48923092733259
5.00174437181519	0.210372783210444	4.58925112544798	5.41423761818239
5.01818425172463	0.194738370032875	4.63633252968337	5.4000359737659
4.95689693507266	0.215339286541225	4.53466836919855	5.37912550094677
5.29773438874283	0.196252027537126	4.9129249586363	5.68254381884937
4.8509804813788	0.206388586562864	4.44630642202036	5.25565454073725
5.08347468802787	0.193531010526107	4.70392841188502	5.46302096417071
4.68102857001189	0.200455950212763	4.28794673476807	5.07411040525572
4.70531541939876	0.207890457723014	4.29773900659167	5.11289183220584
4.68115082855429	0.194765915107644	4.29925061737474	5.06305103973384
4.75878253399859	0.205101212201279	4.35665572136746	5.16090934662973
5.00408039515263	0.190526482067518	4.63049305878165	5.37766773152361
4.9942895152519	0.21086897275691	4.58082555300846	5.40775347749534
5.02534247038735	0.189324262703266	4.65414545487939	5.3965394858953
5.05002851573173	0.207538061030699	4.64297876779973	5.45707826366374
5.13368306247276	0.185580689520923	4.769797586749	5.49756853819651
4.93756691329426	0.199731052447958	4.54587722428322	5.32925660230531
4.69258747001763	0.210076369296327	4.28069554426803	5.10447939576724
4.63272264999064	0.221740937797312	4.19798255783867	5.06746274214261
5.23512479213982	0.19683668776252	4.84918084890231	5.62106873537733
4.89812439102372	0.214958593243744	4.47665348837102	5.31959529367641
4.91067409288102	0.200542017692516	4.51741177399578	5.30393641176625
5.24995540921597	0.204169734883567	4.84962548552189	5.65028533291006
5.16151869104991	0.204189849610818	4.76118642850675	5.56185095359307
4.96935245411445	0.187620056964438	4.60134283793631	5.3373620702926
5.26371747885693	0.221577717146473	4.82915738018193	5.69827757753193
4.77486529851122	0.191322909738726	4.39970920865892	5.15002138836351
5.04554560230484	0.190781164043602	4.67145146918243	5.41963973542726
4.83789567186289	0.199878930298618	4.44596192541508	5.22982941831069
4.59357210369198	0.200199568816829	4.20107498602116	4.98606922136281
4.82744120464428	0.230794258741827	4.37497741076513	5.27990499852343
5.05830658204502	0.20294560189157	4.66039069386364	5.4562224702264
4.81886380569545	0.215865394717043	4.39557376021858	5.24215385117232
5.15746907167874	0.20530034172655	4.75483599085418	5.5601021525033
5.04420836784274	0.185034409514907	4.68136567357001	5.40705106211547
4.90662922602884	0.214694754089688	4.48569935900863	5.32755909304905
4.918109716589	0.209547493267586	4.50729066842876	5.32892876474924
4.87752365571462	0.186414114210292	4.51204380010618	5.24300351132307
5.0302026485895	0.211790998225352	4.61488140652988	5.44552389064912
5.27699153584326	0.201666566498409	4.88150639239719	5.67247667928934
5.00469981986343	0.189880741905453	4.63229966068918	5.37709997903767
4.93856903998157	0.19020510421033	4.56558489299476	5.31155318696838
4.93328181637439	0.2028446235495	4.53561017320907	5.33095345953971
4.97520806722229	0.214289587916102	4.55496236392941	5.39545377051517
4.99316267732652	0.212749625002115	4.57602455299737	5.41030080165567
4.9072545936886	0.21081815214605	4.49393033353448	5.32057885384272
5.00601486472128	0.205439994724478	4.60313022686941	5.40889950257315
5.22852721538459	0.196600071805436	4.84299533927067	5.6140590914985
5.16429573388921	0.199934640896544	4.77225116137628	5.55634030640215
5.04257525805298	0.19426103599744	4.66165539405867	5.42349512204729
4.832295855134	0.18364632802716	4.47215310148164	5.19243860878635
4.86963914118328	0.247563445041398	4.3839678199972	5.35531046236937
4.89520238777754	0.209097593754429	4.4852393560624	5.30516541949268
5.00091475070528	0.221579555701746	4.5664703056621	5.43535919574845
4.73810017766298	0.191618901292304	4.36234023031007	5.11386012501588
5.11850751276992	0.217570921705979	4.69177914238815	5.54523588315169
4.66228672641682	0.193341116685791	4.2831670631757	5.04140638965794
5.00365707893739	0.205509584410678	4.6006177346496	5.40669642322517
4.83625962177073	0.197194147514532	4.44948293585433	5.22303630768713
4.88996185899506	0.200313582426018	4.49722277861637	5.28270093937376
4.87768739476811	0.207564896128657	4.47063460082578	5.28474018871045
4.97871514696892	0.203828830278076	4.57901019725864	5.37842009667921
4.51469927728946	0.193454106649476	4.13530729441895	4.89409126015998
4.9474239128264	0.207870345828452	4.53986069574665	5.35498712990614
5.03847749900936	0.19846139373198	4.6493234033657	5.42763159465301
5.02136535326046	0.203273835036571	4.62284754197566	5.41988316454526
4.91557559182753	0.198234777516364	4.52686020729713	5.30429097635793
5.03210590922135	0.217436405844827	4.60577766923694	5.45843414920577
5.11457979069826	0.208142666477385	4.70644387283745	5.52271570855907
4.72009404840414	0.200860595129106	4.3262432562879	5.11394484052038
5.05529768000689	0.204174177426666	4.65497874181496	5.45561661819881
4.59111363890921	0.219271510391669	4.16121420329596	5.02101307452246
5.1106975332459	0.194004750853994	4.73036512399289	5.4910299424989
4.97999812786166	0.206938707146858	4.57427184767117	5.38572440805215
4.99446703280915	0.18494417651825	4.63182431655773	5.35710974906057
4.78651934740754	0.206903124624043	4.38082138288738	5.1922173119277
5.15929383925039	0.203126534011227	4.76100496537283	5.55758271312796
4.88797108861921	0.193606174876771	4.50827427504272	5.2676679021957
4.89582360006224	0.219025056905711	4.46633953156733	5.32530766855714
5.03543433722935	0.207786963205504	4.62803768706768	5.44283098739102
5.01018159080136	0.178396634018456	4.66039547646812	5.3599677051346
5.08031971337085	0.202512054648535	4.68327483584398	5.47736459089772
5.07873055651319	0.196718709484722	4.69295090114809	5.46451021187828
5.30084903442134	0.201110950912302	4.90659000940745	5.69510805943524
5.32399030572654	0.198039888936505	4.93572662857977	5.7122539828733
5.10230115013108	0.188158001580159	4.73332069967537	5.47128160058679
4.8557706731611	0.198319217389874	4.46686620709929	5.24467513922292
5.31306322971928	0.197194560563415	4.92642065828874	5.69970580114981
4.83859600418645	0.225830910650987	4.39568720543935	5.28150480293355
5.25379722224386	0.196050477952409	4.86941591035454	5.63817853413318
5.17055514422582	0.208437230113923	4.76182603788369	5.57928425056795
4.81667214781269	0.209986653255197	4.40495122944892	5.22839306617645
4.88793749221837	0.201884825030413	4.49207320281219	5.28380178162455
4.96939434328433	0.197439184867216	4.58229485305081	5.35649383351784
4.89199490583695	0.206577526141001	4.48697623170473	5.29701357996916
4.80709985209029	0.192222309709175	4.43023663519112	5.18396306898945
4.39075574392382	0.184432301058117	4.02908945282322	4.75242203502442
5.09991028698107	0.18759742159969	4.73197012659761	5.46785044736454
4.75642992590164	0.233321716097601	4.29885632552428	5.21400352627899
5.38763193305662	0.203392352073705	4.98885302805039	5.78641083806285
4.86862382652409	0.206349575986265	4.46393758298573	5.27331007006244
4.9749903675481	0.194707618042421	4.59325432925762	5.35672640583858
4.99127870729812	0.209171983887258	4.58111253656898	5.40144487802726
5.02393547393868	0.175884062610051	4.67904918524269	5.36882176263467
4.92428539493548	0.197648570224008	4.53674042056762	5.31183036930334
5.37303598386792	0.213282612101171	4.95482901325026	5.79124295448559
5.0726366930889	0.224858296898836	4.63146117918266	5.51381220699514
5.16750078572109	0.197117024829058	4.78095690679561	5.55404466464657
4.80173801114281	0.198978685008709	4.41161609209487	5.19185993019075
4.96116062930507	0.208574183712766	4.55222671187584	5.3700945467343
4.76836999824944	0.224859549453095	4.32702285188776	5.20971714461113
5.16995387649213	0.193465110971062	4.79060685341425	5.54930089957001
4.88411453963854	0.203414742927574	4.48524336041466	5.28298571886242
5.08596487258982	0.202224480763904	4.68943260595458	5.48249713922505
4.77643560300598	0.203085502858808	4.37823525409478	5.17463595191717
4.87788550670484	0.213946903165673	4.4582779000987	5.29749311331099
5.2223616999553	0.193144310515775	4.8436900543654	5.60103334554521
5.16497990830568	0.21290755635389	4.74752502595071	5.58243479066065
4.73637439776434	0.198076441938124	4.3479889025654	5.12475989296329
4.69063239976922	0.203819086963225	4.29102971269846	5.09023508683999
5.05730257018659	0.211703082585343	4.64217898344737	5.47242615692581
4.72587094591076	0.208958122567444	4.31622429932248	5.13551759249904
5.03819319002169	0.208993102445301	4.62840142074825	5.44798495929513
5.01749800361549	0.198415552312986	4.62838674413377	5.4066092630972
5.11006406806784	0.195133486401939	4.72730596001834	5.49282217611734
5.22038007141199	0.220531970862824	4.78798529415179	5.65277484867218
4.9345319744187	0.208859810300458	4.52503444183545	5.34402950700196
5.25860442908638	0.218314738855122	4.83050840936755	5.68670044880521
5.29954987435236	0.204627956256961	4.89831449434672	5.70078525435801
4.81889099979744	0.205730572234725	4.41555579418509	5.2222262054098
4.86579065352579	0.195979524654633	4.48157441478948	5.25000689226211
5.11771809331577	0.211856080998552	4.70222276185206	5.53321342477949
4.80993725884217	0.207612825046985	4.40290103632582	5.21697348135852
4.9201832161395	0.202039088559916	4.52411693871221	5.31624949356678
4.90942345465891	0.205804196849298	4.50591282594781	5.31293408337001
5.07147200473165	0.208070507652633	4.66353629896639	5.47940771049691
4.93896044922622	0.190657905832664	4.56515700219832	5.31276389625413
5.01741116770293	0.203422597776861	4.61857163422342	5.41625070118244
4.66829217180543	0.2079755364086	4.26047591053645	5.07610843307441
4.61604971135845	0.199812414756312	4.22426719898434	5.00783222373255
5.19060939698047	0.205265847146124	4.78812844165356	5.59309035230739
4.82203670886328	0.191256517173253	4.447027971572	5.19704544615455
4.91549546872911	0.211239873273493	4.50136968989667	5.32962124756154
5.16540035538055	0.197928931089908	4.77729526475894	5.55350544600215
5.26511492919865	0.198600736936441	4.87566547818065	5.65456438021666
5.32603072227773	0.21700013954324	4.90048007656273	5.75158136799273
5.05601706945821	0.202584555299374	4.65876560459798	5.45326853431845
4.5915561576535	0.210264337147381	4.17934417597888	5.00376813932812
4.98569260731962	0.20134625574643	4.59082905642435	5.3805561582149
4.87222389593286	0.211504803228771	4.45753949184833	5.28690830001739
5.03684637791143	0.216697687528659	4.61202206019731	5.46167069562555
4.97657082512061	0.185178025799967	4.6134813578802	5.33966029236101
5.04699182227037	0.205912402704365	4.64326017736893	5.45072346717182
4.90585167959822	0.211657036719368	4.49088086214281	5.32082249705362
5.21054329415188	0.218590659967792	4.78187329201444	5.63921329628932
5.01912200128978	0.220844092868556	4.58615064124854	5.45209336133101
4.89899134238687	0.197542838881442	4.51170247779403	5.28628020697972
5.00703476666032	0.203096629471162	4.6088472444224	5.40522228889823
5.05291800992408	0.199514924214416	4.66173185165744	5.44410416819072
5.10196971392985	0.205085388607631	4.69988487060875	5.50405455725095
4.65705226046357	0.200293374260252	4.26431638321469	5.04978813771245
5.17203083827356	0.202942714952996	4.77412481312092	5.5699368634262
5.13218001544306	0.202018504043216	4.7361277873448	5.52823224354132
4.75329663405078	0.195100903850328	4.3707433437018	5.13584992439976
5.23075522079799	0.195462245154199	4.84753388150726	5.61397656008872
5.01378970301284	0.194800033092001	4.63181594392047	5.39576346210522
5.13221868695613	0.208848094718975	4.72274978747415	5.54168758643812
4.54777652593533	0.2137251357658	4.12872691409262	4.96682613777805
5.19729979420381	0.235915865998394	4.73478552936653	5.65981405904109
4.97147372601693	0.204471066693909	4.57055727117531	5.37239018085856
5.13277974221995	0.189228098738936	4.7617766647706	5.50378281966931
4.91076789765703	0.208829106017035	4.50132242759043	5.32021336772363
4.57880282417333	0.206659988940721	4.17364543410469	4.98396021424198
4.74159809301755	0.193503600498313	4.36207680543145	5.12111938060366
5.00092516568346	0.218902374528853	4.57172242277806	5.43012790858887
5.26458186807887	0.210479942765504	4.85187397152293	5.67728976463481
4.58947761370235	0.194728366027445	4.20763830296659	4.97131692443812
5.09412661033151	0.19820052821898	4.70550082157586	5.48275239908716
4.95880985709372	0.19422552329083	4.57793915114149	5.33968056304595
5.10977278631377	0.197579146574831	4.72238763539007	5.49715793723747
5.19813222155559	0.202634169893562	4.80061403602241	5.59565040708877
5.0377954406518	0.206596158726594	4.63271362329227	5.44287725801132
4.9945627678037	0.196266964501792	4.60970202731206	5.37942350829534
4.88313414391482	0.204819569820256	4.48151213670355	5.28475615112609
4.812976163999	0.211054787473921	4.39912432735526	5.22682800064274
5.05213307964579	0.191834363859936	4.67600471272862	5.42826144656295
4.98390848690204	0.18999925241064	4.61132322545343	5.35649374835064
4.82472391564061	0.209766053609558	4.41347539829616	5.23597243298506
5.0908585306669	0.199445956835781	4.69971706573731	5.4819999955965
4.83307443826691	0.200974299105103	4.4390029199357	5.22714595659812
4.88393061764557	0.198974787904012	4.49384208241462	5.27401915287653
4.76135562454855	0.196672936264405	4.37576240256555	5.14694884653154
4.86062108000809	0.205092368462693	4.4583385141008	5.26290364591537
4.99343122581335	0.222783768106251	4.55644238242936	5.43042006919734
5.11803423521427	0.185320449196297	4.75464390111977	5.48142456930876
4.69566307745868	0.212251620920914	4.27952171760688	5.11180443731048
5.08880316500173	0.208531198953812	4.67986823199422	5.49773809800924
4.8406821098259	0.193534026893726	4.46113289535652	5.22023132429527
5.1237637646749	0.196958324989013	4.73756840998087	5.50995911936893
4.59787677526869	0.198760548890364	4.20806799118084	4.98768555935655
4.72324925790591	0.200902878709537	4.32933250523268	5.11716601057914
4.76869521541673	0.200929084116871	4.37474526255608	5.16264516827738
4.81842424426274	0.195751118223419	4.43458379554778	5.2022646929777
4.98606354971257	0.187005649265406	4.61936997487749	5.35275712454766
4.86152189501327	0.21141574781848	4.4469585572899	5.27608523273664
4.94022350174223	0.19442032267448	4.5589670931726	5.32147991031187
5.25299991690104	0.209484457678474	4.84219634495822	5.66380348884386
5.31844787964196	0.215836893349726	4.89513398376075	5.74176177552318
5.24659557942692	0.207401514812167	4.83989562696605	5.65329553188778
5.02842115705648	0.198434093155186	4.63933998712567	5.41750232698728
4.99745319399277	0.196537036167342	4.61213283926424	5.3827735487213
5.33272093587774	0.18598046866644	4.96787308528455	5.69756878647092
5.06234918342829	0.195061525406552	4.67994825609626	5.44475011076031
4.96853268709984	0.184776634471998	4.60622235688059	5.33084301731909
4.71632792799592	0.192641707953878	4.33853157063843	5.09412428535341
5.20376361715098	0.196615177388032	4.81820745249719	5.58931978180478
4.91590424462651	0.218871444304521	4.48675199641267	5.34505649284034
5.07999069830995	0.207686403119727	4.67271582216412	5.48726557445578
4.32480544986793	0.2019974181915	3.92867710131037	4.72093379842549
4.88546770664841	0.196013842778783	4.50110200076042	5.2698334125364
5.21172084076702	0.226131555384875	4.7683709401584	5.65507074137565
4.99210751590987	0.216608089650963	4.56731109839427	5.41690393342548
4.86631752928652	0.217276837085399	4.44029276222709	5.29234229634594
4.82410115464111	0.200502356074622	4.43088522485229	5.21731708442992
5.0985730545818	0.197516587001468	4.71130858794115	5.48583752122245
5.41631811568854	0.209663423159517	5.00515453170486	5.82748169967222
5.00800300616575	0.22858737887526	4.55979353029843	5.45621248203307
4.95452819601341	0.173312818295328	4.61467176815299	5.29438462387383
5.16347909336526	0.204472407503506	4.76258619375677	5.56437199297375
4.89524344804725	0.206828276180372	4.48966575183159	5.3008211442629
4.91225239107359	0.197095386249752	4.5258131507998	5.29869163134738
4.84440890277031	0.201156319809057	4.44993590082603	5.23888190471458
5.0561523196304	0.199697488357906	4.66462865751722	5.44767598174358
4.91787148502038	0.223979298323681	4.4786940937885	5.35704887625227
5.06464852654089	0.221797269506148	4.62978387581205	5.49951317726972
5.05589384151976	0.198493190694391	4.66668947645511	5.44509820658442
5.04771779583711	0.206346698048273	4.64309739198827	5.45233819968596
4.95755729831791	0.206756191797384	4.55215671114605	5.36295788548978
4.76874402600988	0.201359262278528	4.37391121325972	5.16357683876004
5.03311641317096	0.214394137602906	4.61273361440889	5.45349921193303
4.9692154669232	0.204520168913603	4.56813503754195	5.37029589630445
5.24193742105671	0.212539656550623	4.82517278734454	5.65870205476888
4.9314563948917	0.221718977543825	4.49676859095038	5.36614419883303
4.82389952748365	0.18978179441738	4.45174397908423	5.19605507588308
4.90985562996485	0.195986619061968	4.52543739227049	5.29427386765921
4.92837970492079	0.203169912277949	4.52998855097816	5.32677085886342
5.08385627233236	0.187691487026657	4.7158402690178	5.45187227564692
4.89568181083527	0.209157541795653	4.48561661672657	5.30574700494398
4.8222624051065	0.211406286219062	4.40772879699052	5.23679601322249
5.15547430758523	0.186387212549866	4.79000500872009	5.52094360645036
4.97025461752602	0.186906983870137	4.60371598470079	5.33679325035125
5.17264680920014	0.214081289226535	4.75292605262408	5.59236756577621
5.11787505149393	0.204478725874243	4.716961023872	5.51878907911586
5.05681809273833	0.184559410901982	4.69488138529026	5.4187548001864
4.7115594143996	0.212757863244412	4.29442652131121	5.12869230748799
4.99265322505462	0.209003564330582	4.58264050229239	5.40266594781686
4.64397686727481	0.21370837020197	4.22490614000991	5.0630475945397
4.8429765338656	0.204698293443372	4.44160545701505	5.24434761071616
4.92115301376226	0.20497374282065	4.51913100312331	5.32317502440122
4.66040444819851	0.20417871356336	4.26000804609591	5.06080085030112
5.05720064318106	0.222585889777019	4.62071305896097	5.49368822740116
4.9002889748586	0.202235892461814	4.50379162992898	5.29678631978823
5.11977805287031	0.215855927359348	4.69654468329813	5.54301142244249
5.09670348039454	0.185379789851946	4.73318521002942	5.46022175075967
4.95596950134171	0.190545467641385	4.58243940421052	5.3294995984729
4.87805455306603	0.196420628241383	4.49291688675736	5.2631922193747
5.00982851907655	0.198823465114005	4.6199569065664	5.39970013158669
5.12413637608898	0.199583243474543	4.73267250614363	5.51560024603432
5.18080635119494	0.215545221997429	4.75815179042078	5.6034609119691
4.90954283353257	0.209117981565048	4.49954906926206	5.31953659780308
5.13950805575648	0.200707204436366	4.74592063478749	5.53309547672546
5.11506750285009	0.226297561636004	4.67124621562894	5.55888879007124
5.03987793580332	0.209895512338782	4.62834001942051	5.45141585218613
4.76715124003158	0.203836639853919	4.36752632036053	5.16677615970263
5.00266913933352	0.212054733396441	4.58678411405998	5.41855416460706
4.97325469138795	0.210528801717801	4.56048432088868	5.38602506188723
5.18885045469173	0.201597231835555	4.79354644203379	5.58415446734966
5.14092026758254	0.204529295521637	4.73989108145609	5.54194945370899
5.36096753581998	0.212197338313938	4.94494309124333	5.77699198039664
5.18919032839684	0.207901903900954	4.78157314205638	5.59680751473731
5.26065523208104	0.204848557705905	4.85894638251485	5.66236408164723
4.91093975505603	0.202577349835217	4.51375656997094	5.30812294014112
5.05172893215131	0.208292338279019	4.64324163154578	5.46021623275683
5.11705510380845	0.210920750605066	4.70352409564585	5.53058611197106
5.27547910083208	0.200810940829659	4.88171634525562	5.66924185640854
4.62975484277325	0.202277797623421	4.23308592269571	5.02642376285079
5.28972280997108	0.204254065012908	4.88921299470476	5.69023262523741
5.12555574651218	0.18524563865337	4.76236145202419	5.48875004100017
5.08466598469598	0.235916840889037	4.62211002041399	5.54722194897797
4.69865384182742	0.191880611645643	4.32242812777002	5.07487955588482
4.93893719786136	0.207396045796451	4.5322814504034	5.34559294531933
4.97618534431124	0.180989259216088	4.62127786918057	5.33109281944191
4.92012377620352	0.209606823398024	4.50902727650273	5.33122027590432
4.71298715356903	0.206245400678399	4.30864061955393	5.11733368758413
4.90930391535278	0.209882949322739	4.49776354244281	5.32084428826275
5.02276678940171	0.204500197575937	4.62176372981548	5.42376984898793
5.18367444344045	0.214921089252337	4.76230093349093	5.60504795338997
4.96386029969213	0.200301930950321	4.57116627872339	5.35655432066087
5.12272142156631	0.213773942031626	4.70359971522115	5.54184312791146
5.06980806128616	0.214801151799531	4.64866126878164	5.49095485379067
4.99118656541576	0.200687636355086	4.59762382790058	5.38474930293094
4.7204304502727	0.204301317308003	4.31988664359575	5.12097425694965
5.33859103041697	0.206631290081893	4.93337808194408	5.74380397888987
4.98075582009041	0.194059569326553	4.60027727631571	5.36123436386512
5.14982828369564	0.211104763237023	4.73593068463671	5.56372588275457
4.94859142798247	0.187853931707344	4.58023384707481	5.31694900889012
5.18624997335133	0.204222288902314	4.78579383040848	5.58670611629417
5.36839842675466	0.197841950122938	4.98050986655118	5.75628698695815
4.75739046674533	0.216571635930315	4.33257562675018	5.18220530674049
5.02329982593417	0.202927691616218	4.62544077811456	5.42115887375377
4.65896992948945	0.205918420234413	4.25522341969018	5.06271643928871
4.83332294717739	0.189400799338749	4.4619206649441	5.20472522941068
4.9997861628456	0.190571280207542	4.62613557957323	5.37343674611796
5.3404100077098	0.19612160938418	4.95585946539263	5.72496055002697
5.02981854538973	0.220129124932474	4.5982709876411	5.46136610313836
4.74947681064681	0.207858718242951	4.34189312867853	5.1570604926151
4.79113199913138	0.192368027441412	4.41389087697262	5.16837312129014
4.81722017429901	0.204381092603721	4.41644894140097	5.21799140719705
4.77773617940684	0.203222267538699	4.37926672099412	5.17620563781955
4.73579307183591	0.198568939597223	4.34642767174021	5.12515847193161
4.88371883290994	0.219714135549671	4.45291505859536	5.31452260722453
4.8092435040502	0.205797549546486	4.40576568138413	5.21272132671628
5.13053179242778	0.199353365093286	4.73956389507171	5.52149968978384
5.03426657580033	0.201422635760854	4.6393231098132	5.42921004178745
5.09820177460943	0.195477575371679	4.71485700830319	5.48154654091567
4.97145484733973	0.198235670691341	4.58278412628545	5.36012556839401
5.03711601411035	0.192139805180319	4.66035576676721	5.41387626145348
5.19713284967696	0.186069076285573	4.83230927197166	5.56195642738226
4.76130778010529	0.181085455679456	4.40613767283002	5.11647788738056
4.63933944192779	0.200974335262513	4.2452510623546	5.03342782150099
5.30140553959078	0.209354314306687	4.89087948866788	5.71193159051369
5.10733816240551	0.205143756357575	4.70505899650952	5.5096173283015
5.44045551007722	0.198020801593362	5.05212243276764	5.8287885873868
4.87824919675491	0.201384699773209	4.48343434360483	5.27306404990499
5.06540978108462	0.200513290555698	4.67223142119699	5.45858814097225
5.289130546262	0.209928193133801	4.87755263458508	5.70070845793891
4.9409959231775	0.200489092511626	4.54790586306474	5.33408598329026
4.73727485655078	0.195217465556348	4.35444821769476	5.12010149540679
5.13474873343127	0.190909189191552	4.76045663408512	5.50904083277742
5.02654615946191	0.202682201342114	4.62915594526766	5.42393637365616
5.17521097120885	0.194263729762393	4.79430444428969	5.55611749812801
5.0416331004928	0.180381598930194	4.68798135786466	5.39528484312093
5.36921073874636	0.201017930169281	4.97510653758584	5.76331493990687
4.64270052827997	0.197099310210201	4.25619286343716	5.02920819312278
5.30936833410676	0.195180700263005	4.9266947196889	5.69204194852462
5.11184247000288	0.188662344359266	4.741864816145	5.48182012386075
4.9482896010258	0.200065081725376	4.55600722893946	5.34057197311213
4.73187714393485	0.196072314551407	4.34734249354652	5.11641179432318
4.6297374358741	0.209367416095038	4.21921944166056	5.04025543008764
4.96983496698065	0.207551594280292	4.5628446829168	5.3768252510445
5.02126988354763	0.202096038038069	4.6249930357349	5.41754673136036
5.18561037884444	0.186914106204802	4.81906753619958	5.55215322148929
4.93072614206517	0.195049883681229	4.54823107910204	5.3132212050283
4.82681040739999	0.221880648460787	4.39167536026237	5.26194545453761
5.062038906652	0.21814029397397	4.63424440541452	5.48983340788947
4.66397242361576	0.19912652359289	4.27352179087627	5.05442305635525
4.76246875879511	0.199602776524173	4.3710327823423	5.15390473524792
4.65251845295731	0.188837880303745	4.2822509557515	5.02278595016312
5.08029411125797	0.20688132285614	4.67470776589737	5.48588045661857
4.70469003284903	0.204957344591956	4.30277591954191	5.10660414615614
4.91157359056989	0.191867276663624	4.53535638641293	5.28779079472686
4.98589226487634	0.203137435107559	4.58756410698855	5.38422042276413
5.17121815254809	0.209197268140636	4.76104710027028	5.58138920482591
4.93814661801979	0.181752721385812	4.58175613462449	5.29453710141509
4.61130503898507	0.198761056883095	4.22164183821789	5.00096823975226
4.91148051833158	0.209462190746286	4.50077569199191	5.32218534467126
4.48210922409935	0.195020735520252	4.0997265160801	4.8644919321186
4.87303641876778	0.203527375288136	4.47397113259176	5.2721017049438
4.95589889693852	0.179223640540737	4.6044589195293	5.30733887434775
5.18711516549321	0.197768244622308	4.79933506132494	5.57489526966148
5.00114931607266	0.223262816889361	4.56335535724828	5.43894327489705
4.92400806465354	0.200021175942862	4.53183144461473	5.31618468469236
5.04489730280917	0.190990822282627	4.67041368275367	5.41938092286468
5.0451951738804	0.182480383864802	4.68738694673557	5.40300340102524
5.12232281190495	0.186904879111696	4.75575059280192	5.48889503100798
4.74850929700879	0.213890192084338	4.32910331514634	5.16791527887124
5.30601365820501	0.194963145822257	4.92374537750214	5.68828193890788
5.07723930714222	0.211445725697577	4.6626379030008	5.49184071128365
4.8430568810132	0.190047085199815	4.4703971323581	5.21571662966831
4.83249374285632	0.208496694544948	4.42372463561509	5.24126285009755
5.00157878474936	0.187033577926154	4.63485784936292	5.3682997201358
4.9394404342681	0.213991647739234	4.51987693784959	5.3590039306866
4.94784882562876	0.206849333436404	4.54219935273685	5.35349829852067
5.09607369324391	0.195996411121058	4.71167944834841	5.48046793813942
5.13878301553804	0.214725619001416	4.71764706461565	5.55991896646042
5.25383245099937	0.205161888209932	4.8515667241933	5.65609817780543
5.19497599616809	0.216287067766862	4.77091506635892	5.61903692597726
4.881639233853	0.201254558084987	4.48704277406712	5.27623569363887
5.17580913281802	0.20230370154705	4.77920267130675	5.5724155943293
5.0278765511864	0.196226993457671	4.64312145083684	5.41263165153595
5.12528048893526	0.185230668777873	4.76202797682108	5.48853300104944
5.01305608948176	0.182409600505646	4.65532153786032	5.37079064110321
4.73336737126454	0.214053352908972	4.31372555242571	5.15300919010337
4.97477113763819	0.208953711356554	4.56507251462413	5.38446976065225
4.85149874210459	0.209031166028415	4.44161032873202	5.26138715547716
4.97759121159051	0.199101654935342	4.58718578344798	5.36799663973303
4.86937892719305	0.210025737039554	4.45761052408239	5.28114733030371
5.14948258465969	0.201151248899645	4.75499890332813	5.54396626599124
4.90193808487062	0.187454854623867	4.53436156265319	5.26951460708806
4.96062534532833	0.217752911230641	4.53363239819615	5.38761829246051
5.24753413160458	0.211379677056412	4.83300223077159	5.66206603243756
4.80829237847667	0.229025505677447	4.35931225823907	5.25727249871427
5.05328996704706	0.196499264207187	4.66804516341095	5.43853477068317
5.10849831702115	0.185292385717308	4.74522293236037	5.47177370168192
4.73887073260912	0.188719233796854	4.36879388731782	5.10894757790043
4.95685543956507	0.191862918394974	4.58068784041745	5.33302303871269
5.41422220177547	0.201556521852665	5.01905629439967	5.80938810915126
4.84210397730737	0.207919470984328	4.43430126627542	5.24990668833931
5.11596544503394	0.226060687329745	4.6723749015489	5.55955598851897
5.08636102312115	0.214811327862642	4.66511442599526	5.50760762024703
5.06986279085893	0.199574919500307	4.67852666780303	5.46119891391483
4.91148590533376	0.207046761800065	4.50551255890802	5.31745925175949
4.98218777848745	0.206323294407543	4.57755483708601	5.3868207198889
5.01375698124087	0.197064169669454	4.62731655636806	5.40019740611369
5.04023134882365	0.18925173280921	4.6691260209012	5.41133667674611
5.09440460600525	0.203702089244536	4.69493617628475	5.49387303572574
4.90242330500301	0.197288224588507	4.51556304958937	5.28928356041665
5.34777799283189	0.218487338473416	4.91940457214345	5.77615141352033
4.91259126756996	0.188555027573468	4.54288968931119	5.28229284582873
4.74517975141493	0.21892141112824	4.31573585070731	5.17462365212256
5.16652254033746	0.201461559238406	4.77147863449864	5.56156644617627
5.12214134558864	0.200312756722333	4.72935595778325	5.51492673339403
4.73434272761079	0.197656134777172	4.34682339551945	5.12186205970213
5.24659075154169	0.224507279766967	4.80647564931165	5.68670585377172
5.2784648144134	0.214842774077549	4.85723356286653	5.69969606596027
4.6646479110343	0.187879406998844	4.29617073010095	5.03312509196765
4.69899469536972	0.191878240107578	4.32276403592155	5.0752253548179
4.73417858222926	0.217155787682714	4.30847898478274	5.15987817967579
4.66831266151905	0.212422169967066	4.25186061053762	5.08476471250048
4.93077691381603	0.201094811092856	4.53650530184323	5.32504852578883
4.84098181225394	0.196687374976872	4.4553756237282	5.22658800077968
4.87754581082247	0.195482480702881	4.49429019419294	5.260801427452
5.05650798279922	0.197654296477906	4.66886874828478	5.44414721731366
4.88360747149112	0.210078463057798	4.47177640106849	5.29543854191375
5.24634574840614	0.216097409973586	4.82265459005478	5.67003690675751
4.84474106189435	0.183403709173303	4.4850792347974	5.2044028889913
4.98843487214013	0.206549721478057	4.5832548137622	5.39361493051807
5.13019563571198	0.213575729234923	4.71137068303562	5.54902058838835
5.02032780440376	0.206259093105115	4.61586672683587	5.42478888197164
4.78502442222112	0.21190243774615	4.36949063065357	5.20055821378867
5.2073244227921	0.229664194680855	4.75703312827356	5.65761571731064
5.14441818274835	0.197401573105544	4.7573573257007	5.53147903979601
5.11751146185651	0.200451673773512	4.72443699685116	5.51058592686186
5.42419635802971	0.197849549987399	5.03623143934987	5.81216127670955
5.12436879618045	0.195183778605288	4.74165883129132	5.50707876106957
5.40709673736677	0.203431401552289	5.00811303914156	5.80608043559198
4.89546778573775	0.203148774471989	4.49712036562964	5.29381520584586
4.75006949882386	0.205086240247979	4.34793832507179	5.15220067257594
5.15234324348157	0.206479474852823	4.74756146388797	5.55712502307517
4.90234442027232	0.209147900236838	4.49226365547513	5.31242518506952
4.89817260158201	0.186063897280151	4.53327526795523	5.26306993520879
5.02433334499397	0.229971392566113	4.57346413093229	5.47520255905565
4.99019672215219	0.193646573181773	4.61049756777884	5.36989587652553
5.11381161155515	0.228173260885598	4.66615311333618	5.56147010977411
5.32310002677236	0.203699656209122	4.92371254685457	5.72248750669016
5.21879503884929	0.188251672527695	4.84969131063894	5.58789876705964
4.9339470775598	0.224722698148464	4.4933047525872	5.3745894025324
5.06586361942372	0.227817065505152	4.61921202264046	5.51251521620699
5.0897673132793	0.194307601688143	4.70878274397899	5.4707518825796
5.20058377745178	0.18541163167372	4.83706485684911	5.56410269805445
5.02977592341567	0.191516787539518	4.6541899982032	5.40536184862814
4.77057434304287	0.203629861926445	4.37137871207559	5.16976997401016
5.27755416402927	0.223032945235999	4.84027976136526	5.71482856669328
5.20785344134939	0.201642436668487	4.8124839733642	5.60322290933457
5.05910289518903	0.209651627292255	4.64799754394527	5.47020824643279
5.18462958818534	0.19976466489649	4.79282187438184	5.57643730198884
5.70940730077787	0.207797344011999	5.30196925031469	6.11684535124104
5.04652222846848	0.184640046445299	4.68439527421179	5.40864918272517
4.79511592554947	0.194118808907259	4.41443571011918	5.17579614097977
4.96092993440352	0.219485673200133	4.53060234226416	5.39125752654288
5.44384736645274	0.209695299281167	5.03271658422476	5.85497814868071
4.97737960599114	0.209863017292067	4.5659615587136	5.38879765326869
5.00250189790737	0.199089521584277	4.61213388203522	5.39286991377952
4.89694853618371	0.213402826552669	4.47852184261979	5.31537522974763
4.89558628118476	0.208351430584572	4.48707828083772	5.30409428153181
5.15819212139875	0.198140167158542	4.76960561257597	5.54677863022153
5.09546182974117	0.205234764666085	4.69308477444847	5.49783888503387
5.11489009539424	0.208041148157643	4.70701180597138	5.5227683848171
5.05734082067031	0.217831879990088	4.63026815414614	5.48441348719447
5.01959496750002	0.197347711613082	4.63261469904249	5.40657523595755
4.94356035831296	0.209739153730653	4.53230156644656	5.35481915017936
5.17367733129464	0.196689833088607	4.78804817665889	5.5593064859304
4.873173138217	0.199680883641932	4.4816753116602	5.2646709647738
4.9011306478965	0.203979806359833	4.5011775638804	5.30108373191261
5.10265542142374	0.189836424975329	4.73034528725012	5.47496555559736
5.10998450683427	0.190256625888225	4.73696148704725	5.48300752662129
5.00879475880238	0.218302571342958	4.58071727988629	5.43687223771847
5.25372803153201	0.21853854597606	4.82517910804711	5.6822769550169
5.04858879997318	0.194924861694729	4.66634798657038	5.43082961337597
5.02698652223644	0.190964379769141	4.65249093830297	5.40148210616991
5.0762203668491	0.207392223657678	4.66961469089589	5.48282604280231
4.81789252082948	0.182009255026215	4.46092793100184	5.17485711065712
5.49554859523425	0.209460068693452	5.08482978236223	5.90626740810627
5.1249239816968	0.206396629597043	4.72009480134247	5.52975316205114
4.98767380399395	0.200063605698694	4.59536525505325	5.37998235293465
4.69271451731959	0.229471323089346	4.24275821362603	5.14267082101315
4.95200234744309	0.186707626679288	4.58584038711512	5.31816430777107
4.64408524548286	0.204774402924068	4.2426391600948	5.04553133087092
4.90654066702145	0.208707080151896	4.49728996762054	5.31579136642237
4.95626842284315	0.202516953623215	4.5591898120789	5.3533470336074
4.99800950079819	0.213134054268444	4.58010426737976	5.41591473421663
4.8440860578323	0.211679742907746	4.42894656435994	5.25922555130466
5.0416334345321	0.216915453968916	4.6162752533272	5.466991615737
4.92389914777488	0.214527166931525	4.50329829435779	5.34450000119198
4.61073042190218	0.198736777943761	4.22105144951224	5.00040939429212
4.91706238152092	0.233989959253781	4.4581919390789	5.37593282396294
4.7070203272169	0.197658319910554	4.31951492510812	5.09452572932569
5.01816626590486	0.204800220830001	4.61662403713899	5.41970849467073
5.10310818605287	0.202232788730581	4.70654379565742	5.49967257644832
4.94170828080859	0.196820759414532	4.55579130703158	5.3276252545856
5.15267627295681	0.181301603860221	4.79722199226841	5.50813055364521
5.30492315547505	0.199579944863493	4.91348075604503	5.69636555490507
5.25900312435573	0.210244734207058	4.84677354121186	5.6712327074996
5.1411199436352	0.196787472569826	4.7552787887816	5.52696109848879
5.32940208609124	0.209116075459728	4.91938857179898	5.73941560038349
5.23103697346624	0.201010708421693	4.83690446673103	5.62516948020145
4.87930109948711	0.215790940896003	4.4561499939189	5.30245220505532
5.19793835162801	0.204119682483509	4.79772918702707	5.59814751622896
5.11497574702804	0.190674536188028	4.74111232964081	5.48883916441526
4.86863894320789	0.214530908443139	4.44799760897459	5.2892802774412
5.07156913306462	0.209930849761665	4.65997985491214	5.48315841121709
4.82831576983872	0.215140486450839	4.40643798517115	5.25019355450629
4.87103594477845	0.196465433871898	4.48582213036475	5.25624975919216
4.84586939211553	0.206832702093489	4.44035450313858	5.25138428109247
5.13667008399722	0.209490433997541	4.72591523642773	5.54742493156671
5.13836446793574	0.218552841120888	4.70974606649224	5.56698286937924
5.25702578344213	0.203168234607295	4.85862353930492	5.65542802757934
4.95357899282271	0.188170690789192	4.5845034770018	5.32265450864361
5.15199573331794	0.190454230398701	4.77849635240828	5.52549511422761
5.2701309951173	0.209614574732453	4.85918845883656	5.68107353139804
4.91769284518793	0.209118023038304	4.50768638755276	5.32769930282311
4.82094515512959	0.209441178067967	4.41023793862562	5.23165237163356
5.03317266693171	0.208605199001671	4.62413337278743	5.44221196107599
4.95264152126019	0.208736927883969	4.54336384546195	5.36191919705844
4.79731014849997	0.1987261555934	4.40764204803009	5.18697824896984
4.98242803669196	0.210196368817443	4.57030634197955	5.39454973140436
5.32462657867868	0.194148497034552	4.94395403520054	5.70529912215683
