estFinal_ps2	sdFinal_ps2	X1	X2
4.80506545362461	0.22523486255378	4.36322507933251	5.24690582791671
5.10160682402521	0.252189079154482	4.60674006218315	5.59647358586727
4.93976059353662	0.220142241197277	4.50805617386389	5.37146501320936
4.89570513387335	0.194219683496116	4.51464049333264	5.27676977441407
5.12056997389666	0.207666635474001	4.71325810148199	5.52788184631133
4.92610875441527	0.211532958957537	4.51124486968839	5.34097263914215
5.1484918500048	0.216977172961262	4.72282555406989	5.57415814593972
4.82771580540052	0.20125492349834	4.4328645721781	5.22256703862295
5.43135987020626	0.229038936408879	4.98191387064343	5.88080586976908
5.10477754920056	0.235508757167783	4.64281857533655	5.56673652306458
4.79212476699853	0.209785429089886	4.38067793998943	5.20357159400764
4.89636308383879	0.219048418890037	4.4666152735087	5.32611089416888
5.03197160388833	0.201210505369161	4.63734918327867	5.42659402449798
5.1070783753168	0.210365600757428	4.69454650023201	5.51961025040159
5.11716236665405	0.216717868592818	4.69208798990222	5.54223674340587
4.88722116036809	0.211577823571864	4.4723063450269	5.30213597570928
4.88842053931289	0.21752706295067	4.46168386478363	5.31515721384214
5.04149899016938	0.234226020110431	4.58175290616854	5.50124507417022
5.12399233791285	0.26934561406543	4.59537507272656	5.65260960309913
5.32240312519644	0.226108351506532	4.87896217372352	5.76584407666935
4.82349602427093	0.217666959465006	4.39663175074999	5.25036029779187
5.35393419173974	0.259936972228811	4.84344854162895	5.86441984185054
5.00145447025786	0.222067807760875	4.56596281413735	5.43694612637836
5.06185067309195	0.230317406622716	4.61018686387384	5.51351448231006
5.05469436750097	0.233821383991983	4.59593143448459	5.51345730051736
5.02197006172287	0.216415808918482	4.59756774160795	5.44637238183779
5.1894074250479	0.227600834964976	4.742908683333	5.63590616676279
4.83734439021771	0.222584555391874	4.40079129004798	5.27389749038745
4.64144430609559	0.251489280037133	4.14795424589795	5.13493436629324
4.93347347347451	0.238623514384575	4.46500487648792	5.40194207046109
4.55544838672103	0.213960921472033	4.13581845616107	4.97507831728098
5.02390636398082	0.225819331783574	4.58085317896922	5.46695954899243
4.9453135740415	0.219276736262911	4.51524290513326	5.37538424294974
4.91437924853334	0.198548526705531	4.52501716051748	5.30374133654921
4.74873620209184	0.233764771086209	4.28992126740261	5.20755113678107
4.98612261898575	0.2373291349475	4.5204838940188	5.45176134395269
5.19179654235806	0.210179569853054	4.77929354435514	5.60429954036098
4.85119546267943	0.19779174475767	4.46325150774628	5.23913941761258
4.80913753084013	0.291499623434907	4.23667019000481	5.38160487167545
4.78572942340587	0.207490530346626	4.37877714555762	5.19268170125411
5.08753617303533	0.199850799766522	4.69558602173335	5.4794863243373
5.28055444746538	0.218500913636853	4.85179641077384	5.70931248415693
5.0876985246155	0.216364985389121	4.66324703346143	5.51215001576957
5.0322445681807	0.201719825845769	4.6366284626265	5.42786067373489
5.31500759821404	0.322873727593053	4.68074194838496	5.94927324804311
5.37189825236645	0.244840875086423	4.89158705855269	5.85220944618021
5.15545304564849	0.260441494312598	4.64430658525895	5.66659950603803
5.55151843314352	0.211424293751169	5.13682729282917	5.96620957345787
4.68306009937494	0.229538960243087	4.23274914712564	5.13337105162425
4.68216684607277	0.220717373325569	4.24894336672125	5.11539032542428
5.01406760118923	0.227472428549429	4.56781684270268	5.46031835967578
5.35151510068527	0.210594096266046	4.93844564611685	5.76458455525369
5.13512209518111	0.252066223741303	4.64050529911188	5.62973889125035
4.94585741142242	0.232511658036081	4.4896854803768	5.40202934246804
4.97830346951468	0.200251726163555	4.58532695778811	5.37127998124125
4.65822096023962	0.230535760451295	4.20607805487844	5.11036386560081
4.76353555127589	0.228450989290347	4.31541296845758	5.21165813409419
4.83377177511892	0.230690890437714	4.38098455324438	5.28655899699347
5.32334517305912	0.226933948016013	4.8781515523352	5.76853879378305
4.88705202579918	0.234765964711063	4.42643386367178	5.34767018792657
4.9110001030722	0.208975856132078	4.50117982882904	5.32082037731537
4.79482823125136	0.244249964611584	4.31538425585989	5.27427220664284
4.93453653501316	0.240670948993939	4.46245252728317	5.40662054274316
5.11306490180216	0.243888779436541	4.63448720111741	5.59164260248691
4.80807475413875	0.222720614341175	4.3712918769724	5.2448576313051
5.18855623353617	0.22040046356407	4.75607527510483	5.62103719196751
5.34604264842983	0.233424073199972	4.8880278962764	5.80405740058326
5.26701893790237	0.22708456948067	4.82145506038242	5.71258281542232
5.17879444074812	0.2297251292421	4.72788435338132	5.62970452811492
5.11667836722094	0.226068966237874	4.67319192442102	5.56016481002085
4.74142028876818	0.215838235992213	4.31808665795366	5.1647539195827
5.01723795706491	0.216769886825739	4.59197994412447	5.44249597000535
5.18304288863552	0.252304961592661	4.68772869128015	5.67835708599089
5.4834017411267	0.25317372958532	4.9866557342819	5.9801477479715
5.00301766856844	0.246252535178424	4.51972550148701	5.48630983564987
5.03082273047869	0.213199166445385	4.6125211105509	5.44912435040647
5.17341409360749	0.224392117261993	4.73329426076657	5.61353392644841
5.08914648870316	0.225907880319491	4.6458513822461	5.53244159516021
5.34679344692786	0.217485400706124	4.92009340694555	5.77349348691017
5.10382954010969	0.201641831171794	4.70838152595349	5.49927755426589
5.38970313713153	0.185808413128662	5.02524636175603	5.75415991250703
4.75027968942344	0.228691554420038	4.3014923464963	5.19906703235058
4.98231084223346	0.215632274853716	4.55925707502217	5.40536460944474
5.49240575272275	0.205333434498324	5.08963099713225	5.89518050831326
4.9555700189998	0.228456536797953	4.50754145982687	5.40359857817274
4.90652276500411	0.195626552287037	4.5226965926623	5.29034893734592
4.8805544540661	0.222241442664132	4.44450841088058	5.31660049725161
5.09257091279517	0.252431139782714	4.59743050104971	5.58771132454063
5.3757074761995	0.223846764139864	4.93633743993803	5.81507751246097
5.1710095219962	0.248568229684152	4.68308002771814	5.65893901627426
4.80022918254006	0.221252666029054	4.36608714891147	5.23437121616865
5.04507057096932	0.230702058296849	4.59254448363782	5.49759665830081
5.07234741673362	0.233470528342851	4.61414865564699	5.53054617782026
4.87068771389819	0.218410691602323	4.44229726264286	5.29907816515353
4.73972468457731	0.217343314576885	4.31336310592819	5.16608626322643
4.68267695542459	0.233034075463195	4.22563167426316	5.13972223658602
5.313262986473	0.217299761049379	4.88716666666018	5.73935930628582
5.12366956818714	0.243293702934493	4.6464131543989	5.60092598197539
5.65555089715212	0.233242554040633	5.1981642843644	6.11293750993984
4.81000484096248	0.220943466197367	4.37661961730609	5.24339006461886
5.21208627359919	0.228863038470121	4.763086687733	5.66108585946538
5.01011803005226	0.219360654570198	4.57990293594431	5.44033312416021
5.00410879969345	0.224344468165583	4.56401532734305	5.44420227204385
5.01429016270678	0.204972171207063	4.61220295510877	5.41637737030479
4.90195191834412	0.222817178527758	4.46477889503481	5.33912494165343
5.23661951689093	0.235847155466465	4.77403801859122	5.69920101519063
4.56415081262386	0.223625520130927	4.12555544194374	5.00274618330399
4.90225603616902	0.214280621592756	4.48191417332896	5.32259789900908
5.06675334932456	0.23539555270654	4.60488003866059	5.52862665998853
5.33404260600808	0.230597026585715	4.88127643664444	5.78680877537173
4.9008498814512	0.238010265755368	4.43387782999989	5.36782193290252
5.4049186858865	0.239556644976185	4.93492608415713	5.87491128761587
4.83313074064429	0.234868521678876	4.37238859453012	5.29387288675845
4.95206977994819	0.262846549889133	4.43590710679168	5.4682324531047
4.995218253763	0.231873783958622	4.54042670055168	5.45000980697433
5.36924059422146	0.198104848189824	4.98071646298764	5.75776472545529
5.16889564556233	0.218034420649523	4.74107115840614	5.59672013271851
5.06874732366574	0.249547774782087	4.57909669930264	5.55839794802884
4.57790410822611	0.222489858592306	4.14134026336472	5.0144679530875
4.71574889956227	0.224783604438303	4.27487679688928	5.15662100223525
4.63709415971219	0.215587813273234	4.21420999969046	5.05997831973392
5.19665167798362	0.232406567365129	4.74037384626501	5.65292950970224
5.14366659952651	0.236575482931449	4.67956402731753	5.60776917173548
5.01133788302312	0.228233147907094	4.56359906999002	5.45907669605621
4.85541620995928	0.201899602122651	4.45949737861521	5.25133504130335
5.16089125691299	0.198563682752405	4.77146167343385	5.55032084039213
5.06174955559916	0.210335879360541	4.64916585833287	5.47433325286545
5.11820792460646	0.215150240583008	4.69627631762325	5.54013953158968
5.13606025691249	0.247785314676778	4.64979487178956	5.62232564203543
4.59759167222761	0.267432811540642	4.07254974812568	5.12263359632953
5.42084800348388	0.242783838973609	4.94462480217645	5.8970712047913
4.73284034779643	0.215000432064802	4.31120095080405	5.15447974478882
4.88290469791924	0.200175233944251	4.4901750577527	5.27563433808578
5.13763628196237	0.216609308649761	4.71277792647892	5.56249463744582
5.58893608279125	0.218349744020963	5.16045992307795	6.01741224250455
5.20984865551793	0.236819589438333	4.74522551539395	5.67447179564191
4.92792643752949	0.221167025285743	4.49398699464609	5.36186588041288
4.99719813290713	0.227071353714955	4.55168364603188	5.44271261978238
4.99982318629909	0.205804649191497	4.59606944021692	5.40357693238126
5.06012059158719	0.225091643592771	4.61874329580084	5.50149788737354
4.83257010584884	0.206326744709409	4.42779475538608	5.2373454563116
4.92608558147287	0.215482947675187	4.50342087385034	5.34875028909539
5.06704400922165	0.226172660956105	4.62323605905551	5.51085195938779
4.94553641528305	0.220195407063379	4.51372395759053	5.37734887297557
4.86968133656527	0.221715333388719	4.43474665981773	5.30461601331281
4.95473489445401	0.206714244507544	4.54929418321373	5.36017560569429
4.91491248421635	0.213920716607241	4.49512185240128	5.33470311603141
5.03613136704899	0.198831588695068	4.64618503209217	5.42607770200582
5.27407133796897	0.227985349197857	4.82677196385181	5.72137071208612
4.84223189670846	0.224747393930945	4.40146169665257	5.28300209676434
5.20473996936219	0.222466134013855	4.76837450679177	5.6411054319326
4.92212624142836	0.205639467148692	4.51884328330308	5.32540919955365
5.21878691033892	0.200522950112558	4.82554394576409	5.61202987491375
5.35937030889181	0.230550183356503	4.90719595878705	5.81154465899657
5.12880143517776	0.191833990160966	4.75261948527156	5.50498338508396
5.18530290297894	0.240055700701985	4.71428992733126	5.65631587862662
5.00744710802206	0.221074830575604	4.57381717663435	5.44107703940977
5.23568793782321	0.229491072624173	4.78518924755094	5.68618662809548
5.37260727521801	0.217178391279983	4.94663514157067	5.79857940886534
4.71489102715227	0.216209544287191	4.29072380038132	5.13905825392322
5.17592545747442	0.241760327243586	4.701381970335	5.65046894461384
4.92831540495961	0.199291577864354	4.53753457924889	5.31909623067033
5.23540050436572	0.240470398290761	4.7637526209119	5.70704838781954
5.23053116883359	0.223653749161451	4.79181855066973	5.66924378699746
5.30428304361732	0.308679020023907	4.69826548137064	5.91030060586401
4.97996433923509	0.210722244157303	4.5666079747949	5.39332070367528
4.98536274752917	0.231392157096879	4.53148473046969	5.43924076458866
5.11006560915514	0.22155647325891	4.67531468359326	5.54481653471703
5.24473551651717	0.219990691682552	4.81318919096158	5.67628184207276
4.88166206768922	0.238498902873591	4.4137984430517	5.34952569232674
4.90928291307688	0.232025324030404	4.45414055033826	5.36442527581549
5.18623966579657	0.243238949030449	4.7090321868268	5.66344714476634
4.70510057694787	0.217883074524367	4.27776977374266	5.13243138015307
5.60000919522386	0.239356992493748	5.13022332071837	6.06979506972936
4.93934592737523	0.21702486357157	4.51366422993651	5.36502762481395
4.73195221352101	0.207592933519059	4.32462732888567	5.13927709815635
4.80010657667206	0.274957544061208	4.26011927035051	5.34009388299362
5.05342110311686	0.203556744319554	4.65423973599634	5.45260247023739
5.00938828681256	0.232944500792286	4.5522182741711	5.46655829945402
5.26372131413027	0.193565198033418	4.88408404788567	5.64335858037487
5.34957592783866	0.204548122848386	4.9483367197829	5.75081513589442
4.87899964536936	0.210860146298375	4.46533626468135	5.29266302605737
5.42450537375517	0.222975329328318	4.98723447313585	5.8617762743745
4.8657712906098	0.219931510418767	4.43438423574282	5.29715834547679
5.3458736608927	0.236715007883984	4.88136190918827	5.81038541259712
5.15250284971333	0.206052759365159	4.74804497348511	5.55696072594155
4.92600695364654	0.235670378614098	4.46347551156687	5.38853839572622
4.73863017782748	0.212956454004266	4.3208929622992	5.15636739335577
4.89747002514467	0.235036565781206	4.43646519421422	5.35847485607512
4.64380860297222	0.201257993279223	4.2489440873328	5.03867311861163
4.9398349046339	0.225765144621649	4.49691285143353	5.38275695783428
4.95535711297051	0.27276233142812	4.41978577311179	5.49092845282922
5.31498274825567	0.200923883504575	4.92087597949966	5.70908951701169
4.9438139660981	0.21283654646304	4.5261612078782	5.361466724318
4.82283664159219	0.209984312684772	4.41097820273494	5.23469508044945
5.23235498522142	0.236249160678747	4.76883797104745	5.69587199939539
4.63720343642395	0.1971238167911	4.25061484280205	5.02379203004585
4.79888173680243	0.219939494501878	4.3672149320342	5.23054854157065
5.27936598822516	0.210014935196228	4.86745898045827	5.69127299599205
5.05483698894173	0.221843266580078	4.6196473510092	5.49002662687427
4.52012913591223	0.210150829234002	4.1079168777974	4.93234139402706
5.21087208626217	0.237482661329862	4.74479505053231	5.67694912199203
4.45407179336163	0.225153051814192	4.01235014029297	4.89579344643028
5.50191921849603	0.230185959502969	5.05038099693281	5.95345744005926
5.19520156137415	0.212049260621235	4.77923195230377	5.61117117044453
5.07426361678021	0.201937504491207	4.67822045653591	5.47030677702451
4.85154513959974	0.225058804697633	4.4100800786665	5.29301020053297
4.86745896972607	0.20925134846435	4.45710416386326	5.27781377558888
5.11339538846121	0.241859360564634	4.63892408500782	5.5878666919146
4.83815801488872	0.215170504573831	4.41586354691093	5.26045248286651
5.04576240040702	0.215402603187158	4.62327043022987	5.46825437058418
5.12513705136811	0.233630926458723	4.66686080961529	5.58341329312092
5.02730533997694	0.223568296155238	4.58862254603819	5.46598813391569
4.96669451352624	0.218868540373349	4.53743135508772	5.39595767196476
5.07319041281348	0.217643902468718	4.64621190474433	5.50016892088263
5.04418022505015	0.218265789289124	4.61614425927595	5.47221619082434
4.91012382209812	0.203414468224694	4.51105806244469	5.30918958175155
4.97212918500433	0.210818183826044	4.55866222311826	5.38559614689039
5.03996277668532	0.239104345028737	4.57102995014631	5.50889560322434
5.09749004280872	0.184068620506407	4.73633877866905	5.45864130694838
5.34933455826895	0.218425818772502	4.92079703337572	5.77787208316218
5.07433045000217	0.257153860083121	4.57000935955778	5.57865154044656
5.46633891151455	0.211869405019059	5.05086264484458	5.88181517818451
4.63040385800038	0.228039781618573	4.18296543224361	5.07784228375715
4.73090194150416	0.210277244507683	4.31844542796103	5.1433584550473
5.19828587507422	0.208366747091625	4.78939444906263	5.60717730108582
4.9478450170337	0.259157372124486	4.43901479678069	5.4566752372867
5.00828048705852	0.19294605859411	4.62983349402886	5.38672748008819
4.85688666309766	0.242242541588415	4.38147812392513	5.33229520227018
5.13811268262143	0.213784023891899	4.71874015406901	5.55748521117384
5.15911540216491	0.198247491410182	4.77017697330308	5.54805383102673
4.57156133623338	0.250923175545458	4.07904548032495	5.06407719214181
4.65768077431564	0.230897990603604	4.20471957470903	5.11064197392225
5.24364292339844	0.236687767671102	4.77954458249158	5.7077412643053
4.7805474672495	0.237551766361172	4.31450453552195	5.24659039897706
4.98483254628846	0.217284121856276	4.55856629758046	5.41109879499646
5.02569815151965	0.234378464911305	4.56558514396977	5.48581115906954
4.49419021760996	0.211412476262966	4.07961438436879	4.90876605085114
4.77481520436899	0.212937539265899	4.35697336763134	5.19265704110665
4.84881889978912	0.220567006759444	4.41628049354556	5.28135730603267
5.4187999191382	0.235567037539388	4.95665894009545	5.88094089818096
4.92814962536431	0.210270037998565	4.51585292650212	5.34044632422649
5.04622085244348	0.224203394189509	4.60619886817516	5.48624283671181
5.08621667030601	0.208128412860845	4.67811180341132	5.4943215372007
4.87468853352077	0.238568583827069	4.40669173545828	5.34268533158326
5.00482155324771	0.220375564776043	4.57258223201262	5.43706087448279
5.09844565021778	0.225496823050966	4.65612123602863	5.54077006440693
5.00326413616585	0.229647666952494	4.55263804978705	5.45389022254464
5.21598340112989	0.227815910331956	4.76904162782854	5.66292517443123
4.85460301955646	0.196148734875746	4.46975166797978	5.23945437113314
4.64890115287336	0.206005620216347	4.2448192539544	5.05298305179232
5.09489517287595	0.192791708193856	4.7167483965963	5.4730419491556
4.77067262772703	0.242048595760716	4.29566169983236	5.24568355562171
4.7056905221037	0.228494751312468	4.25712771898796	5.15425332521945
4.56062575278349	0.237058376260968	4.09559783323001	5.02565367233696
5.09739654357602	0.268714837868639	4.57007794284515	5.62471514430689
5.38256399746098	0.240952122720434	4.90953176384687	5.8555962310751
4.86245966272067	0.231056665502108	4.40927111886637	5.31564820657497
5.09988709767603	0.194858009529137	4.71777554459311	5.48199865075896
5.19431352184884	0.223082952570706	4.756375148358	5.63225189533968
5.19054287335769	0.218457519153265	4.76174640273206	5.61933934398333
5.09714782566923	0.223701053030043	4.65829660247093	5.53599904886753
4.87853673233398	0.256542834170336	4.37498609889135	5.38208736577661
4.73243846741528	0.211053693694983	4.31828782589118	5.14658910893938
5.13406518146104	0.234718438853118	4.67360224791943	5.59452811500265
5.07875513414134	0.233418451910118	4.62071734494912	5.53679292333357
4.88111937435919	0.217171775700332	4.45519179260095	5.30704695611744
5.30741399974517	0.189287738200008	4.93608360360779	5.67874439588255
4.96771624849715	0.223189910498932	4.52991095277743	5.40552154421687
4.49107497770901	0.232557177986487	4.03481311536037	4.94733684005766
5.24821610005126	0.230964712039373	4.79501507172628	5.70141712837625
5.24603388060734	0.230886651251915	4.79312883318992	5.69893892802476
4.952376669871	0.25016907021708	4.46160229770011	5.4431510420419
5.09286939057101	0.230591232187066	4.64043370646825	5.54530507467377
4.96533787524023	0.216538722814078	4.54063403591806	5.3900417145624
4.79658516768971	0.221239429614687	4.36264189852357	5.23052843685584
4.93205021989988	0.23061939105946	4.47970811464516	5.38439232515461
5.00356514181625	0.222199679736864	4.56767756752752	5.43945271610497
4.90139169273864	0.219505047570069	4.47091130811086	5.33187207736642
4.77879114846798	0.22272038460767	4.34191911609859	5.21566318083737
5.16013269979466	0.23055439223799	4.70770485929181	5.6125605402975
5.15725296912005	0.220276443168868	4.7251297619749	5.5893761762652
4.79309437406553	0.207692082495522	4.38578471682054	5.20040403131053
4.83109108067221	0.20880897292102	4.42149158850302	5.24069057284139
4.98242366949755	0.23028654063604	4.53080552596843	5.43404181302667
4.63121940403303	0.214893078901226	4.2095931646527	5.05284564341336
4.8342854758742	0.20301290647252	4.43611577737053	5.23245517437786
4.9827484366187	0.2146502386288	4.56173923271	5.40375764052741
5.40669676517283	0.238348848327389	4.93895963672028	5.87443389362539
5.16273971024139	0.224024996605263	4.72340238648249	5.6020770340003
4.81203681720284	0.226632299969809	4.36753294772433	5.25654068668134
5.09997809842098	0.214375036894606	4.67943631132797	5.52051988551399
5.1721762971596	0.22770017590412	4.725436731607	5.61891586271219
4.9737869725526	0.209638087925439	4.56255453738746	5.38501940771774
5.38205066296049	0.199865607754187	4.99004363295396	5.77405769296703
4.99572900690161	0.204444784244466	4.5947472401341	5.39671077366911
5.2696356740424	0.231561944768754	4.81538640495331	5.72388494313149
4.88689841189356	0.234820663583932	4.42633210085248	5.34746472293465
4.88799949418214	0.228218814726918	4.44006682825145	5.33593216011282
4.86939345154104	0.224294405233792	4.42926466812132	5.30952223496076
5.07635993391665	0.230978685591208	4.62337093932514	5.52934892850817
5.22811834267734	0.226462860212382	4.78378050551013	5.67245617984455
4.72350483990428	0.256105977615475	4.22103359749105	5.22597608231751
4.86706106814258	0.293437030123234	4.29048494212573	5.44363719415944
5.00168038332032	0.218668803822388	4.57280541731526	5.43055534932537
5.29030324788395	0.255792090586755	4.7884000257751	5.7922064699928
4.92353241113111	0.190749681851283	4.54954022856489	5.29752459369733
4.93625483422195	0.197204275385968	4.54938188602274	5.32312778242117
5.06756255587897	0.208608608356648	4.65844727458344	5.47667783717451
5.12502261391315	0.228393060972704	4.67704251361817	5.57300271420814
4.98487234643841	0.236603273553608	4.52047383332413	5.44927085955269
4.97498769901213	0.227423077199494	4.52885750480559	5.42111789321866
4.81838853213141	0.219707981399071	4.38736667054247	5.24941039372035
4.89383973734605	0.265621281602759	4.37261702227525	5.41506245241685
5.0144294363612	0.211288259309633	4.60006405430204	5.42879481842035
4.57742542879075	0.237382584283392	4.11165488093913	5.04319597664238
4.69711176754699	0.233834054019073	4.23824475765543	5.15597877743854
4.84997368642881	0.217710614143404	4.42294383133048	5.27700354152713
5.22253380037531	0.229272413695826	4.77276475193417	5.67230284881644
5.10042128167707	0.233952684196941	4.64125652763019	5.55958603572396
5.0208404333481	0.207383763235314	4.6141247500936	5.4275561166026
5.20394948079064	0.221532403302014	4.76947820328741	5.63842075829387
5.14241167870028	0.224087174411588	4.70283158912118	5.58199176827938
5.05031593719367	0.223237885853837	4.61211600748458	5.48851586690276
4.80066200697708	0.188920395270917	4.43005979336893	5.17126422058522
4.63542722744603	0.238318588501092	4.16748321593112	5.10337123896094
5.36640803876886	0.217831654972107	4.93919228642288	5.79362379111485
5.17164285875438	0.21135806091648	4.75706970492941	5.58621601257935
5.11731748234883	0.214766062986347	4.69600975099355	5.53862521370412
4.64008836933976	0.23557173087488	4.17771146719878	5.10246527148074
5.05966523130719	0.23617539929296	4.59633418128266	5.52299628133171
5.05936363424423	0.235297829171888	4.59750974329634	5.52121752519212
4.64807849206794	0.218452329814578	4.21966301128774	5.07649397284814
5.31118043680124	0.216088813691456	4.88734170372198	5.7350191698805
4.86055951395653	0.211607621213876	4.44545482936145	5.2756641985516
5.06048154058463	0.218929874993498	4.63099111567714	5.48997196549212
4.81421437180492	0.218884017865659	4.38475563327561	5.24367311033423
5.23665591179809	0.220429183661092	4.80398597956774	5.66932584402845
4.88308802242539	0.223342906243389	4.44514733450193	5.32102871034886
4.68140075805478	0.259189618114446	4.17267757732494	5.19012393878462
5.13469885583708	0.216354451329429	4.71035024980695	5.5590474618672
4.83323218392667	0.242182268004827	4.35779190278508	5.30867246506826
4.80629897550569	0.208364923892002	4.39741149278828	5.2151864582231
5.02224795181229	0.195139605786674	4.63949283206553	5.40500307155906
5.077080553744	0.201572416715634	4.68164071755455	5.47252038993345
4.98971151832842	0.236513454482618	4.52571674633845	5.4537062903184
4.86019615838282	0.240197525783692	4.38904272791861	5.33134958884703
4.58496596085411	0.21200812861028	4.16916006945699	5.00077185225122
5.03213546791852	0.207895663601179	4.62447765977629	5.43979327606075
5.1249560646393	0.19920784646437	4.73405004961182	5.51586207966679
5.12221916416707	0.236629132550752	4.65799801851074	5.58644030982339
4.82260556846256	0.219745445238127	4.39145485832524	5.25375627859988
4.64859511600062	0.210695040879918	4.23524423748229	5.06194599451896
5.12044632771089	0.197439717558921	4.73320463088405	5.50768802453773
5.12671736551768	0.212855673591401	4.70898432089125	5.54445041014411
5.08289713603503	0.242491361014452	4.60728446381023	5.55850980825982
5.49981453987578	0.233547744779371	5.0415816918368	5.95804738791476
5.16174473764887	0.266988893392673	4.63765422560596	5.68583524969179
4.94481669150565	0.252769419093752	4.44900964871233	5.44062373429896
4.70799574838241	0.193663994641812	4.32812399700162	5.08786749976321
5.20566760139778	0.21170764812143	4.7904472131861	5.62088798960946
4.78581911106465	0.21198687893433	4.36992422489181	5.20171399723749
4.91021321379083	0.221082011513181	4.4765875928241	5.34383883475756
4.77094277046463	0.235932297720836	4.30800218784992	5.23388335307935
5.2427337980023	0.197847554995955	4.85464415056255	5.63082344544205
5.18179459235279	0.229475271985627	4.73167573113074	5.63191345357485
5.03532793573126	0.216731583663328	4.61014843611354	5.46050743534899
5.08465605372064	0.204294138662631	4.68405482821839	5.48525727922288
5.1038121706887	0.214684354681681	4.68256401924518	5.52506032213221
5.08459295858375	0.220543983396095	4.65193353658748	5.51725238058001
4.87123785373456	0.227476489294256	4.42491193485247	5.31756377261665
4.75509400022041	0.21003288800153	4.34296543682354	5.16722256361728
5.05302646093989	0.235495700796007	4.59099729875566	5.51505562312412
5.11252072921374	0.236058373002527	4.64947572845666	5.57556572997083
4.88512400488142	0.220078925496382	4.45329899825397	5.31694901150887
5.25674273847757	0.23471140018733	4.79637305468057	5.71711242227457
5.10033787851269	0.224865408575367	4.65922078786278	5.54145496916259
4.70853491931171	0.235246366352532	4.24718940182089	5.16988043680254
4.62078020510845	0.209355668200725	4.21004916803418	5.03151124218271
4.8415173711026	0.205667557951548	4.43813465538825	5.24490008681696
5.06259825850023	0.223608674553991	4.62374716764449	5.50144934935597
5.17396377456699	0.221287303609301	4.74002698247638	5.60790056665761
5.45321375435129	0.229789196656125	5.00223125806139	5.90419625064119
4.82658412230123	0.211894350204	4.41104174274895	5.24212650185352
5.22596507467896	0.245651046540128	4.74402772058048	5.70790242877745
4.8553549406126	0.207504928876557	4.44850372410284	5.26220615712235
4.82592214646711	0.224763708271511	4.38498055273658	5.26686374019764
5.14081998301909	0.219177997971594	4.71080684252844	5.57083312350974
5.08127573305664	0.218418427437972	4.65283436963983	5.50971709647345
4.74266320045073	0.227306883474959	4.2966866681604	5.18863973274105
5.00359759332953	0.206205960087352	4.59912035996244	5.40807482669663
4.78333516998807	0.207658697456278	4.37607304811313	5.190597291863
5.26376926353202	0.239371521134543	4.79418927525232	5.73334925181173
4.82345046986691	0.229215429039795	4.37353655303982	5.273364386694
4.99418736363616	0.21916796512298	4.56433746132719	5.42403726594513
5.04915275806605	0.22162641403457	4.61438660490986	5.48391891122225
4.83144594045661	0.220880219652478	4.39808341078806	5.26480847012517
5.18800794357051	0.223786720083361	4.74889444870232	5.6271214384387
5.06702663160485	0.239385163363876	4.59715801905193	5.53689524415778
4.74957113337016	0.201054197816381	4.35518975311686	5.14395251362346
5.36129444387227	0.237671849908737	4.89509187266966	5.82749701507487
4.82027156229843	0.219421419146087	4.38964858840786	5.25089453618899
4.83467059914414	0.2306017252957	4.38223678444782	5.28710441384045
5.22450599324845	0.220255744560824	4.79235576896615	5.65665621753075
5.17706599683142	0.227071657585444	4.73162956757686	5.62250242608598
5.47189132631767	0.217597465470511	5.04495002418648	5.89883262844886
4.88873237572923	0.195095267941805	4.50605110729326	5.2714136441652
4.76117000121732	0.248050043546056	4.27410985938933	5.24823014304531
5.03730604459341	0.233491830774819	4.57930962697446	5.49530246221237
5.16966128233772	0.235288996319438	4.70783303886479	5.63148952581065
4.54547131701297	0.21777774711721	4.11814212391416	4.97280051011178
5.11390342426264	0.240038117184868	4.64304493175949	5.58476191676578
5.10819657706305	0.208417698024685	4.69947747465701	5.5169156794691
5.23253994902493	0.241529839055977	4.75871020640765	5.70636969164222
5.06957102063588	0.208714463252024	4.66020979492077	5.47893224635098
5.31273889039361	0.225258847213494	4.87063172397121	5.75484605681601
5.21816330998688	0.203842448833789	4.81841781734049	5.61790880263328
4.92523393761295	0.208620622387524	4.51607354122401	5.33439433400189
4.82231097362677	0.210282712269225	4.40987188232908	5.23475006492446
5.24991344822147	0.228994254637973	4.80070840337841	5.69911849306453
5.33293337217769	0.203265204594216	4.93423499343816	5.73163175091721
5.31910867069631	0.25427262030714	4.82023095443104	5.81798638696157
4.92161512573517	0.248555871008021	4.43390078902883	5.40932946244151
4.83106385900964	0.198832845540715	4.44111659684595	5.22101112117332
4.92635718334069	0.214129354543185	4.50636438664517	5.34634998003622
5.04182575349484	0.219045646129418	4.61230845374048	5.4713430532492
4.98692006748323	0.233135377451236	4.52943769268048	5.44440244228599
5.12667184721786	0.215541178739081	4.70379673200506	5.54954696243066
4.81818933674377	0.212279358016585	4.40176411267084	5.2346145608167
5.09073672895545	0.257373742223299	4.58562381334282	5.59584964456808
5.04293629583354	0.214617092795974	4.62194989751494	5.46392269415213
4.79889052950763	0.211412093690404	4.38417788272114	5.21360317629411
5.1557762559	0.200877256317195	4.76180734956583	5.54974516223418
4.80005890411418	0.213806007261036	4.3806423552941	5.21947545293426
4.78539489173378	0.211034153176098	4.37127854805776	5.19951123540981
4.70946636078018	0.255315843603264	4.20830891047347	5.21062381108689
5.17335665103937	0.239130589769982	4.70413747631106	5.64257582576767
5.38565378155903	0.227084935737695	4.94021853970308	5.83108902341497
4.91601545495511	0.21630617039881	4.4915869488623	5.34044396104793
5.0042841125144	0.218757829027654	4.575118387106	5.4334498379228
4.98891649758751	0.22990818179807	4.5377464353838	5.44008655979121
4.85664673081598	0.201127270709178	4.46209355780691	5.25119990382504
4.95337058550484	0.221333674299798	4.51904419911692	5.38769697189277
4.94060394872367	0.25450587452229	4.44094149259932	5.44026640484802
4.81982632491568	0.222868917564872	4.38258444322527	5.25706820660609
4.81922806232907	0.215847083957136	4.39578460878841	5.24267151586972
5.12417190798691	0.231054655276325	4.67044930767347	5.57789450830035
4.94069060969067	0.197195059601626	4.55380426900252	5.32757695037882
5.07503163637081	0.221942292035618	4.63952891189479	5.51053436084684
4.60419479459169	0.227422852222114	4.15818285644125	5.05020673274213
5.32429509069599	0.206011577733248	4.92033779511704	5.72825238627494
4.96661367058824	0.220017354187475	4.53510514386197	5.39812219731452
4.91692363083677	0.230716686524097	4.46430160111721	5.36954566055632
5.39422484395537	0.235219873072976	4.93289815936279	5.85555152854794
4.92109571555438	0.218036187063411	4.49341914073531	5.34877229037345
4.67969980064443	0.256248242045752	4.17689065376561	5.18250894752325
5.05755558508084	0.202213020700805	4.66095693937221	5.45415423078947
4.97729689488063	0.212489093978136	4.56053928591761	5.39405450384365
4.78487668840427	0.202441002855002	4.3877199798188	5.18203339698974
4.95675768393751	0.221592644081849	4.52203851064789	5.39147685722714
4.57739541204713	0.253357608471164	4.08028020077702	5.07451062331724
5.1022734572847	0.202514205643979	4.70509489542865	5.49945201914076
5.02531638092083	0.225714811671112	4.5824732096855	5.46815955215617
5.18676960254653	0.253078317379644	4.69014682323194	5.68339238186111
4.83679788942452	0.226273525414302	4.39291014119154	5.28068563765749
5.19571976499768	0.227847966370271	4.74849914395	5.64294038604535
5.14001272584758	0.232924465842578	4.68307698310103	5.59694846859413
5.00176668068249	0.219409638516687	4.57137084494979	5.4321625164152
4.72552939278978	0.236925831653188	4.26055188930268	5.19050689627688
5.09478629473811	0.211852240998566	4.67907233234433	5.5105002571319
4.79957063772552	0.220711702743318	4.36672970004442	5.23241157540661
4.82499026171004	0.227396971447744	4.37894165174081	5.27103887167927
4.72694331568649	0.2170955601428	4.30118229615494	5.15270433521805
4.41768371629721	0.202465457743624	4.02057382516808	4.81479360742634
4.92245573776385	0.258216173789613	4.41557603151957	5.42933544400814
4.9615057036477	0.237058355064639	4.49632080970564	5.42669059758976
5.05258319528996	0.221580151706353	4.61793606828178	5.48723032229815
4.86978815945973	0.20559417108551	4.4665479503472	5.27302836857226
5.23426174672534	0.20040669533228	4.84118541573309	5.62733807771759
4.88340549871226	0.204773645550307	4.48172285855082	5.2850881388737
4.60597341948189	0.215973695120992	4.18244733799044	5.02949950097334
4.60595398572023	0.267981935789872	4.08007535821029	5.13183261323017
5.11825669708687	0.214884320059518	4.69686965761013	5.5396437365636
4.85435569934736	0.235469930796105	4.39260152485326	5.31610987384145
4.89579242011411	0.219641468690889	4.46488447311335	5.32670036711487
5.26378034473473	0.215775201914652	4.8407035694467	5.68685712002276
5.0016600007685	0.233147968359183	4.54424787853363	5.45907212300336
5.08621929077512	0.196705811626916	4.70030334444226	5.47213523710798
5.23040351017826	0.222068987665546	4.79468323065915	5.66612378969736
4.77331458075021	0.21404657889648	4.35341043776672	5.1932187237337
5.06072401218683	0.222152628877642	4.62491746049745	5.4965305638762
4.90642570402609	0.2355095458383	4.44427912475057	5.36857228330162
4.49360708937023	0.224302841065083	4.0536289306214	4.93358524811907
4.72236473279472	0.272717703188414	4.18730592051809	5.25742354507134
4.98471411160319	0.220898800049237	4.55144626154867	5.4179819616577
4.98812820534195	0.227200621959614	4.54254765711845	5.43370875356545
5.2597167206052	0.207538633702994	4.85262967646038	5.66680376475003
5.13372141750539	0.196264138703194	4.74864701464098	5.51879582036981
4.82696010156348	0.237291865201296	4.36145372463702	5.29246647848994
5.11467500570269	0.226747549453297	4.66989642540017	5.55945358600521
4.94703312871889	0.240889157958744	4.47439780212819	5.41966845530959
5.041790583134	0.234428606762254	4.58179445716011	5.5017867091079
5.31809125975517	0.22264981853939	4.88132050943899	5.75486201007134
5.06221617823602	0.208856054170879	4.65243369366467	5.47199866280738
5.01356954795681	0.216565812751447	4.5886016265069	5.43853746940673
5.04933087305257	0.225667021261272	4.60675676418846	5.49190498191668
5.04911837634713	0.242318822128725	4.57342858352638	5.52480816916787
4.89406883191343	0.232516801789673	4.43796754269281	5.35017012113405
4.86779517702886	0.226685667008468	4.42316331022994	5.31242704382778
5.12329695481308	0.224383757472932	4.6831681906584	5.56342571896777
5.11892050634734	0.238526444789029	4.65067614180511	5.58716487088956
5.13575757595976	0.198481687099871	4.74646986297721	5.52504528894232
4.95877458094458	0.219328727163318	4.52856694584793	5.38898221604124
4.62268421274142	0.226801903665858	4.1773627515003	5.06800567398255
5.03009761773043	0.243015287810763	4.55328630328712	5.50690893217374
4.9017775906105	0.232459322930595	4.44583244584437	5.35772273537663
5.13649638518337	0.228470728440773	4.688377010275	5.58461576009173
4.46603930947994	0.192136290621432	4.08907497971068	4.84300363924919
5.26193138026465	0.21436229366034	4.84150317376738	5.68235958676191
4.71909342369543	0.22941155883582	4.26883906152256	5.1693477858683
4.85100139894461	0.207561820903691	4.44397189019299	5.25803090769622
4.91734638672006	0.211968918350758	4.5014872940563	5.33320547938382
4.96922510968732	0.217388382418878	4.5427724587223	5.39567776065234
4.86873006165734	0.213580047798692	4.44981154257194	5.28764858074274
5.03747076603387	0.227570873611152	4.59111586515173	5.483825666916
4.48551511340986	0.249366135394758	3.99567870980538	4.97535151701433
4.82197337429673	0.240296581937406	4.3504121937629	5.29353455483057
4.83447594778495	0.221525577095767	4.39989266604518	5.26905922952473
5.01577096753983	0.225068658113844	4.57430659514682	5.45723533993284
4.56162790857433	0.229702645135763	4.11102295455919	5.01223286258947
5.04681291460327	0.242825191938911	4.57038292146548	5.52324290774106
5.25094708490905	0.222424501362966	4.8146791792758	5.68721499054231
4.8441850061166	0.231562169540959	4.38978584560637	5.29858416662683
5.27316665704842	0.268447672877525	4.74617691264566	5.80015640145119
4.55712576028366	0.225914738046164	4.11404242301169	5.00020909755563
5.21632431076066	0.280498867497512	4.66541404505366	5.76723457646766
4.85321347823736	0.230398955768922	4.4013434645945	5.30508349188023
4.86765705265491	0.2155961870051	4.4447480366365	5.29056606867332
4.90355738006007	0.231727292315584	4.44878516225666	5.35832959786348
4.93104115130416	0.230843393191871	4.47819159199248	5.38389071061585
5.01499722057088	0.217379300847586	4.58859811956822	5.44139632157353
5.00395382419635	0.221998784267735	4.56852291231718	5.43938473607551
4.88813614044643	0.240714052399152	4.41592660994376	5.36034567094909
4.90602881732842	0.187047645405004	4.53911079034881	5.27294684430804
5.04240873351698	0.237054543173524	4.57737406185414	5.50744340517981
5.17315079945269	0.214793163867123	4.7516697931233	5.59463180578209
5.25508982345058	0.231825824275574	4.8003705130021	5.70980913389906
5.5207446083328	0.222204720915003	5.08497217413287	5.95651704253272
5.19338263993287	0.196714907051243	4.80756375550603	5.57920152435971
4.66617438783428	0.213461528784389	4.24733023092862	5.08501854473994
5.23836546539652	0.213602906134025	4.81934525673298	5.65738567406006
4.99348499502748	0.246050102145063	4.51069322539382	5.47627676466113
5.23159050562512	0.204842757711418	4.82986728308412	5.63331372816613
5.00364514860646	0.223117817514257	4.5659621473316	5.44132814988132
4.67537846162631	0.244128068597764	4.19646453561073	5.15429238764188
4.9443074678288	0.24193038236625	4.46959308741458	5.41902184824303
5.09157299476797	0.232861427283034	4.634645662379	5.54850032715695
4.84370567570446	0.217676422750032	4.41677597222254	5.27063537918639
4.97798886984708	0.215339413109807	4.55556059859836	5.40041714109581
4.36466609449822	0.198286280356039	3.97575552011631	4.75357666888013
4.92884832858548	0.206188658738057	4.52437380466384	5.33332285250712
4.78161276567325	0.253857134902377	4.28368449091606	5.27954104043044
5.24030231727825	0.21967582966266	4.80939400349419	5.67121063106231
4.85588843331642	0.238996311787883	4.38681622552757	5.32496064110527
4.67045469528069	0.319983575856234	4.04147645192088	5.29943293864049
5.00341051816435	0.212207399903149	4.58715225036238	5.41966878596632
5.03350727431972	0.213700518187739	4.61405663766089	5.45295791097854
5.10043007403247	0.23694501467096	4.6354140368852	5.56544611117973
5.3682045233563	0.223791142560269	4.92928513333472	5.80712391337788
5.21560362274985	0.236362687957209	4.75184571877373	5.67936152672596
4.92756588925467	0.272737208813129	4.39193336952349	5.46319840898585
4.85693321769916	0.235617072218663	4.39463212605583	5.31923430934249
4.84683155260378	0.214488127200669	4.42609099785687	5.26757210735069
4.88415337163947	0.25522327802194	4.38317482787704	5.38513191540191
5.27582982946679	0.213209403244831	4.85760989695244	5.69404976198114
4.84320007832732	0.20234249252811	4.44634225484795	5.24005790180669
5.16369189503899	0.235176803427045	4.70220901988795	5.62517477019003
4.72115728016153	0.195581095592649	4.33753945313242	5.10477510719064
4.85879611779578	0.218370723454405	4.43038447870483	5.28720775688673
5.15845509607283	0.211309656571179	4.74401043082234	5.57289976132332
5.29378917037642	0.236511161825768	4.82982097129241	5.75775736946043
4.77451796131713	0.201136870948652	4.37993165696203	5.16910426567222
4.76282089013841	0.224040049614774	4.32340228117385	5.20223949910298
5.03301485969335	0.245449910497184	4.55133421381184	5.51469550557486
4.77993058730529	0.232500327765497	4.32399706782483	5.23586410678576
4.95600995353481	0.223794546039881	4.51704057466354	5.39497933240609
4.99872858287179	0.196539646084942	4.6131793816348	5.38427778410879
5.01700767104686	0.215267234215281	4.59465428498438	5.43936105710934
5.27276872960448	0.215319681651465	4.85044826802734	5.69508919118163
4.81884914520744	0.216315605595889	4.39466236252035	5.24303592789452
4.98152992204408	0.249030719482594	4.49267423565871	5.47038560842945
5.31216151835532	0.215776226908776	4.88911204916138	5.73521098754926
4.88077721242542	0.219255334383767	4.4506690032065	5.31088542164434
4.73780663864252	0.197914756146531	4.3496898301517	5.12592344713333
5.03756303334835	0.252269686358111	4.54223665309157	5.53288941360513
4.9357765800402	0.225654392506514	4.49314825502407	5.37840490505632
4.91657807278539	0.239426334918578	4.44685366569384	5.38630247987693
4.70976069309425	0.223324373744094	4.27171798347281	5.14780340271568
5.12630469343503	0.218606975519148	4.69749316989131	5.55511621697876
5.00794673868799	0.219903488759351	4.57636151626071	5.43953196111527
5.02696150681514	0.230765366455685	4.57425129737205	5.47967171625822
4.70250504661462	0.222498789690812	4.2661012904123	5.13890880281694
4.63869812406644	0.196531620551767	4.25326117093307	5.02413507719981
5.39085176269211	0.225414129430448	4.94873421342185	5.83296931196238
4.68461134094489	0.222140388037339	4.24867097985167	5.12055170203811
5.09917317990841	0.227435086215705	4.65310204810227	5.54524431171455
5.06070336327944	0.233290846250079	4.6029358647274	5.51847086183149
5.31244930262913	0.21638935996402	4.88794492324652	5.73695368201174
5.16994788106845	0.211542121821196	4.75499808672828	5.58489767540862
5.18004476746115	0.22002705989629	4.74850250565561	5.61158702926668
4.70990299796959	0.222341969981765	4.27386472648535	5.14594126945383
4.95687216264021	0.21650957427569	4.53218688127912	5.3815574440013
4.8740277797927	0.225433114513813	4.43191093017721	5.3161446294082
5.27698760933807	0.226029100977698	4.83370874291837	5.72026647575777
5.05928299079862	0.224737652687038	4.61820317879479	5.50036280280244
5.00163181850492	0.248226063645621	4.51461884555663	5.48864479145322
4.86600417280997	0.221749960441667	4.43108051826498	5.30092782735496
5.15389124963948	0.22076310179438	4.72082413764972	5.58695836162925
5.12755459775503	0.231993791668623	4.67259525993733	5.58251393557273
4.88806641858019	0.212095304260146	4.47206685105224	5.30406598610814
5.04588567594531	0.201897900194119	4.64996213897571	5.44180921291492
5.16605415354617	0.259219988674232	4.65702820540637	5.67508010168598
5.16989885984861	0.228756535882646	4.72096564886069	5.61883207083653
4.80284459358244	0.224143267041612	4.3630442035909	5.24264498357398
5.30255503725837	0.21112339328004	4.88849269556864	5.71661737894811
5.0621643325263	0.218287864647546	4.63405686749808	5.49027179755453
4.7091731700421	0.222824775833719	4.27187968884213	5.14646665124208
5.04975016012893	0.216784796305177	4.62448725478623	5.47501306547163
5.03469184732992	0.209860877818025	4.62298750724229	5.44639618741756
5.00231776132859	0.219097506335004	4.57267153350541	5.43196398915177
4.48861643468589	0.237117252184137	4.02350052238165	4.95373234699013
5.22681209132392	0.237496070584675	4.76105975879527	5.69256442385257
5.03624487797906	0.210479812713766	4.62348931308362	5.44900044287451
5.19590562863801	0.214304735621727	4.77556556038898	5.61624569688704
4.92201708216661	0.247092694323928	4.43686108400251	5.40717308033071
4.6373474584037	0.209429664446003	4.22671302378148	5.04798189302593
4.68906211790751	0.202666921624868	4.2915960403431	5.08652819547192
5.09817469995054	0.250831722773395	4.60614702247108	5.59020237743001
5.29445554149485	0.213162429079673	4.87646731777811	5.71244376521159
4.68447824492199	0.214610485081703	4.26344795060165	5.10550853924232
5.07307901714033	0.21604936643627	4.64931340084878	5.49684463343188
4.87271387002943	0.218512459085245	4.44401250603328	5.30141523402558
4.93726706521242	0.200135960281813	4.54476284415957	5.32977128626528
5.08229753797489	0.254524352511546	4.58236666635783	5.58222840959196
5.10856489529426	0.236957076873174	4.643675259809	5.57345453077951
5.08975438259374	0.203357571104856	4.69092292278491	5.48858584240257
4.89965301091664	0.19531148877138	4.51653685813105	5.28276916370223
4.83527042289106	0.22292487804207	4.39798009168978	5.27256075409233
4.92157750312487	0.207206063252408	4.51511764259924	5.32803736365049
5.11620824358091	0.238402009916507	4.64802699941885	5.58438948774297
4.77123621888459	0.225235438142056	4.32937553544589	5.21309690232328
5.28430746227833	0.210302928043199	4.87182434684299	5.69679057771366
4.92388666311808	0.204498494139049	4.52283859303833	5.32493473319782
5.05676128702369	0.264260631254648	4.53793568319041	5.57558689085698
4.83408954003955	0.209312866932392	4.42346369009702	5.24471538998209
5.00786500655413	0.217797608774049	4.58066472165167	5.43506529145659
5.01006628214942	0.238855284355683	4.54128583562883	5.47884672867001
5.20122690920404	0.212493495967164	4.78444865252345	5.61800516588464
4.63502219966409	0.240740688752828	4.16273093232512	5.10731346700307
5.19178856602188	0.218417660958953	4.7632872474953	5.62028988454847
4.73414381384651	0.201622526398604	4.33870608453063	5.12958154316238
5.19275016794266	0.236317855393007	4.72902089839651	5.6564794374888
4.56152358027694	0.198911985753696	4.17142516476583	4.95162199578805
4.79653182069007	0.213724645616898	4.37732206258602	5.21574157879413
4.9342546529095	0.220924341811025	4.5008285493513	5.3676807564677
4.79476266014564	0.229430918947768	4.3447328427835	5.24479247750778
4.84777586755877	0.207613702838272	4.44032714667192	5.25522458844561
4.87887694282554	0.244736778712967	4.39844062044669	5.35931326520438
4.90879754296968	0.2072319454168	4.50230075465693	5.31529433128243
5.34961478965081	0.22888299718006	4.90056517667831	5.79866440262332
5.30615063166728	0.227675677549154	4.85944746902502	5.75285379430954
5.20510591215203	0.224894335827937	4.76385736766886	5.6463544566352
5.01161132551061	0.212140027215084	4.59550424973286	5.42771840128837
4.81603839216596	0.207714704304648	4.4084745307659	5.22360225356602
5.45582608194193	0.224477185906097	5.0152867748532	5.89636538903065
4.91412341704199	0.20418158352281	4.51361428270794	5.31463255137605
5.05845640489941	0.219674337428563	4.62739148441225	5.48952132538656
4.77737879216243	0.232643401697384	4.32066065801482	5.23409692631005
5.19498317942451	0.202746588818994	4.79731519425729	5.59265116459173
4.86557316261228	0.275688889061977	4.32458219077069	5.40656413445386
5.05183002624989	0.230232631864098	4.59996705976072	5.50369299273906
4.34700977015093	0.229884557997099	3.89581692002406	4.79820262027781
5.14762288228095	0.22181866297827	4.71242597283207	5.58281979172982
5.0620221854718	0.239096126922206	4.59302189075561	5.53102248018799
5.06650169576001	0.228372951911406	4.61862597481864	5.51437741670138
4.933276513466	0.219664421923212	4.50245239111383	5.36410063581816
4.74419299787006	0.23016650513166	4.29268465954792	5.1957013361922
5.02346996164532	0.213022869166747	4.60555317036954	5.44138675292111
5.41037613934038	0.209626944666938	4.99919071665458	5.82156156202619
4.98676596517846	0.240065330559414	4.51589893756453	5.45763299279238
4.85581794067837	0.23204252630571	4.40034769003003	5.31128819132671
5.17355312258247	0.214093101932694	4.75369008280473	5.5934161623602
5.11122071002706	0.241713710686729	4.63676962384147	5.58567179621266
4.81225468489787	0.235580901190849	4.3499736178315	5.27453575196424
4.92121974351428	0.215579622687781	4.49835241813551	5.34408706889304
4.9580609277645	0.241884711516746	4.48342875201968	5.43269310350931
4.84988588206392	0.236324695284957	4.38642628686223	5.31334547726561
5.00213540779423	0.237407643281943	4.53658194964018	5.46768886594827
5.04138179321658	0.200797934935396	4.64759126603223	5.43517232040094
5.09663668896618	0.225702693877441	4.65382059527123	5.53945278266113
4.77970737636425	0.234437602345585	4.31969009063066	5.23972466209783
4.63958660770712	0.237016156282575	4.1745666887537	5.10460652666054
5.03888033018264	0.218433177182827	4.6105190807236	5.46724157964169
5.0102420853899	0.216396725159443	4.58577272061868	5.43471145016112
5.35245342832592	0.242445861144011	4.87645422153757	5.82845263511426
5.09998984113082	0.232665531079223	4.64363945262393	5.55634022963771
5.10046592750856	0.217878412734487	4.6729287287182	5.52800312629891
5.01313059133116	0.208687893148313	4.60364310341916	5.42261807924316
4.96358622196246	0.20492025472756	4.56165294998401	5.36551949394091
4.94604842848811	0.20778170411396	4.53838216694499	5.35371469003123
4.96614011363364	0.206352062876125	4.56146298316706	5.37081724410022
4.67748087751954	0.229236513350128	4.2277963876573	5.12716536738178
5.27278933836514	0.22271064266849	4.83568290956315	5.70989576716714
4.82310914180512	0.211686946173759	4.40755638722082	5.23866189638943
5.23710304904139	0.242954068682599	4.7604778566001	5.71372824148268
5.09845153530882	0.241752460615051	4.62383380158442	5.57306926903322
5.02692425627937	0.202417144534313	4.62977079929791	5.42407771326083
4.80788744501715	0.250522862480436	4.31620301189726	5.29957187813703
4.92296937114487	0.214010148907839	4.50317337415211	5.34276536813762
4.66252028262328	0.220927588129399	4.22911816578726	5.0959223994593
4.79154933175747	0.221266062676163	4.357518022279	5.22558064123594
4.98513163805954	0.215337657037025	4.5626069968019	5.40765627931717
4.72242508112421	0.227423916147805	4.27623428480162	5.16861587744681
5.08734651662472	0.246896013824566	4.6026963206573	5.57199671259215
4.89290713592244	0.206796217218647	4.48737839504944	5.29843587679543
5.18134855131868	0.234308733327873	4.72168518422905	5.64101191840831
5.04719212729463	0.234355843853687	4.58717200764373	5.50721224694552
5.12449493448927	0.216410252715959	4.70004126531488	5.54894860366367
4.85684795541001	0.221765523205957	4.42156561625003	5.29213029457
5.13470390517219	0.205898337015997	4.73089544876985	5.53851236157453
5.39068964885882	0.221336887859674	4.95644120708569	5.82493809063195
5.21652422663623	0.223274858922365	4.77859927722728	5.65444917604519
5.10207203931671	0.22903085689672	4.65300038303602	5.5511436955974
5.10324527003479	0.216330240811049	4.67883178184771	5.52765875822188
5.10187335725658	0.243711577941375	4.62385983554614	5.57988687896702
5.07137861686561	0.239081345365657	4.60228006078212	5.54047717294911
5.11067075157458	0.214349814642357	4.69030978337025	5.53103171977891
5.00473389453614	0.263495635107254	4.48758357871338	5.5218842103589
4.89835670142847	0.213474363021981	4.47975048736534	5.3169629154916
5.45992983999095	0.244440508719627	4.98014840098618	5.93971127899572
5.04616920955881	0.202661442973755	4.64876193893369	5.44357648018394
5.40348664786172	0.222716562845714	4.96678099621044	5.84019229951299
5.17595470116438	0.245096159643559	4.69508278016021	5.65682662216854
5.32419231438306	0.223557087189683	4.88562509199332	5.76275953677281
5.01994801621772	0.216886328247639	4.59449029175326	5.44540574068218
5.12618158485926	0.229655716582435	4.67567040107924	5.57669276863927
5.16780523493811	0.229887173548329	4.71695550211238	5.61865496776383
5.31005058167994	0.202644188333986	4.9125843448955	5.70751681846438
4.50777711592152	0.212744308378579	4.09044509932615	4.9251091325169
5.08227047387421	0.224877367457488	4.64107270627929	5.52346824146913
5.14216732989698	0.195215012569595	4.75937127870997	5.52496338108398
5.0190297739546	0.242880071381881	4.54273601582995	5.49532353207925
4.78811136679561	0.209684666506248	4.3768544780346	5.19936825555663
4.88319808372308	0.240553127220912	4.4109353733142	5.35546079413196
5.16761727801595	0.203388839563676	4.76861797776423	5.56661657826768
4.92719895879918	0.229105946225604	4.47761761064926	5.3767803069491
4.96542308761197	0.234087207571103	4.50626080576082	5.42458536946311
4.83495465848471	0.231307771173956	4.38115284308012	5.2887564738893
4.95277752560638	0.232807959975161	4.49586833445785	5.4096867167549
5.51346277455636	0.235299364287963	5.0519694552548	5.97495609385792
4.71731122366457	0.20689792076768	4.31151117562055	5.1231112717086
5.19267288429782	0.208985114963249	4.78283919791315	5.6025065706825
5.00490407824214	0.214615484096671	4.58404226368843	5.42576589279586
5.00265492709856	0.21669775812905	4.57760398470481	5.4277058694923
4.70107681972773	0.22424340297908	4.2613696967538	5.14078394270166
5.28976571700395	0.225289650462482	4.84790549182191	5.73162594218598
4.95254569061009	0.213497870479272	4.53374702002833	5.37134436119185
4.95100983612508	0.224957966833143	4.50971112006121	5.39230855218895
5.06656424217472	0.21813471155966	4.63850798016668	5.49462050418276
5.20591611457831	0.216272984709801	4.78165238160827	5.63017984754835
5.55517841018014	0.240882378493338	5.08254377428836	6.02781304607193
4.93259243178541	0.248742424915695	4.44435863717986	5.42082622639096
5.07576540505983	0.21878254266657	4.64662995088711	5.50490085923256
4.58070118911375	0.235144260687774	4.11936273356319	5.0420396446643
4.8211637212351	0.203912764476497	4.42113371993589	5.22119372253431
4.99397406654678	0.213355862201188	4.57551625240447	5.41243188068909
5.12369568467035	0.196773461019547	4.73783769021866	5.50955367912204
4.89267629444908	0.226465708695147	4.44867578849391	5.33667680040426
4.94166255008246	0.216544229462266	4.51693061962632	5.36639448053859
4.76188931030266	0.220412771396994	4.32936841130756	5.19441020929776
4.95442796502844	0.215102485767181	4.5324354802234	5.37642044983348
4.85928870245992	0.215868217814913	4.43573314881839	5.28284425610145
4.86883783491969	0.203328256573033	4.47001654821281	5.26765912162657
4.81020237701809	0.229343375445726	4.36022625017852	5.26017850385765
4.91759873327711	0.21042326598608	4.5049575939256	5.33023987262861
5.05543404574457	0.210898186614505	4.64171786889045	5.4691502225987
4.97904983293109	0.217709148149908	4.55213422279809	5.40596544306408
5.02876941277106	0.233864017019793	4.56989012903949	5.48764869650264
5.04737663332057	0.221601359167745	4.61248526993016	5.48226799671098
4.89279800026405	0.231483214491291	4.43857255684176	5.34702344368634
5.32206552518163	0.236293335029271	4.85816386523622	5.78596718512703
4.79163239270324	0.209879776292619	4.379746915994	5.20351786941247
4.66782445017461	0.221688258133149	4.23285085445147	5.10279804589774
5.18304690726493	0.287678184467647	4.61799703082975	5.74809678370011
5.08034787506747	0.258841732808836	4.57222820463231	5.58846754550263
5.27338981613663	0.224522855206245	4.83272108127621	5.71405855099705
4.94513225980036	0.214737407894443	4.52399603728123	5.36626848231948
4.95869498921387	0.223716047755282	4.51990783144997	5.39748214697778
5.30935299918879	0.284042022623644	4.75140211673242	5.86730388164516
4.96077978650486	0.241569495143153	4.48695280315512	5.4346067698546
4.94171688048048	0.205944394453807	4.53781758400221	5.34561617695875
5.06085094482643	0.22616438575316	4.61711705106348	5.50458483858939
4.92117904430995	0.196737166917784	4.53532768018698	5.30703040843292
5.28540155023252	0.217260166371783	4.85907921080423	5.7117238896608
5.1095619669464	0.220819170781249	4.67635892296893	5.54276501092387
5.37341156238472	0.224801369803743	4.93246526565847	5.81435785911098
4.58764759473412	0.201908706761103	4.19171515130254	4.9835800381657
5.22946202571882	0.233154216531426	4.77204946647416	5.68687458496349
5.18063502557493	0.242814955763999	4.70388908441664	5.65738096673322
4.96580867753853	0.226239829116185	4.52189340267476	5.4097239524023
4.78212631311725	0.201994783307746	4.38588222216872	5.17837040406578
4.4976740188815	0.282825030505077	3.94240097786487	5.05294705989812
5.01458446063603	0.215224932165155	4.59236084358751	5.43680807768456
5.18136077494338	0.231077313546137	4.72807045280746	5.6346510970793
4.87078539373464	0.289840165972767	4.30132509392474	5.44024569354454
4.76950472627832	0.199767185448771	4.37764148606214	5.16136796649449
4.87306152084191	0.243977143301954	4.39431303404888	5.35181000763494
5.27282574612525	0.230249774472053	4.82110965425723	5.72454183799327
4.64858649533957	0.234772915499057	4.18794506718231	5.10922792349683
4.88522693633962	0.226876176140524	4.44001812249525	5.33043575018399
4.72100151614781	0.224116211805945	4.28124646878216	5.16075656351346
5.02531890189062	0.226033805545772	4.58197443997371	5.46866336380754
4.67921927288067	0.206128018641108	4.27484261435712	5.08359593140423
5.05198865640464	0.211173255874014	4.63766059048038	5.46631672232891
4.89307967351139	0.24876508146552	4.40472675837661	5.38143258864617
5.11983828218867	0.217710160305841	4.69269516606769	5.54698139830965
5.03943278652019	0.190203734587891	4.66637662136829	5.4124889516721
4.71103548486237	0.206369873996246	4.30628621946124	5.11578475026351
4.89490834060482	0.213615185753651	4.47590406979449	5.31391261141515
4.43986058183951	0.234453292329091	3.97997604657344	4.89974511710558
4.82997662143065	0.236832568664049	4.36526181270284	5.29469143015846
5.14936446976104	0.193343238198169	4.77018456554634	5.52854437397574
5.35846555120751	0.229942942595082	4.9074145535639	5.80951654885112
5.16746869991332	0.235802652686023	4.70496453063948	5.62997286918715
4.89289012361281	0.230952962684936	4.43967902443822	5.34610122278741
5.19149636563386	0.233119794459698	4.73427101891183	5.64872171235589
5.00821135898281	0.217511270634349	4.5813989270904	5.43502379087522
5.14437739646238	0.200523812569582	4.75096107572565	5.5377937171991
4.89873334794881	0.222519562532789	4.46235532277468	5.33511137312294
5.34964150208653	0.208741326730997	4.94020591270063	5.75907709147243
5.18863434632009	0.237747444060384	4.72216884059192	5.65509985204826
4.90495273598096	0.20858703149188	4.49573414376515	5.31417132819676
4.98263332553925	0.238090898698169	4.51537202349045	5.44989462758806
4.81529028131006	0.363770725422202	4.09974121385593	5.53083934876419
5.03074655366459	0.252829034686179	4.53464955097704	5.52684355635213
4.80680092719754	0.225674205561822	4.36404032002041	5.24956153437466
5.08243026773905	0.206542531773127	4.67714923406896	5.48771130140914
5.03511593329823	0.217786163427675	4.60797848377916	5.46225338281731
5.39360584172579	0.209345262719094	4.98303142503747	5.8041802584141
5.04643211349858	0.267351517900863	4.52171398527323	5.57115024172393
4.85787702259007	0.225595541512173	4.41526673951348	5.30048730566667
5.22186358982223	0.217399074978268	4.79558568276236	5.6481414968821
5.00287511927897	0.210916795861901	4.58914266687882	5.41660757167913
4.91238652934166	0.20060509049076	4.51880641154444	5.30596664713888
5.20304105196822	0.198729328295016	4.8129973723109	5.59308473162553
4.65320170229926	0.263309342952182	4.13645588433516	5.16994752026336
4.94980279289852	0.221839273075031	4.51467802389932	5.38492756189773
4.91338471336143	0.263073790012353	4.39700735198461	5.42976207473825
4.83999933372455	0.209816511329701	4.4283934264692	5.2516052409799
4.93208157981477	0.213500512662041	4.51339843810788	5.35076472152165
5.35342043094046	0.227709458766435	4.90645039628418	5.80039046559674
4.82176192813978	0.198712664310019	4.43205606050675	5.21146779577281
5.04101636223276	0.221022801697347	4.60748860048685	5.47454412397866
5.09269279810074	0.245152628717344	4.61148485014568	5.57390074605579
4.72247351791891	0.22434394916702	4.28256540328375	5.16238163255406
4.96585139379313	0.209777785697549	4.5545319577827	5.37717082980355
5.16242738836253	0.231729536521067	4.70773797312766	5.6171168035974
4.74737806841408	0.225503929317459	4.30471747033748	5.19003866649068
4.99009639371592	0.210651260737579	4.57689346621917	5.40329932121267
5.68739985673781	0.235788979402317	5.22461030333298	6.15018941014264
5.00013986713717	0.222187839617986	4.56415946016137	5.43612027411297
4.79445921927008	0.230640700156124	4.34186985830209	5.24704858023807
4.87808395988796	0.228939327812011	4.42883112713796	5.32733679263796
5.06706803423672	0.21621233341433	4.6428535620547	5.49128250641875
4.66993478159002	0.239966568331632	4.19878434776737	5.14108521541267
4.88604316306024	0.234423389905624	4.42601190629339	5.34607441982708
4.90815927227516	0.200505073363942	4.51477864672944	5.30153989782087
5.09375153526976	0.221280343157708	4.65957881911309	5.52792425142643
4.99566464331723	0.237786673701538	4.52917864127891	5.46215064535554
4.96659981864826	0.206262884481297	4.56207476457399	5.37112487272253
5.36966589320405	0.2451221984544	4.88885035328472	5.85048143312339
4.9630608600448	0.193363061582042	4.58387909080366	5.34224262928595
4.67574222611085	0.222978172049774	4.23833839993076	5.11314605229095
5.08503430439884	0.210588067198504	4.67187550850255	5.49819310029512
5.15162387112529	0.209762550298147	4.74010523128107	5.56314251096951
4.48922588209001	0.221492124702829	4.05465834791602	4.923793416264
5.25547117950683	0.241912233049184	4.78109576064332	5.72984659837035
5.45198027966661	0.223089531724098	5.01440789746972	5.88955266186349
4.44683787381962	0.362870111742011	3.73291033700048	5.16076541063877
4.7628798302196	0.220123387824079	4.33118008030945	5.19457958012975
4.73587421230427	0.238217149489954	4.26873772056614	5.20301070404241
4.75340002550749	0.266609641529079	4.2304215269869	5.27637852402808
5.09561078927573	0.213074797978063	4.67774200876428	5.51347956978718
4.9476589540107	0.220280443224084	4.51564363395933	5.37967427406207
5.01620345242266	0.208587717403382	4.60704894493697	5.42535795990835
4.96958290772973	0.215989764026075	4.54584342094507	5.39332239451439
4.96661679537376	0.222073355298987	4.53105002688362	5.4021835638639
5.40353939744514	0.21797180913284	4.97611982294456	5.83095897194572
4.8727824173636	0.196075867577103	4.48805306496797	5.25751176975922
5.10850812872882	0.212734609246541	4.69109556573449	5.52592069172316
4.99155769051641	0.258485831594594	4.48420991929471	5.4989054617381
4.97260020503182	0.21513452231153	4.55069771952792	5.39450269053573
4.7482575511504	0.220386377003127	4.31597885876688	5.18053624353392
5.09461585592796	0.228809565606593	4.64588689640491	5.54334481545101
5.39230950872135	0.243430740274086	4.91455662947155	5.87006238797115
5.18137427509585	0.214304945755221	4.76103187419781	5.60171667599389
5.61466841015553	0.219083776443492	5.18488096860853	6.04445585170254
5.04102816947255	0.194908877696356	4.65887681206728	5.42317952687783
5.32971937495647	0.20733732501367	4.92297547171234	5.73646327820059
4.93466496393387	0.229331618602053	4.4847336107278	5.38459631713994
4.85213085624857	0.23116032253542	4.39850498852433	5.3057567239728
5.03741912121412	0.252356881278042	4.54206697240989	5.53277127001834
4.91922147501349	0.236655797146936	4.45495153507105	5.38349141495592
4.88660584605771	0.206421886480659	4.48158959394848	5.29162209816693
5.10546858350774	0.257583020914917	4.60016146961073	5.61077569740475
4.7548919698044	0.203751128983843	4.35520728500657	5.15457665460222
5.0670567907388	0.220231985117701	4.63499525560228	5.49911832587532
5.37061560254106	0.204507633429323	4.96960489092024	5.77162631416188
5.22080992205711	0.210695804694373	4.8073917640419	5.63422808007232
4.84683684118121	0.246296946200261	4.36354057696452	5.3301331053979
5.04804492559723	0.222333746858039	4.61209252788354	5.48399732331091
5.08564830879599	0.202665132404365	4.68812417994927	5.48317243764271
5.38886563490893	0.208136900520973	4.98054134050497	5.79718992931288
5.01641621132607	0.211407375988903	4.60143600410425	5.43139641854789
4.70905741572225	0.203720941500998	4.30955856010432	5.10855627134019
5.24515053313871	0.234939114835126	4.78424269612919	5.70605837014823
5.10097316197357	0.215045526250807	4.67916384599424	5.52278247795291
4.95075410243902	0.239016446124633	4.48182157356008	5.41968663131795
5.05767801605634	0.201859649834978	4.66168706997338	5.4536689621393
5.46886409952605	0.239132259732139	4.99968148269593	5.93804671635616
5.07913227826426	0.20619428596371	4.67463309363146	5.48363146289706
4.81215061890908	0.209163024975542	4.40178345867898	5.22251777913918
4.98355571307219	0.25257364026009	4.48808730526332	5.47902412088106
5.28351746600519	0.288383678600929	4.71710393926095	5.84993099274942
5.05597958080146	0.267912554662218	4.53018278467841	5.58177637692452
4.89520284918303	0.209411740554247	4.48457888083492	5.30582681753115
5.0051714862657	0.234910922791502	4.54427749406068	5.46606547847072
4.8869911310696	0.235744437209639	4.42464343670611	5.34933882543309
5.03463910680774	0.194302443994141	4.65355785849034	5.41572035512514
4.99479917849401	0.212339468390221	4.57839073327615	5.41120762371188
5.0723815696301	0.246758373949705	4.58820643464848	5.55655670461172
5.08259714502355	0.223709674506105	4.64394133644867	5.52125295359843
4.96102895993053	0.207697258585153	4.55362511997719	5.36843279988387
4.99241398727114	0.22124767761527	4.558501212441	5.42632676210127
5.00047546910175	0.229928800927766	4.54911845507219	5.45183248313132
4.81790953581804	0.211889021438008	4.40228307040695	5.23353600122913
4.93021557931033	0.22064490504989	4.49748259273335	5.36294856588732
5.15445830123653	0.205218678784636	4.7519346432693	5.55698195920375
5.20968823340324	0.215332218673516	4.78736724358279	5.6320092232237
5.26990626290073	0.254617060294894	4.77041615236726	5.76939637343419
5.26890644462883	0.228546085897957	4.82061607190697	5.7171968173507
4.94749861533264	0.207341759241856	4.54079944515195	5.35419778551332
4.94373563784532	0.217576214224763	4.51664295511526	5.37082832057539
4.9374468152312	0.23851032065149	4.46966294802676	5.40523068243564
4.94382108445206	0.216895859543971	4.51813553418166	5.36950663472246
5.42478554621231	0.21166095531508	5.00957283941839	5.83999825300623
5.14642342764752	0.241919684146577	4.67168500782024	5.62116184747481
4.94304641769203	0.241766535685723	4.46864895475473	5.41744388062934
4.77464496886156	0.241222219528369	4.30166900713203	5.24762093059109
5.12534771562154	0.205831451654272	4.72153443261824	5.52916099862484
4.47134451024832	0.233797417528852	4.01292437771594	4.9297646427807
4.38114161270472	0.226043399830893	3.93783330550642	4.82444991990302
4.79812441812627	0.208602826020246	4.38897700615337	5.20727183009917
4.83292178754191	0.235474441316323	4.37076920690536	5.29507436817845
4.76678824944661	0.232469574072649	4.31072190451458	5.22285459437864
5.02735961621732	0.227456839548992	4.58115727158543	5.47356196084921
4.92926770586463	0.27522692460446	4.38910155880549	5.46943385292378
4.66787799127445	0.219076483775889	4.23811561848643	5.09764036406246
4.97852926093962	0.249088320239476	4.4897692958254	5.46728922605384
4.8061528660692	0.226330936622027	4.36227574619741	5.25002998594098
5.13794325187347	0.231428438668405	4.68397965786666	5.59190684588028
5.21547795687903	0.233287330671378	4.75765855835237	5.6732973554057
4.93252065232886	0.214777575901457	4.51118544500369	5.35385585965404
4.99883003671142	0.192665998827058	4.62094811744154	5.37671195598129
5.53932833984012	0.245414247765361	5.05740799617179	6.02124868350844
5.30318602815255	0.225408900941684	4.86097417375333	5.74539788255178
5.116996276027	0.215331450477039	4.69470388391028	5.53928866814371
5.23301109160154	0.234012953166107	4.77399843728499	5.69202374591809
5.0166124658664	0.244994356347357	4.53597557816501	5.49724935356779
4.79967063589766	0.220207095132851	4.36773882430571	5.23160244748961
5.33123136987141	0.201864200081773	4.93541967963016	5.72704306011266
5.10621498339858	0.206810992773863	4.70054733942704	5.51188262737012
4.66692729102567	0.237263147802483	4.20148942050123	5.13236516155012
5.1488530524625	0.233466448711341	4.69099485346864	5.60671125145637
4.74874617038617	0.224676729393419	4.30806799575588	5.18942434501647
4.68799361123796	0.203374002090498	4.28905298948432	5.08693423299161
4.83388328171306	0.244479793067758	4.35419606268655	5.31357050073957
5.09140773878237	0.230329425527639	4.63957126385687	5.54324421370788
5.06828461092335	0.215352224747233	4.64579403344592	5.49077518840078
5.30888903733219	0.213670656144112	4.88983394576286	5.72794412890152
5.28589460206287	0.285356170885716	4.72508999532184	5.84669920880391
5.34584133673062	0.220833718338117	4.91264066400158	5.77904200945965
5.30597130576203	0.247478991848169	4.82044358724231	5.79149902428175
5.00731306747874	0.234104473276726	4.54795981331563	5.46666632164184
4.69677694094468	0.241188819859946	4.22358570737382	5.16996817451554
5.15624310139825	0.211829373434242	4.74086382274699	5.57162238004952
4.87860069953943	0.221938212323605	4.44315971752426	5.31404168155459
4.81068353310629	0.224482002943087	4.37044846499639	5.25091860121619
5.13386421769778	0.224073589949307	4.69439564116071	5.57333279423484
5.23627419359796	0.215621038979733	4.81322819264135	5.65932019455457
