estFinal_msm11	sdFinal_msm11	X1	X2
4.80592200268503	0.222754926365345	4.36932234700895	5.24252165836111
5.38294401897462	0.130425201535338	5.12731062396535	5.63857741398388
4.97000352767545	0.23217506162804	4.51494040688449	5.42506664846641
5.1452066151163	0.285310308676847	4.58599841010968	5.70441482012292
4.94848539920746	0.160057044868404	4.63477359126539	5.26219720714953
5.19932599531012	0.484208255945002	4.25027781365791	6.14837417696232
5.06400768257603	0.142143803311388	4.78540582808571	5.34260953706636
5.08040759113053	0.280470794434265	4.53068483403937	5.63013034822169
5.00118679352336	0.167524323581718	4.67283911930319	5.32953446774352
5.01341057401001	0.158226715465711	4.70328621169722	5.32353493632281
5.06094110593059	0.175325161114706	4.71730379014577	5.40457842171542
5.00738873925239	0.28395246501669	4.45084190781968	5.5639355706851
5.29258840390049	0.182683877895956	4.93452800322441	5.65064880457656
5.02660408457468	0.214792662256572	4.6056104665518	5.44759770259757
4.80480632058999	0.191213214050894	4.43002842105024	5.17958422012974
5.31997351081431	0.153998599897584	5.01813625501504	5.62181076661357
5.44658072052143	0.144240249949334	5.16386983062074	5.72929161042213
5.19173054928675	0.189850365900643	4.81962383212149	5.563837266452
4.51151416986245	0.262368764819523	3.99727139081618	5.02575694890871
4.9216956236303	0.174761927886435	4.57916224497289	5.26422900228772
5.08948840270438	0.161004389246029	4.77391979978216	5.40505700562659
4.97798006141104	0.20860407104013	4.56911608217238	5.38684404064969
4.78775138104175	0.285689405909159	4.2278001454598	5.3477026166237
4.66522164701388	0.225061326356727	4.2241014473547	5.10634184667307
5.14125569340489	0.182890111393557	4.78279107507352	5.49972031173626
4.82465706522089	0.299235610990694	4.23815526767913	5.41115886276265
4.93094792478772	0.173260966493473	4.59135643046051	5.27053941911493
4.7252534239455	0.19062777187088	4.35162299107858	5.09888385681243
4.76238065251942	0.300696418095343	4.17301567305255	5.35174563198629
4.87111309168884	0.304165544022812	4.27494862540413	5.46727755797355
5.37500521503569	0.204644893912811	4.97390122296658	5.7761092071048
5.1121333692597	0.191138245997821	4.73750240710397	5.48676433141542
5.12845802545685	0.177452867283536	4.78065040558112	5.47626564533258
5.24778396283845	0.179165728372662	4.89661913522803	5.59894879044887
4.81930326601874	0.294439390292182	4.24220206104606	5.39640447099142
4.82407635662761	0.217508956471581	4.39775880194331	5.25039391131191
5.14750591002763	0.164919292525734	4.82426409667719	5.47074772337806
5.25285306928908	0.166083863060545	4.92732869769042	5.57837744088775
5.13487730279141	0.265468158786872	4.61455971156914	5.65519489401368
5.01793094021668	0.177492873945333	4.67004490728383	5.36581697314954
4.85469439931013	0.166762099639792	4.52784068401614	5.18154811460413
4.87998185819379	0.245996498176535	4.39782872176778	5.3621349946198
5.14599097492289	0.153198211319131	4.84572248073739	5.44625946910838
4.62809729227761	0.244645965781682	4.14859119934551	5.10760338520971
5.23526944004645	0.165633219057697	4.91062833069337	5.55991054939954
5.11815676034727	0.255427254989329	4.61751934056818	5.61879418012635
5.09398277796867	0.293091570146198	4.51952330048213	5.66844225545522
5.32141608640437	0.17569389622638	4.97705604980066	5.66577612300807
5.12984622607013	0.221077489878735	4.69653434590781	5.56315810623245
4.99314754721972	0.165189353367664	4.6693764146191	5.31691867982034
5.22212079568772	0.175584916513632	4.877974359321	5.56626723205444
5.03612947501456	0.164409650762994	4.71388655951909	5.35837239051003
5.01480410163867	0.171829863007024	4.6780175701449	5.35159063313243
5.01761883627416	0.254146058415632	4.51949256177952	5.5157451107688
4.78424215384783	0.177439339408407	4.43646104860735	5.13202325908831
5.07170098516538	0.181604952111462	4.71575527902692	5.42764669130385
4.73332347396881	0.256391959577028	4.23079523319784	5.23585171473979
4.82964698544767	0.189693663893391	4.45784740421663	5.20144656667872
4.88032030397565	0.135078420597606	4.61556659960434	5.14507400834696
4.87167737210346	0.292113731577569	4.29913445821142	5.44422028599549
5.14906234633503	0.172747924018	4.81047641525976	5.48764827741031
4.63260179503998	0.268484831825151	4.10637152466268	5.15883206541727
4.96321042122283	0.302838286683692	4.36964737932279	5.55677346312286
4.84123206546847	0.339854406079599	4.17511742955246	5.50734670138448
5.07828337508313	0.189923193861105	4.70603391511537	5.4505328350509
4.98332900978608	0.172386950562605	4.64545058668337	5.32120743288878
4.90781204786801	0.156296869857691	4.60147018294693	5.21415391278908
4.86647797620713	0.177253286456682	4.51906153475204	5.21389441766223
5.16387485870963	0.203269546605838	4.76546654736219	5.56228317005707
4.98026321716769	0.265361387951063	4.46015489678361	5.50037153755178
5.21981164768736	0.178723390121906	4.86951380304843	5.5701094923263
5.00959847116161	0.184043446299031	4.64887331641551	5.37032362590771
5.1227424130039	0.222263891268025	4.68710518611857	5.55837963988923
5.08134131907492	0.185083496536407	4.71857766586357	5.44410497228628
5.0582395224174	0.158074337496789	4.74841382092369	5.36806522391111
5.41537795054533	0.145596363031749	5.1300090790031	5.70074682208756
4.72113227594685	0.184228354082717	4.36004470194473	5.08221984994898
5.0223624698315	0.249998993722553	4.5323644421353	5.5123604975277
5.52305932619208	0.167977858926262	5.1938227226966	5.85229592968755
5.19675287253237	0.168380914809994	4.86672627950478	5.52677946555996
4.84696431081453	0.240363778115776	4.37585130570761	5.31807731592145
4.94157201696048	0.13330726984634	4.68028976806165	5.20285426585931
5.33313903455495	0.171998960508872	4.99602107195756	5.67025699715233
5.0860723480648	0.190172247264438	4.7133347434265	5.4588099527031
4.26798287941509	0.464174182681917	3.35820148135853	5.17776427747165
4.89137408766197	0.286248895726498	4.33032625203803	5.4524219232859
5.36855253985017	0.179991800723822	5.01576861043148	5.72133646926886
5.08298146763599	0.193127016312516	4.70445251566346	5.46151041960852
4.83315560869358	0.351698338278609	4.14382686566751	5.52248435171965
4.53327785668621	0.436389643256093	3.67795415590427	5.38860155746815
5.0110941655799	0.21913340980108	4.58159268236978	5.44059564879001
5.29131941664633	0.183559930262726	4.93154195333139	5.65109687996127
5.00721289652287	0.151065638215235	4.71112424562101	5.30330154742473
4.71579802313068	0.344887551417699	4.03981842235199	5.39177762390937
4.9549976251114	0.150966134867152	4.65910400077178	5.25089124945102
4.75694820177961	0.287898110393064	4.1926679054092	5.32122849815001
5.22292032533569	0.151789334383904	4.92541322994323	5.52042742072814
5.14790578309603	0.176004038875082	4.80293786690087	5.49287369929119
5.06409817954768	0.167642423309837	4.7355190298604	5.39267732923496
5.07260333215683	0.17630440900239	4.72704669051215	5.41815997380151
4.45166649280247	0.40091696659384	3.66586923827854	5.23746374732639
4.80416180244197	0.466049135468842	3.89070549692304	5.7176181079609
4.85907718262531	0.178076002787042	4.51004821716271	5.20810614808792
4.96473599282781	0.166155315576939	4.63907157429701	5.29040041135861
5.29015824670304	0.162579921623109	4.97150160032174	5.60881489308433
5.2270667997451	0.213766713672831	4.80808404094635	5.64604955854385
4.90023113423062	0.217571315785919	4.47379135529022	5.32667091317102
4.92394518651313	0.256338003384637	4.42152269987925	5.42636767314702
5.06858208994746	0.19519045665094	4.68600879491162	5.4511553849833
5.12141800988766	0.246477937582639	4.63832125222569	5.60451476754963
5.38673877323796	0.165290824959154	5.06276875631802	5.7107087901579
4.93016370019193	0.244737696164478	4.45047781570956	5.40984958467431
5.12497803957155	0.186957309201799	4.75854171353603	5.49141436560708
5.20454793341737	0.211863979360828	4.78929453387015	5.61980133296459
5.39273032318204	0.155163889970226	5.0886090988404	5.69685154752368
4.90215997089159	0.183526096859231	4.5424488210475	5.26187112073568
5.38667276645524	0.15648908127149	5.07995416716312	5.69339136574736
5.17747632307748	0.165047269890164	4.85398367409276	5.5009689720622
5.20536042426096	0.21021874943153	4.79333167537516	5.61738917314675
4.63087027536343	0.243284187127823	4.1540332685929	5.10770728213396
5.17151935558429	0.155477015507952	4.8667844051887	5.47625430597987
5.11786083104961	0.201686187185031	4.72255590416694	5.51316575793227
5.26861483424533	0.225112240303763	4.82739484324995	5.7098348252407
5.01841261583286	0.169111835635489	4.6869534179873	5.34987181367842
4.89667939234342	0.196983048300873	4.51059261767371	5.28276616701313
5.21713047492185	0.194700558203132	4.83551738084371	5.59874356899999
5.28464978128002	0.162120547395613	4.96689350838462	5.60240605417542
5.06136723528257	0.197265451884804	4.67472694958836	5.44800752097679
4.93148519402665	0.195318640206613	4.54866065922169	5.31430972883161
4.98207665398512	0.27707774921961	4.43900426551469	5.52514904245556
4.78477183519493	0.333690303234731	4.13073884085486	5.438804829535
4.879663187945	0.213140012008241	4.46190876440885	5.29741761148115
5.08850606505171	0.184168319189571	4.72753615944015	5.44947597066327
5.06802385941065	0.196868439649195	4.68216171769823	5.45388600112307
5.08588141558299	0.201276819062395	4.69137885022069	5.48038398094528
5.20519287413584	0.149557365486023	4.91206043778323	5.49832531048844
5.05248240132569	0.192084111744559	4.67599754230635	5.42896726034503
5.14101239594463	0.150249580712046	4.84652321774902	5.43550157414024
5.0721296087673	0.157917061024261	4.76261216915975	5.38164704837485
4.54206711402779	0.187293068021196	4.17497270070625	4.90916152734934
4.99653367836877	0.174697243351536	4.65412708139976	5.33894027533778
4.25993874533015	0.351393590629663	3.57120730769601	4.94867018296429
4.7392047379765	0.417893544955554	3.92013338986362	5.55827608608939
4.75315188170696	0.24597271660335	4.27104535716439	5.23525840624952
5.12717830520376	0.148988645121265	4.83516056076608	5.41919604964144
4.85616773297788	0.232164224838794	4.40112585229385	5.31120961366192
5.23500617997913	0.180252058314907	4.88171214568192	5.58830021427635
4.58608054504031	0.186598172827598	4.22034812629822	4.95181296378241
5.09482801662686	0.292417254160734	4.52169019847183	5.6679658347819
4.92903473873113	0.238300029811019	4.46196668030154	5.39610279716073
5.45843939370255	0.187559786337727	5.0908222124806	5.8260565749245
5.2806936228543	0.260371491515557	4.77036549948381	5.79102174622479
5.04340881351891	0.226289744275112	4.59988091473969	5.48693671229812
4.8787760820465	0.262572700011074	4.36413359002479	5.3934185740682
5.18007439647088	0.247362391571388	4.69524410899096	5.6649046839508
5.09612757388991	0.168434222371152	4.76599649804245	5.42625864973737
4.89637078544712	0.296344695951785	4.31553518138162	5.47720638951261
5.00234104225522	0.16623233807411	4.67652565962996	5.32815642488047
4.97143396592392	0.1903012025087	4.59844360900687	5.34442432284097
5.06417432476753	0.15003857491799	4.77009871792827	5.35824993160679
4.58852803483814	0.322403070340272	3.95661801697121	5.22043805270508
5.09593507365118	0.200426599279456	4.70309893906345	5.48877120823892
4.6912645426332	0.208579244553805	4.28244922330775	5.10007986195866
4.61853111899814	0.195314952082771	4.23571381291591	5.00134842508037
5.3141644154935	0.221634004737308	4.87976176620838	5.74856706477863
4.6871234911182	0.283779636118169	4.13091540432659	5.24333157790981
5.14091168268578	0.197967298306813	4.75289577800443	5.52892758736713
5.48679838113821	0.195496366118624	5.10362550354571	5.86997125873071
4.84580773013221	0.172473778128607	4.50775912500014	5.18385633526428
5.02181924721288	0.186289191259786	4.6566924323437	5.38694606208207
4.95948541921436	0.177169526627801	4.61223314702387	5.30673769140485
4.3943165603529	0.391811267561081	3.62636647593318	5.16226664477262
5.23138326585037	0.170526289446028	4.89715173853615	5.56561479316458
5.28245875771968	0.163059102922224	4.96286291599212	5.60205459944724
4.91812538504482	0.156050251260175	4.61226689257488	5.22398387751477
5.27854227818404	0.202413584738376	4.88181165209682	5.67527290427126
5.06733359138448	0.151072545392342	4.77123140241549	5.36343578035347
5.0715034848529	0.139177290131552	4.79871599619506	5.34429097351075
5.4499380879232	0.224556153609609	5.00980802684837	5.89006814899804
4.7202291560053	0.348094443109066	4.03796404751153	5.40249426449907
5.17999519269123	0.167358962024384	4.85197162712344	5.50801875825903
5.00981548840739	0.219416685042769	4.57975878572357	5.43987219109122
5.02264455494959	0.186311468523636	4.65747407664326	5.38781503325592
4.98008561613424	0.148200154952067	4.68961331242819	5.27055791984029
5.18035062658645	0.181061088501475	4.82547089312356	5.53523036004934
5.20529749393656	0.179475049699156	4.85352639652621	5.5570685913469
5.14123873790919	0.203334554157562	4.74270301176037	5.53977446405802
4.83423995348182	0.196179023111427	4.44972906818343	5.21875083878022
4.87585908265089	0.152430288784746	4.57709571663278	5.17462244866899
4.97905558710123	0.203627567885817	4.57994555404503	5.37816562015743
5.19101357012045	0.237047245209065	4.72640096951068	5.65562617073022
5.15366020066723	0.207938738138374	4.74610027391602	5.56122012741844
4.76762311604701	0.181068554207184	4.41272874980093	5.12251748229309
5.1667483105265	0.170321780468552	4.83291762080814	5.50057900024486
5.16895290234528	0.160344719341702	4.85467725243555	5.48322855225502
5.15280746095539	0.211325453153337	4.73860957277485	5.56700534913593
4.95814353583871	0.214309972011971	4.53809599069525	5.37819108098217
4.64157191787901	0.484910747058326	3.69114685364469	5.59199698211333
5.00693275672138	0.301517151354867	4.41595914006584	5.59790637337692
5.22214479770867	0.171630676182603	4.88574867239077	5.55854092302657
4.9955017250107	0.197117039262371	4.60915232805646	5.38185112196495
4.97899753043104	0.264689342209606	4.46020641970021	5.49778864116187
5.29513079580576	0.168160432953161	4.96553634721757	5.62472524439396
5.11384664443728	0.209767429900529	4.70270248183224	5.52499080704231
5.01380014191744	0.333966389692558	4.35922601812003	5.66837426571486
4.90372616866626	0.188232073745498	4.53479130412508	5.27266103320743
5.02980635772269	0.212056330658328	4.61417594963237	5.44543676581302
5.01742737865991	0.207938193041503	4.60986852029856	5.42498623702125
5.02248803704021	0.157373837786327	4.71403531497901	5.33094075910141
5.22557873526131	0.213765661597264	4.80659803853067	5.64455943199195
5.0529218529325	0.154723715642888	4.74966337027244	5.35618033559256
4.64641730786987	0.266273529445452	4.12452119015679	5.16831342558296
5.00612118671714	0.225955658366449	4.5632480963189	5.44899427711538
5.27633589125304	0.196487522814804	4.89122034653602	5.66145143597005
5.02531039827547	0.200089328465093	4.63313531448389	5.41748548206705
4.94870884667211	0.209193347374949	4.53868988581721	5.35872780752701
5.2833084850974	0.161862760962218	4.96605747361146	5.60055949658335
5.26072564843254	0.209400482342532	4.85030070304118	5.6711505938239
5.23758955396378	0.19031172655586	4.8645785699143	5.61060053801327
3.96973916012802	0.939665706178593	2.12799437601798	5.81148394423807
5.20519556281012	0.190270031455978	4.8322663011564	5.57812482446383
5.4344797199497	0.170902284425453	5.09951124247581	5.76944819742359
4.74570867829347	0.201349628202888	4.35106340701581	5.14035394957113
5.04171987190856	0.170253839485269	4.70802234651743	5.37541739729968
4.77435117280929	0.202005257686758	4.37842086774325	5.17028147787534
5.2385101963577	0.288280209797494	4.67348098515461	5.80353940756079
4.83197889473092	0.166090787109621	4.50644095199606	5.15751683746578
5.05359548745653	0.178149257782752	4.70442294220234	5.40276803271073
5.12628813150128	0.174138637632919	4.78497640174076	5.4675998612618
4.79956576349245	0.209969198488885	4.38802613445423	5.21110539253066
4.39256373567857	0.469844505290703	3.4716685053088	5.31345896604835
4.83321901117178	0.137382779867055	4.56394876263235	5.10248925971121
4.97107347138545	0.170611880946313	4.63667418473067	5.30547275804022
4.52512453289335	0.386464829902689	3.76765346628408	5.28259559950262
4.34757662775433	0.467909071288001	3.43047484802985	5.26467840747882
5.17979812262755	0.166390548789481	4.85367264700016	5.50592359825493
5.08029195339501	0.198775911517731	4.69069116682025	5.46989273996976
5.04647335660329	0.178970132399672	4.69569189709993	5.39725481610665
4.91115020410058	0.15559214617008	4.60618959760722	5.21611081059394
4.93430336423241	0.256277826049914	4.43199882517458	5.43660790329025
4.93734878204808	0.212323100980327	4.52119550412664	5.35350205996952
4.9583870720134	0.23751033893914	4.49286680769268	5.42390733633411
5.16870599519518	0.176265850100966	4.82322492899729	5.51418706139308
5.18596371977911	0.201339269790536	4.79133875098966	5.58058868856856
4.91176903878167	0.15707540091568	4.60390125298693	5.2196368245764
5.18317960257409	0.163678954955287	4.86236885086173	5.50399035428645
5.25595416000354	0.191597125971732	4.88042379309894	5.63148452690813
5.007300114734	0.257209590180013	4.50316931798118	5.51143091148683
5.06100256804018	0.235896302952835	4.59864581425263	5.52335932182774
4.90400100734687	0.214259020273182	4.48405332761143	5.32394868708231
4.79152201465253	0.182059904523774	4.43468460178593	5.14835942751913
4.68686836658487	0.269534447526042	4.15858084943383	5.21515588373591
5.00625363510793	0.163371875538375	4.68604475905271	5.32646251116314
5.10545115804729	0.163905105326854	4.78419715160666	5.42670516448792
5.08136850105765	0.219944933914331	4.65027643058556	5.51246057152974
5.01183094667552	0.175045094524175	4.66874256140814	5.3549193319429
4.67328071639207	0.323255688992452	4.03969956596687	5.30686186681728
5.01812315235624	0.142985204218366	4.73787215208825	5.29837415262424
4.95679718851635	0.332013502690211	4.30605072324354	5.60754365378916
5.19316550752846	0.168883139718535	4.86215455368013	5.52417646137679
5.49527242816039	0.192126188950022	5.11870509781835	5.87183975850244
4.96733292059112	0.146358370730586	4.68047051395917	5.25419532722307
4.80145772343809	0.177844884427623	4.45288174995994	5.15003369691623
4.70283895685656	0.198658319979739	4.31346864969627	5.09220926401684
5.20393310880713	0.175762313787593	4.85943897378345	5.54842724383082
5.10876178224274	0.215470358574911	4.68643987943592	5.53108368504957
5.05025584725085	0.206515483291124	4.64548550000025	5.45502619450145
5.26550464739151	0.207569084541375	4.85866924169042	5.6723400530926
4.89932412502931	0.215326212073815	4.47728474936464	5.32136350069399
4.7448060581093	0.213411138085151	4.3265202274624	5.16309188875619
5.19582108213145	0.236655170043838	4.73197694884553	5.65966521541737
5.52013513838865	0.221067077204	5.08684366706881	5.95342660970849
5.12631428556102	0.18346589470831	4.76672113193274	5.48590743918931
4.80914460546909	0.226287399369209	4.36562130270543	5.25266790823274
5.06722278957887	0.182907531019938	4.70872402877979	5.42572155037794
5.09954249857766	0.240119763225394	4.62890776265589	5.57017723449943
5.14892012076275	0.171957854535718	4.81188272587275	5.48595751565276
5.30282353132468	0.270471145284369	4.77270008656731	5.83294697608204
5.09700173202267	0.191428100941667	4.721802654177	5.47220080986834
4.92234456303586	0.196767274548459	4.53668070492088	5.30800842115084
5.06539245699364	0.157054919573012	4.75756481463053	5.37322009935674
4.94899519174927	0.222147285481523	4.51358651220548	5.38440387129305
4.98133436855928	0.207075994095139	4.57546542013281	5.38720331698575
4.89432349665043	0.1590342980383	4.58261627249536	5.2060307208055
5.04502649035633	0.219921308071175	4.61398072653683	5.47607225417583
5.02426942566951	0.175968627162413	4.67937091643118	5.36916793490784
5.03744590408177	0.201649528752608	4.64221282772666	5.43267898043688
5.3723552730596	0.381598637678443	4.62442194320985	6.12028860290934
5.11265425466902	0.184901504875159	4.75024730511371	5.47506120422433
4.87531320489481	0.230097595278663	4.42432191814863	5.32630449164098
4.89134928517476	0.206446073515177	4.48671498108501	5.29598358926451
5.00682690673961	0.204219373712462	4.60655693426318	5.40709687921603
4.96615490490467	0.215002905704995	4.54474920972288	5.38756060008646
5.04534495729037	0.239807406938537	4.57532243969084	5.51536747488991
5.20059171739226	0.195750784733855	4.81692017931391	5.58426325547062
4.96147242436226	0.156678506745143	4.65438255114178	5.26856229758274
5.446348177761	0.162924191356176	5.12701676270289	5.7656795928191
4.90090374496193	0.213500099668129	4.4824435496124	5.31936394031146
5.08696002948583	0.168985111980942	4.75574921000318	5.41817084896847
5.00765104982247	0.154379001593427	4.70506820669935	5.31023389294558
5.08376903332642	0.228929150172283	4.63506789898875	5.5324701676641
5.1438895608504	0.174226238154801	4.80240613406699	5.48537298763381
4.8400682975295	0.360946587065331	4.13261298688145	5.54752360817755
5.18864940482708	0.287410774717803	4.62532428638018	5.75197452327397
4.81001416108741	0.187236657542721	4.44303031230367	5.17699800987114
4.6987393681153	0.397547642855606	3.91954598811832	5.47793274811229
4.89470747398978	0.211235854271219	4.48068519961819	5.30872974836137
5.10520122836236	0.206110941998393	4.70122378204551	5.50917867467921
4.96761470133336	0.177928398196003	4.6188750408692	5.31635436179753
5.17277311677075	0.261897240399675	4.65945452558739	5.68609170795411
5.0466485593962	0.21538867040521	4.62448676540199	5.46881035339041
5.30409423634013	0.252424292517099	4.80934262300661	5.79884584967364
4.95880420887092	0.192930076461168	4.58066125900703	5.33694715873481
5.1009775663947	0.221855716066965	4.66614036290344	5.53581476988595
5.1088359720776	0.208181438183852	4.70080035323725	5.51687159091795
5.14182222498551	0.182626861326466	4.78387357678563	5.49977087318538
5.15878954054589	0.206486202323182	4.75407658399245	5.56350249709933
4.92024134088784	0.169372662724501	4.58827092194781	5.25221175982786
4.87196538233614	0.202016299502479	4.47601343531128	5.267917329361
5.23842762004413	0.189582774832608	4.86684538137222	5.61000985871605
4.70022274342215	0.176807346102469	4.35368034506131	5.04676514178299
4.91709630961549	0.168819669814828	4.58620975677843	5.24798286245255
5.02013899862462	0.228792973893847	4.57170476979268	5.46857322745656
5.03792854406304	0.17339762036345	4.69806920815068	5.3777878799754
5.05308164502677	0.191119194198107	4.67848802439848	5.42767526565506
5.25400420130914	0.190726608073632	4.88018004948482	5.62782835313346
5.36303084440809	0.245363416002401	4.88211854904338	5.84394313977279
4.92372012193809	0.269196185590162	4.39609559818137	5.45134464569481
4.915766796046	0.233183352496751	4.45872742515237	5.37280616693963
5.20192924683534	0.14244132539312	4.92274424906482	5.48111424460585
4.94895873010288	0.3105311897684	4.34031759815681	5.55759986204894
5.4368018311082	0.17011873933343	5.10336910201468	5.77023456020173
5.06213798924518	0.272825908315224	4.52739920894734	5.59687676954302
4.72303031494522	0.350328991290163	4.0363854920165	5.40967513787393
4.786571670547	0.245183273396257	4.30601245469033	5.26713088640366
4.72057821546746	0.197153097811593	4.33415814375673	5.10699828717818
4.98799258394838	0.173870156292248	4.64720707761558	5.32877809028119
4.77865715240547	0.17187045409563	4.44179106237803	5.1155232424329
4.68961299283444	0.269500491784745	4.16139202893634	5.21783395673254
4.92603805379969	0.199427160058755	4.53516082008453	5.31691528751485
5.21986744057589	0.158010058344493	4.91016772622068	5.5295671549311
5.09550773287358	0.244893140944978	4.61551717662142	5.57549828912573
5.07830095658212	0.169441089002372	4.74619642213747	5.41040549102677
5.38126399933243	0.24381208180685	4.903392318991	5.85913567967385
5.18113181931414	0.1911566650426	4.80646475583064	5.55579888279763
4.98652399883412	0.189995709708015	4.61413240780642	5.35891558986183
5.29825524503843	0.299668550955165	4.71090488516631	5.88560560491056
5.12541427411625	0.179269027292606	4.77404698062275	5.47678156760976
4.99954697745613	0.191349036289086	4.62450286632952	5.37459108858274
4.786035423083	0.155947425283827	4.48037846952669	5.0916923766393
4.99064700891298	0.288263235571693	4.42565106719246	5.5556429506335
5.24077212494411	0.229798391160671	4.79036727826919	5.69117697161903
4.87501199028848	0.321811291745531	4.24426185846724	5.50576212210972
5.03444608535162	0.169679341709979	4.70187457560006	5.36701759510318
4.75801744778518	0.220730807247858	4.32538506557937	5.19064982999098
4.86721337377062	0.157753430758749	4.55801664948348	5.17641009805777
4.77205639262636	0.196426674487328	4.38706011063119	5.15705267462152
2.94872624937164	1.39068411104796	0.222985391717636	5.67446710702565
4.91421029071683	0.254201844183538	4.4159746761171	5.41244590531656
5.10172209345149	0.183112047921853	4.74282247952466	5.46062170737832
4.907541965445	0.16555437262189	4.5830553951061	5.23202853578391
3.53965138452507	1.006929179404	1.56607019289322	5.51323257615691
5.27381803000064	0.242167226072628	4.79917026689829	5.74846579310299
5.54605854360179	0.25487708161615	5.04649946363414	6.04561762356944
4.94283956183383	0.24152516946892	4.46945022967474	5.41622889399291
5.00191966211343	0.18891970456572	4.63163704116462	5.37220228306225
4.60602263931194	0.334877904842455	3.94966194582072	5.26238333280315
4.98707954373344	0.155064868821744	4.68315240084282	5.29100668662406
4.99665825134038	0.285116738863844	4.43782944316725	5.55548705951352
5.13207352353825	0.222659554138874	4.69566079742605	5.56848624965044
4.92966826669883	0.177085895390606	4.58257991173324	5.27675662166441
5.01737793456598	0.181511226776544	4.66161593008395	5.37313993904801
4.72960624299403	0.243163130557257	4.2530065071018	5.20620597888625
5.29301009890834	0.148174825877647	5.00258744018815	5.58343275762853
4.96584164489093	0.179486998179638	4.61404712845884	5.31763616132302
5.0010179553636	0.235205508980702	4.54001515776143	5.46202075296578
5.12730308792973	0.162395632772327	4.80900764769597	5.44559852816349
5.36279829584033	0.169363387738724	5.03084605587243	5.69475053580822
5.01376449566859	0.180163057418045	4.66064490312922	5.36688408820796
5.30368516630896	0.186647402216774	4.93785625796409	5.66951407465384
5.13674896800091	0.278409501035572	4.59106634597118	5.68243159003063
5.06320632184671	0.182171520192236	4.70615014226992	5.42026250142349
4.91783000226611	0.176757208395007	4.5713858738119	5.26427413072032
5.01065722174309	0.241679598244048	4.53696520918475	5.48434923430142
5.44509210422271	0.178951706046327	5.09434676037191	5.79583744807351
5.18850522615166	0.161254164689932	4.87244706335939	5.50456338894393
4.90688272488682	0.211336927128228	4.49266234771549	5.32110310205814
4.84414927904117	0.28809293974676	4.27948711713752	5.40881144094482
5.19376039392973	0.16760937645736	4.8652460160733	5.52227477178615
5.10479809670576	0.143056319710439	4.8244077100733	5.38518848333822
5.02284584150584	0.190919931714248	4.64864277534591	5.39704890766576
4.8877427125911	0.220168628123847	4.45621220146836	5.31927322371384
4.88713414324	0.204756467608339	4.48581146672765	5.28845681975234
4.83338733170344	0.20649702923004	4.42865315441256	5.23812150899432
5.19828771213848	0.171207201917715	4.86272159637975	5.5338538278972
4.81633384131531	0.285052256666295	4.25763141824937	5.37503626438125
5.09518760357236	0.192153658070783	4.71856643375362	5.47180877339109
5.2240770927697	0.175181291702897	4.88072176103203	5.56743242450738
4.92528318611964	0.247982881000594	4.43923673935847	5.4113296328808
4.94821630198455	0.189729892998738	4.57634571170702	5.32008689226207
4.44725246426548	0.330796571837575	3.79889118346383	5.09561374506712
5.06807872042605	0.19586252387784	4.68418817362549	5.45196926722662
4.68181099754442	0.244958353456212	4.20169262477025	5.1619293703186
4.88694598393759	0.196755268038744	4.50130565858165	5.27258630929353
4.96634626786838	0.225841951140966	4.52369604363209	5.40899649210467
5.24630895239295	0.177157100162556	4.89908103607434	5.59353686871157
4.94054734776021	0.223173616059589	4.50312706028342	5.37796763523701
4.91150631699233	0.244045733255423	4.4331766798117	5.38983595417296
5.00304485761261	0.17669886761768	4.65671507708196	5.34937463814327
5.42904366408756	0.165945414926682	5.10379065083126	5.75429667734386
5.08739236618636	0.153243142587282	4.78703580671529	5.38774892565743
5.16495763317393	0.171503102517316	4.82881155223999	5.50110371410787
4.7363518057237	0.207175791848113	4.3302872537014	5.142416357746
4.87985334005464	0.19152675814246	4.50446089409542	5.25524578601386
4.7977482374304	0.185193518039223	4.43476894207352	5.16072753278728
5.07281060688229	0.179239522812362	4.72150114217006	5.42412007159452
5.31761242888452	0.148703685693666	5.02615320492494	5.60907165284411
4.33657668292872	0.274406963411536	3.79873903464211	4.87441433121533
4.64876851881968	0.214801248830481	4.22775807111194	5.06977896652743
4.80221617980679	0.391698374793622	4.03448736521129	5.56994499440229
5.30143539791479	0.164081071762981	4.97983649725935	5.62303429857023
4.92624586289564	0.196669346169668	4.54077394440309	5.31171778138819
5.12537975515618	0.190563138357001	4.75187600397646	5.4988835063359
5.06413755707005	0.220563962335349	4.63183219089277	5.49644292324734
4.91753146029709	0.28841999318733	4.35222827364993	5.48283464694426
5.25974431739625	0.168379029532074	4.92972141951339	5.58976721527912
5.01784420018728	0.167377890575228	4.68978353465983	5.34590486571473
2.78152632870838	1.15582780702983	0.516103826929915	5.04694883048685
4.99590667611943	0.174195230551825	4.65448402423785	5.337329328001
5.18911302466873	0.233567248448113	4.73132121771043	5.64690483162703
4.96388211863276	0.18413829959342	4.60297105142966	5.32479318583587
4.54039752935907	0.264570676112886	4.02183900417782	5.05895605454033
4.97960547057307	0.220464809515726	4.54749444392224	5.41171649722389
5.18900677705225	0.176692891743528	4.84268870923494	5.53532484486956
5.00265056377626	0.220831293186052	4.56982122913159	5.43547989842092
5.26640857463333	0.21255632735085	4.84979817302566	5.68301897624099
4.67364358094833	0.235666763179988	4.21173672511556	5.13555043678111
5.21392127895079	0.241472676507823	4.74063483299545	5.68720772490612
5.08176926584873	0.168476534106784	4.75155525899943	5.41198327269802
5.24319583437015	0.210686806724143	4.83024969319083	5.65614197554947
5.05362908418337	0.276119894466509	4.51243409102901	5.59482407733772
5.01359646574194	0.206544879982203	4.60876850097682	5.41842443050706
4.93413786220879	0.165454784303394	4.60984648497414	5.25842923944344
4.78645723117088	0.383771589177866	4.03426491638227	5.5386495459595
5.11329617036245	0.165558238163963	4.78880202356109	5.43779031716382
4.90644668498811	0.188492370989798	4.53700163784811	5.27589173212811
5.2833863588156	0.164732020909811	4.96051159783237	5.60626111979883
4.95556538162142	0.316436175344881	4.33535047794545	5.57578028529738
5.0187409315273	0.270761924500644	4.48804755950604	5.54943430354856
5.26977379106815	0.160223859812698	4.95573502583526	5.58381255630103
5.40120154860926	0.16429844144735	5.07917660337245	5.72322649384606
5.06304046241546	0.171955447933103	4.72600778446658	5.40007314036434
4.98615300733392	0.184382275257335	4.62476374782954	5.3475422668383
5.12819511703545	0.171967348682828	4.79113911361711	5.4652511204538
5.00976645465357	0.213592670472736	4.59112482052701	5.42840808878013
5.35316155650129	0.15150419790235	5.05621332861268	5.65010978438989
4.99653927845975	0.271772345603364	4.46386548107716	5.52921307584235
4.96064328395568	0.158026508281189	4.65091132772455	5.27037524018681
4.99513237361978	0.171881894860235	4.65824385969372	5.33202088754584
5.14599464827097	0.202469120908344	4.74915517129061	5.54283412525132
4.76913939893604	0.38255197052006	4.01933753671672	5.51894126115536
4.84556656754119	0.174567180687867	4.50341489339297	5.18771824168941
4.95764104662662	0.291244154000204	4.38680250478622	5.52847958846702
4.69634764534971	0.232043236145109	4.2415429025053	5.15115238819413
4.50085364423938	0.462046296763781	3.59524290258237	5.40646438589639
5.1346468922332	0.162919087319652	4.81532548108668	5.45396830337972
5.2951019512506	0.224822433329604	4.85444998192457	5.73575392057662
4.9947273699999	0.286335007088865	4.43351075610572	5.55594398389408
4.47776154144268	0.423143707546092	3.64839987465234	5.30712320823302
4.64144422187546	0.360678230590722	3.93451488991764	5.34837355383327
4.76909362643136	0.241242999240536	4.29625734791991	5.24192990494281
5.1373458336756	0.33901093519602	4.4728844006914	5.80180726665979
4.96115174765856	0.195873354620669	4.57723997260205	5.34506352271507
4.83931092072669	0.184239771352605	4.47820096887558	5.2004208725778
5.15286219037018	0.224074801155737	4.71367558010494	5.59204880063543
4.97297548277919	0.164155594364655	4.65123051782446	5.29472044773391
4.73832236601703	0.264646169755684	4.21961587329589	5.25702885873817
4.91268440135708	0.169184525123468	4.58108273211508	5.24428607059908
5.18531709423979	0.232386890170552	4.72983878950551	5.64079539897407
4.93243627803254	0.190045701773469	4.55994670255655	5.30492585350854
4.81582824199232	0.282491340506034	4.2621452146005	5.36951126938415
4.86572590790634	0.288695990497369	4.2998817665315	5.43157004928118
4.73597298735586	0.231693190328249	4.28185433431249	5.19009164039922
5.46730673923003	0.169203231687458	5.13566840512262	5.79894507333745
5.0185100710574	0.259219057379345	4.51044071859388	5.52657942352092
5.02263056863699	0.163859088907253	4.70146675437877	5.3437943828952
5.15947035362165	0.163819136942997	4.83838484521337	5.48055586202992
4.88822108521261	0.224385449169728	4.44842560483994	5.32801656558528
4.65724921676345	0.329023733031588	4.01236270002153	5.30213573350536
5.14679713345773	0.193577635165411	4.76738496853353	5.52620929838194
4.79432593461839	0.278242959812007	4.24896973338686	5.33968213584993
5.14721291651998	0.17868278565346	4.7969946566392	5.49743117640076
5.1548216391987	0.175380710097003	4.81107544740857	5.49856783098882
4.79765415953603	0.147337112825053	4.50887341839893	5.08643490067313
4.99342894406557	0.210044215599655	4.58174228149025	5.40511560664089
5.26591660962549	0.192085963420678	4.88942812132096	5.64240509793001
4.99445059594342	0.229192133859985	4.54523401357785	5.44366717830899
5.05898571254331	0.229370063668249	4.60942038775355	5.50855103733308
5.28330962878302	0.220687183130395	4.85076274984745	5.7158565077186
4.78892556534497	0.2439713303219	4.31074175791404	5.26710937277589
5.51287766671049	0.199411605010184	5.12203092089053	5.90372441253045
5.39764780663975	0.297474583798977	4.81459762239376	5.98069799088575
5.06800000001633	0.150892432204931	4.77225083289467	5.36374916713799
4.84402445523422	0.196208668361421	4.45945546524583	5.22859344522261
5.14824629297093	0.151191908540316	4.85191015223191	5.44458243370995
4.94227124154513	0.180286547451144	4.58890960854089	5.29563287454937
5.12124258567442	0.20237578455375	4.72458604794907	5.51789912339976
5.00370331094899	0.238147839243541	4.53693354603165	5.47047307586633
4.87837594919878	0.212877906382275	4.46113525268953	5.29561664570804
5.07927628888082	0.146623825254375	4.79189359138224	5.36665898637939
5.19117237913215	0.238158173211986	4.72438235963666	5.65796239862765
5.28206844107845	0.166839280253323	4.95506345178193	5.60907343037496
4.57678734239481	0.471369522454782	3.65290307838344	5.50067160640618
5.39103064087166	0.137202036285078	5.1221146497529	5.65994663199041
4.80690349312634	0.308261044769773	4.20271184537759	5.4110951408751
5.28667684774479	0.290020793528516	4.7182360924289	5.85511760306068
4.8026005179466	0.199017470388855	4.41252627598445	5.19267475990876
4.72035124561128	0.389127662176329	3.95766102774568	5.48304146347688
5.03944378613166	0.16205411596679	4.72181771883675	5.35706985342657
4.95410512931163	0.166986035840346	4.62681249906455	5.28139775955871
5.02143176798602	0.407617693215698	4.22250108928325	5.82036244668878
5.20669165068597	0.196049107576245	4.82243539983653	5.59094790153541
4.88451385124831	0.362617609726315	4.17378333618473	5.59524436631189
5.32090651373609	0.155066873362234	5.01697544194611	5.62483758552607
5.19333038043157	0.175813990011785	4.84873496000847	5.53792580085467
5.17353008992797	0.225514585972532	4.7315215014218	5.61553867843413
5.10059877431452	0.193864027921292	4.72062527958878	5.48057226904025
5.34279424398989	0.189025861247673	4.97230355594445	5.71328493203533
5.19940726818812	0.179921987139084	4.84676017339551	5.55205436298072
4.73984206228962	0.233654964808404	4.28187833126515	5.19780579331409
5.13984904058344	0.261915652976265	4.62649436074996	5.65320372041691
4.67774642464463	0.237343590743027	4.2125529867883	5.14293986250096
5.19370743800916	0.212644767674341	4.77692369336746	5.61049118265087
5.19343306858111	0.150594622137485	4.89826760919164	5.48859852797058
4.39493459561645	0.188789918125155	4.02490635609115	4.76496283514176
4.97065760196802	0.246975804410182	4.48658502532406	5.45473017861198
5.07318362557079	0.180107151064946	4.72017360948349	5.42619364165808
5.19616050347883	0.162965362508647	4.87674839296189	5.51557261399578
5.19985422945536	0.221892722792986	4.76494449278111	5.63476396612961
5.00682866646924	0.175826564201416	4.66220860063446	5.35144873230401
5.26706066322215	0.256734705943819	4.76386063957226	5.77026068687203
5.30313224889933	0.184777888532292	4.94096758737604	5.66529691042262
4.64940233488359	0.365204058851149	3.93360237953534	5.36520229023184
4.98653521210699	0.172016025117737	4.64938380287623	5.32368662133775
4.8906665676279	0.215174328199099	4.46892488435767	5.31240825089813
5.11979565168414	0.247281748305482	4.63512342500539	5.60446787836288
4.82637020314426	0.290283523785121	4.25741449652543	5.3953259097631
5.2255687337517	0.163823553741618	4.90447456841812	5.54666289908527
5.32277090119493	0.193728701244499	4.94306264675571	5.70247915563415
5.52479406997847	0.266438122420693	5.00257535003391	6.04701278992303
5.16318564640368	0.1953220836808	4.78035436238931	5.54601693041804
4.89309171044707	0.177621443144579	4.54495368188369	5.24122973901044
5.14797770987767	0.285186948367863	4.58901129107666	5.70694412867868
5.32821730070618	0.218022839476407	4.90089253533242	5.75554206607993
4.83954267965133	0.323348378383853	4.20577985801898	5.47330550128368
5.24093632498272	0.192866141162371	4.86291868830448	5.61895396166097
4.79942375839428	0.190542738355467	4.42595999121756	5.17288752557099
5.08693865513765	0.167577906869377	4.75848595767367	5.41539135260163
4.9399247570728	0.176447013935006	4.59408860976019	5.28576090438542
5.06449716104023	0.256464432813756	4.56182687272527	5.5671674493552
5.1908988591645	0.199828048966562	4.79923588319004	5.58256183513896
4.99664296549658	0.257453054380619	4.49203497891057	5.5012509520826
5.00968765140161	0.172491367768676	4.67160457057501	5.34777073222822
4.95779285638314	0.202238833640753	4.56140474244727	5.35418097031902
5.13028156506276	0.153494455417935	4.82943243244361	5.43113069768192
5.01989865544586	0.241451816843135	4.54665309443331	5.4931442164584
4.61870061398707	0.368344202282031	3.89674597751429	5.34065525045985
4.86966047150118	0.190668497284199	4.49595021682415	5.24337072617821
4.90146819966413	0.182095511884249	4.544560996371	5.25837540295726
5.27364958431803	0.172608565941802	4.9353367950721	5.61196237356397
4.8819319295742	0.229667540125034	4.43178355092913	5.33208030821927
4.54411047613363	0.408363669333306	3.74371768424035	5.34450326802691
4.8700364671638	0.195062967456402	4.48771305094925	5.25235988337835
4.85761019218395	0.169557315901217	4.52527785301757	5.18994253135033
5.37095764965296	0.20329335120747	4.97250268128632	5.76941261801961
5.16032989543378	0.164740070121386	4.83743935799586	5.48322043287169
5.0464410709244	0.171403186513837	4.71049082535728	5.38239131649152
4.97055254314651	0.136375966279566	4.70325564923856	5.23784943705446
5.04718326252267	0.170942284621669	4.7121363846642	5.38223014038114
5.10053111640213	0.23379579671628	4.64229135483822	5.55877087796604
4.83285467091356	0.192563410557032	4.45543038622178	5.21027895560534
5.13487115678484	0.244758719936679	4.65514406570895	5.61459824786074
4.97028632761385	0.209280777385156	4.56009600393894	5.38047665128876
4.88390535270719	0.173678512411411	4.54349546838082	5.22431523703355
5.13469166242753	0.185100727396559	4.77189423673028	5.49748908812479
4.8038846344481	0.280172124449992	4.25474727052612	5.35302199837009
4.89133027128387	0.182990739903549	4.53266842107291	5.24999212149483
5.34660485198708	0.178790246722333	4.9961759684113	5.69703373556285
5.08968797287403	0.157422163667936	4.78114053208487	5.39823541366318
4.9678572252351	0.226241245431488	4.52442438418938	5.41129006628082
4.57977041111685	0.276197834425997	4.03842265564189	5.1211181665918
4.89449718597649	0.199432578669081	4.5036093317851	5.28538504016789
5.08877424444959	0.189089751062494	4.7181583323671	5.45939015653207
5.15676045990472	0.175758197720208	4.81227439237311	5.50124652743633
4.524375203525	0.487559802512507	3.56875799060049	5.47999241644952
5.24054473687381	0.212995779411897	4.82307300922649	5.65801646452113
4.98057037723955	0.298493999391754	4.39552213843172	5.56561861604739
5.00490746254222	0.171604299988734	4.6685630345643	5.34125189052013
5.15074410729446	0.177690861224002	4.80247001929542	5.49901819529351
5.28345826023188	0.250566533348156	4.7923478548695	5.77456866559427
4.62203059732008	0.374357838258202	3.888289234334	5.35577196030615
4.94563162406742	0.161328100163936	4.62942854774611	5.26183470038873
4.92321700702172	0.165745934760167	4.5983549748918	5.24807903915165
5.15774104622374	0.170307104514926	4.82393912137449	5.491542971073
5.05528312553423	0.178465440972665	4.7054908612278	5.40507538984065
5.36848623598535	0.22630306019305	4.92493223800697	5.81204023396373
5.03146298740523	0.152177779387593	4.73319453980555	5.32973143500491
5.4697353461863	0.174639078201647	5.12744275291107	5.81202793946153
4.58196228201964	0.388400755004448	3.82069680221093	5.34322776182836
5.11979068289879	0.158381838018026	4.80936228038346	5.43021908541412
5.2334500763391	0.20178773638765	4.83794611301931	5.6289540396589
5.00181913543967	0.188868490095443	4.6316368948526	5.37200137602674
5.22208466267276	0.17065403326001	4.88760275748314	5.55656656786238
4.89831288278194	0.21088625627302	4.48497582048682	5.31164994507706
5.32135754809891	0.153842571030817	5.01982610887851	5.62288898731931
5.05770124830467	0.157439468826593	4.74911988940454	5.36628260720479
4.83726096219483	0.234377930782436	4.37788021786125	5.2966417065284
4.70173270052925	0.376197357452801	3.96438587992176	5.43907952113674
4.86212189960371	0.165878024223836	4.53700097212499	5.18724282708243
5.05148862890705	0.169031197175074	4.72018748244391	5.3827897753702
5.01245163006866	0.178812003886661	4.6619801024508	5.36292315768651
4.7932447051773	0.161813353397155	4.47609053251888	5.11039887783572
5.03471970443038	0.156431035318165	4.72811487520678	5.34132453365398
4.65640332666164	0.269532667854479	4.12811929766686	5.18468735565642
5.26377257160972	0.19452899559813	4.88249574023738	5.64504940298205
5.03590242466187	0.17336051762356	4.69611581011969	5.37568903920405
5.24275110483938	0.195377465565511	4.85981127233098	5.62569093734778
5.40556320729006	0.15068100473089	5.11022843801752	5.70089797656261
5.05662964366599	0.191242487555549	4.68179436805711	5.43146491927487
4.70880095317991	0.209555057865557	4.29807303976342	5.1195288665964
4.84768106251229	0.28426867557465	4.29051445838598	5.40484766663861
4.19320233736822	0.570297017683016	3.07542018270951	5.31098449202693
5.02744505365256	0.166962797673471	4.70019797021255	5.35469213709256
5.44310428475985	0.181141864643797	5.088066230058	5.79814233946169
5.21153250912062	0.153326729387609	4.91101211952091	5.51205289872033
4.26411243122094	0.372792394493793	3.53343933801311	4.99478552442878
5.08263553526585	0.170666327759126	4.74812953285796	5.41714153767374
4.58957163850349	0.200683487068969	4.19623200384831	4.98291127315867
5.17023210739404	0.196700920769224	4.78469830268636	5.55576591210172
4.90602579724084	0.266975582790187	4.38275365497207	5.4292979395096
5.02183177422236	0.190491902633352	4.64846764506099	5.39519590338373
4.74034198252302	0.199256815018656	4.34979862508646	5.13088533995959
4.92235697572732	0.206320785122519	4.51796823688718	5.32674571456746
4.98543223291423	0.492978618207687	4.01919414122716	5.95167032460129
5.16420249954654	0.158210456553397	4.85411000470188	5.47429499439119
4.9843657627438	0.23785780021971	4.51816447431317	5.45056705117443
4.98294294880542	0.1815919411616	4.62702274412868	5.33886315348216
5.36341330028749	0.189975250372599	4.99106180955719	5.73576479101778
4.92794535820558	0.156978801643319	4.62026690698468	5.23562380942649
5.06289465239755	0.202219639076988	4.66654415980666	5.45924514498845
5.04675237049311	0.154259911298725	4.74440294434761	5.34910179663861
5.17426508174385	0.267879889036998	4.64922049923133	5.69930966425637
4.71771808290893	0.220432767967574	4.28566985769248	5.14976630812537
4.46250919030121	0.269089856434938	3.93509307168873	4.98992530891369
5.25130941112678	0.203197843448559	4.85304163796761	5.64957718428596
4.76592330853643	0.257790632974977	4.26065366790548	5.27119294916739
5.43801245944803	0.16321629892314	5.11810851355868	5.75791640533739
5.30994487994105	0.164215274116243	4.98808294267322	5.63180681720889
5.48936831197299	0.220421142441557	5.05734287278754	5.92139375115844
4.8113662452715	0.187997630271812	4.44289088993875	5.17984160060426
5.1865092490985	0.345898621891022	4.50854795019209	5.8644705480049
4.82013444362506	0.190763426546251	4.44623812759441	5.19403075965571
5.07054475836355	0.181749124193444	4.7143164749444	5.4267730417827
5.06638488898576	0.222404414358505	4.63047223684308	5.50229754112843
5.33644660377199	0.163861590278194	5.01527788682673	5.65761532071725
5.28234314437749	0.14769329036498	4.99286429526213	5.57182199349285
4.80482196553139	0.202387039047774	4.40814336899775	5.20150056206503
5.24220058050543	0.288126985391585	4.67747168913793	5.80692947187294
5.30493349218462	0.158723265648037	4.99383589151447	5.61603109285478
4.98803247496779	0.160134761346501	4.67416834272865	5.30189660720693
4.84321608443162	0.195788932624241	4.45946977648811	5.22696239237513
5.12664216571954	0.202371308602286	4.72999440085906	5.52328993058002
4.91992389889781	0.207090599832867	4.51402632322539	5.32582147457023
5.17796384183952	0.219099751024717	4.74852832983107	5.60739935384796
4.79521873396312	0.196582472718302	4.40991708743525	5.18052038049099
4.98489604467211	0.280500988867989	4.43511410649085	5.53467798285336
5.12247675500761	0.166860207361064	4.79543074857992	5.44952276143529
4.79946900317915	0.314708700868426	4.18263994947703	5.41629805688126
4.9685430811779	0.237243152751643	4.50354650178468	5.43353966057112
4.75227017610876	0.406010327691905	3.95648993383263	5.5480504183849
4.80424292709695	0.194499981072078	4.42302296419568	5.18546288999823
5.16258909604281	0.147510637822891	4.87346824590995	5.45170994617568
5.4754332442744	0.285704700471326	4.91545203135061	6.0354144571982
4.77338939024683	0.246152219971809	4.29093103910209	5.25584774139158
4.87695427699158	0.280019497539942	4.32811606181329	5.42579249216987
5.04157673044068	0.189956223495444	4.66926253238961	5.41389092849175
4.94147408739394	0.207345506937069	4.53507689379729	5.3478712809906
4.97051459391608	0.238981405003709	4.50211104010882	5.43891814772335
5.23290169913704	0.164978297538589	4.90954423596141	5.55625916231268
4.97386842872228	0.186159005497691	4.60899677794681	5.33874007949776
4.61017006142265	0.364272145140995	3.8961966569463	5.324143465899
5.15066612537808	0.200046969515604	4.75857406512749	5.54275818562866
5.10319880112163	0.178634651622198	4.75307488394212	5.45332271830114
4.9518002542575	0.281570957470422	4.39992117761548	5.50367933089953
5.30963549557017	0.162451388966643	4.99123077319555	5.62804021794479
5.11517893540959	0.229192161533529	4.66596229880387	5.5643955720153
5.07773381936429	0.225820412166182	4.63512581151857	5.52034182721001
4.70044470502727	0.253178162704095	4.20421550612725	5.1966739039273
4.89813511094335	0.261418908650171	4.38575404998901	5.41051617189768
4.99721277671371	0.167348436626656	4.66920984092547	5.32521571250196
4.63154657317678	0.362263258357531	3.92151058679602	5.34158255955754
4.82578878958003	0.243080826426385	4.34935036978432	5.30222720937575
4.81014319173752	0.234119105533276	4.3512697448923	5.26901663858274
4.7777470729868	0.236869427671914	4.31348299474985	5.24201115122375
5.08540207192938	0.179007090469695	4.73454817460878	5.43625596924998
4.95887383180613	0.21465745581665	4.53814521840549	5.37960244520676
4.95010450069024	0.150818226849549	4.65450077606512	5.24570822531536
5.06199071084575	0.17089248368453	4.72704144282407	5.39693997886743
4.6626638959699	0.872827522550513	2.9519219517709	6.37340584016891
5.00952683075838	0.173566204208065	4.66933707051057	5.34971659100619
4.89268521440118	0.177593242479035	4.54460245914227	5.24076796966009
5.14780708122278	0.143131263608175	4.86726980455076	5.42834435789481
4.74788601054743	0.340534831235925	4.08043774132502	5.41533427976985
4.78013002536276	0.260898962616011	4.26876805863537	5.29149199209014
4.85317255480662	0.233826493985131	4.39487262659577	5.31147248301748
5.12402148577447	0.215099062223505	4.70242732381641	5.54561564773254
5.46917562995043	0.196866915688803	5.08331647520038	5.85503478470049
5.28314064094773	0.189872826014126	4.91098990196005	5.65529137993542
5.18634928804195	0.15841574687969	4.87585442415776	5.49684415192614
4.38484977445363	0.431500680114536	3.53910844142913	5.23059110747812
4.91200978787262	0.173639422707463	4.571676519366	5.25234305637925
4.89184436425122	0.372906540691694	4.1609475444955	5.62274118400694
5.39107470727323	0.16842911618408	5.06095363955243	5.72119577499402
5.35473264102191	0.174914916164088	5.0118994053403	5.69756587670352
4.83511837417492	0.285733452591657	4.27508080709527	5.39515594125456
4.71467311505094	0.298358272479691	4.12989090099075	5.29945532911114
4.98758533198852	0.192295534524273	4.61068608432095	5.3644845796561
5.14089153375678	0.204628215506448	4.73982023136415	5.54196283614942
4.66626837645808	0.47780014134578	3.72978009942035	5.60275665349581
4.96038158339259	0.16136317190689	4.64410976645508	5.27665340033009
5.08584439900574	0.140581087389113	4.81030546772308	5.3613833302884
5.05559732117558	0.191272074631196	4.68070405489843	5.43049058745272
4.59168307288768	0.950611735691792	2.72848407093176	6.45488207484359
5.31225302661741	0.172765593794789	4.97363246277962	5.6508735904552
5.30940638752059	0.147236002212778	5.02082382318354	5.59798895185763
4.71494420781525	0.301807671981762	4.123401170731	5.30648724489951
5.26017705004644	0.185838922515688	4.89593276191569	5.62442133817719
5.1775800846512	0.157361225708985	4.86915208226159	5.48600808704081
4.95442155478749	0.160414064371138	4.64000998862006	5.26883312095492
4.99812076923873	0.226254068036537	4.55466279588712	5.44157874259034
4.6113830757636	0.33775366611515	3.94938589017791	5.2733802613493
5.38722374143089	0.395222780202329	4.61258709223432	6.16186039062745
4.99834021173258	0.208909132015339	4.58887831298252	5.40780211048265
5.04302575797313	0.185121987414388	4.68018666264093	5.40586485330533
5.07584584269048	0.216866937340867	4.65078664550238	5.50090503987858
5.03550694310526	0.167462646998706	4.70728015498779	5.36373373122272
4.79205995427188	0.304672506218858	4.19490184208292	5.38921806646084
5.25769110217174	0.185436460377712	4.89423563983143	5.62114656451206
5.38429719789501	0.203787826426257	4.98487305809955	5.78372133769047
4.94401588680352	0.17324685927338	4.6044520426277	5.28357973097935
5.230226770341	0.151083750841066	4.93410261869251	5.52635092198949
4.70436927408396	0.146725743851514	4.41678681613499	4.99195173203293
5.48010199587564	0.184124064962059	5.11921882855	5.84098516320127
5.12715719910261	0.221673133777302	4.6926778568991	5.56163654130612
5.18679745938051	0.176934792818258	4.84000526545672	5.53358965330429
5.47412503521806	0.153784048447342	5.17270830026127	5.77554177017485
5.03864382320986	0.223534501120937	4.60051620101283	5.4767714454069
5.35535209470702	0.1834914952885	4.99570876394156	5.71499542547248
5.03861659256134	0.139519610032312	4.76515815689801	5.31207502822467
5.21798612466647	0.160169023813721	4.90405483799158	5.53191741134136
4.96780040498979	0.141573968859387	4.69031542602539	5.24528538395419
5.07805541040741	0.179179949200057	4.7268627099753	5.42924811083952
5.31953686766477	0.187855524218181	4.95134004019714	5.68773369513241
3.98026902837851	0.49947457125406	3.00129886872055	4.95923918803646
5.2124402854538	0.341106515345709	4.54387151537621	5.88100905553139
5.00608511791411	0.174442037958813	4.66417872351483	5.34799151231338
5.23681652187352	0.207353010034379	4.83040462220613	5.6432284215409
4.95509300387804	0.167164586393614	4.62745041454656	5.28273559320953
4.91430586936681	0.270014617235706	4.38507721958483	5.44353451914879
5.0345567793167	0.175031653408461	4.69149473863612	5.37761881999729
4.87932680481543	0.309263729581082	4.27316989483651	5.48548371479436
4.89956457960876	0.249822622136123	4.40991224022195	5.38921691899556
5.25429238035144	0.196559857446631	4.86903505975605	5.63954970094684
5.1576355155469	0.276785659321081	4.61513562327759	5.70013540781622
5.21452835302314	0.220881318179755	4.78160096939082	5.64745573665546
5.10119923988943	0.162467429078865	4.78276307889486	5.41963540088401
5.4047435956011	0.167159318585958	5.07711133117263	5.73237586002958
5.15669440451511	0.213536689340304	4.73816249340812	5.57522631562211
5.06683830411665	0.208729351169917	4.65772877582361	5.47594783240969
5.39504286141363	0.300467535398542	4.80612649203249	5.98395923079477
4.64677298023478	0.409915182463985	3.84333922260537	5.4502067378642
5.22131697226425	0.154079571385008	4.91932101234963	5.52331293217886
5.0079218914619	0.27727880132228	4.46445544087024	5.55138834205357
5.08720295609797	0.202144245378633	4.69100023515584	5.48340567704009
5.28492386088407	0.134460577135353	5.02138112969878	5.54846659206936
4.78569624819177	0.220087595187151	4.35432456162495	5.21706793475858
4.87572373875018	0.337097729520229	4.21501218889053	5.53643528860983
5.03267285795841	0.174724444802946	4.69021294614463	5.37513276977218
4.88411362482449	0.375337547479804	4.14845203176408	5.61977521788491
5.27532371320622	0.210124843671009	4.86347901961104	5.6871684068014
5.27590601678883	0.169395917634293	4.94389001822562	5.60792201535205
5.19776009146257	0.187853810968521	4.82956662196427	5.56595356096087
5.31124279389597	0.203527975643448	4.91232796163482	5.71015762615713
4.81808539956014	0.214944132798541	4.396794899275	5.23937589984528
5.42640910944299	0.178322979890064	5.07689606885847	5.77592215002752
4.73345502821724	0.35312759431038	4.04132494336889	5.42558511306558
4.750074334794	0.173509467119061	4.40999577924064	5.09015289034736
5.00992632321095	0.194332705218614	4.62903422098246	5.39081842543943
5.01802999186349	0.166054163255608	4.6925638318825	5.34349615184448
5.16926755229984	0.186975713489117	4.80279515386117	5.53573995073851
5.09400160877897	0.246836198844336	4.61020265904407	5.57780055851387
5.12916399923321	0.173023898388928	4.79003715839091	5.46829084007551
5.19898447254312	0.223504780119718	4.76091510350848	5.63705384157777
5.28703147258601	0.167557731857812	4.9586183181447	5.61544462702732
4.55988990884997	0.365431786883112	3.84364360655907	5.27613621114087
4.71756866604597	0.198136100199246	4.32922190965545	5.10591542243649
4.69690172771126	0.425522742465514	3.86287715247886	5.53092630294367
5.02695747599546	0.1483579697359	4.7361758553131	5.31773909667783
5.00322150143488	0.160907928951578	4.68784196068979	5.31860104217998
4.95448896586537	0.145696689658038	4.66892345413562	5.24005447759513
4.77257393184166	0.197171967419031	4.38611687570036	5.15903098798296
5.07015524173524	0.177715079365425	4.72183368617901	5.41847679729148
5.19662326735523	0.190349338355866	4.82353856417773	5.56970797053273
5.15610644527467	0.177519852548198	4.80816753428021	5.50404535626914
5.10024177766911	0.181169095532983	4.74515035042447	5.45533320491376
5.21531340002444	0.22703618503969	4.77032247734665	5.66030432270223
4.8053122510829	0.266578668447767	4.28281806092528	5.32780644124052
5.19616864108537	0.161582049774813	4.87946782352674	5.512869458644
5.0410454747872	0.236817241192743	4.57688368204942	5.50520726752498
4.68234536659967	0.247020745282374	4.19818470584621	5.16650602735312
4.78791007128322	0.206182301050185	4.38379276122486	5.19202738134158
4.7622029357803	0.177225901670178	4.41484016850675	5.10956570305385
5.13656306609432	0.160298307247624	4.82237838388898	5.45074774829967
4.89291431599154	0.247193255225958	4.40841553574866	5.37741309623442
4.89633380119316	0.150353549787375	4.60164084360991	5.19102675877642
5.00064717085533	0.188213794072351	4.63174813447352	5.36954620723713
4.95548534660316	0.160214956904945	4.64146403106947	5.26950666213685
5.0472213498514	0.205964025582343	4.64353185971001	5.45091083999279
5.12841943861086	0.233253288297431	4.67124299354789	5.58559588367383
5.03745358956822	0.204816412997763	4.6360134200926	5.43889375904383
5.02340043413054	0.197779491119119	4.63575263153706	5.41104823672401
4.84399446917802	0.212530531494039	4.4274346274497	5.26055431090634
4.97230889238931	0.215081604085311	4.5507489483821	5.39386883639652
4.99999796754492	0.358626017331752	4.29709097357468	5.70290496151515
5.11077240879133	0.168351766364325	4.78080294671725	5.4407418708654
4.84491582090952	0.211736612129814	4.42991206113508	5.25991958068395
4.86196414320176	0.216191063273602	4.4382296591855	5.28569862721802
5.23955523426227	0.155763701878069	4.93425837858126	5.54485208994329
5.28937295630389	0.241007115428937	4.81699901006318	5.76174690254461
5.02836388949976	0.216256457076501	4.60450123362982	5.4522265453697
5.48075711607133	0.372891755140297	4.74988927599635	6.21162495614631
5.04407939577757	0.178914914052773	4.69340616423413	5.394752627321
5.08224163332739	0.247049392092775	4.59802482482555	5.56645844182923
5.05136695188563	0.197895561110962	4.66349165210815	5.43924225166312
4.878077847923	0.18535174794371	4.51478842195333	5.24136727389267
5.17395602475859	0.191704978146565	4.79821426759132	5.54969778192586
4.78497866303545	0.182149212329068	4.42796620687047	5.14199111920042
5.11100480810138	0.195652810213202	4.72752530008351	5.49448431611926
5.23717124267419	0.162554026835704	4.91856535007621	5.55577713527217
4.45083182858399	0.371273931252551	3.72313492332899	5.17852873383899
5.39970749636624	0.16583093948168	5.07467885498215	5.72473613775033
5.38594221778577	0.181997627427427	5.02922686802801	5.74265756754353
5.18999503631451	0.182179689593882	4.8329228447105	5.54706722791852
5.24272576846347	0.167102676498355	4.9152045225267	5.57024701440025
5.07172104360012	0.207053503688554	4.66589617637055	5.47754591082969
4.97728216036509	0.282476006900332	4.42362918684044	5.53093513388974
4.78492673089176	0.238074223266174	4.31830125329006	5.25155220849346
5.14936816385948	0.194235939864935	4.7686657217242	5.53007060599475
5.33356642619877	0.152689856083543	5.03429430827502	5.63283854412251
4.94774564065892	0.187672275645767	4.57990798039322	5.31558330092462
4.94528324721968	0.213206638435608	4.52739823588589	5.36316825855348
5.37016793927616	0.154429383978485	5.06748634667832	5.67284953187399
4.76529258155132	0.246729834071927	4.28170210677034	5.2488830563323
5.22063043815689	0.159343610780806	4.90831696102651	5.53294391528727
5.02697116121027	0.298988605276376	4.44095349486857	5.61298882755196
5.00603790104502	0.178322372292363	4.65652605135199	5.35554975073806
4.65977327300606	0.413312885998501	3.849680016449	5.46986652956312
5.14623614286113	0.315235978386827	4.52837362522295	5.76409866049931
5.16968011484743	0.176546184981862	4.82364959228298	5.51571063741187
4.23030235711483	0.395205213955402	3.45570013776225	5.00490457646742
4.89149809569746	0.229459800372213	4.44175688696792	5.341239304427
4.77269970480649	0.195895801119062	4.38874393461313	5.15665547499985
4.90680526981532	0.179244586185244	4.55548588089224	5.25812465873839
4.86949042275233	0.158347440909325	4.55912943857005	5.1798514069346
4.93860771222694	0.225389475714637	4.49684433982625	5.38037108462763
5.14034577149455	0.186249315970184	4.77529711219299	5.50539443079611
5.01873314512113	0.250996551162854	4.52677990484194	5.51068638540033
5.50733984398652	0.163513800164583	5.18685279566393	5.8278268923091
5.28218119729609	0.16505160533958	4.95868005083052	5.60568234376167
5.46941293241975	0.565183798712326	4.36165268694359	6.57717317789591
5.20455470170441	0.146418439517569	4.91757456024998	5.49153484315885
5.22415944209483	0.220102885566265	4.79275778638495	5.65556109780471
4.94668379221564	0.153799469597223	4.64523683180508	5.2481307526262
5.1608333198661	0.206355528466395	4.75637648407197	5.56529015566023
5.20086409280916	0.142703887712793	4.92116447289208	5.48056371272623
4.87614810290554	0.157866620577455	4.56672952657373	5.18556667923735
5.09084271650976	0.17126218321812	4.75516883740224	5.42651659561727
4.69296683462815	0.305323188550829	4.09453338506853	5.29140028418778
4.71852007837705	0.300132727992941	4.13025993151088	5.30678022524321
5.34734820386061	0.15250349851704	5.04844134676721	5.64625506095401
4.83645698140872	0.307849096844693	4.23307275159312	5.43984121122432
4.98289547586252	0.209054746472345	4.57314817277673	5.39264277894832
5.40195890685311	0.154060302887574	5.10000071319346	5.70391710051276
5.39241826142057	0.170330791353091	5.05856991036851	5.72626661247262
4.94744308040113	0.158393702739954	4.63699142303082	5.25789473777144
5.1239041018935	0.240509467522118	4.65250554555015	5.59530265823685
4.9750679264557	0.191186240863523	4.60034289436319	5.3497929585482
4.72528484556847	0.284951822359803	4.16677927374326	5.28379041739369
5.24626752804608	0.139826128626206	4.97220831593872	5.52032674015345
5.02540237441817	0.228528111241671	4.57748727638449	5.47331747245184
5.26757325647653	0.183142523702692	4.90861391001925	5.62653260293381
5.00415170301032	0.204199594153089	4.60392049847027	5.40438290755037
4.99822911352761	0.284409279192183	4.44078692631093	5.55567130074429
5.08885396535823	0.195414621431644	4.70584130735221	5.47186662336426
5.05905040576878	0.234664649624113	4.59910769250552	5.51899311903205
5.2088314076005	0.167206432827348	4.8811067992589	5.5365560159421
4.66807723880577	0.214128949158588	4.24838449845494	5.0877699791566
4.87413304194676	0.155819749891606	4.56872633215921	5.17953975173431
6.12253525931386	0.659884056933199	4.82916250772479	7.41590801090293
5.21973286967739	0.211556983268472	4.80508118247118	5.63438455688359
4.7882287363772	0.386905178238791	4.02989458702917	5.54656288572523
5.06168645319147	0.238988816160829	4.59326837351625	5.5301045328667
5.28078105624082	0.20787833271944	4.87333952411071	5.68822258837092
5.04936534384638	0.181413672358299	4.69379454602412	5.40493614166865
4.73272891033238	0.575858387913844	3.60404647002124	5.86141135064351
4.75167879676688	0.223648651970576	4.31332743890455	5.19003015462921
5.24103049135696	0.226787367130729	4.79652725178073	5.68553373093318
5.02423383082394	0.201804971826712	4.62869608604358	5.41977157560429
4.92820744555511	0.198911104868542	4.53834168001277	5.31807321109746
4.89642595626339	0.170003768161581	4.56321857066669	5.22963334186009
5.27325474675047	0.157648774048327	4.96426314961575	5.58224634388519
5.22950090735166	0.175481578861646	4.88555701278283	5.57344480192048
5.17400193134742	0.219608903818449	4.74356847986326	5.60443538283158
4.82182832488284	0.143772753386525	4.54003372824526	5.10362292152043
5.04426244663792	0.212693349633872	4.62738348135553	5.4611414119203
4.99028491429076	0.263656629679238	4.47351792011945	5.50705190846206
5.19875524121692	0.191011903267678	4.82437191081227	5.57313857162157
4.24420916917098	0.456740833017574	3.34899713645654	5.13942120188543
5.18622076755862	0.200424615204349	4.79338852175809	5.57905301335914
4.7693180894975	0.572668701035692	3.64688743546754	5.89174874352746
4.65399594065442	0.204739645620282	4.25270623523867	5.05528564607018
4.97500387999128	0.155856496132795	4.669525147571	5.28048261241156
5.23801701359704	0.189255802956079	4.86707563980313	5.60895838739096
4.83585149331511	0.3817269476684	4.08766667588504	5.58403631074517
4.96121431505515	0.464461086126183	4.05087058624783	5.87155804386247
5.26849275557487	0.228902833934324	4.81984320106359	5.71714231008614
4.51412740762867	0.31012179164097	3.90628869601237	5.12196611924497
5.31709171461222	0.169110650521883	4.98563483958933	5.64854858963511
5.00939560180908	0.172060161047065	4.67215768615683	5.34663351746133
5.03283782899452	0.240038018992752	4.56236331176872	5.50331234622031
4.67361538267378	0.162961371493727	4.35421109454607	4.99301967080148
5.15632208458135	0.182989013798939	4.79766361753543	5.51498055162727
5.19227640836121	0.204767133757756	4.79093282619601	5.59361999052641
5.0918012358587	0.167940481981417	4.76263789117512	5.42096458054228
4.94651202507964	0.279803223543711	4.39809770693397	5.49492634322532
5.09979898474658	0.177298829274303	4.75229327936895	5.44730469012422
4.48606657051044	0.441521123979186	3.62068516751124	5.35144797350965
4.69878535574161	0.213384289465082	4.28055214839004	5.11701856309317
5.25077292702598	0.192404108241986	4.87366087487169	5.62788497918028
4.92015926105648	0.246963204568583	4.43611138010206	5.4042071420109
4.93260329502248	0.155933869111474	4.626972911564	5.23823367848097
4.98921501476575	0.183366043739248	4.62981756903683	5.34861246049468
4.81326197764213	0.292237594180708	4.24047629304794	5.38604766223632
4.73439195218034	0.335933418090214	4.07596245272352	5.39282145163716
5.28797775024638	0.161883764281139	4.97068557225534	5.60526992823741
5.06971019717257	0.168879388992078	4.7387065947481	5.40071379959704
5.34964504040831	0.244817352442666	4.86980302962069	5.82948705119594
5.24036275348323	0.163001636796815	4.92087954536147	5.55984596160498
5.43309931327947	0.185727349327129	5.0690737085983	5.79712491796064
5.25884329979744	0.18620788187088	4.89387585133052	5.62381074826437
5.494414905117	0.202136089531554	5.09822816963515	5.89060164059884
4.92802226389521	0.267421156471394	4.40387679721128	5.45216773057914
5.17334316255689	0.197978671959013	4.78530496551723	5.56138135959656
4.96885709379099	0.171807289709352	4.63211480596066	5.30559938162132
4.87967404974352	0.214153190351107	4.45993379665535	5.29941430283169
4.64826734393563	0.343602335236513	3.97480676687207	5.3217279209992
5.04646247179291	0.160635530689165	4.73161683164215	5.36130811194368
5.46313047501068	0.190576823416477	5.08959990111439	5.83666104890698
5.49469730497187	0.352083334442215	4.80461396946512	6.18478064047861
5.31198297155226	0.160031556666099	4.99832112048671	5.62564482261781
5.20267818146493	0.16819598017633	4.87301406031932	5.53234230261053
4.95996414557972	0.253136282895783	4.46381703110398	5.45611126005545
5.11269364725852	0.146780594061025	4.82500368289891	5.40038361161813
5.01987049562546	0.154176990021746	4.71768359518284	5.32205739606808
5.17651526297412	0.166867393777763	4.8494551711697	5.50357535477853
5.01230032457952	0.242120769523034	4.53774361631437	5.48685703284467
4.86459368555419	0.321434388729393	4.23458228364458	5.4946050874638
4.91989894587333	0.181454223259148	4.5642486682854	5.27554922346126
4.92577740023752	0.22030949907848	4.4939707820437	5.35758401843134
5.02934031557457	0.170302191795769	4.69554801965486	5.36313261149427
5.43634053834286	0.187003915678423	5.06981286361315	5.80286821307257
5.35846079487198	0.188861240350712	4.98829276378458	5.72862882595937
5.14998249468531	0.20172747103468	4.75459665145734	5.54536833791329
5.19045229007588	0.284118785506795	4.63357947048257	5.7473251096692
5.01301114761772	0.22420102806848	4.5735771326035	5.45244516263194
5.42852444777566	0.33022958050601	4.78127446998388	6.07577442556743
5.25255765400344	0.235547593484128	4.79088437077455	5.71423093723233
5.50651594807885	0.177814357690697	5.15799980700508	5.85503208915261
4.98578403026609	0.196791181321046	4.60007331487684	5.37149474565534
4.69135252815564	0.167691517407867	4.36267715403622	5.02002790227506
4.98297731548663	0.159726502017085	4.66991337153314	5.29604125944012
4.85527382782915	0.191914998766863	4.4791204302461	5.2314272254122
5.04771777016824	0.17002454255398	4.71446966676244	5.38096587357404
5.1147464193481	0.238890341427039	4.6465213501511	5.58297148854509
4.85399922671651	0.263019232551827	4.33848153091493	5.36951692251809
5.19704087692074	0.169065142528929	4.86567319756404	5.52840855627744
5.49938055664762	0.15886704655076	5.18800114540813	5.81075996788711
5.20068472403922	0.185200371201507	4.83769199648427	5.56367745159418
5.05264758049798	0.191971218480781	4.67638399227565	5.42891116872031
5.23510949086226	0.158577416642861	4.92429775424225	5.54592122748226
