estFinal_msm11	sdFinal_msm11	X1	X2
5.25297481454763	0.15952757866384	4.9403007603665	5.56564886872876
5.40154978966179	0.168167630832707	5.07194123322969	5.7311583460939
5.1917817435692	0.276159764384449	4.65050860537568	5.73305488176272
5.42527775365657	0.21966893890454	4.99472663340368	5.85582887390947
5.04587324869377	0.216929472924041	4.62069148176265	5.47105501562489
4.8298686900628	0.398992420358774	4.0478435461596	5.61189383396599
4.93831053694468	0.198150091796644	4.54993635702326	5.32668471686611
5.385614653851	0.330927850789608	4.73699606630337	6.03423324139863
5.32862063286346	0.184481589253444	4.96703671792671	5.69020454780021
4.93501449050483	0.244497843130151	4.45579871796974	5.41423026303993
5.1411449835402	0.255733848565078	4.63990664035265	5.64238332672775
5.73069963176467	0.401719103262651	4.94333018936988	6.51806907415947
5.70814331891539	0.294362501319076	5.13119281633	6.28509382150078
4.82460394086973	0.385347900272697	4.06932205633525	5.57988582540422
4.65403669050298	0.314218409869554	4.03816860715866	5.26990477384731
5.13058357731374	0.282643621260904	4.57660207964236	5.68456507498511
5.45836712922194	0.211374462521088	5.04407318268061	5.87266107576328
4.96996926050243	0.465713368544065	4.05717105815606	5.8827674628488
4.17359165080068	0.691459607630667	2.81833081984458	5.52885248175679
4.62811126985555	0.360818654420729	3.92090670719092	5.33531583252018
5.0554210454333	0.250712543171491	4.56402446081718	5.54681763004942
4.77713606439029	0.295123204755704	4.19869458306911	5.35557754571147
5.35598003012421	0.246907103988704	4.87204210630635	5.83991795394207
4.75053219927469	0.335435193017195	4.09307922096098	5.40798517758839
4.99718817539763	0.238352557909749	4.53001716189452	5.46435918890074
5.1485140841243	0.205844087347997	4.74505967292222	5.55196849532637
5.12106922294626	0.172962811709637	4.78206211199537	5.46007633389715
4.45634018951595	0.314610183745111	3.83970422937553	5.07297614965636
5.10356194753165	0.366656388965088	4.38491542516008	5.82220846990322
5.45965870413328	0.178732863017257	5.10934229261945	5.8099751156471
5.54366101317245	0.335051593063838	4.88695989076733	6.20036213557758
5.44859111440833	0.277111930460231	4.90545173070628	5.99173049811039
5.66663812761457	0.17808685100148	5.31758789965167	6.01568835557747
4.99916071584927	0.298251698019978	4.41458738773011	5.58373404396843
4.92510229584245	0.340573761259201	4.25757772377441	5.59262686791048
4.9614770032505	0.278031582269775	4.41653510200174	5.50641890449926
5.18993580281516	0.320759208606981	4.56124775394548	5.81862385168484
5.14468250590506	0.22319842513971	4.70721359263123	5.58215141917889
5.1880811450083	0.197045831220042	4.80187131581702	5.57429097419958
4.79575278208749	0.506910449919028	3.80220830024619	5.78929726392878
5.08868102581776	0.216631950931577	4.66408240199187	5.51327964964365
4.58181053911336	0.525498913314177	3.55183266901757	5.61178840920915
5.37492822755413	0.200410350104861	4.98212394134861	5.76773251375966
4.90697140854893	0.190314847088257	4.53395430825595	5.27998850884191
5.43740396552685	0.194937590923025	5.05532628731772	5.81948164373598
5.67358404282832	0.254583325554277	5.17460072474194	6.17256736091471
5.17730468178285	0.65947926361321	3.88472532510095	6.46988403846474
4.88553328630011	0.271015032441838	4.3543438227141	5.41672274988611
4.85075619531073	0.441440781080012	3.9855322643939	5.71598012622755
5.17267806409049	0.222106524045595	4.73734927696112	5.60800685121986
5.13786106561997	0.303704314235447	4.54260060971849	5.73312152152144
5.30805816894558	0.235347563630411	4.84677694422997	5.76933939366118
5.37280354564146	0.175268843331631	5.02927661271146	5.71633047857146
5.45221791757857	0.234700124818063	4.99220567293517	5.91223016222198
4.40737641817088	0.370088943390994	3.68200208912453	5.13275074721723
5.4115186590673	0.190394456957749	5.03834552343011	5.78469179470448
4.9180748985026	0.22718819585416	4.47278603462845	5.36336376237676
5.11051441325489	0.179286549317601	4.7591127765924	5.46191604991739
4.95711613110216	0.172769768239697	4.61848738535236	5.29574487685197
5.26682402946992	0.249551874488625	4.77770235547221	5.75594570346762
5.44235341753586	0.196989174240098	5.05625463602527	5.82845219904645
4.52490486923651	0.622348192399927	3.30510241213266	5.74470732634037
4.73215111453873	0.619990595263319	3.51696954782262	5.94733268125483
5.24472471014781	0.315130521724961	4.62706888756688	5.86238053272873
5.04597097894522	0.262848364718027	4.53078818409789	5.56115377379255
5.07858800416401	0.232225842879055	4.62342535212106	5.53375065620696
4.90820363485926	0.372175533633502	4.1787395889376	5.63766768078093
4.77091147470663	0.240212947645717	4.30009409732103	5.24172885209224
5.09861941448169	0.421754158468343	4.27198126388374	5.92525756507964
5.51941542681497	0.209431271354303	5.10893013496053	5.9299007186694
5.32462124604452	0.32943126782321	4.67893596111102	5.97030653097801
4.9427772974423	0.26963078626125	4.41430095637025	5.47125363851436
5.28490976418857	0.256984409131483	4.78122032229087	5.78859920608628
4.69514783313547	0.429801549336704	3.85273679643553	5.53755886983541
5.10276061957398	0.23243188559075	4.64719412381611	5.55832711533185
5.38201589104667	0.2014053382734	4.98726142803081	5.77677035406254
4.53386403760872	0.322192771004825	3.90236620643926	5.16536186877818
5.02814827491827	0.239098536530315	4.55951514331886	5.49678140651769
5.6815881310724	0.194642509708382	5.30008881204397	6.06308745010082
5.15368870077282	0.248947332673356	4.66575192873304	5.64162547281259
4.39794782163543	0.577842204871794	3.26537710008671	5.53051854318415
5.13297440738055	0.25332844412287	4.63645065689972	5.62949815786137
5.25211498929046	0.395346519409524	4.47723581124779	6.02699416733313
5.37487589991477	0.193698924728598	4.99522600744671	5.75452579238282
4.9320969860404	0.244978474112315	4.45193917678026	5.41225479530054
4.18248749686046	0.807927688109279	2.59894922816627	5.76602576555465
5.96258558842483	0.179651950762245	5.61046776493083	6.31470341191883
4.74097129959187	0.402850583352839	3.95138415622031	5.53055844296344
5.3208460792989	0.274973385881523	4.78189824297111	5.85979391562668
4.82350956406962	0.377709803501759	4.08319834920617	5.56382077893306
5.14136786090338	0.194062659313584	4.76100504864876	5.52173067315801
5.54184888417427	0.242889063246744	5.06578632021066	6.01791144813789
4.91980371267737	0.213408100428387	4.50152383583773	5.33808358951701
3.83088015174131	0.715684326304858	2.42813887218379	5.23362143129883
4.90405192352357	0.296569783066476	4.32277514871328	5.48532869833386
4.70365691082573	0.495360081646974	3.73275115079766	5.6745626708538
5.24182678001413	0.204718036035711	4.84057942938414	5.64307413064413
4.83984796924749	0.307499843017656	4.23714827693288	5.44254766156209
4.96255217622829	0.264430981199623	4.44426745307703	5.48083689937955
5.08462622843688	0.205026859518536	4.68277358378055	5.48647887309321
4.84263895106327	0.259312629448664	4.33438619734388	5.35089170478265
4.86433380632657	0.32484410365245	4.22763936316776	5.50102824948537
4.70923736675796	0.28357967203868	4.15342120956215	5.26505352395377
5.15319694856454	0.215231660868756	4.73134289326178	5.5750510038673
4.93325966021817	0.286927345334098	4.37088206336334	5.495637257073
5.41441577609417	0.227436088396517	4.968641042837	5.86019050935135
5.30906416533254	0.254866695954783	4.80952544126116	5.80860288940391
5.46464776626471	0.236962403596716	5.00020145521515	5.92909407731427
5.08834411550899	0.244264788669366	4.60958512971703	5.56710310130095
5.36540407923357	0.176884015023256	5.01871140978798	5.71209674867915
5.50954777234927	0.190714406310558	5.13574753598058	5.88334800871796
5.43269011932961	0.275690579898872	4.89233658272782	5.9730436559314
5.42984310792364	0.31506919329832	4.81230748905893	6.04737872678835
4.94857334951067	0.347172458573782	4.26811533070606	5.62903136831528
5.5038231735831	0.19329576154981	5.12496348094548	5.88268286622073
4.48597172070997	0.415285032565935	3.67201305688074	5.2999303845392
5.41708177404571	0.2263519711956	4.97343191050233	5.86073163758908
5.25315905736626	0.192350414329073	4.87615224528128	5.63016586945125
5.27196231431928	0.340882291006074	4.60383302394737	5.94009160469118
5.41084818995473	0.223296688953596	4.97318667960568	5.84850970030378
5.36509646530463	0.207885865103413	4.95764016970194	5.77255276090732
5.04271676406909	0.30899064961675	4.43709509082026	5.64833843731792
5.2680190125375	0.30911247261005	4.6621585662218	5.8738794588532
5.16471321463471	0.191382520997339	4.78960347347992	5.53982295578949
5.36771723068104	0.19500554088921	4.98550637053819	5.74992809082389
5.89220771085445	0.261977404238735	5.37873199854653	6.40568342316237
5.23064572652705	0.331094368802409	4.58170076367432	5.87959068937977
5.0163212067914	0.271499732741116	4.48418173061881	5.54846068296399
4.85947944140264	0.345112346380762	4.18305924249635	5.53589964030894
4.46279827704509	0.527054654743045	3.42977115374873	5.49582540034146
4.70964747857554	0.549391331281371	3.63284046926405	5.78645448788703
4.49793029575541	0.589706722799518	3.34210511906835	5.65375547244246
5.18536603544124	0.190667969596004	4.81165681503307	5.5590752558494
4.84568853400914	0.42423292406426	4.01419200284319	5.67718506517509
4.98016001846833	0.298710239051972	4.39468794992647	5.5656320870102
5.33780414288719	0.22264261588199	4.90142461575849	5.77418367001589
5.09819696350762	0.450465606387078	4.21528437498895	5.98110955202629
5.41828908118035	0.199659128536556	5.0269571892487	5.809620973112
4.83569715530043	0.294167576864392	4.25912870464622	5.41226560595464
4.75043076984788	0.188760450228435	4.38046028740014	5.12040125229561
4.95490581270082	0.357543698236032	4.25412016415819	5.65569146124344
2.68978634976778	0.97932374388671	0.77031181174983	4.60926088778573
4.87635192108647	0.284529635883136	4.31867383475552	5.43403000741741
4.47461028280581	0.465438597265167	3.56235063216608	5.38686993344554
5.19053962432057	0.225131077360196	4.74928271269459	5.63179653594656
5.17244344973434	0.315814233271629	4.55344755252194	5.79143934694673
5.08201607085255	0.238665384693293	4.6142319168537	5.54980022485141
4.40291271511114	0.346446168078816	3.72387822567666	5.08194720454562
5.40546756516333	0.243733902862435	4.92774911555295	5.8831860147737
5.34919579716581	0.199772071620123	4.95764253679036	5.74074905754125
5.62674330878556	0.229036245368509	5.17783226786328	6.07565434970784
5.28396493563318	0.266531337670707	4.76156351379859	5.80636635746777
4.98928681519219	0.372159017347427	4.25985514119123	5.71871848919315
5.94112600943891	0.296718546486114	5.35955765832613	6.5226943605517
5.54368889887018	0.244464021531869	5.06453941666772	6.02283838107265
4.9740356251439	0.209035915095714	4.5643252315563	5.3837460187315
5.54080639546314	0.214139906689557	5.12109217835161	5.96052061257467
5.06664186617036	0.19180190236963	4.69071013752589	5.44257359481484
5.14095043460323	0.299190713215101	4.55453663670164	5.72736423250483
5.05425689207233	0.224574630252697	4.61409061677705	5.49442316736762
3.85358676877523	1.00405378104061	1.88564135793563	5.82153217961483
5.18733009097664	0.23621277566565	4.72435305067197	5.65030713128132
4.64758750726409	0.319635470670515	4.02110198474988	5.2740730297783
4.22679025945584	0.582380448755737	3.0853245798946	5.36825593901709
5.18148021695066	0.416224022988759	4.3656811318927	5.99727930200863
4.19425925653293	0.551609718930222	3.1131042074297	5.27541430563617
5.46142078838704	0.180351233131776	5.10793237144876	5.81490920532532
5.57063570190818	0.190598945996874	5.19706176775431	5.94420963606206
4.71265897211124	0.308060585030384	4.10886022545169	5.31645771877079
5.13423086624271	0.186281133975626	4.76911984365049	5.49934188883494
4.58205175230836	0.352542608492952	3.89106823966218	5.27303526495455
4.57691751460524	0.288645043142451	4.01117323004604	5.14266179916445
5.16108941638933	0.157462204131218	4.85246349629214	5.46971533648652
5.32333899939009	0.21414239563649	4.90361990394257	5.74305809483761
4.41739159101014	0.357718529574336	3.71626327304444	5.11851990897584
5.35598198696072	0.264191532253224	4.8381665837444	5.87379739017704
4.94236560339017	0.26838133039771	4.41633819581066	5.46839301096968
4.92260729226851	0.221893091110831	4.48769683369128	5.35751775084574
5.8303165935627	0.269309699417569	5.30246958270426	6.35816360442114
4.25844804849	0.82822427361753	2.63512847219965	5.88176762478036
5.00256902459159	0.263855769846837	4.48541171569179	5.51972633349139
5.54002556135306	0.209281215311096	5.12983437934331	5.95021674336281
4.99768601275665	0.248778546677848	4.51008006126807	5.48529196424523
5.05714240652154	0.160319488367349	4.74291620932153	5.37136860372154
4.94552551509586	0.402628263718165	4.15637411820825	5.73467691198346
5.1706129747423	0.295159835034957	4.59209969807379	5.74912625141082
5.12467900331704	0.331037117883254	4.47584625226586	5.77351175436821
4.53099279167824	0.510675859358304	3.53006810733597	5.53191747602052
5.09957022126559	0.219238381742731	4.66986299304983	5.52927744948134
5.16095985990876	0.224012560883423	4.72189524057725	5.60002447924027
5.43340777272605	0.197159530429422	5.04697509308439	5.81984045236772
5.26180869934067	0.27659494928658	4.71968259873897	5.80393479994237
4.83575941866594	0.203450611989793	4.43699621916594	5.23452261816593
5.30967922343231	0.181375314914958	4.954183606199	5.66517484066563
5.06421200592061	0.200861484423377	4.67052349645079	5.45790051539043
5.4652559257487	0.25143153677463	4.97245011367043	5.95806173782698
4.77733697652688	0.311486226952544	4.16682397169989	5.38784998135386
5.49621828385451	0.210777852037162	5.08309369386167	5.90934287384734
5.07173985023089	0.653079243446482	3.79170453307579	6.351775167386
4.93644926599192	0.383310491192159	4.18516070325529	5.68773782872855
4.60050274554828	0.696574262077261	3.23521719187685	5.96578829921971
4.7558720680104	0.3511552185452	4.0676078396618	5.44413629635899
4.88699185633018	0.44398838742852	4.01677461697028	5.75720909569008
5.19645351210978	0.373378761891844	4.46463113880177	5.9282758854178
4.63524196140751	0.830130074944673	3.00818701451595	6.26229690829907
5.23847011260991	0.214105194321041	4.81882393174067	5.65811629347915
4.91203513928985	0.418527856536504	4.09172054047831	5.7323497381014
4.98232518164961	0.400085374966226	4.1981578467158	5.76649251658341
4.98960905785702	0.229305942891966	4.54016940978877	5.43904870592527
5.43967357332916	0.22676728598724	4.99520969279417	5.88413745386415
5.21395194504554	0.213892979901823	4.79472170443797	5.63318218565311
5.0106921294008	0.27606637250544	4.46960203929014	5.55178221951146
5.24818284657472	0.481583039659233	4.30428008884263	6.19208560430682
5.20230107510235	0.305373992515654	4.60376804977167	5.80083410043303
5.03902741138376	0.404411435787056	4.24638099724113	5.83167382552639
4.94180396552072	0.203963414286928	4.54203567351834	5.3415722575231
5.07030004294223	0.279379863518253	4.52271551044645	5.617884575438
5.27587208528941	0.421282325225049	4.45015872784831	6.10158544273051
5.28675380738351	0.227510550943964	4.84083312753334	5.73267448723368
4.819280769284	0.384996170201699	4.06468827568867	5.57387326287933
4.95262741079716	0.359408047206552	4.24818763827232	5.65706718332201
5.57330725512035	0.298236079754424	4.98876453880168	6.15784997143902
4.83845737614677	0.237938217293383	4.37209847025174	5.3048162820418
4.94837124113022	0.314383170354653	4.3321802272351	5.56456225502534
4.53022410361313	0.46269146275332	3.62334883661663	5.43709937060964
5.36069782571526	0.666815964295473	4.05373853569614	6.66765711573439
4.86272564084055	0.297874673070168	4.27889128162302	5.44656000005808
5.18702998638558	0.178556254145923	4.83705972825957	5.53700024451159
5.07675221371293	0.300554999851195	4.48766441400458	5.66584001342127
5.10009724524205	0.449998281926065	4.21810061266697	5.98209387781714
4.12717616852799	0.619139336819203	2.91366306836236	5.34068926869363
4.96557185773092	0.195276518703157	4.58282988107273	5.34831383438911
4.70653151411541	0.352977177102275	4.01469624699495	5.39836678123587
5.12390248044574	0.236685145996922	4.65999959429177	5.5878053665997
5.50628966176682	0.199463844050448	5.11534052742794	5.89723879610569
5.40978605692787	0.206882590693375	5.00429617916885	5.81527593468688
5.21776179253864	0.290723145804283	4.64794442676224	5.78757915831503
5.20591221768168	0.325302800874873	4.56831872796693	5.84350570739643
5.00657476891081	0.198545974675677	4.61742465854648	5.39572487927513
5.05747949582239	0.557953495624405	3.96389064439856	6.15106834724623
4.65095507951278	0.424463406794351	3.81900680219586	5.48290335682971
5.14476657873988	0.289841168448813	4.57667788858021	5.71285526889955
5.19404315850914	0.324148189822616	4.55871270645681	5.82937361056147
5.18976759721338	0.305987474716651	4.59003214676875	5.78950304765802
5.01778794053131	0.190526627281944	4.6443557510587	5.39122013000392
5.22372796136123	0.292792017230254	4.64985560758993	5.79760031513252
5.47610132171558	0.170233750138648	5.14244317144383	5.80975947198733
4.76086271919896	0.479154347402441	3.82172019829017	5.70000524010774
4.97665576681798	0.312178691281151	4.36478553190693	5.58852600172904
5.18221422856579	0.20164514887191	4.78698973677685	5.57743872035474
4.52036627410503	0.444032820016087	3.6500619468735	5.39067060133656
4.57660933617724	0.335042904614412	3.91992524313299	5.23329342922148
4.86889111185058	0.313512313619375	4.25440697715661	5.48337524654456
4.85245605513172	0.285165611850163	4.2935314559054	5.41138065435804
4.95782156670463	0.279123238401851	4.410740019437	5.50490311397225
5.0394125067011	0.228624663650364	4.59130816594639	5.48751684745582
4.82377508859331	0.315591395060665	4.20521595427441	5.44233422291222
5.04781230887316	0.317201355464021	4.42609765216368	5.66952696558264
5.20085275785449	0.282395889901781	4.647356813647	5.75434870206198
5.32483469029011	0.228193345660828	4.87757573279489	5.77209364778534
5.93953470485668	0.175603452462878	5.59535193802944	6.28371747168393
5.21692443918207	0.227017952892324	4.77196925151311	5.66187962685103
4.93071803355711	0.335072186725946	4.27397654757426	5.58745951953997
4.45025716899688	0.49795038745783	3.47427440957954	5.42623992841423
4.91642158792925	0.309175963123164	4.31043670020784	5.52240647565065
5.10040314010164	0.438174909756403	4.24158031697909	5.95922596322419
5.2358722273339	0.17748447447704	4.8880026573589	5.58374179730889
5.38081035205996	0.340534989096242	4.71336177343133	6.0482589306886
4.90126110200387	0.296657520586115	4.31981236165508	5.48270984235265
4.36651569562248	0.527564109241205	3.33249004150972	5.40054134973525
4.78227494575553	0.662014602571778	3.48472632471485	6.07982356679622
5.44335591724035	0.324395505481489	4.80754072649663	6.07917110798407
4.9590387425256	0.344280430920522	4.28424909792138	5.63382838712983
4.81965976094269	0.338261732266601	4.15666676570015	5.48265275618523
4.97344084850002	0.23247788693947	4.51778419009865	5.42909750690138
4.18133672284173	0.891945434868201	2.43312367050006	5.92954977518341
5.26613846243745	0.258702268669043	4.75908201584612	5.77319490902877
5.92796108146292	0.426188206442912	5.09263219683481	6.76328996609103
4.68216828168885	0.333862864118631	4.02779706801633	5.33653949536137
4.94393341743731	0.259343902846214	4.43561936785873	5.45224746701589
4.87566155452231	0.265696848792414	4.35489573088918	5.39642737815544
5.04417874171103	0.166253083063266	4.71832269890703	5.37003478451503
4.85154721531462	0.474801407017703	3.92093645755992	5.78215797306932
5.16815553921527	0.182718082785185	4.81002809695631	5.52628298147423
5.34985111809521	0.218733836987707	4.92113279759931	5.77856943859112
4.47534728826671	0.382401052495454	3.72584122537562	5.2248533511578
5.10362909260455	0.279665718539256	4.55548428426761	5.6517739009415
4.88986919483651	0.329022623705267	4.24498485237419	5.53475353729884
5.18065673706675	0.268351682450948	4.6546874394629	5.70662603467061
5.09387568417235	0.359694571263348	4.38887432449618	5.79887704384851
4.57407541734842	0.456064934051459	3.68018814660756	5.46796268808928
5.33273828886779	0.258333668440766	4.82640429872389	5.83907227901169
4.7050681045204	0.390221833046269	3.94023331174972	5.46990289729109
5.37010611913772	0.288954735613128	4.80375483733599	5.93645740093945
5.38364182499362	0.216088518989687	4.96010832777383	5.8071753222134
5.16383696952833	0.233401549358473	4.70636993278572	5.62130400627093
5.57537258257473	0.202201685074201	5.1790572798293	5.97168788532017
4.69414588465625	0.397504412732596	3.91503723570037	5.47325453361214
5.17414282288228	0.220892261112853	4.74119399110108	5.60709165466347
5.06827860590042	0.338533516275183	4.40475291400106	5.73180429779978
5.12972130067631	0.371531717064889	4.40151913522913	5.8579234661235
5.35699201222222	0.196429470334087	4.97199025036741	5.74199377407703
5.28888151631223	0.177488396973319	4.94100425824453	5.63675877437993
5.59617012868929	0.212359525785423	5.17994545814986	6.01239479922871
4.83590038594036	0.288928773916976	4.26959998906309	5.40220078281763
6.11809271673045	0.749411130514203	4.64924690092261	7.58693853253829
5.02362488111463	0.315697662131768	4.40485746333637	5.6423922988929
5.0059756657728	0.511171148374638	4.00408021495851	6.00787111658709
5.40368582540634	0.240512455776667	4.93228141208407	5.87509023872861
5.16497285843845	0.291103885155264	4.59440924353413	5.73553647334277
5.1492826408928	0.2079650667863	4.74167110999165	5.55689417179395
4.76687846227074	0.395660145272593	3.99138457753646	5.54237234700503
5.34311625276845	0.253170154097488	4.84690275073737	5.83932975479953
4.88341050488309	0.287807025105164	4.31930873567697	5.44751227408922
4.70624726818176	0.380941119678375	3.95960267361215	5.45289186275138
5.55149066020187	0.180655694312796	5.19740549934879	5.90557582105495
5.407154682707	0.217454540584018	4.98094378316233	5.83336558225168
5.19261937765455	0.189815490758582	4.82058101576773	5.56465773954137
4.71646557415277	0.497298512277904	3.74176049008808	5.69117065821746
5.16122862303431	0.312967577608599	4.54781217092146	5.77464507514717
5.11236490713655	0.209821224481417	4.70111530715297	5.52361450712012
4.76528399548842	0.355946096177067	4.06762964698137	5.46293834399548
4.88536362748799	0.442170117742181	4.01871019671332	5.75201705826267
5.4749054354367	0.16742774646649	5.14674705236238	5.80306381851102
4.79435059244023	0.381447653229694	4.04671319211002	5.54198799277043
5.34331659950767	0.170737965127253	5.00867018785826	5.67796301115709
5.42481870545899	0.266918542139363	4.90165836286584	5.94797904805214
4.76475681969046	0.286079624520365	4.20404075563054	5.32547288375037
5.16871102823003	0.200924822426283	4.77489837627451	5.56252368018554
5.21959503007597	0.230983259820184	4.76686784082841	5.67232221932353
4.11467620456483	1.15775682121954	1.84547283497454	6.38387957415513
5.65898328677308	0.283231995089999	5.10384857639668	6.21411799714948
5.41210306932355	0.238192562805932	4.94524564622392	5.87896049242317
3.29585465129319	1.32468956217823	0.699463109423851	5.89224619316252
4.49369037161658	0.643851079513274	3.23174225577056	5.7556384874626
4.31178412987995	0.50191838562166	3.3280240940615	5.29554416569841
5.09150912682461	0.305545899980202	4.49263916286341	5.6903790907858
4.9331091390356	0.266005755764669	4.41173785773684	5.45448042033435
4.87973179304119	0.426638658766837	4.04352002185819	5.71594356422419
5.06802625320992	0.232115207853744	4.61308044581659	5.52297206060326
5.25180665871329	0.183720947316267	4.89171360197341	5.61189971545318
5.10748288960806	0.391197883631907	4.34073503768952	5.8742307415266
5.21539934429735	0.235817682612448	4.75319668637695	5.67760200221774
5.03161146270759	0.415523385970317	4.21718562620577	5.84603729920941
5.14714778216815	0.213340422403595	4.7290005542571	5.56529501007919
4.88189346541353	0.269671076420031	4.35333815563027	5.41044877519679
4.97456188143873	0.223460940632314	4.5365784377994	5.41254532507807
5.5072475126243	0.220756277356867	5.07456520900484	5.93992981624376
5.18961688162009	0.186395193416655	4.82428230252344	5.55495146071673
5.04197999053832	0.281784539910775	4.4896822923132	5.59427768876344
5.09940983108294	0.443573149945309	4.23000645719014	5.96881320497575
5.27721500085167	0.221813300255803	4.8424609323503	5.71196906935305
5.37011912922276	0.226325958824976	4.9265202499258	5.81371800851971
4.60072849240572	0.349944140030796	3.91483797794536	5.28661900686608
4.24081407444049	0.499096983304701	3.26258398716327	5.2190441617177
5.00218895542859	0.264966904541674	4.48285382252691	5.52152408833027
5.0680130490391	0.381491934809231	4.32028885681301	5.81573724126519
5.45725205037053	0.291078891750026	4.88673742254048	6.02776667820058
4.90380998938473	0.293717236641209	4.32812420556796	5.47949577320149
5.1889720407563	0.273356262376841	4.6531937664977	5.72475031501491
5.13149964982093	0.315119983347148	4.51386448246052	5.74913481718134
5.55958255455825	0.281741247058318	5.00736971032394	6.11179539879255
5.08506292610314	0.22171611812209	4.65049933458384	5.51962651762244
5.73941179072349	0.268335972424894	5.2134732847707	6.26535029667628
3.69610669705891	0.871569968787533	1.98782955823534	5.40438383588247
4.81772427108962	0.35429714409355	4.12330186866626	5.51214667351297
4.91308604376336	0.233649315362415	4.45513338565303	5.37103870187369
4.90257241348849	0.187306907869034	4.53545087406519	5.2696939529118
5.00690867340995	0.52056270744683	3.98660576681417	6.02721158000574
4.93667395496239	0.377619028539911	4.19654065902416	5.67680725090062
4.66356316709689	0.402455245157385	3.87475088658841	5.45237544760536
5.02322604853132	0.302882057849692	4.42957721514592	5.61687488191672
4.70926066854591	0.393961040762076	3.93709702865224	5.48142430843958
5.38745950522808	0.192058511969083	5.01102482176868	5.76389418868749
4.84298158448837	0.285845931962431	4.282723557842	5.40323961113473
5.34814775151772	0.290596060375265	4.77857947318221	5.91771602985324
5.09065478021664	0.243416525554231	4.61355839013035	5.56775117030294
5.42636061319224	0.173803492038512	5.08570576879676	5.76701545758773
5.02483263675613	0.343943479821293	4.3507034163064	5.69896185720587
5.31854216591099	0.268446888227319	4.79238626498544	5.84469806683654
5.62866139803159	0.235809459109207	5.16647485817754	6.09084793788563
5.41043642121642	0.217890843880644	4.98337036721036	5.83750247522248
4.67686921705996	0.256604027165855	4.17392532381489	5.17981311030504
5.38710693583202	0.307648502278656	4.78411587136585	5.99009800029818
5.70504000221483	0.18862949802513	5.33532618608558	6.07475381834409
5.18217604925061	0.235720683403873	4.72016350977902	5.6441885887222
4.68936596210014	0.464624311019687	3.77870231250155	5.60002961169872
4.71542355290435	0.614854181824399	3.51030935652853	5.92053774928017
5.03630910332166	0.476170933658889	4.10301407335024	5.96960413329308
4.98327796233472	0.241998877417775	4.50896016259588	5.45759576207356
5.05982774676944	0.252467607858976	4.56499123536585	5.55466425817303
4.45249426852846	0.482939273490725	3.50593329248664	5.39905524457028
4.49056731399593	0.413274681502089	3.68054893825183	5.30058568974002
4.65346676223255	0.564380828957744	3.54728033747537	5.75965318698973
5.36948525786888	0.242622571053495	4.89394501860403	5.84502549713373
4.97563137553037	0.486378450634119	4.0223296122875	5.92893313877325
4.96323434221765	0.526941415060418	3.93042916869923	5.99603951573607
5.42039016249244	0.181316853229477	5.06500913016266	5.77577119482221
5.21636219155718	0.238274920830723	4.74934334672896	5.68338103638539
4.94678431105218	0.230829367735873	4.49435875028987	5.39920987181449
4.72886126624943	0.247035565439023	4.24467155798894	5.21305097450991
4.86934855287344	0.367683325139295	4.14868923560042	5.59000787014646
5.40474640470459	0.259488835197244	4.89614828771799	5.91334452169118
5.07228631123732	0.286935146172747	4.50989342473873	5.6346791977359
4.92133026229831	0.30746397013236	4.31870088083889	5.52395964375774
5.53136832023435	0.232398835929286	5.07586660181295	5.98687003865575
4.6554919223726	0.520010419687384	3.63627149978533	5.67471234495987
4.98288158315838	0.310908085110759	4.37350173634129	5.59226142997547
5.28502115800822	0.229720784724477	4.83476841994824	5.73527389606819
5.32211888170433	0.323397091287298	4.68826058278123	5.95597718062744
4.91041441650339	0.286503780493286	4.34886700673655	5.47196182627023
5.4356273262256	0.258397014919736	4.92916917698292	5.94208547546828
3.62248411113178	0.876111579996852	1.90530541433795	5.33966280792561
4.82065918719192	0.222667049501066	4.38423177016983	5.25708660421401
3.83374841208355	0.692356460575539	2.4767297493555	5.19076707481161
5.05040040160997	0.336266842521035	4.39131739026875	5.7094834129512
5.53877274344725	0.174020453108757	5.19769265535409	5.87985283154041
4.53479141202173	0.350518782545802	3.84777459823195	5.2218082258115
4.26624936110896	0.401583246438913	3.47914619808869	5.05335252412923
5.28219117866784	0.230010131016357	4.83137132187578	5.7330110354599
5.17283901628294	0.321030493357941	4.54361924930138	5.80205878326451
4.6385881177011	0.315065349277304	4.02106003311759	5.25611620228462
5.03086523361688	0.285707374287619	4.47087878001315	5.59085168722062
5.43730632483841	0.192471032702033	5.06006310074243	5.8145495489344
4.92939925356553	0.242120775102691	4.45484253436425	5.4039559727668
5.14905444215781	0.24289339721145	4.67298338362337	5.62512550069226
4.9440888769015	0.28321518724256	4.38898710990609	5.49919064389692
5.60901635267734	0.237318112050046	5.14387285305925	6.07415985229543
4.87248295235377	0.333296910085194	4.21922100858679	5.52574489612075
4.68557988746346	0.414622813286303	3.8729191734223	5.49824060150461
5.07060767512671	0.244713019584673	4.59097015674075	5.55024519351267
4.24762776567014	0.483010808292696	3.30092658141646	5.19432894992383
4.99990180961857	0.29931306594267	4.41324820037093	5.5865554188662
5.38565418417388	0.20000191695286	4.99365042694628	5.77765794140149
5.16748527578578	0.190928102356625	4.79326619516679	5.54170435640476
5.18067800531552	0.365154453199857	4.4649752770438	5.89638073358724
4.67588494339498	0.569985108434577	3.55871413086321	5.79305575592675
5.03995476245978	0.487748887582914	4.08396694279727	5.99594258212229
4.99397125336778	0.220146058599664	4.56248497851244	5.42545752822312
5.05879635552836	0.408936099925244	4.25728159967488	5.86031111138184
4.73879509596948	0.386562849492809	3.98113191096357	5.49645828097539
5.06042700216111	0.317312648908615	4.43849421030023	5.682359794022
4.90029794470725	0.222225412100679	4.46473613698991	5.33585975242458
5.28549847602341	0.206106711389758	4.88152932169949	5.68946763034734
5.03476703656755	0.337310935125783	4.37363760372102	5.69589646941409
4.89915053943737	0.412778769773227	4.09010415068185	5.7081969281929
5.50800606457749	0.221290391654947	5.0742768969338	5.94173523222119
4.66114538872525	0.57316488736422	3.53774220949138	5.78454856795913
5.22117806586502	0.295091316259217	4.64279908599696	5.79955704573309
5.57527845251777	0.200187382119313	5.18291118356392	5.96764572147163
5.36472142096918	0.269102436271043	4.83728064587794	5.89216219606042
5.07402103052487	0.229838831537683	4.62353692071101	5.52450514033873
4.98392862230792	0.298890322882444	4.39810358945833	5.56975365515751
5.18364136185032	0.24612154587251	4.7012431319402	5.66603959176044
5.06299919665788	0.211723970704562	4.64802021407693	5.47797817923882
5.42292199095781	0.174418267265927	5.08106218711659	5.76478179479903
4.85051285232083	0.520831040262082	3.82968401340715	5.87134169123452
5.17858591789502	0.165246040572111	4.85470367837369	5.50246815741636
4.6746332290979	0.351960494267532	3.98479066033354	5.36447579786226
5.19114120617454	0.272081880517462	4.65786072036031	5.72442169198876
5.21381597962631	0.228969257511237	4.76503623490429	5.66259572434834
5.1459789879336	0.220087536038189	4.71460741729875	5.57735055856846
4.99605223171173	0.274877905635353	4.45729153666644	5.53481292675702
5.43466800826717	0.213745376244493	5.01572707082796	5.85360894570637
5.10202920972509	0.206772127265512	4.69675584028468	5.50730257916549
4.83247220041849	0.262841113567409	4.31730361782637	5.34764078301061
5.50523004371566	0.201316473905221	5.11064975486143	5.89981033256989
5.54522740700757	0.193807362875746	5.1653649757711	5.92508983824403
4.85657291727059	0.220011930023781	4.42534953442398	5.2877963001172
5.11910551579002	0.177504224165749	4.77119723642515	5.46701379515489
5.12292711703794	0.282517412697368	4.5691929881511	5.67666124592478
5.26689414092243	0.308355402969287	4.66251755110263	5.87127073074223
4.84341789126542	0.234206419150988	4.38437330972949	5.30246247280136
4.82541624110248	0.297638700388163	4.24204438834168	5.40878809386328
5.56834282243504	0.527854668415946	4.53374767233979	6.6029379725303
5.25178147923361	0.251224534551043	4.75938139151356	5.74418156695365
4.60741113717955	0.413354818104459	3.79723569369481	5.41758658066429
4.55817241912765	0.456167789417171	3.66408355187	5.45226128638531
5.40595562999786	0.223329992681342	4.96822884434243	5.84368241565329
5.2152921671182	0.162886888771428	4.8960338651262	5.5345504691102
5.05324889877396	0.297225659448317	4.47068660625526	5.63581119129266
4.73818866073491	0.540602154485758	3.67860843794282	5.797768883527
5.52415331423203	0.192918426540669	5.14603319821232	5.90227343025174
5.51662788357609	0.289116424043437	4.94995969245096	6.08329607470123
5.40259261892133	0.165539434642253	5.07813532702251	5.72704991082014
4.81885408123369	0.233507029224002	4.36118030395465	5.27652785851273
5.21756063628121	0.219509060023677	4.7873228786348	5.64779839392762
5.55676393609752	0.207630565516597	5.14980802768499	5.96371984451004
4.36675895034186	0.879141174684631	2.64364224795999	6.08987565272374
5.51056324189011	0.181053029841494	5.15569930340078	5.86542718037943
4.46837385422168	0.428880946700808	3.62776719868809	5.30898050975526
5.14188100638178	0.317798291127121	4.51899635577263	5.76476565699094
5.13333601270279	0.213696209527299	4.71449144202929	5.5521805833763
4.84488777235926	0.174584703460625	4.50270175357644	5.18707379114208
5.28308688715045	0.243443882407886	4.80593687763099	5.7602368966699
5.37378455623087	0.296673735913329	4.79230403384074	5.95526507862099
5.18618601459869	0.427971941860824	4.34736100855148	6.02501102064591
5.36086645610662	0.571172770689031	4.24136782555612	6.48036508665712
5.70731308904641	0.206131735992466	5.30329488650118	6.11133129159165
5.09529575038248	0.236728990900735	4.63130692821704	5.55928457254792
5.90816578413302	0.400551287006764	5.12308526159976	6.69324630666628
5.63026602194376	0.258721108838392	5.12317264862051	6.137359395267
5.01781311113752	0.210874398302381	4.60449929046486	5.43112693181019
5.12511624612558	0.284879039759049	4.56675332819785	5.68347916405332
5.00507475373788	0.238466997491655	4.53767943865423	5.47247006882152
5.40602679831827	0.202851083812454	5.00843867404586	5.80361492259068
5.51554740983545	0.199475584468255	5.12457526427767	5.90651955539323
4.75970890704363	0.489991770465476	3.7993250369313	5.72009277715597
4.60196179911718	0.542851496688806	3.53797286560712	5.66595073262724
5.21216983524181	0.225863495483888	4.76947738409339	5.65486228639023
5.39819134527803	0.515127567077916	4.38854131380532	6.40784137675075
5.04461820183725	0.220940425261877	4.61157496832397	5.47766143535053
4.86473352945777	0.535131551258846	3.81587568899043	5.91359136992511
5.51646302407472	0.223566037946549	5.07827358969948	5.95465245844995
4.05487887971835	0.932903497199767	2.22638802520681	5.88336973422989
5.69602232021083	0.646390535637204	4.42909687036191	6.96294777005974
4.67432270198202	0.41506291999742	3.86079937878708	5.48784602517696
4.93354176151792	0.433443793037976	4.08399192716349	5.78309159587235
5.51933046822833	0.199230352025932	5.1288389782575	5.90982195819915
4.71834595747836	0.275779677109232	4.17781779034427	5.25887412461245
5.02284814104737	0.28065568762962	4.47276299329331	5.57293328880142
5.40001613288509	0.327464492490227	4.75818572760424	6.04184653816593
3.91541265219831	1.24120638706219	1.48264813355642	6.3481771708402
5.35399319804298	0.252282905533219	4.85951870319787	5.84846769288809
5.40654970689951	0.283609107808131	4.85067585559557	5.96242355820345
5.18806418537087	0.338806712529426	4.52400302881319	5.85212534192854
5.28314039409085	0.357980713980912	4.58149819468826	5.98478259349344
5.51200723708272	0.312651497796387	4.8992103014018	6.12480417276364
5.3268561414388	0.299373983054396	4.74008313465218	5.91362914822542
4.59031623218864	0.378068733861334	3.84930151382042	5.33133095055686
5.57834086753658	0.46212698616528	4.67257197465263	6.48410976042053
4.57858732882116	0.529398408632384	3.54096644790169	5.61620820974064
5.72671843742789	0.274744590275357	5.18821904048819	6.26521783436759
5.19477994851582	0.180251154939627	4.84148768483415	5.54807221219749
4.28143612005343	0.381759423377496	3.53318765023354	5.02968458987332
4.59687066137661	0.459612973757751	3.69602923281142	5.4977120899418
4.80228848768972	0.307195395915106	4.20018551169612	5.40439146368333
5.36490254181036	0.200881467902518	4.97117486472142	5.75863021889929
5.81198362913121	0.23092858093928	5.35936361049022	6.2646036477722
4.89982843173842	0.292923715138815	4.32569795006634	5.4739589134105
5.19568294188047	0.435642449977341	4.34182373992488	6.04954214383605
5.47679205604398	0.241560171006287	5.00333412087166	5.9502499912163
3.82608052182403	0.806304699035856	2.24572331171376	5.40643773193431
4.9141830597391	0.263116150069797	4.3984754056023	5.4298907138759
4.77178165856865	0.463982804013651	3.86237536270189	5.6811879544354
5.24376643653631	0.391770087061781	4.47589706589522	6.0116358071774
5.40041772678619	0.322064157662423	4.76917197776784	6.03166347580454
5.26874665062293	0.365856762361638	4.55166739639412	5.98582590485174
5.63040059635081	0.218017178145294	5.20308692718603	6.05771426551559
5.5192260317036	0.332559436136202	4.86740953687665	6.17104252653056
5.11954469098763	0.227399924020846	4.67384083990677	5.56524854206849
5.25393412194858	0.673865544718955	3.93315765429943	6.57471058959773
4.96420789806513	0.305668742088806	4.36509716357107	5.56331863255919
5.58909639623012	0.293207511609879	5.01440967347475	6.16378311898548
4.61907612741244	0.597145511431911	3.44867092500589	5.78948132981899
5.38313255547919	0.200585959826731	4.9899840742188	5.77628103673958
4.75653881788927	0.351766871570595	4.0670757496109	5.44600188616763
5.55658318993823	0.184934631155866	5.19411131287273	5.91905506700373
5.15056015397631	0.22956370101962	4.70061529997785	5.60050500797476
5.26232982255569	0.227431587395749	4.81656391126002	5.70809573385136
4.97924985072818	0.299510399040386	4.39220946860902	5.56629023284733
5.09600752580237	0.311711448694469	4.48505308636121	5.70696196524353
5.43307374594027	0.207479189329297	5.02641453485485	5.8397329570257
4.58672903325043	0.367977298820681	3.8654935275619	5.30796453893897
4.70050598449869	0.266036913062484	4.17907363489623	5.22193833410116
4.98173098665823	0.367518019518914	4.26139566840116	5.7020663049153
4.34749156102178	0.727820834069176	2.92096272624619	5.77402039579736
4.80533497663566	0.274148145978258	4.26800461051827	5.34266534275305
4.88408352496483	0.318784298371433	4.25926630015682	5.50890074977283
5.33427384076552	0.238658449601695	4.8665032795462	5.80204440198485
5.21040739726586	0.192060894980489	4.8339680431041	5.58684675142762
5.17018187520338	0.246353081100881	4.68732983624566	5.65303391416111
5.13928726221511	0.217897264110491	4.71220862455855	5.56636589987168
5.08475929281678	0.31815299405787	4.46117942446336	5.70833916117021
5.42077429230995	0.363923458611499	4.70748431343141	6.13406427118849
5.41941712402243	0.186727234196426	5.05343174499744	5.78540250304743
5.38567517681001	0.250407331027543	4.89487680799603	5.876473545624
5.29381992146242	0.204005936657599	4.89396828561352	5.69367155731131
4.97732745704903	0.283514377234043	4.4216392776703	5.53301563642775
4.93140276282798	0.373160053599996	4.20000905777199	5.66279646788397
5.32088141765629	0.210198286059816	4.90889277697905	5.73287005833353
5.98435731783379	0.751812847011723	4.51080413769082	7.45791049797677
5.05909593469137	0.298971300534172	4.47311218564439	5.64507968373835
5.00485753527816	0.214911331526593	4.58363132548604	5.42608374507028
5.08800804526074	0.310530485192289	4.47936829428386	5.69664779623763
4.78484185103871	0.250839291434422	4.29319683982724	5.27648686225018
4.75186200150679	0.314757797117329	4.13493671915683	5.36878728385676
5.1375286404524	0.287519302761533	4.5739908070398	5.70106647386501
5.17267928541584	0.194792286565787	4.7908864037469	5.55447216708478
5.09911130523145	0.296627905124441	4.51772061118755	5.68050199927536
3.64383730509156	1.05903362392581	1.56813140219697	5.71954320798616
4.83613435231842	0.397578108197279	4.05688126025175	5.61538744438509
4.7397402633011	0.474907370796604	3.80892181653976	5.67055871006244
4.61656349341966	0.294143114829916	4.04004298835302	5.1930839984863
5.39277109084086	0.223209337785917	4.95528078878047	5.83026139290126
5.97427542393129	0.26359581222056	5.45762763197899	6.49092321588359
4.84630645823048	0.413304281418749	4.03623006664973	5.65638284981123
5.30343624742847	0.179835775530054	4.95095812738956	5.65591436746738
5.27114091126059	0.348035991745194	4.58899036744001	5.95329145508117
5.02691670910631	0.398693778683523	4.2454769028866	5.80835651532601
5.14026776851537	0.350415221525512	4.45345393432537	5.82708160270537
5.15301940238205	0.195093375121496	4.77063638714392	5.53540241762018
4.91943239249257	0.208495775552304	4.51078067241006	5.32808411257509
5.17264512635866	0.199682578389611	4.78126727271502	5.5640229800023
5.15671520408184	0.287521681791189	4.59317270777111	5.72025770039257
5.21283915291508	0.22168112307739	4.77834415168339	5.64733415414676
4.91067463199459	0.205601101554208	4.50769647294835	5.31365279104084
5.46841596091799	0.211221169710913	5.0544224682846	5.88240945355138
5.16010230026533	0.269250144648198	4.63237201675487	5.6878325837758
5.29262087835402	0.199135100902153	4.9023160805858	5.68292567612224
5.35114732555822	0.272566891220731	4.81691621876559	5.88537843235086
5.32866820692771	0.217635655057058	4.90210232301587	5.75523409083954
5.6102807513408	0.193039564440152	5.2319232050381	5.9886382976435
5.1315360726277	0.228034577953546	4.68458829983875	5.57848384541665
5.3602392838037	0.204886404308115	4.95866193135979	5.7618166362476
5.42772810017907	0.176250037907076	5.0822780258812	5.77317817447693
5.26858365537384	0.338250584121838	4.60561251049504	5.93155480025264
5.10864974901971	0.281543667506327	4.55682416070731	5.66047533733211
4.73199071747452	0.232811900275075	4.27567939293537	5.18830204201367
4.74937347346179	0.338061644379375	4.08677265047822	5.41197429644537
5.40990694177045	0.298240545001402	4.8253554735677	5.99445840997319
4.61169446057093	0.278644174973606	4.06555187762267	5.1578370435192
5.02759731577753	0.201518882260007	4.63262030654791	5.42257432500714
3.29785700268359	1.04507097035777	1.24951790078235	5.34619610458483
5.15450784470269	0.283295332157962	4.59924899367308	5.7097666957323
4.67360897060463	0.303201914111351	4.07933321894638	5.26788472226288
4.98545383662057	0.40481899038874	4.19200861545864	5.7788990577825
5.65321991736322	0.229693066325344	5.20302150736554	6.1034183273609
5.0806503277416	0.260931691146556	4.56922421309435	5.59207644238885
5.09308500226601	0.195754722975164	4.70940574523469	5.47676425929733
5.31059683623738	0.171823168725291	4.97382342553581	5.64737024693896
2.91345450919436	1.17748227231216	0.605589255462531	5.22131976292618
5.13498419394154	0.286858722972256	4.57274109691592	5.69722729096716
5.35043164520473	0.218237395849362	4.92268634933998	5.77817694106948
5.40595234556483	0.166011386120046	5.08057002876954	5.73133466236012
4.18149003343331	0.509544858855916	3.18278211007571	5.1801979567909
5.14867686912809	0.21475059148592	4.72776570981569	5.56958802844049
4.48745781324871	0.343112739202443	3.81495684441192	5.15995878208549
5.15606734662887	0.239642003627013	4.68636901951992	5.62576567373781
5.87670008186562	0.375455265560423	5.14080776136719	6.61259240236405
5.54787436625889	0.277176444766945	5.00460853451568	6.0911401980021
4.57802627958066	0.439333075355032	3.71693345188479	5.43911910727652
5.13204701064172	0.269393857120561	4.60403505068542	5.66005897059802
5.63772872845694	0.302156012309635	5.04550294433005	6.22995451258382
5.14321388307396	0.221462720490078	4.70914695091341	5.57728081523451
4.11761347259218	0.93537437286661	2.28427970177362	5.95094724341073
4.93223852428725	0.272094744550725	4.39893282496782	5.46554422360667
5.68638540195233	0.269456996786587	5.15824968825062	6.21452111565404
4.8498248069474	0.352027295705958	4.15985130736372	5.53979830653108
5.02005764709051	0.34029379794804	4.35308180311235	5.68703349106867
4.8586895896172	0.390113580303626	4.09406697222209	5.6233122070123
5.18407184907816	0.305774356542612	4.58475411025464	5.78338958790168
5.06530421731686	0.205821516959239	4.66189404407675	5.46871439055697
4.56418085269994	0.300411438117213	3.97537443399021	5.15298727140968
5.51508381473026	0.365961872592545	4.79779854444887	6.23236908501165
4.5468319352224	0.472721066788609	3.62029864431673	5.47336522612808
5.67942428805479	0.193054839767821	5.30103680210986	6.05781177399972
5.57051836579117	0.215895465908529	5.14736325261045	5.99367347897189
5.56384782064117	0.29722969247317	4.98127762339375	6.14641801788858
5.10936756969792	0.169844315591854	4.77647271113789	5.44226242825796
5.37613959963832	0.203914963292286	4.97646627158544	5.7758129276912
5.05275478796469	0.234484379623769	4.5931654039021	5.51234417202728
5.04778740395893	0.288417731520814	4.48248865017813	5.61308615773972
4.90998411903281	0.316024884460869	4.29057534548951	5.52939289257611
5.09621483916768	0.299235404440575	4.50971344646416	5.68271623187121
5.29484016550153	0.199317670037791	4.90417753222746	5.6855027987756
4.45043164814849	0.489048119856516	3.49189733322972	5.40896596306726
4.71532338742232	0.436383762521873	3.86001121287945	5.57063556196519
5.17050181060772	0.228781715491451	4.72208964824448	5.61891397297096
4.94690131245497	0.279012945443585	4.40003593938555	5.4937666855244
5.14297147621039	0.244542962980956	4.66366726876771	5.62227568365306
5.58746051087567	0.20689870082027	5.18193905726794	5.9929819644834
4.9201650564426	0.25798707296027	4.41451039344047	5.42581971944473
5.45256167552567	0.267393376541974	4.9284706575034	5.97665269354794
4.84502305480365	0.226137047856804	4.40179444100432	5.28825166860299
5.47262760839443	0.522985213438713	4.44757659005455	6.49767862673431
5.09158658064214	0.349341908402449	4.40687644017334	5.77629672111094
5.18595912338354	0.193059472366805	4.8075625575446	5.56435568922248
4.63340370071124	0.386803027932753	3.87526976596304	5.39153763545943
5.1261120456071	0.352174530870544	4.43584996510083	5.81637412611337
4.87917372595211	0.278876523338889	4.33257574020788	5.42577171169633
5.14560229038535	0.280257371751263	4.59629784175287	5.69490673901782
5.58356943749719	0.555348937565045	4.49508551986971	6.67205335512468
4.98967173249965	0.378221315033006	4.24835795503495	5.73098550996434
4.95888438283041	0.387064097754642	4.20023875123131	5.71753001442951
5.07431099566575	0.196312946352883	4.6895376208141	5.4590843705174
4.67573698513914	0.640345904196262	3.42065901291447	5.93081495736381
5.2954549415417	0.203059806492555	4.89745772081629	5.69345216226711
5.09467466317421	0.221379896590578	4.66077006585668	5.52857926049175
5.03066287411648	0.278612742297759	4.48458189921287	5.57674384902009
5.16906977524202	0.267620150613926	4.64453428003873	5.69360527044532
5.40368424502285	0.202930725597824	5.00594002285112	5.80142846719459
5.00423250117679	0.223924989980529	4.56533952081495	5.44312548153862
4.70059872693994	0.55751470859022	3.6078698981031	5.79332755577677
5.34190958966404	0.215086453465457	4.92034014087174	5.76347903845633
5.65173703293925	0.202235169593697	5.25535610053561	6.0481179653429
4.58894699439347	0.718612860533984	3.18046578774686	5.99742820104008
4.79090054697872	0.378842465170984	4.04836931524359	5.53343177871385
5.41300473290074	0.203317163555412	5.01450309233213	5.81150637346934
4.67667523590453	0.48875995109462	3.71870573175907	5.63464474004998
4.83185381540699	0.359045065627421	4.12812548677725	5.53558214403674
4.93942889319547	0.315596595803836	4.32085956541995	5.55799822097098
4.99443611467294	0.307392051161198	4.391947694397	5.59692453494889
5.34586061548355	0.196829330902828	4.960075126914	5.73164610405309
4.83754194338545	0.250012762175825	4.34751692952084	5.32756695725007
4.72806493043427	0.331934208006707	4.07747388274113	5.37865597812742
5.24700786893148	0.187244483071818	4.88000868211072	5.61400705575225
5.36249363696849	0.1934722578804	4.98328801152291	5.74169926241408
5.36643348501559	0.176945527500899	5.01962025111383	5.71324671891736
5.04000714067502	0.198983615307862	4.64999925467161	5.43001502667843
4.80626736187463	0.291303736499853	4.23531203833492	5.37722268541434
5.22365655584123	0.167776373880829	4.89481486303481	5.55249824864766
4.31646879286744	0.854267961222178	2.64210358887197	5.99083399686291
4.69584687005982	0.43667243820047	3.8399688911869	5.55172484893274
4.46338978430021	0.700813981482498	3.08979438059451	5.8369851880059
4.69869499071535	0.671751714040757	3.38206163119546	6.01532835023523
5.37050358681537	0.294828123329548	4.79264046508946	5.94836670854129
4.99341418938756	0.312724196962739	4.38047476334059	5.60635361543452
5.16213581505436	0.238442734315835	4.69478805579533	5.6294835743134
4.8642708555908	0.282186506634393	4.31118530258739	5.41735640859421
5.16359858987594	0.21693039020991	4.73841502506452	5.58878215468737
5.53609157033099	0.198336675981957	5.14735168540635	5.92483145525562
5.05149195727319	0.378018059990632	4.31057655969155	5.79240735485483
5.49118981696109	0.248509398656471	5.00411139559441	5.97826823832778
5.03034199580147	0.356669121920229	4.33127051683782	5.72941347476512
4.17797217761353	0.630364483425075	2.94245779010038	5.41348656512668
5.10422405538476	0.245267333407478	4.6235000819061	5.58494802886342
5.20767500025482	0.317318927665972	4.58572990202951	5.82962009848012
5.44658240758003	0.343536537393601	4.77325079428857	6.11991402087149
4.78034740648087	0.440247657875984	3.91746199704394	5.6432328159178
4.97154737233876	0.235804289926711	4.50937096408241	5.43372378059512
5.21246693553586	0.321701401344732	4.58193218890019	5.84300168217154
5.12946388901351	0.350896389904748	4.44170696480021	5.81722081322682
5.63158964458349	0.199869016375074	5.23984637248835	6.02333291667864
5.2891089980605	0.254633606843345	4.79002712864755	5.78819086747346
4.40239060310412	0.758943682076339	2.9148609862345	5.88992021997375
5.28593297721152	0.241026380167575	4.81352127208307	5.75834468233996
4.96530519705571	0.234092012961049	4.50648485165206	5.42412554245937
4.79453380007051	0.379748624696291	4.05022649566578	5.53884110447524
4.84380420266235	0.265150491566814	4.3241092391914	5.36349916613331
4.49729810626918	0.552103059522759	3.41517610960457	5.57942010293379
5.01132005076287	0.292179081993386	4.43864905005583	5.58399105146991
5.12944687508905	0.310778577528932	4.52032086313234	5.73857288704576
4.96346934195474	0.255569390037271	4.46255333748169	5.46438534642779
5.64858672849302	0.34429373213374	4.97377101351089	6.32340244347515
5.0317832160848	0.213224224842816	4.61386373539288	5.44970269677672
5.33732427161841	0.184542102589942	4.97562175054212	5.69902679269469
5.06063565706075	0.250028489189008	4.57057981825029	5.5506914958712
5.48526410197721	0.527245617029313	4.45186269259975	6.51866551135466
5.0972498015093	0.282519157346086	4.54351225311098	5.65098734990763
5.37203139853194	0.226262392205648	4.92855710980887	5.81550568725501
4.62394327112593	0.28732977318002	4.06077691569309	5.18710962655877
5.20406976082782	0.239605902720642	4.73444219149536	5.67369733016027
5.45886027903308	0.253358020372322	4.96227855910333	5.95544199896283
5.37768589911476	0.252695969583201	4.88240179873169	5.87296999949784
5.47309128484787	0.30828309099872	4.86885642649038	6.07732614320536
5.15988199937539	0.240247046499376	4.68899778823661	5.63076621051417
5.24563436241981	0.250163914996966	4.75531308902575	5.73595563581386
5.24928985782463	0.204110635816794	4.84923301162371	5.64934670402554
5.3897316366722	0.271501303421574	4.85758908196591	5.92187419137848
4.68850933937441	0.246920769685045	4.20454463079172	5.17247404795709
5.22006436197429	0.312935963734476	4.60670987305472	5.83341885089386
5.22002046802949	0.424153257460618	4.38868008340668	6.0513608526523
4.71936315270966	0.252175625253516	4.22509892721277	5.21362737820655
5.63557514964247	0.213234442213051	5.21763564290489	6.05351465638005
4.93168974464629	0.375508839478173	4.19569241926907	5.66768707002351
5.2562507580998	0.271097761353675	4.7248991458466	5.787602370353
5.0448068543202	0.204796067689658	4.64340656164847	5.44620714699193
5.00780753859621	0.361783702149264	4.29871148238366	5.71690359480877
5.13269667534741	0.213631173184282	4.71397957590622	5.55141377478861
5.56027017500216	0.192831206471294	5.18232101031843	5.9382193396859
5.09388129008973	0.347648411748304	4.41249040306306	5.77527217711641
5.5659207325805	0.34463331598303	4.89043943325376	6.24140203190724
5.54478712265183	0.308705819572317	4.93972371629009	6.14985052901357
5.46288295028008	0.252409125184599	4.96816106491827	5.95760483564189
5.21231759999343	0.267296799002123	4.68841587394927	5.73621932603759
5.22139049925133	0.220151995946012	4.78989258719714	5.65288841130551
5.21626594351327	0.263130664016677	4.70052984204058	5.73200204498596
5.7079549099741	0.27723953583539	5.16456541973673	6.25134440021146
5.06342300581894	0.369654828705893	4.33889954155539	5.78794647008249
5.36249433238584	0.222280188324609	4.92682516326961	5.79816350150207
5.04499912794947	0.313174614458191	4.43117688361141	5.65882137228752
4.88649343245828	0.413555534657252	4.07592458453007	5.69706228038649
5.4148687592096	0.222600712522938	4.97857136266464	5.85116615575456
5.38200463108293	0.251189584672078	4.88967304512565	5.8743362170402
4.67052730264119	0.324193958316317	4.03510714434121	5.30594746094117
2.91746591202694	1.55434013363507	-0.129040749897792	5.96397257395167
5.28036373497037	0.204282365197928	4.87997029918244	5.68075717075831
5.92395230198093	0.233086325373515	5.46710310424884	6.38080149971302
5.44238690508611	0.26866118445899	4.91581098354649	5.96896282662573
5.46150936088416	0.290206622984386	4.89270437983476	6.03031434193355
5.27029394735546	0.319584657170839	4.64390801930061	5.8966798754103
5.00286886306241	0.476324114861283	4.0692735979343	5.93646412819053
4.89100830774425	0.243099685078747	4.41453292498991	5.3674836904986
5.4888245301915	0.211138088125011	5.07499387746648	5.90265518291652
5.00404245424416	0.28267868377402	4.44999223404708	5.55809267444124
5.14536210578803	0.22298062335966	4.70832008400309	5.58240412757296
4.86414729636754	0.370484167167374	4.13799832871949	5.59029626401559
4.77483851059348	0.280180532537264	4.22568466682044	5.32399235436652
5.3358892705509	0.379333578954117	4.59239545580083	6.07938308530096
5.0912333513771	0.192539179943236	4.71385655868836	5.46861014406585
4.98136889095761	0.329304626582625	4.33593182285566	5.62680595905955
5.3555309287363	0.257289057512683	4.85124437601144	5.85981748146116
5.3659699065678	0.244027492673352	4.88767602092803	5.84426379220757
4.98240946158949	0.474563242675099	4.0522655059463	5.91255341723269
4.96806733828242	0.237101347956725	4.50334869628724	5.4327859802776
4.97888658843215	0.29623975348542	4.39825667160072	5.55951650526357
5.43023681479673	0.166544025496094	5.10381052482439	5.75666310476907
5.05582479376811	0.263720945057499	4.53893174145542	5.57271784608081
4.96923499534834	0.29288864009596	4.39517326076025	5.54329672993642
5.26690088843771	0.216023772962212	4.84349429343177	5.69030748344364
5.30278777166449	0.192465322428203	4.92555573970521	5.68001980362377
5.47939458430563	0.261498676962108	4.9668571774599	5.99193199115136
5.17399719870856	0.284817656030331	4.61575459288911	5.73223980452801
5.20478642194323	0.323788893403833	4.57016019087171	5.83941265301474
5.50712705123531	0.270200691402687	4.97753369608604	6.03672040638457
4.71788985988092	0.523738316927662	3.69136275870271	5.74441696105914
5.20765292281792	0.303581943048317	4.61263231444322	5.80267353119262
4.66925908719949	0.380474653406054	3.92352876652363	5.41498940787536
5.05609547077325	0.221401273338859	4.62214897502908	5.49004196651741
4.72969759185194	0.342511683659684	4.05837469187895	5.40102049182492
4.44206391061572	0.493235442547539	3.47532244322254	5.40880537800889
5.24639460459605	0.2480219631053	4.76027155690966	5.73251765228244
5.23859475648288	0.247179960840656	4.7541220332352	5.72306747973057
4.89996968860319	0.259988067544555	4.39039307621587	5.40954630099052
4.85358724569695	0.222747418650373	4.41700230514222	5.29017218625168
5.03504029844692	0.293987010808162	4.45882575726292	5.61125483963091
4.7358559911951	0.281006138715154	4.1850839593134	5.28662802307681
5.27988159897887	0.283993356631495	4.72325461998114	5.8365085779766
5.02265763381223	0.236498635058946	4.55912030909669	5.48619495852776
5.39535603026202	0.250471126591244	4.90443262214318	5.88627943838086
5.22490684807222	0.204517882927166	4.82405179753498	5.62576189860947
5.04750101552439	0.345085450404139	4.37113353273228	5.72386849831651
5.62550473441994	0.228944077984977	5.17677434156938	6.07423512727049
4.9366363877528	0.228333490822056	4.48910274574157	5.38417002976403
4.66274910073236	0.364758442238414	3.94782255394506	5.37767564751965
5.49244448827075	0.245153057998583	5.01194449459353	5.97294448194797
5.13291981012941	0.22991272919626	4.68229086090474	5.58354875935408
4.91383469265792	0.260838500340483	4.40259123199057	5.42507815332526
4.59865894010015	0.451913834424381	3.71290782462836	5.48441005557194
5.28895962413384	0.373331549786219	4.55722978655285	6.02068946171483
5.01339650299382	0.186209232447713	4.6484264073963	5.37836659859133
4.672272149669	0.553305418086585	3.58779353021929	5.7567507691187
5.01045667404257	0.322601474784383	4.37815778346518	5.64275556461996
5.01726983582685	0.185111252767203	4.65445178040314	5.38008789125057
5.26123632906744	0.191644900038066	4.88561232499283	5.63686033314205
4.94933370677867	0.233786678831439	4.49111181626905	5.40755559728829
5.17706939627766	0.206835169083134	4.77167246487471	5.5824663276806
5.46751056891645	0.186715072374347	5.10154902706273	5.83347211077017
4.39345862949824	0.705810946802995	3.01006917376437	5.77684808523211
5.33007945124996	0.232315557854818	4.87474095785452	5.78541794464541
5.56211590692474	0.363929925956144	4.84881325205069	6.27541856179878
5.07056444403871	0.217796428503692	4.64368344417147	5.49744544390594
5.20516663888231	0.312212065519064	4.59323099046495	5.81710228729968
5.39240949288132	0.191362750133415	5.01733850261983	5.76748048314281
5.15788478581723	0.190805965231006	4.78390509396446	5.53186447767
3.99803816519607	0.71711552861121	2.5924917291181	5.40358460127404
5.21228674845905	0.317887307569213	4.5892276256234	5.83534587129471
5.77037586211596	0.182895208587674	5.41190125328412	6.1288504709478
5.16179157132217	0.442801086313878	4.29390144214697	6.02968170049737
4.12970855781929	0.478598593022807	3.19165531549459	5.067761800144
5.26076275957945	0.258396929581069	4.75430477760056	5.76722074155835
4.9748337985257	0.382466908401636	4.22519865805849	5.7244689389929
4.96418499037598	0.303732831576136	4.36886864048675	5.5595013402652
5.62083118442268	0.220411066837938	5.18882549342032	6.05283687542504
4.89527084118753	0.232353284359089	4.43985840384371	5.35068327853134
4.75940701923461	0.507676293712918	3.76436148355729	5.75445255491192
5.61722402316602	0.202060894659485	5.22118466963343	6.01326337669862
5.12297695554071	0.38124196117328	4.37574271164108	5.87021119944034
4.87923400752689	0.22704685468488	4.43422217234453	5.32424584270926
4.81688602224788	0.466972992194229	3.90161895754719	5.73215308694857
4.89766740209799	0.273765252039938	4.36108750809971	5.43424729609627
5.07693404254474	0.298641039096262	4.49159760591606	5.66227047917341
4.77157782646334	0.290250679027487	4.20268649556946	5.34046915735721
4.94613556791872	0.40903023201159	4.14443631317601	5.74783482266144
5.21370032238909	0.264072578224942	4.6961180690682	5.73128257570998
5.28909090456334	0.213722411340996	4.87019497833499	5.70798683079169
5.49685731580643	0.198238522187643	5.10830981231865	5.88540481929421
5.35513098952233	0.270060302472983	4.82581279667528	5.88444918236937
3.90706279237597	0.508161864604143	2.91106553775184	4.90306004700009
5.24483479858838	0.250416551219508	4.75401835819814	5.73565123897861
5.09860658402032	0.388522948332062	4.33710160528948	5.86011156275116
4.95578512670059	0.196841302293227	4.56997617420587	5.34159407919532
5.28956426637551	0.247419886036362	4.80462128974425	5.77450724300678
5.15985135670847	0.163898235310596	4.8386108154997	5.48109189791724
4.81360455296891	0.236224586843791	4.35060436275507	5.27660474318274
4.97134681439233	0.252531590198036	4.47638489760418	5.46630873118048
4.64165107248129	0.654327255042298	3.35916965259838	5.92413249236419
4.742847757271	0.278254792583775	4.1974683638068	5.2882271507352
5.45516830874655	0.208935581278392	5.04565456944091	5.8646820480522
5.264016187288	0.200635285057735	4.87077102857484	5.65726134600116
5.19269388937964	0.273198141947936	4.65722553116169	5.72816224759759
5.31721762966867	0.207755705943467	4.91001644601948	5.72441881331787
5.49754445906385	0.250554906014649	5.00645684327514	5.98863207485256
4.93627436200657	0.211114604064536	4.52248973804008	5.35005898597306
5.15860127426039	0.42749397981081	4.3207130738312	5.99648947468958
5.24134190964694	0.326432091430744	4.60153501044268	5.8811488088512
4.20593729385612	0.592657920768679	3.04432776914951	5.36754681856273
5.14047772294039	0.265411609728096	4.62027096787332	5.66068447800746
5.25602848368585	0.15996836929173	4.94249047987406	5.56956648749764
5.33711376926913	0.217061209377793	4.91167379888866	5.76255373964961
5.05256743627397	0.308203013328627	4.44848953014986	5.65664534239808
3.95938180898287	1.03442770631293	1.93190350460952	5.98686011335622
5.31299790038868	0.358611884013763	4.61011860772171	6.01587719305566
5.34890259585622	0.166183077922685	5.02318376312776	5.67462142858469
5.43236568283682	0.302056794104299	4.84033436639239	6.02439699928124
4.6572518863139	0.383194513863933	3.9061906391406	5.40831313348721
5.07585025532152	0.2379526338231	4.60946309302825	5.5422374176148
5.6229357408816	0.186788926244166	5.25682944544304	5.98904203632017
5.08744394912254	0.324868190768041	4.45070229521718	5.7241856030279
3.05608000545788	1.72044117658492	-0.315984700648571	6.42814471156432
5.47822298348549	0.211305244718883	5.06406470383648	5.8923812631345
5.33409717203344	0.283426663992218	4.7785809106087	5.88961343345819
5.15146495686791	0.267195811842883	4.62776116565586	5.67516874807996
5.40975715607881	0.340150292597619	4.74306258258747	6.07645172957014
5.58138846403018	0.190120817328353	5.20875166206661	5.95402526599375
5.24219776913919	0.363096747029005	4.53052814496234	5.95386739331604
4.9134311718707	0.41467111938051	4.1006757778849	5.7261865658565
4.91308630984517	0.224721323158063	4.47263251645537	5.35354010323498
4.96254757409255	0.190897193849414	4.5883890741477	5.33670607403741
5.62729430827641	0.184067189706548	5.26652261645158	5.98806600010125
5.51848516501768	0.17689225368814	5.17177634778892	5.86519398224643
4.7688736299554	0.689224429538202	3.41799374806053	6.11975351185028
4.87854768305178	0.290570148225167	4.30903019253045	5.44806517357311
4.97652213017232	0.293196021459097	4.40185792811249	5.55118633223215
5.27780124781363	0.182908441952548	4.91930070158663	5.63630179404062
5.31856365569378	0.2257870172468	4.87602110189005	5.7611062094975
3.44289479842936	0.902738454190106	1.67352742821675	5.21226216864197
5.03701336292236	0.410871623851529	4.23170498017337	5.84232174567136
5.4522558805691	0.316199900151341	4.83250407627247	6.07200768486573
5.00421651117126	0.203986009100078	4.60440393333511	5.40402908900742
5.06107934476332	0.188013045029164	4.69257377650616	5.42958491302048
5.40405294664357	0.269218736435826	4.87638422322935	5.93172167005779
5.30822337454036	0.175839351734909	4.96357824513993	5.65286850394078
5.67384280250923	0.185743518656396	5.30978550594269	6.03790009907576
4.77470956311219	0.543007337790887	3.71041518104205	5.83900394518233
4.97461160499231	0.310850168186648	4.36534527534648	5.58387793463814
5.14872072480693	0.237744769391906	4.6827409767988	5.61470047281507
5.31395963863116	0.191088803113022	4.93942558452964	5.68849369273268
5.62117223504037	0.19381127996073	5.24130212631734	6.0010423437634
4.78914588181652	0.271834095673917	4.25635105429564	5.32194070933739
5.2286127614051	0.241977612168567	4.75433664155471	5.70288888125549
5.31473226381568	0.33745713689774	4.65331627549611	5.97614825213525
4.95454999833524	0.241574951739689	4.48106309292545	5.42803690374503
5.44047906367046	0.225529670600467	4.99844090929354	5.88251721804737
4.9359111822113	0.350275902364049	4.24937041357777	5.62245195084484
5.03295531962504	0.634675935905698	3.78899048524987	6.27692015400021
5.04486088502657	0.316764126383201	4.42400319731549	5.66571857273764
5.27298538345075	0.358811721212421	4.56971440987441	5.9762563570271
5.38426304091514	0.204785976070156	4.98288252781763	5.78564355401265
4.74287014918917	0.218821510419697	4.31397998876656	5.17176030961178
4.93633443545722	0.368820746630737	4.21344577206098	5.65922309885347
5.34410290661586	0.234269980939032	4.88493374397535	5.80327206925636
3.83768000435971	0.898611208043615	2.07640203659422	5.59895797212519
5.23926070791844	0.197798114681521	4.85157640314266	5.62694501269422
5.27888848011562	0.283559781652592	4.72311130807654	5.8346656521547
5.50695022353246	0.283316001368947	4.95165086084932	6.06224958621559
5.48167705715951	0.222040194011065	5.04647827689783	5.9168758374212
5.58037682859297	0.248770798906472	5.09278606273629	6.06796759444966
5.46733473868745	0.364912960554431	4.75210533600077	6.18256414137413
5.08753817649458	0.390079084629345	4.32298317062106	5.85209318236809
4.31198451447901	0.990421802761006	2.37075778106743	6.25321124789058
5.4233116897801	0.310816002316042	4.81411232524066	6.03251105431954
5.24677102679659	0.250158791478036	4.75645979549964	5.73708225809354
4.91732247874077	0.352785765730614	4.22586237790877	5.60878257957278
5.15353875073984	0.193761151039537	4.77376689470234	5.53331060677733
5.14355021717233	0.233687563911195	4.68552259190639	5.60157784243828
5.47132285562388	0.318240551994424	4.84757137371481	6.09507433753295
5.35453302360701	0.522207103557019	4.33100710063526	6.37805894657877
5.52882921798818	0.167526494087154	5.20047728957736	5.857181146399
5.08495846871571	0.275220962447166	4.54552538231926	5.62439155511215
4.97164913452859	0.261363562670761	4.4593765516939	5.48392171736328
4.95239288027854	0.195075645034712	4.57004461601051	5.33474114454658
4.97868268817302	0.200604313555027	4.58549823360517	5.37186714274088
4.74715533051351	0.531217076177262	3.70596986120608	5.78834079982094
5.01838850580148	0.423860158080886	4.18762259596295	5.84915441564002
4.37969061552744	0.767202866889871	2.87597299642329	5.88340823463158
4.40155095798433	0.476281924664121	3.46803838564266	5.33506353032601
5.15673437971793	0.265454270331959	4.63644400986729	5.67702474956857
4.91849565973181	0.270002679982982	4.38929040696516	5.44770091249845
5.48205013947117	0.281828223392969	4.92966682162095	6.03443345732139
5.31243502196088	0.281961538385771	4.75979040672477	5.86507963719699
5.04741303905159	0.332894525055133	4.39493976994353	5.69988630815965
5.77756457486089	0.161848179943348	5.46034214217192	6.09478700754985
5.23361166539068	0.362993385285968	4.52214463023018	5.94507870055118
5.35156766529505	0.251664141234126	4.85830594847616	5.84482938211394
5.40459010868766	0.163567713879462	5.08399738948391	5.7251828278914
5.50543801692179	0.295402679246681	4.9264487655983	6.08442726824529
4.65510966077663	0.284456818634437	4.09757429625313	5.21264502530012
4.76455933691604	0.233608343147232	4.30668698434747	5.22243168948462
4.87523372205079	0.232868880025033	4.41881071720173	5.33165672689986
5.19969203472402	0.181764492155708	4.84343363009883	5.55595043934921
5.08379617623776	0.269190749202535	4.55618230780079	5.61141004467473
5.30237482947579	0.309291343496631	4.69616379622239	5.90858586272919
4.79783004589376	0.404332100379309	4.00533912915032	5.59032096263721
5.36185777832375	0.305047834862707	4.76396402199285	5.95975153465466
5.46559973035633	0.188642721848069	5.09585999553412	5.83533946517855
4.87381944408741	0.430822493973372	4.0294073558996	5.71823153227522
4.75072076646222	0.685904188159826	3.40634855766896	6.09509297525547
4.99931554832165	0.341992938280945	4.329009389291	5.6696217073523
