estFinal_msm11	sdFinal_msm11	X1	X2
4.89498513252597	0.13601143119508	4.62840272738361	5.16156753766833
5.24897161854329	0.113972213732514	5.02558607962757	5.47235715745902
4.96884517453519	0.124976726715917	4.72389079017199	5.21379955889838
5.03104152719812	0.137539456805442	4.76146419185946	5.30061886253679
4.93171039657247	0.131075863627766	4.67480170386205	5.18861908928289
4.99957537275231	0.122097443971964	4.76026438256726	5.23888636293736
4.99315598446506	0.127285295619039	4.74367680505174	5.24263516387838
5.10713334729459	0.13749756351778	4.83763812279974	5.37662857178943
4.87684046085625	0.130455203729764	4.62114826154591	5.13253266016659
4.89090677583487	0.127613816885641	4.64078369473901	5.14102985693073
5.01865506057874	0.128522585823204	4.76675079236526	5.27055932879222
4.93402928805245	0.137856744463034	4.6638300689049	5.20422850719999
5.08125450594209	0.128333529677715	4.82972078777376	5.33278822411041
4.93026739785289	0.14330509316739	4.64938941524481	5.21114538046098
4.86001114082867	0.141170893062757	4.58331619042566	5.13670609123167
5.07103683042219	0.130098960900147	4.8160428670579	5.32603079378648
5.0104749403328	0.120436921376693	4.77441857443448	5.24653130623112
4.99559545385646	0.132979169079312	4.73495628246101	5.25623462525191
4.7402119686451	0.123911775252124	4.49734488915094	4.98307904813927
4.82576666237022	0.125812328340556	4.57917449882273	5.07235882591771
4.89858878191085	0.126521950961479	4.65060575802635	5.14657180579535
4.87791645283601	0.131066812501909	4.62102550033227	5.13480740533975
5.00232818309797	0.128259613994212	4.75093933966931	5.25371702652662
4.82337705634515	0.130184162066178	4.56821609869544	5.07853801399486
5.0041747637297	0.137316285648402	4.73503484385883	5.27331468360057
4.96315348210365	0.123772782193044	4.72055882900528	5.20574813520202
4.87129103868357	0.121545598641004	4.6330616653472	5.10952041201994
4.81394129477827	0.133840822242435	4.55161328318309	5.07626930637344
4.8881973159551	0.132140548439723	4.62920184101324	5.14719279089695
5.16121376005791	0.123655394632325	4.91884918657855	5.40357833353727
5.00520300394831	0.128045435328185	4.75423395070507	5.25617205719156
4.97700512908763	0.130682441109439	4.72086754451313	5.23314271366213
4.94728377248244	0.133469495785799	4.68568356074227	5.2088839842226
4.95548245295961	0.132569476609648	4.6956462788047	5.21531862711452
4.74902393813597	0.142177872744434	4.47035530755688	5.02769256871506
4.82112989887062	0.128821163005725	4.5686404193794	5.07361937836184
4.92368935399726	0.122024448989408	4.68452143397803	5.1628572740165
4.86842472973773	0.13250395460712	4.60871697870777	5.12813248076768
5.19591733783117	0.129211750226447	4.94266230738733	5.449172368275
5.08634626384881	0.128885570337868	4.83373054598659	5.33896198171103
4.72952901159082	0.125193421697166	4.48414990506438	4.97490811811727
4.94706520528549	0.140504719414162	4.67167595523374	5.22245445533725
5.09866720743648	0.118183702679454	4.86702715018475	5.33030726468821
4.734731945964	0.138844774010483	4.46259618890345	5.00686770302454
5.13264573170327	0.135539544376796	4.86698822472475	5.39830323868179
5.01356566934478	0.134102999527004	4.75072379027185	5.27640754841771
4.84019853039517	0.132661061256097	4.58018285033322	5.10021421045712
5.28067434444904	0.129331752834089	5.02718410889423	5.53416458000386
5.20199019526594	0.135309470932774	4.9367836322377	5.46719675829418
4.9251016877622	0.13205121470012	4.66628130694996	5.18392206857444
5.15295251310065	0.144770221701003	4.86920287856668	5.43670214763461
5.02997713896994	0.13552706782168	4.76434408603944	5.29561019190043
4.89529970266819	0.134264352938804	4.63214157090814	5.15845783442825
5.01372537381483	0.138438793718163	4.74238533812724	5.28506540950243
4.81974979875929	0.136324292499978	4.55255418545934	5.08694541205925
4.91415753045799	0.135572710630115	4.64843501762297	5.17988004329302
4.8832953939574	0.138346344331981	4.61213655906672	5.15445422884808
4.77967322907736	0.120303818485958	4.54387774484488	5.01546871330984
4.93161778754877	0.116483034772949	4.70331103939379	5.15992453570375
4.92512113659074	0.137848105024471	4.65493885074277	5.1953034224387
5.04094648374455	0.139047881978246	4.76841263506719	5.31348033242191
5.06237014554175	0.129922855488106	4.80772134878506	5.31701894229844
4.95841107391586	0.132650909842706	4.69841529062416	5.21840685720756
5.04401228109956	0.133009968459736	4.78331274291848	5.30471181928064
5.0659232370465	0.133365338079717	4.80452717441025	5.32731929968274
4.93470967659514	0.135174962477081	4.66976675014006	5.19965260305022
4.91590399265684	0.113405184812931	4.69362983042349	5.13817815489018
4.88173949534791	0.126132791382775	4.63451922423767	5.12895976645815
4.9910504988574	0.130423831387988	4.73541978933694	5.24668120837785
5.00828552891566	0.130139688792862	4.75321173888165	5.26335931894967
4.94411293276682	0.130349881318902	4.68862716538177	5.19959870015187
4.95709682870875	0.134375497906192	4.69372085281261	5.22047280460489
4.86920759418646	0.140853413086071	4.59313490453776	5.14528028383516
4.86904858491679	0.123667823739088	4.62665965038817	5.1114375194454
4.95731433287615	0.122999855272984	4.71623461654111	5.1983940492112
5.10804508402545	0.125260964420319	4.86253359376162	5.35355657428927
4.82582023553028	0.12352116518252	4.58371875177254	5.06792171928802
5.13775914000795	0.139155937977972	4.86501350157112	5.41050477844477
5.24376407540336	0.13021404677147	4.98854454373128	5.49898360707544
5.02040143496759	0.135017453974884	4.75576722517682	5.28503564475836
4.86957487499579	0.13460003720359	4.60575880207675	5.13339094791482
4.92970395857752	0.122771700020866	4.68907142653663	5.17033649061842
5.11803459181868	0.120288407555934	4.88226931300905	5.35379987062831
4.95131221249092	0.142282262382833	4.67243897822056	5.23018544676127
4.97596762277709	0.11852246250281	4.74366359627158	5.20827164928259
5.13053111085748	0.141992381320317	4.85222604346966	5.4088361782453
5.31351376687267	0.132707367086196	5.05340732738372	5.57362020636161
4.98925832621879	0.136797505631085	4.72113521518187	5.25738143725572
5.05793019697263	0.127992331733282	4.8070652267754	5.30879516716986
5.12979171729306	0.132576084246783	4.86994259216936	5.38964084241675
4.89508870039339	0.125703664016277	4.64870951892148	5.14146788186529
5.17814867171633	0.131662021577291	4.92009110942484	5.43620623400782
4.82242362287086	0.123464342638373	4.58043351129965	5.06441373444207
4.87744845872875	0.131496468963488	4.61971537956031	5.13518153789718
4.95647236814255	0.136536174912003	4.68886146531502	5.22408327097007
4.80679995865333	0.12659243352473	4.55867878894486	5.0549211283618
4.91008745786698	0.124110013582583	4.66683183124511	5.15334308448884
4.89438957878385	0.12993392364387	4.63971908844186	5.14906006912583
5.05318495267677	0.132295138742384	4.7938864807417	5.31248342461185
4.90464018522962	0.137839132740269	4.63447548505869	5.17480488540055
4.84893603862144	0.13586053836848	4.58264938341922	5.11522269382366
5.11836948216757	0.131771163292405	4.86009800211446	5.37664096222069
4.74396893426136	0.133915817892508	4.48149393119204	5.00644393733067
4.87275287406266	0.138343144650513	4.60160031054766	5.14390543757767
5.261936221328	0.12496692621077	5.01700104595489	5.50687139670111
4.96997764202177	0.138992252698326	4.69755282673305	5.24240245731049
4.96477310007786	0.137870854672723	4.69454622491933	5.2349999752364
4.93207305025029	0.135555257806675	4.66638474494921	5.19776135555137
5.00075968254616	0.125557339365668	4.75466729738946	5.24685206770287
5.07773882181172	0.14692134277751	4.7897729899678	5.36570465365565
5.19658566740245	0.139252706818757	4.92365036203769	5.46952097276721
5.10929122470644	0.127891850492357	4.85862319774142	5.35995925167146
5.04991568843702	0.124271456365392	4.80634363396085	5.29348774291319
4.97768502028548	0.149947621638855	4.68378768187333	5.27158235869764
5.04663356119676	0.133829842581105	4.78432706973779	5.30894005265573
5.03227086682505	0.130503516734126	4.77648397402617	5.28805775962394
5.23974983070377	0.116056946186509	5.01227821617821	5.46722144522932
4.95256125271061	0.139170513529528	4.67978704619273	5.22533545922848
5.15200813934309	0.145817899854125	4.86620505562901	5.43781122305718
4.87573114655269	0.124301508129215	4.63210019061943	5.11936210248595
5.06326515987403	0.125203298566704	4.81786669468329	5.30866362506477
5.02378738340327	0.140405365230616	4.74859286755126	5.29898189925528
5.1943807387312	0.132216339382856	4.9352367135408	5.4535247639216
4.90789728505482	0.135270598990665	4.64276691103312	5.17302765907653
4.98375872596544	0.12763523458319	4.73359366618238	5.23392378574849
4.7792790803179	0.135541914784456	4.51361692734036	5.04494123329543
5.1198003861262	0.125114431120755	4.87457610112952	5.36502467112288
5.02443078603499	0.143182377566968	4.74379332600373	5.30506824606625
4.87771295282692	0.133852284832953	4.61536247455433	5.14006343109951
4.99405562759091	0.14371735383972	4.71236961406506	5.27574164111676
5.02088866668794	0.131248818026349	4.7636409833563	5.27813635001958
4.82698087049018	0.139456730526063	4.5536456786591	5.10031606232126
5.08581401948383	0.124718275880492	4.84136619875807	5.3302618402096
4.96227574640925	0.129941297287819	4.70759080372513	5.21696068909338
5.18268853558524	0.144746872802536	4.89898466489227	5.46639240627821
5.14210318527113	0.129742275501672	4.88780832528785	5.3963980452544
4.9368778162477	0.130440074516833	4.6812152701947	5.19254036230069
5.15385508546368	0.123968654410199	4.91087652281969	5.39683364810767
5.04928262815075	0.12626684868269	4.80179960473268	5.29676565156882
4.70471052913461	0.124819563547619	4.46006418458128	4.94935687368794
4.96782808401191	0.133341520033822	4.70647870474562	5.2291774632782
4.78197323856067	0.141888197744058	4.50387237098232	5.06007410613903
5.00128898042601	0.128609357167385	4.74921464037793	5.25336332047408
4.80573549803024	0.136127551433054	4.53892549722145	5.07254549883902
5.10765078421865	0.129650075367494	4.85353663649836	5.36176493193894
4.77719109592673	0.132003688953296	4.51846386557827	5.03591832627519
4.98389742332054	0.1303226288039	4.7284650708649	5.23932977577619
4.75469734780824	0.122316700707843	4.51495661442087	4.99443808119562
5.1463752335256	0.129531499330402	4.89249349483801	5.40025697221319
5.07198400385422	0.122607741270986	4.83167283096309	5.31229517674535
5.26367429599241	0.144720335513793	4.98002243838537	5.54732615359944
5.0001701380162	0.143303941096895	4.71929441346628	5.28104586256611
5.0262574611737	0.133403128681707	4.76478732895756	5.28772759338985
5.08873153628286	0.123450826278626	4.84676791677675	5.33069515578896
5.05932184846309	0.13936129521367	4.7861737098443	5.33246998708188
5.01228309116771	0.132906553966791	4.7517862453928	5.27277993694262
5.038727596931	0.117039517447732	4.80933014273344	5.26812505112855
4.90926757869125	0.13424991254622	4.64613775010066	5.17239740728184
4.93439066280315	0.144766138083052	4.65064903216037	5.21813229344594
4.7873115071002	0.126818503805911	4.53874723964061	5.03587577455978
4.83411622774966	0.130406355337318	4.57851977128852	5.0897126842108
5.20810855304166	0.132575348455361	4.94826087006915	5.46795623601417
4.82428067090347	0.128573815281995	4.57227599295076	5.07628534885619
4.89921190948191	0.134866028603615	4.63487449341883	5.163549325545
5.09746201114455	0.122333942497097	4.85768748385024	5.33723653843886
4.8193890880438	0.137871078139108	4.54916177489115	5.08961640119645
5.09754179726185	0.13421387570319	4.83448260088359	5.3606009936401
5.19890173137954	0.154920692772445	4.89525717354555	5.50254628921354
4.85450095226246	0.134837469173386	4.59021951268262	5.11878239184229
4.86478799919862	0.130216519147772	4.60956362166899	5.12001237672825
4.95416107763532	0.140514473229881	4.67875271010476	5.22956944516589
4.76482553429796	0.137108355683048	4.49609315715919	5.03355791143674
5.02007797880167	0.126783833830984	4.77158166449295	5.2685742931104
5.02908975427125	0.137032326090154	4.76050639513455	5.29767311340795
4.95421425396855	0.110524712371293	4.73758581772081	5.17084269021628
4.93961721911075	0.126541982979913	4.69159493247012	5.18763950575138
5.00077968241315	0.132064791140483	4.7419326917778	5.25962667304849
5.04743131520083	0.123745672664183	4.80488979677903	5.28997283362262
5.34588551614207	0.166818346238824	5.01892155751398	5.67284947477016
5.23559308004619	0.134468894136235	4.97203404753917	5.49915211255321
5.08625970965029	0.122780838230676	4.84560926671817	5.32691015258242
4.95583015111755	0.133644083317463	4.69388774781532	5.21777255441977
4.99861399252185	0.131659130947539	4.74056209586468	5.25666588917903
4.8162696443756	0.122858916737181	4.57546616757073	5.05707312118048
5.06248648687024	0.129259407608061	4.80913804795844	5.31583492578204
5.13506157010738	0.152059014533241	4.83702590162223	5.43309723859253
5.03649696763861	0.139451976796743	4.763171093117	5.30982284216023
4.88655291139639	0.131588508695032	4.62863943435412	5.14446638843865
4.89267445856313	0.135160037830817	4.62776078441472	5.15758813271153
4.96773281957182	0.138131496003943	4.69699508740409	5.23847055173955
5.04511070307949	0.133207511498136	4.78402398054314	5.30619742561583
5.11863842764377	0.130250916158631	4.86334663197286	5.37393022331469
4.81101951828175	0.131528711698132	4.55322324335341	5.06881579321009
5.01483866476863	0.125872374927036	4.76812880991164	5.26154851962562
4.90480967909988	0.123384632561802	4.66297579927875	5.14664355892101
5.07449633063167	0.144646944516429	4.79098831937947	5.35800434188387
4.97479444465374	0.132990982028843	4.71413211987721	5.23545676943027
5.28257902402483	0.131462014498448	5.02491347560787	5.54024457244179
5.16879565560796	0.132979337651808	4.90815615381041	5.4294351574055
5.15067565803397	0.137819132280615	4.88055015876396	5.42080115730397
5.02754806996023	0.13369815423472	4.76549968766018	5.28959645226028
4.97947685958226	0.128410092036784	4.72779307919016	5.23116063997435
5.13864979901355	0.127986733820794	4.88779580072479	5.3895037973023
5.13296186285263	0.119231430428192	4.89926825921338	5.36665546649189
4.99924741247555	0.129791037460128	4.7448569790537	5.2536378458974
4.87713875485028	0.14431104775987	4.59428910124093	5.15998840845962
4.85450012113636	0.127361172607531	4.6048722228256	5.10412801944712
4.98628977854595	0.131937093537207	4.72769307521302	5.24488648187887
4.95713801123579	0.133696330783561	4.69509320290001	5.21918281957157
5.25589675692201	0.14692854805142	4.96791680274122	5.54387671110279
4.84476880251069	0.135305705447102	4.57956961983437	5.10996798518701
4.92068312240943	0.132911227429424	4.66017711664776	5.18118912817111
5.00006579457243	0.131042022463711	4.74322343054356	5.2569081586013
5.01298374531904	0.134665549031924	4.74903926921647	5.27692822142161
5.01122964873279	0.127916422894085	4.76051345986038	5.26194583760519
4.76695344314791	0.138644678376521	4.49520987352993	5.03869701276589
5.0577591504355	0.132392793471068	4.7982692752322	5.31724902563879
5.07139849734602	0.140350159646728	4.79631218443843	5.34648481025361
5.18533400015253	0.126094867402044	4.93818806004453	5.43247994026054
4.95048755098939	0.131200612490351	4.6933343505083	5.20764075147048
5.16781560507743	0.137978678662392	4.89737739489914	5.43825381525572
5.23236349208266	0.13716196123421	4.96352604806361	5.50120093610172
4.8498582731752	0.119483236495565	4.61567112964389	5.0840454167065
4.94638846332795	0.134540906753285	4.68268828609151	5.21008864056439
4.92305556102319	0.136989799387096	4.65455555422448	5.19155556782189
5.18991180964199	0.134214835304152	4.92685073244586	5.45297288683813
4.82447901883128	0.123885694960397	4.5816630567089	5.06729498095366
5.03453787473648	0.131759776341937	4.77628871310629	5.29278703636668
5.1049778376425	0.124333453263703	4.86128426924564	5.34867140603936
4.90152864486363	0.133105869212038	4.64064114120804	5.16241614851923
4.96798890578624	0.128798003518691	4.7155448188896	5.22043299268288
4.69767635562517	0.116737526108761	4.468870804452	4.92648190679834
4.76894143814851	0.124872447796778	4.52419144046683	5.0136914358302
4.89953006776221	0.142958805173122	4.61933080962289	5.17972932590153
4.84865696036216	0.134987589845408	4.58408128426516	5.11323263645916
5.01576441835326	0.129958972759429	4.76104483174478	5.27048400496174
4.88196127054175	0.133743198795296	4.61982460090297	5.14409794018053
5.02054184048178	0.124186604807479	4.77713609505912	5.26394758590444
4.88670654014234	0.136030112419062	4.62008751980098	5.1533255604837
5.1127813855238	0.13756736737582	4.84314934546719	5.38241342558041
4.83779463687735	0.127166340103561	4.58854861027437	5.08704066348033
5.20805305285792	0.123881774867632	4.96524477411736	5.45086133159848
4.95278213504779	0.133905476449836	4.69032740120611	5.21523686888947
5.03874589540023	0.144526941273483	4.75547309050421	5.32201870029626
4.86393254466719	0.119474489776296	4.62976254470565	5.09810254462873
5.06006267200206	0.137433040262712	4.79069391308714	5.32943143091697
5.10866157096528	0.151747928638405	4.81123563083401	5.40608751109655
5.01180165724563	0.143829188040545	4.72989644868616	5.2937068658051
5.01042930642759	0.13611704712113	4.74363989407017	5.277218718785
4.90744281987267	0.139044987320194	4.63491464472509	5.17997099502025
4.87546118609459	0.122961027878014	4.63445757145368	5.11646480073549
5.06853743636153	0.142635472952303	4.78897190937502	5.34810296334805
5.03033417311937	0.12651128920738	4.78237204627291	5.27829629996584
5.03043709314578	0.136022222662747	4.7638335367268	5.29704064956477
5.04438506111288	0.126756085810069	4.79594313292514	5.29282698930061
4.8477271879636	0.135900485941976	4.58136223551733	5.11409214040987
4.82701753347074	0.131922162822234	4.56845009433917	5.08558497260232
5.05669194594636	0.132799541744208	4.79640484412772	5.31697904776501
5.15403359779333	0.134595039979248	4.890227319434	5.41783987615265
5.06890798029621	0.131419527653112	4.81132570609611	5.3264902544963
5.33090225448687	0.132425780812811	5.07134772409376	5.59045678487998
4.86493656402694	0.118617502640863	4.63244625885085	5.09742686920303
4.75576470417483	0.119856936307994	4.52084510901116	4.99068429933849
4.82153940504699	0.132577830813634	4.56168685665227	5.08139195344171
4.9953641205566	0.127267024757333	4.74592075203222	5.24480748908097
5.04985831144916	0.134650635563967	4.78594306574378	5.31377355715453
5.0213166908424	0.122392820685503	4.78142676229881	5.26120661938598
5.15820522846569	0.135532640767118	4.89256125256214	5.42384920436924
4.96990330752945	0.134167358392316	4.70693528508051	5.23287132997839
4.76975340231347	0.128507910489462	4.51787789775413	5.02162890687282
5.09199956962461	0.133841442004061	4.82967034329665	5.35432879595257
5.0654193580819	0.133068993549737	4.80460413072441	5.32623458543938
5.01708472373025	0.128228506405516	4.76575685117544	5.26841259628506
4.86886532605645	0.140084138588118	4.59430041442374	5.14343023768916
5.10667820600977	0.123734678116629	4.86415823690117	5.34919817511836
4.99170196761313	0.14013665572872	4.71703412238484	5.26636981284142
4.8459512982244	0.145931250682803	4.55992604688611	5.1319765495627
5.20727541005564	0.13409231455866	4.94445447352066	5.47009634659061
5.02477891782057	0.138831626742091	4.75266892940607	5.29688890623507
4.94076397991846	0.131731624676313	4.68256999555289	5.19895796428403
4.9634311494991	0.130452374390347	4.70774449569402	5.21911780330418
5.14738108656844	0.136154790031233	4.88051769810722	5.41424447502965
5.06413558604031	0.128194295136736	4.81287476757231	5.31539640450831
4.85988501668417	0.126830059783001	4.61129809950948	5.10847193385885
4.98369374420881	0.137731218688337	4.71374055557967	5.25364693283795
5.01053032677644	0.136353226301894	4.74327800322473	5.27778265032815
5.01055985294512	0.134790164185603	4.74637113114134	5.2747485747489
5.20295151324285	0.152999763864804	4.90307197606784	5.50283105041787
5.08086598529517	0.125118798834545	4.83563313957946	5.32609883101087
4.99703051048982	0.126388574339661	4.74930890478408	5.24475211619555
4.74379144903398	0.145727146777854	4.45816624134939	5.02941665671858
4.9450216135455	0.130138679416828	4.68994980188852	5.20009342520248
4.82291010303604	0.127616092718601	4.57278256130758	5.0730376447645
5.00051712001144	0.142234135240211	4.72173821494063	5.27929602508226
5.1397952099009	0.134855578797863	4.87547827545709	5.40411214434471
4.85492881980357	0.128517321038874	4.60303487056738	5.10682276903976
5.34339673832484	0.12702306084885	5.09443153906109	5.59236193758858
4.82281071525531	0.136003965433229	4.55624294300618	5.08937848750444
5.04820870509219	0.137493226879093	4.77872198040917	5.31769542977521
5.06946740729127	0.136462841680578	4.80200023759734	5.3369345769852
5.09308726647889	0.140695344949906	4.81732439037708	5.36885014258071
5.05295784348015	0.12913995724234	4.79984352728516	5.30607215967513
5.1898352826557	0.125050224354577	4.94473684292072	5.43493372239067
5.26986815039247	0.142070376000835	4.99141021343083	5.5483260873541
4.78861676714934	0.138068474585005	4.51800255696272	5.05923097733595
4.72889984404742	0.123863555978331	4.4861272743299	4.97167241376495
4.87500622016855	0.133909230549762	4.61254412829101	5.13746831204608
5.0500522661441	0.131143667658701	4.79301067753304	5.30709385475515
4.93310538532673	0.130538124218125	4.6772506618592	5.18896010879425
5.35732644748507	0.140126227506456	5.08267904157242	5.63197385339773
5.07349803854216	0.148488607274046	4.78246036828502	5.36453570879929
5.21134396817309	0.145904429888029	4.92537128559256	5.49731665075363
5.00570194623393	0.127811394163345	4.75519161367378	5.25621227879409
5.01821081167561	0.134318164678284	4.75494720890618	5.28147441444505
5.23647675639746	0.123673392204931	4.9940769076758	5.47887660511912
4.97479714554039	0.139416349679307	4.70154110016895	5.24805319091183
5.06681709972266	0.132865750528302	4.80640022868719	5.32723397075813
4.78443201903749	0.141178351090761	4.5077224508996	5.06114158717538
4.9697464747298	0.130896143335046	4.71319003379311	5.22630291566649
5.16868711959827	0.124709597826918	4.92425630785751	5.41311793133903
4.92641066128425	0.132159614026777	4.66737781779177	5.18544350477673
4.85744746055287	0.134164085766304	4.59448585245092	5.12040906865483
5.22973034342626	0.140025902249401	4.95527957501744	5.50418111183509
4.82525986363859	0.135734496024207	4.55922025143115	5.09129947584604
4.99660269407686	0.123268847579657	4.75499575282074	5.23820963533299
5.25256259216175	0.147001771672005	4.96443911968462	5.54068606463888
5.12425272041279	0.129980088895971	4.86949174617669	5.37901369464889
4.94471649343987	0.14093777349908	4.66847845738167	5.22095452949807
4.92671186713439	0.129053143579387	4.67376770571879	5.17965602854999
5.13283222365132	0.127286337043055	4.88335100304694	5.38231344425571
5.11112472449004	0.12581882631224	4.86451982491805	5.35772962406203
5.13239315096482	0.1320584830432	4.87355852420015	5.3912277777295
5.01969148433896	0.124662608483725	4.77535277171086	5.26403019696706
4.91143054349209	0.127587639632686	4.66135876981203	5.16150231717216
4.75002816325958	0.14531471398631	4.46521132384641	5.03484500267275
4.95919086923863	0.122119632067309	4.7198363903867	5.19854534809055
4.88072811340155	0.125569457488831	4.63461197672344	5.12684425007966
4.796242027965	0.124052793240091	4.55309855321442	5.03938550271558
4.98813615697595	0.137491029790591	4.71865373858639	5.25761857536551
4.85590668574534	0.124239353364519	4.61239755315088	5.09941581833979
5.02710395132075	0.133170630181644	4.76608951616473	5.28811838647677
5.05060997404422	0.148903203382495	4.75875969541453	5.34246025267391
5.1202711241881	0.131317735992589	4.86288836164262	5.37765388673357
5.34161762204662	0.135273628323161	5.07648131053322	5.60675393356002
5.16016275391314	0.135780028878006	4.89403389731225	5.42629161051403
4.90151406094531	0.126721586286437	4.65313975182389	5.14988837006673
4.94883422620975	0.134205626586116	4.68579119810096	5.21187725431854
5.24545529943299	0.12266001149051	5.00504167691159	5.48586892195439
5.05195193420166	0.122420676244116	4.81200740876319	5.29189645964012
4.65887791728657	0.132165659980394	4.399833223725	4.91792261084814
4.97208248369184	0.139531014118553	4.69860169601948	5.24556327136421
4.94622032777705	0.128536183229487	4.69428940864726	5.19815124690685
5.03421166449384	0.126730869371025	4.78581916052664	5.28260416846105
4.98056909524531	0.133809356882479	4.71830275575565	5.24283543473496
4.87128802996578	0.130372068578602	4.61575877555172	5.12681728437984
4.91219053496981	0.130396666279458	4.65661306906207	5.16776800087755
4.74580486038536	0.140575705120645	4.47027647834889	5.02133324242182
5.12637521792581	0.135474933101512	4.86084434904685	5.39190608680477
4.89526545025351	0.14344832741345	4.61410672852315	5.17642417198388
4.99073658226459	0.12971584500984	4.7364935260453	5.24497963848387
4.95985289684103	0.122392047607801	4.71996448352974	5.19974131015232
5.02765872773052	0.128936232470622	4.7749437120881	5.28037374337293
5.00189726887279	0.128979541207468	4.74909736810616	5.25469716963943
5.21952283883148	0.13740538705744	4.9502082801989	5.48883739746406
4.93799272502044	0.139641420351287	4.66429554113192	5.21168990890896
5.06504753376259	0.128052971432102	4.81406370975567	5.31603135776951
4.88482985699818	0.124833674636914	4.64015585470983	5.12950385928653
4.90447405833915	0.139032382133788	4.63197058935692	5.17697752732137
5.03045721853388	0.132387227296632	4.77097825303248	5.28993618403528
5.14447341475093	0.127107348072559	4.89534301252872	5.39360381697314
5.04662135216741	0.135587039226115	4.78087075528422	5.31237194905059
5.02798401411905	0.148960790833918	4.73602086408457	5.31994716415353
4.92637307085642	0.118986571055777	4.6931593915871	5.15958675012574
4.95754811630951	0.131187559640318	4.70042049941449	5.21467573320454
4.90587631911001	0.13406826378113	4.643102522099	5.16865011612103
5.07905331705368	0.12148024737414	4.84095203220037	5.317154601907
4.89905485108392	0.131682441591703	4.64095726556418	5.15715243660366
5.25612591256887	0.121638461517716	5.01771452799415	5.4945372971436
4.98144166542889	0.122385920666534	4.74156526092248	5.2213180699353
5.07836179901395	0.137650883759457	4.80856606684541	5.34815753118249
5.28791125384146	0.120964940359897	5.05081997073606	5.52500253694686
5.07268014216138	0.133509217356332	4.81100207614297	5.33435820817979
4.92801496474968	0.140601922612299	4.65243519642957	5.20359473306978
4.88523060838477	0.156876563832306	4.57775254327345	5.19270867349609
5.3834280768327	0.124658800983354	5.13909682690533	5.62775932676008
5.05332086012644	0.137966294444725	4.78290692301478	5.3237347972381
4.90857444215062	0.1311762504923	4.65146899118571	5.16567989311553
5.21746579899008	0.151707279878684	4.92011953042786	5.5148120675523
5.05244555231087	0.137919879436202	4.78212258861591	5.32276851600583
4.95310864499691	0.132644586987009	4.69312525450238	5.21309203549145
4.90055503255928	0.134839650161995	4.63626931824177	5.16484074687679
4.86039414664802	0.149521293137779	4.56733241209797	5.15345588119807
4.83677169323087	0.151217816410403	4.54038477306648	5.13315861339526
4.90541638206201	0.148137662315109	4.61506656392439	5.19576620019962
5.00677818292786	0.130987693358842	4.75004230394453	5.26351406191119
4.85825346933807	0.135294625356779	4.59307600363878	5.12343093503736
4.92788755869982	0.144864635145881	4.64395287381389	5.21182224358575
5.01484006539986	0.146071114567159	4.72854068084823	5.30113944995149
4.96540111494944	0.132790389152614	4.70513195221032	5.22567027768856
4.83991968642757	0.133738674438817	4.57779188452748	5.10204748832765
4.86998012473203	0.126621960209512	4.62180108272138	5.11815916674267
5.02155736095998	0.13418792323237	4.75854903142453	5.28456569049542
4.98026637642726	0.13665943520872	4.71241388341816	5.24811886943635
4.74529925930767	0.129801785268897	4.49088776018063	4.9997107584347
4.8203617180489	0.134116512532691	4.55749335348483	5.08323008261298
5.0597276143459	0.127191043700475	4.81043316869297	5.30902205999883
5.2132339315577	0.13310733164412	4.95234356153522	5.47412430158017
5.05355166924233	0.133119383180707	4.79263767820814	5.31446566027651
5.13124114735155	0.132092770501244	4.87233931716911	5.39014297753399
5.13781466132997	0.129000875916241	4.88497294453414	5.3906563781258
4.87492799023541	0.125027744618476	4.6298736107832	5.11998236968763
5.13464141165056	0.133410218273316	4.87315738383486	5.39612543946626
4.76721316494497	0.126392071423327	4.51948470495525	5.01494162493469
4.81373267105345	0.128889218174819	4.5611098034308	5.06635553867609
4.75298987105743	0.121807705775663	4.51424676773713	4.99173297437773
4.96443364162797	0.137134959928807	4.69564912016751	5.23321816308843
5.07883542049932	0.133056118207084	4.81804542881344	5.33962541218521
4.66185875359225	0.141005701126005	4.38548757938528	4.93822992779922
4.99530356157521	0.12758676976098	4.74523349284369	5.24537363030673
5.136230807985	0.133657305314346	4.87426248956889	5.39819912640112
5.1924410584483	0.124421962167137	4.94857401260071	5.43630810429589
4.89157603909325	0.134485138373666	4.62798516788087	5.15516691030564
4.9646434651853	0.121438790071096	4.72662343664595	5.20266349372465
5.18177607022442	0.13839704842323	4.91051785531489	5.45303428513395
5.01088395937678	0.14042884832839	4.73564341665313	5.28612450210042
5.11195959390099	0.127405449092486	4.86224491367972	5.36167427412227
4.90817096522671	0.138283051793646	4.63713618371116	5.17920574674226
5.22854704424824	0.129840324545877	4.97406000813832	5.48303408035816
5.0151632821761	0.138820542648298	4.74307501858543	5.28725154576676
5.00520617142347	0.127598168413464	4.75511376133308	5.25529858151386
4.81831609599384	0.137655712265986	4.5485108999525	5.08812129203517
4.64426504234491	0.138890448983808	4.37203976233665	4.91649032235318
5.07022483430227	0.13503319913783	4.80555976399212	5.33488990461242
4.87607811780104	0.127991981604961	4.62521383385532	5.12694240174677
4.99134778851841	0.134950389320703	4.72684502544983	5.25585055158698
5.1413598209988	0.135991834493919	4.87481582539072	5.40790381660689
5.04520543234158	0.133867583258377	4.78282496915517	5.307585895528
5.12215347455938	0.134116748019715	4.85928464844074	5.38502230067802
5.12404649109957	0.128326217499259	4.87252710480102	5.37556587739812
5.10495721167347	0.139918701974094	4.83071655580425	5.3791978675427
5.0346538119642	0.141593253036016	4.75713103601361	5.31217658791479
4.95616175640418	0.146477905058651	4.66906506248922	5.24325845031913
4.93844939734404	0.13010736405628	4.68343896379374	5.19345983089435
5.1126415068332	0.144913730843524	4.82861059437989	5.39667241928651
5.07774578504221	0.12990808633955	4.82312593581669	5.33236563426773
5.01384043357412	0.136200205567414	4.74688803066199	5.28079283648625
5.105212961795	0.139379678790582	4.83202879136546	5.37839713222454
5.02376555886119	0.128901781008561	4.77111806808441	5.27641304963797
5.06501059416894	0.130886802189028	4.80847246187845	5.32154872645944
4.9848265437597	0.127693641960526	4.73454700551707	5.23510608200233
5.27312480751204	0.139506201837111	4.9996926519113	5.54655696311277
4.94222975380747	0.133483389025832	4.68060231131683	5.2038571962981
5.07608133113368	0.136930206070008	4.80769812723646	5.34446453503089
5.10695466995585	0.124938996071797	4.86207423765512	5.35183510225657
5.03781254386877	0.124931797888176	4.79294622000794	5.2826788677296
5.01366559780051	0.13050416373724	4.75787743687552	5.2694537587255
5.05255959195274	0.127920383784036	4.80183563973603	5.30328354416945
4.94262634767246	0.140552356569366	4.6671437287965	5.21810896654841
4.92908727572805	0.130274100879653	4.67375003800393	5.18442451345217
5.16603353339313	0.134017367001508	4.90335949407017	5.42870757271608
4.9330325441893	0.128398499919162	4.68137148434775	5.18469360403086
4.82919336404906	0.137616978305115	4.55946408657103	5.09892264152709
4.9395951462478	0.15863101621319	4.62867835446995	5.25051193802565
4.82859905005907	0.143010028708024	4.54829939379134	5.1088987063268
4.80092260672411	0.127023398756067	4.55195674516222	5.049888468286
5.04768516956789	0.130080856462979	4.79272669090045	5.30264364823533
5.10464458472815	0.138031542640839	4.8341027611521	5.37518640830419
5.21650112252856	0.143322036668512	4.93558993065828	5.49741231439885
4.89303928956513	0.134519467118897	4.62938113401209	5.15669744511817
4.8823214409066	0.127176280391445	4.63305593133937	5.13158695047383
5.06107534375264	0.140036175691802	4.78660443939671	5.33554624810857
5.17855223392627	0.125540450838416	4.93249295028297	5.42461151756956
4.94861762807308	0.13864230614949	4.67687870802008	5.22035654812608
4.94663588207058	0.129531169722131	4.6927547894152	5.20051697472596
5.05049304530779	0.129200051340495	4.79726094468042	5.30372514593516
4.78210650546964	0.122724608097258	4.54156627359901	5.02264673734027
5.0400309135824	0.138598249202479	4.76837834514555	5.31168348201926
4.99633629309617	0.131227600521168	4.73913019607468	5.25354239011766
5.22654087327303	0.138391431375716	4.95529366777663	5.49778807876943
5.02834095756854	0.127496236736645	4.77844833356472	5.27823358157237
4.93361565786304	0.126489337068112	4.68569655720954	5.18153475851654
5.22662544660368	0.128662172776171	4.97444758796238	5.47880330524497
4.96359478789863	0.142032956650699	4.68521019286326	5.241979382934
5.11374392940501	0.138145666663546	4.84297842274446	5.38450943606556
4.89111540963745	0.135525122869961	4.62548616881233	5.15674465046258
4.97386917201738	0.125963939722638	4.72697985016101	5.22075849387375
5.05337325587268	0.130123615832195	4.79833096884158	5.30841554290378
4.99281530838236	0.130653931154848	4.73673360331885	5.24889701344586
5.06219081506386	0.12431624007264	4.81853098452148	5.30585064560623
5.00595898297815	0.143687608634093	4.72433127005533	5.28758669590098
5.02184776167151	0.139318611593995	4.74878328294728	5.29491224039574
5.04042951946948	0.12934037689371	4.78692238075781	5.29393665818116
5.06795355756504	0.117983466584888	4.83670596305866	5.29920115207142
4.81963629026547	0.126594204491486	4.57151164946216	5.06776093106879
4.97176726947299	0.139221295565383	4.69889353016484	5.24464100878114
5.08743959113863	0.130235967310522	4.83217709521001	5.34270208706725
5.14301576403289	0.131508190682581	4.88525971029503	5.40077181777075
4.89151681729944	0.130631952571964	4.63547819025839	5.14755544434049
5.13481187862342	0.127120827058677	4.88565505758842	5.38396869965843
4.8233460200632	0.139455927871405	4.55001240143524	5.09667963869115
5.12786233336358	0.13722234656325	4.85890653409961	5.39681813262755
4.94560324939709	0.13603905920775	4.6789666933499	5.21223980544428
4.92275497544531	0.126685676149385	4.67445105019251	5.1710589006981
5.11105545519519	0.133877686039896	4.848655190557	5.37345571983339
5.13028889499244	0.136914726577816	4.86193603089992	5.39864175908495
4.94407414775424	0.12647494620876	4.69618325318507	5.1919650423234
5.12665738938923	0.11754653019554	4.89626619020597	5.35704858857248
5.04734657868752	0.129213712346496	4.79408770248839	5.30060545488665
4.80317515256362	0.12754497224484	4.55318700696374	5.05316329816351
5.04090194632119	0.136564035315943	4.77323643710194	5.30856745554044
5.13501537801169	0.148169105300655	4.8446039316224	5.42542682440097
5.25896210124793	0.130280866309444	5.00361160328141	5.51431259921444
5.24389476063122	0.134253160981065	4.98075856510833	5.50703095615411
5.07866476696203	0.126420882515623	4.83087983723141	5.32644969669265
5.08852561116462	0.124863258005332	4.84379362547417	5.33325759685507
4.90006832438502	0.141238244359509	4.62324136544038	5.17689528332965
4.84767766994046	0.124587057373969	4.60348703748748	5.09186830239344
5.0515622825864	0.13025316471079	4.79626607975325	5.30685848541955
4.94006337469445	0.124617366944133	4.69581333548395	5.18431341390495
4.87153426989804	0.12742488953502	4.6217814864094	5.12128705338668
5.06863862050935	0.126198858264412	4.8212888583111	5.3159883827076
5.14390281206295	0.12892234106785	4.89121502356997	5.39659060055594
4.84522416537669	0.128914231917502	4.59255227081838	5.09789605993499
5.01203443151781	0.131650749632362	4.75399896223838	5.27006990079724
5.15244663214886	0.136065462944418	4.8857583247778	5.41913493951992
5.16966923562262	0.127167915584607	4.92042012107679	5.41891835016845
4.97522242332206	0.123203850260552	4.73374287681138	5.21670196983274
5.16806676409728	0.13453798163481	4.90437232009305	5.43176120810151
5.14835727101069	0.132078113780513	4.88948416800088	5.40723037402049
4.833888434742	0.130206184266698	4.57868431357927	5.08909255590473
5.02970659705262	0.13635307326079	4.76245457346147	5.29695862064377
4.8312739383307	0.136224379763852	4.56427415399355	5.09827372266785
5.04208917553102	0.140253446778534	4.76719241984509	5.31698593121694
5.02179163528647	0.121532551247504	4.78358783484136	5.25999543573157
4.63373657664361	0.140882692970692	4.35760649842105	4.90986665486616
4.99487104246821	0.130547750957157	4.73899745059218	5.25074463434424
5.03462053354598	0.13705878872598	4.76598530764306	5.3032557594489
4.9520023835055	0.131124973622496	4.69499743520541	5.20900733180559
5.16076429670223	0.131819240518981	4.90239858528503	5.41913000811943
5.02909423096931	0.13154326845086	4.77126942480563	5.286919037133
5.05627674883578	0.127173518777821	4.80701665203126	5.30553684564031
5.10633937093075	0.129524372356726	4.85247160111157	5.36020714074994
4.97435650248021	0.134390924222499	4.71095029100412	5.23776271395631
5.05573029884215	0.125836044969067	4.80909165070278	5.30236894698152
4.95272699446048	0.137243609735958	4.683729519378	5.22172446954296
5.22866892567238	0.129775570658548	4.97430880718162	5.48302904416313
4.9006306162113	0.141389282334469	4.62350762283574	5.17775360958686
5.05672753507483	0.129000669978871	4.80388622191624	5.30956884823342
5.23980435161757	0.129265218484889	4.98644452338719	5.49316417984795
5.17900687367839	0.138633454164518	4.90728530351593	5.45072844384084
5.28622052094402	0.121801458468797	5.04748966234518	5.52495137954287
4.78196783537033	0.120186593817757	4.54640211148753	5.01753355925314
5.17481674308033	0.140780765033853	4.89888644361398	5.45074704254669
5.07448460188447	0.130763772747186	4.81818760729999	5.33078159646896
5.11954192890166	0.131501276968628	4.86179942604315	5.37728443176017
4.82551194321367	0.134177501749942	4.56252403978379	5.08849984664356
4.85719656020505	0.135774061060469	4.59107940052653	5.12331371988356
5.08126045602478	0.117098059030705	4.8517482603246	5.31077265172496
4.83933160915779	0.129043071807259	4.58640718841556	5.09225602990002
5.02367868200563	0.132559939542102	4.76386120050311	5.28349616350815
5.18816409741733	0.13215452078968	4.92914123666956	5.4471869581651
4.86298642029537	0.131139344746868	4.60595330459151	5.12001953599923
4.90695021167537	0.131603385650164	4.64900757580105	5.16489284754969
4.79150173513841	0.138798364552269	4.51945694061596	5.06354652966085
5.01077967332226	0.128003480835757	4.75989285088418	5.26166649576034
5.19682782448408	0.132713762112526	4.93670885074353	5.45694679822463
4.77977285445669	0.167289409417929	4.45188561199755	5.10766009691583
4.74450999576817	0.13732944855152	4.47534427660719	5.01367571492915
4.89485423882685	0.124050975870398	4.65171432612087	5.13799415153283
5.14345340074312	0.121308888758836	4.90568797877581	5.38121882271044
5.08542145716445	0.126011783032718	4.83843836242032	5.33240455190858
4.885602554248	0.136314915927831	4.61842531902946	5.15277978946655
4.82668743597985	0.134264886540152	4.56352825836115	5.08984661359855
4.78813994528939	0.130815332020595	4.53174189452903	5.04453799604976
5.05401078970763	0.140446831278408	4.77873500040195	5.32928657901331
5.04802168795382	0.140748339083499	4.77215494335016	5.32388843255748
4.85552486315546	0.129987184950662	4.60074998065216	5.11029974565876
4.84313451782947	0.112657728527813	4.62232536991496	5.06394366574399
4.90373535185497	0.127490891024011	4.65385320544791	5.15361749826203
4.92292106158753	0.126695645601437	4.67459759620871	5.17124452696634
4.86920258391803	0.122394598879532	4.62930917011415	5.10909599772191
4.83315662012368	0.119115856621922	4.59968954114471	5.06662369910264
4.94368248535809	0.126583238926573	4.69557933706201	5.19178563365418
4.84715306216167	0.135515388426262	4.5815429008462	5.11276322347715
4.99770273233221	0.140897291341953	4.72154404130198	5.27386142336244
4.99753966582015	0.115396987474764	4.77136157036961	5.22371776127069
4.8593176872715	0.139231995418817	4.58642297625062	5.13221239829238
5.21086117148469	0.136889019617162	4.94255869303505	5.47916364993433
4.93166460981292	0.13421894326316	4.66859548101713	5.19473373860872
4.910105696923	0.129544505801607	4.65619846555185	5.16401292829415
4.80898282405185	0.137532860000714	4.53941841845046	5.07854722965325
4.93796268823357	0.125796989924333	4.69140058798188	5.18452478848526
5.00158751353532	0.125741075464713	4.75513500562448	5.24804002144616
5.04079299572205	0.127294335550493	4.79129609804308	5.29028989340101
5.06683765805441	0.120500665833675	4.83065635302041	5.30301896308842
5.10958500023301	0.142733087790034	4.82982814816454	5.38934185230147
5.06627245577125	0.132954395466176	4.80568184065754	5.32686307088495
4.90653058264126	0.130435400413755	4.6508771978303	5.16218396745222
5.13854311206878	0.119876628752042	4.90358491971477	5.37350130442278
5.13975269859437	0.132218584759374	4.880604272466	5.39890112472275
5.28126420553125	0.126977505394183	5.03238829495865	5.53014011610385
4.86602200092195	0.128952524438826	4.61327505302185	5.11876894882205
4.89735548769766	0.133467555022065	4.63575907985441	5.15895189554091
5.05938881153595	0.122599121696384	4.81909453301104	5.29968309006086
4.8775847419832	0.138479154429399	4.60616559930158	5.14900388466482
5.13185984977232	0.128988413909584	4.87904255850953	5.3846771410351
4.907793479884	0.125569733128587	4.66167680295197	5.15391015681603
5.30350355429559	0.135473638682758	5.03797522247738	5.56903188611379
4.88546726790697	0.125925245151017	4.63865378741098	5.13228074840297
4.91471538481192	0.129152552724699	4.66157638147151	5.16785438815233
5.0859966940977	0.140852114516907	4.80992654964456	5.36206683855083
4.84214601787047	0.142146422253516	4.56353903025358	5.12075300548736
5.10706709902239	0.130849031913554	4.85060299647182	5.36353120157296
4.94856667948267	0.128357550485414	4.69698588053126	5.20014747843408
5.00639167322321	0.142609445964825	4.72687715913216	5.28590618731427
4.95630209532816	0.129387176868066	4.70270322866675	5.20990096198957
4.71023767316424	0.136911533887801	4.44189106674415	4.97858427958433
4.88239785392504	0.117675638292518	4.65175360287171	5.11304210497838
4.88260198510803	0.12464852074008	4.63829088445747	5.12691308575859
5.0139184867025	0.137640539443027	4.74414302939417	5.28369394401083
4.78213373960143	0.147093217298717	4.49383103369594	5.07043644550691
4.81405134216911	0.134024111560265	4.55136408351099	5.07673860082723
4.847773529391	0.139046978473434	4.57524145158307	5.12030560719893
4.85897957190633	0.128240038876013	4.60762909570935	5.11033004810332
5.18897787537332	0.120757739548471	4.95229270585832	5.42566304488833
5.10480162114562	0.124640185784139	4.86050685700871	5.34909638528254
5.00573283194438	0.138480105959293	4.73431182426416	5.27715383962459
5.01293317107605	0.136663082776858	4.74507352883341	5.28079281331869
4.92196613336917	0.139436916462859	4.64866977710197	5.19526248963638
4.81728882023259	0.123027610249643	4.57615470414329	5.05842293632189
4.86006669863253	0.122968202587314	4.6190490215614	5.10108437570366
5.06924546650935	0.130836675102833	4.8128055833078	5.3256853497109
4.99672420102949	0.132466790179309	4.73708929227805	5.25635910978094
5.38559996474386	0.135569396576728	5.11988394745347	5.65131598203425
5.04672408183528	0.128673569306728	4.79452388599409	5.29892427767646
4.9531340570883	0.130677531785229	4.69700609478925	5.20926201938735
4.94184830916953	0.127581921881786	4.69178774228123	5.19190887605783
4.74222568478759	0.124511688769561	4.49818277479925	4.98626859477593
4.87827102323308	0.133757284776636	4.61610674507088	5.14043530139529
4.92880711718304	0.138531849692995	4.65728469178477	5.20032954258131
4.84335350553308	0.12880900302543	4.59088785960324	5.09581915146292
4.79157152986298	0.126913690938005	4.54282069562448	5.04032236410147
5.04565996720113	0.13720397730385	4.77674017168558	5.31457976271668
5.24093281863223	0.122515692092238	5.00080206213145	5.48106357513302
5.01103160324963	0.133342999755238	4.74967932372937	5.2723838827699
4.97730726818469	0.136822065152929	4.70913602048495	5.24547851588443
4.92329762465821	0.131399575862999	4.66575445596673	5.18084079334968
5.08489003825391	0.138464700103738	4.81349922605058	5.35628085045723
4.83706205085449	0.127478066882391	4.587205039765	5.08691906194398
5.09658136530514	0.125999921196503	4.84962151976	5.34354121085029
4.90833894839591	0.131275615670805	4.65103874168113	5.16563915511069
5.00256653265123	0.141773437799412	4.72469059456439	5.28044247073808
4.8327008065636	0.141127212126888	4.5560914707949	5.1093101423323
4.75309731624808	0.121085101215635	4.51577051786544	4.99042411463073
5.30161602903095	0.141194731306527	5.02487435567016	5.57835770239175
4.94529087724311	0.135397676944097	4.67991143043268	5.21067032405354
5.27040784801158	0.135765092746467	5.0043082662285	5.53650742979465
5.20852092089046	0.132448005243678	4.94892283061285	5.46811901116807
5.27519192631253	0.132569491926928	5.01535572213575	5.53502813048931
4.7490917651806	0.138207461675036	4.47820514029752	5.01997839006367
5.20013805629352	0.12669401734092	4.95181778230532	5.44845833028173
4.7525441398806	0.139451721526449	4.47921876568876	5.02586951407244
4.96286833643912	0.133392062579581	4.70141989378314	5.2243167790951
5.09646293006499	0.135905200559831	4.83008873696772	5.36283712316226
5.12361358531986	0.125321584006817	4.8779832806665	5.36924388997322
5.14057792451375	0.117294677646079	4.91068035632744	5.37047549270007
4.77305660265599	0.145423224982538	4.48802708169021	5.05808612362176
4.89127109095293	0.137610978578817	4.62155357293845	5.16098860896741
5.33167146713818	0.138026720997992	5.06113909398211	5.60220384029424
4.98084006563976	0.134233146330858	4.71774309883128	5.24393703244824
4.99800966920876	0.13371944869684	4.73591954976295	5.26009978865457
5.02578962711522	0.142850431752835	4.74580278087966	5.30577647335078
4.77842230894686	0.141835419156021	4.50042488740106	5.05641973049266
5.18394486225172	0.125050709765407	4.93884547111153	5.42904425339192
4.84392125449473	0.125744517386694	4.59746200041681	5.09038050857265
5.02262607934418	0.141665897017713	4.74496092118946	5.3002912374989
5.03312412165981	0.138633276356547	4.76140290000098	5.30484534331864
4.96718195137886	0.121331547647101	4.72937211799054	5.20499178476718
5.10299279381275	0.133566139089845	4.84120316119665	5.36478242642884
5.12965197761573	0.130124010021254	4.87460891797407	5.38469503725738
4.94225667378937	0.134024256605854	4.6795691308419	5.20494421673685
5.07546697710715	0.125214831572026	4.83004590722598	5.32088804698832
4.89331555845775	0.144131050721496	4.61081869904362	5.17581241787188
4.99899161722018	0.148800583957579	4.70734247266332	5.29064076177703
5.02027453261969	0.138559857574238	4.74869721177419	5.2918518534652
4.98042138457158	0.125788189705456	4.73387653274889	5.22696623639427
4.94331965445738	0.139908266657291	4.66909945180909	5.21753985710567
4.91402623603731	0.134832993468952	4.64975356883816	5.17829890323645
5.14356896364994	0.132001722624785	4.88484558730536	5.40229233999451
5.02407267867031	0.130182401950456	4.76891517084742	5.27923018649321
4.85521773527802	0.134663742543043	4.59127679989366	5.11915867066239
5.08599810844393	0.123135493463355	4.84465254125576	5.32734367563211
5.04138260789514	0.141485846043641	4.7640703496496	5.31869486614068
5.04185727933172	0.137854873871449	4.77166172654368	5.31205283211975
4.96448537465012	0.131239696542251	4.70725556942731	5.22171517987293
5.00328435615819	0.12904178292433	4.75036246162651	5.25620625068988
4.93962743066877	0.131032440155677	4.68280384796364	5.19645101337389
4.98846507691961	0.128614684318584	4.73638029565518	5.24054985818403
5.03517617017224	0.123329800468365	4.79344976125424	5.27690257909023
4.98118837995603	0.128176983744187	4.72996149181742	5.23241526809464
4.99128594259504	0.132653816900461	4.73128446147014	5.25128742371995
4.78245528385621	0.139327209509024	4.50937395321852	5.0555366144939
4.96235286724408	0.11866490929436	4.72976964502713	5.19493608946103
4.83588640837319	0.145947368859607	4.54982956540836	5.12194325133802
5.07269453760324	0.133849669016627	4.81034918633065	5.33503988887583
4.93462497014109	0.135318071243842	4.66940155050316	5.19984838977902
4.93362425347916	0.121193799513263	4.69608440643316	5.17116410052515
4.87401454952528	0.125539144944915	4.62795782543325	5.12007127361731
4.93859673152009	0.132201790508309	4.67948122212381	5.19771224091638
4.94521997251096	0.137771353389739	4.67518811986707	5.21525182515485
4.96298643381445	0.140981107493304	4.68666346312757	5.23930940450132
5.16457833694483	0.130910843232349	4.90799308420943	5.42116358968023
4.95337330157434	0.126336938519671	4.70575290207579	5.2009937010729
5.05473860070706	0.137984849665845	4.78428829536201	5.32518890605212
4.89360995555657	0.129382466796961	4.64002032063453	5.14719959047862
5.18037422841392	0.125068878425993	4.93523922669897	5.42550923012886
5.27228797552886	0.138813435388603	5.00021364216719	5.54436230889052
4.96751590836786	0.131824490961278	4.70913990608375	5.22589191065196
5.03615574814456	0.144657167999407	4.75262769886572	5.3196837974234
4.98607641931128	0.127779190918918	4.73562920511021	5.23652363351236
4.85923025942646	0.134482808511694	4.59564395474354	5.12281656410938
5.23682746630033	0.135201486982164	4.97183255181529	5.50182238078537
5.15437695079683	0.128932865097229	4.90166853520626	5.4070853663874
5.05133209709305	0.134161762852275	4.78837504190259	5.31428915228351
5.07277647754533	0.137508480212358	4.80325985632911	5.34229309876155
4.76640489862487	0.1370738473437	4.49774015783122	5.03506963941852
4.85951033674027	0.136306071117042	4.59235043735086	5.12667023612967
4.9996244810429	0.14668844911069	4.71211512078595	5.28713384129985
5.22953736260966	0.134146266811341	4.96661067965943	5.49246404555989
4.8984727397969	0.136016371063985	4.63188065251149	5.16506482708231
4.78820165339346	0.146280147777681	4.5014925637492	5.07491074303771
4.9353455892643	0.120445482074649	4.69927244439799	5.17141873413062
5.17208506890668	0.142569734872611	4.89264838855636	5.451521749257
5.22276571341617	0.134527176003421	4.95909244844946	5.48643897838287
5.13009228391861	0.128895402272666	4.87745729546418	5.38272727237303
4.57894551888793	0.134741040138163	4.31485308021713	4.84303795755873
4.89988835369931	0.147513952578069	4.6107610066463	5.18901570075233
5.0704342720526	0.129901103072016	4.81582811003145	5.32504043407375
4.94930873872967	0.126970623764568	4.70044631615112	5.19817116130822
5.16531404947633	0.129999225241108	4.91051556800376	5.4201125309489
4.99717823990004	0.129837091254788	4.74269754104066	5.25165893875943
5.11232971237552	0.133857943260982	4.849968143584	5.37469128116705
5.25878351167305	0.135854703091045	4.9925082936146	5.5250587297315
4.93114783057021	0.135487304433003	4.66559271388152	5.1967029472589
5.0209759045059	0.130885765564196	4.76443980400007	5.27751200501172
4.82886826215565	0.136932080989418	4.56048138341639	5.09725514089491
5.1756082335269	0.138555167903301	4.90404010443643	5.44717636261737
4.89403619539983	0.151861434515826	4.59638778374881	5.19168460705085
5.18144403481585	0.134432956334911	4.91795544039943	5.44493262923228
4.88760437028561	0.132477287472769	4.62794888683898	5.14725985373223
5.0969265454841	0.130226688273671	4.84168223646771	5.3521708545005
4.67288408922373	0.122511762869513	4.43276103399948	4.91300714444797
5.31481174475304	0.144786160973618	5.03103086924474	5.59859262026133
5.00825584818498	0.150236612663509	4.7137920873645	5.30271960900546
5.03164828484331	0.130395980535796	4.77607216299314	5.28722440669347
5.37163037418917	0.132328218095601	5.11226706672179	5.63099368165654
5.16653624428683	0.129361576710985	4.9129875539333	5.42008493464036
5.18156910749672	0.138482926549301	4.91014257146009	5.45299564353336
4.98254363279601	0.132368180252285	4.72310199950153	5.24198526609049
5.12488746690483	0.137430044325402	4.85552458002705	5.39425035378262
4.94552762977984	0.127617774233323	4.69539679228252	5.19565846727715
5.01375086439824	0.129123559249536	4.76066868826915	5.26683304052733
5.3426742357456	0.128925727861523	5.08997980913701	5.59536866235418
4.61160241956776	0.128029723154534	4.36066416218488	4.86254067695065
5.15835870500297	0.141020150881104	4.88195920927601	5.43475820072994
5.0051284841468	0.134278415793802	4.74194278919094	5.26831417910265
5.06008933681889	0.145946882494545	4.77403344712958	5.3461452265082
4.98838605151596	0.134764776730386	4.7242470891244	5.25252501390751
5.04605095482141	0.127496693613006	4.79615743533992	5.2959444743029
4.9647979333005	0.125163357356524	4.71947775288171	5.21011811371929
5.06300265425771	0.126862880983222	4.8143514075306	5.31165390098483
5.07304830086018	0.12901290995605	4.82018299734632	5.32591360437404
5.05372768943808	0.129429436922815	4.80004599306936	5.30740938580679
5.23587877441273	0.138526142409543	4.96436753529002	5.50739001353543
5.10019519947021	0.144218450918309	4.81752703567033	5.3828633632701
4.83063120402397	0.136680552385676	4.56273732134804	5.09852508669989
5.20564527130929	0.139904373198798	4.93143269983964	5.47985784277893
5.13942995261835	0.130492855090476	4.88366395664102	5.39519594859569
4.9950984660416	0.129739474601111	4.74080909582343	5.24938783625978
5.08082272367528	0.137200380629294	4.81190997764186	5.3497354697087
5.05078800948258	0.126664898787779	4.80252480785853	5.29905121110662
5.01151266244175	0.111437911702281	4.79309435550528	5.22993096937822
4.99048368724242	0.13497003602813	4.72594241662729	5.25502495785755
5.10931691503343	0.122214708988603	4.86977608541577	5.34885774465109
5.1688933853329	0.126989330928194	4.91999429671364	5.41779247395216
4.8411087842884	0.130081730402945	4.58614859269863	5.09606897587817
4.86104780655656	0.12970553606788	4.60682495586352	5.11527065724961
4.94885798932175	0.129691705121657	4.6946622472833	5.2030537313602
4.86979416359673	0.145191529055183	4.58521876664857	5.15436956054489
5.05288140741237	0.126600420472988	4.80474458328531	5.30101823153942
5.04253837813304	0.130141552146691	4.78746093592552	5.29761582034055
4.99962647361837	0.132010100758744	4.74088667613123	5.25836627110551
5.12366869129851	0.140645109101137	4.84800427746028	5.39933310513674
4.91226398291608	0.142647462429968	4.63267495655335	5.19185300927882
5.13570572024941	0.143534185507926	4.85437871665387	5.41703272384494
4.93096077402987	0.123217933256496	4.68945362484714	5.1724679232126
4.72169975728722	0.11864354000916	4.48915841886926	4.95424109570517
5.02901715176073	0.131750542780711	4.77078608791053	5.28724821561092
4.78502351637846	0.121992853953656	4.54591752262929	5.02412951012762
5.03907299664687	0.135002303435372	4.77446848191354	5.3036775113802
5.1456559188487	0.138824087087783	4.87356070815664	5.41775112954075
4.85731049440635	0.127998629040461	4.60643318148704	5.10818780732565
5.13430698509967	0.125965252292648	4.88741509060608	5.38119887959326
5.15037853945416	0.1393407545044	4.87727066062554	5.42348641828279
5.06189559196625	0.139839011669733	4.78781112909357	5.33598005483892
4.83772725933641	0.127206918199362	4.58840169966566	5.08705281900716
4.96669911459416	0.136811677503643	4.69854822668701	5.2348500025013
5.10931610162167	0.122338462647858	4.86953271483187	5.34909948841147
4.95608464079262	0.113663274970638	4.73330462185017	5.17886465973507
4.86261425698935	0.133998573053079	4.59997705380532	5.12525146017339
4.79640799645667	0.129474390505698	4.5426381910655	5.05017780184784
4.95763927884415	0.150445959594282	4.66276519803936	5.25251335964894
4.89535017349675	0.143380920658501	4.61432356900609	5.17637677798741
5.01703361331162	0.134258688853646	4.75388658315848	5.28018064346477
5.02385346864944	0.125417560997007	4.7780350490953	5.26967188820357
5.03778068414081	0.119657186725565	4.8032525981587	5.27230877012291
5.069853730704	0.144321335764967	4.78698391260466	5.35272354880333
5.03843652774605	0.122774711792495	4.79779809263276	5.27907496285934
5.11960792393773	0.132148679349744	4.86059651241223	5.37861933546323
4.89053871427714	0.135825484624775	4.62432076441258	5.1567566641417
4.67042776720407	0.150709071820895	4.37503798643511	4.96581754797302
4.75433765307074	0.133199074846004	4.49326746637257	5.01540783976891
4.88039858253858	0.124043532860652	4.6372732581317	5.12352390694546
4.90527281623559	0.140650865060687	4.62959712071664	5.18094851175454
4.92836931025315	0.133666415501783	4.66638313586965	5.19035548463664
5.00544941619879	0.129435344346295	4.75175614128005	5.25914269111753
4.96660656628237	0.138444077051201	4.69525617526202	5.23795695730272
5.01296860798686	0.133222469556704	4.75185256765572	5.274084648318
5.06030919780217	0.141475900658054	4.78301643251238	5.33760196309196
4.93733133445992	0.148925600760889	4.64543715696858	5.22922551195127
5.10427447087905	0.138660768460365	4.83249936469673	5.37604957706136
4.8019961386194	0.125887790240801	4.55525606974744	5.04873620749137
5.01018339000256	0.141130780831355	4.73356705957311	5.28679972043202
5.1271312091955	0.127651612425279	4.87693404884195	5.37732836954905
4.98065856534849	0.130225301409014	4.72541697458682	5.23590015611015
5.01272032571079	0.131554332047706	4.75487383489728	5.27056681652429
5.13297142868074	0.139327689147753	4.85988915795115	5.40605369941034
4.98228948145508	0.132178872342706	4.72321889166337	5.24136007124678
5.00421230760653	0.13288806615916	4.74375169793457	5.26467291727848
5.04460682521457	0.125852870975695	4.79793519810221	5.29127845232694
4.93887469949474	0.133635117429882	4.67694986933217	5.20079952965731
4.98655244306334	0.130123175693662	4.73151101870377	5.24159386742292
5.15277700480927	0.128163697526984	4.90157615765638	5.40397785196216
5.08926815745317	0.134320091043082	4.82600077900873	5.35253553589761
4.87854839623648	0.120536082293223	4.64229767494176	5.1147991175312
5.02045646963961	0.127484710920826	4.77058643623479	5.27032650304443
4.7273899168121	0.129010555676844	4.47452922768549	4.98025060593872
5.0266977983361	0.133536824130996	4.76496562303935	5.28842997363285
5.00007010244716	0.137087309278329	4.73137897626164	5.26876122863269
4.81069799071616	0.137426113247499	4.54134280875106	5.08005317268126
5.24451767836552	0.13807881398594	4.97388320295308	5.51515215377796
5.17614813214479	0.136619584170836	4.90837374716995	5.44392251711963
5.23333145626757	0.133372758982707	4.97192084866147	5.49474206387368
5.2476619804796	0.134574280489851	4.9838963907195	5.51142757023971
5.0478819539271	0.13181705669469	4.78952052280551	5.3062433850487
4.94144136981542	0.135642211459771	4.67558263535426	5.20730010427657
4.92575535673512	0.144441932641486	4.64264916875781	5.20886154471243
5.06707756481955	0.137068386653109	4.79842352697946	5.33573160265965
5.08443869336844	0.137496366625773	4.81494581478193	5.35393157195496
4.89218708160125	0.118547633520104	4.65983371990184	5.12454044330065
5.35646257253736	0.13524835313127	5.09137580040007	5.62154934467465
5.11849886168097	0.123585721815922	4.87627084692176	5.36072687644018
4.65622789483381	0.127206984643108	4.40690220493332	4.9055535847343
5.0361394894105	0.132605170330598	4.77623335556253	5.29604562325848
5.02376847137193	0.14635326037148	4.73691608104383	5.31062086170004
4.98673287807777	0.149343549372929	4.69401952130683	5.27944623484871
5.15066452766392	0.137230812874471	4.88169213442996	5.41963692089789
4.92552508784777	0.136138403926589	4.65869381615166	5.19235635954389
4.98133689365638	0.13917988040073	4.70854432807095	5.25412945924181
4.79055229098932	0.143227349975596	4.50982668503716	5.07127789694149
4.90964731100757	0.147088194728677	4.62135444933936	5.19794017267578
4.83333465231786	0.130228236503894	4.57808730877023	5.0885819958655
4.82330428209309	0.149129682161983	4.5310101050556	5.11559845913057
4.96467639639455	0.136524701249865	4.69708798194482	5.23226481084429
5.01562239638273	0.131630183931037	4.7576272358779	5.27361755688756
5.1136483985933	0.130458555790998	4.85794962924294	5.36934716794365
5.16205321914915	0.134478264930836	4.89847581988471	5.42563061841359
5.09111957658635	0.129839897219927	4.8366333780353	5.34560577513741
5.14423993815192	0.142289692173531	4.8653521414918	5.42312773481205
5.15563678004954	0.130190024150987	4.9004643327136	5.41080922738547
4.87304455772439	0.132206573219607	4.61391967421396	5.13216944123482
5.13345084187991	0.141978467191863	4.85517304618385	5.41172863757596
4.87880840596004	0.137057270736435	4.61017615531663	5.14744065660345
5.13839203148374	0.139093826029181	4.86576813246654	5.41101593050093
5.15372178881277	0.129483426995909	4.89993427190078	5.40750930572475
4.97676694487077	0.13015994002498	4.72165346242181	5.23188042731973
4.96639453723589	0.126319449887758	4.71880841545589	5.2139806590159
4.921239562981	0.134703845189833	4.65722002640893	5.18525909955307
4.83870084624887	0.13501244458362	4.57407645486498	5.10332523763277
5.02345701698195	0.126846093897029	4.77483867294377	5.27207536102013
5.11596728547656	0.123572246800247	4.87376568174807	5.35816888920504
5.07239424796712	0.130322472215257	4.81696220242522	5.32782629350902
5.16606319279375	0.129153484189286	4.91292236378275	5.41920402180476
5.18086874157366	0.128031743759821	4.92992652380441	5.43181095934291
4.7801924056888	0.132346083587668	4.52079408185697	5.03959072952062
5.10151384050175	0.145117415904271	4.81708370532938	5.38594397567412
5.06493189789877	0.132019719695633	4.80617324729533	5.32369054850221
5.10654223036401	0.135768291155164	4.84043637969989	5.37264808102813
5.13604920724202	0.121695782832218	4.89752547289087	5.37457294159316
4.9907893171682	0.140639301894264	4.71513628545544	5.26644234888095
4.90718022118426	0.133625387536812	4.6452744616121	5.16908598075641
5.06063658864556	0.135341834733467	4.79536659256796	5.32590658472315
5.02897273532772	0.126515830267869	4.7810017080027	5.27694376265275
5.01259821664128	0.137199674329836	4.7436868549548	5.28150957832776
5.29925077802822	0.121593807022036	5.06092691626503	5.53757463979141
5.0293277345398	0.132481682120236	4.76966363758413	5.28899183149546
4.91565904107386	0.129974347246018	4.66090932047167	5.17040876167606
4.94890515768818	0.11814365975827	4.71734358456197	5.18046673081439
5.12721530271077	0.12488191629467	4.88244674677322	5.37198385864832
5.13842322557132	0.140210989551089	4.86360968605119	5.41323676509146
4.91021584411796	0.133716447512179	4.64813160699409	5.17230008124183
5.0321004818364	0.122028502528265	4.792924616881	5.2712763467918
5.23243517593042	0.14604376644047	4.94618939370709	5.51868095815374
5.00822678291171	0.137692032865383	4.73835039849555	5.27810316732786
5.13226249905226	0.124241270688155	4.88874960850348	5.37577538960105
4.7684917851143	0.128274506943177	4.51707375150568	5.01990981872293
4.97739002147368	0.139194145642132	4.7045694960151	5.25021054693226
5.05835224322275	0.138502800115858	4.78688675499567	5.32981773144983
4.80035347602074	0.132371266602951	4.54090579347895	5.05980115856252
4.82306240744362	0.132583409944343	4.56319892395271	5.08292589093453
5.07341059355752	0.128994349897252	4.82058166775891	5.32623951935614
5.16973726066516	0.124678396884999	4.92536760277056	5.41410691855976
4.87156898771234	0.135557566989847	4.60587615641224	5.13726181901244
4.79202315385516	0.135713891170073	4.52602392716182	5.0580223805485
4.94844991709335	0.144943320693653	4.66436100853379	5.23253882565291
4.99649648688975	0.147813395278123	4.70678223214463	5.28621074163487
4.98305035174034	0.137026206938934	4.71447898614003	5.25162171734065
4.86482804449555	0.138631541246817	4.59311022365179	5.13654586533931
5.10547320152961	0.14376031832174	4.823702977619	5.38724342544022
5.10965375399654	0.141966188137289	4.83140002524745	5.38790748274563
4.89514492340773	0.140992448943349	4.61879972347877	5.1714901233367
4.91630138263433	0.128611942917547	4.66422197451594	5.16838079075272
5.05809623480359	0.123420478382325	4.81619209717423	5.30000037243295
4.89434236896624	0.125129953439722	4.64908766022438	5.13959707770809
5.27001766904896	0.139494001395378	4.99660942631402	5.5434259117839
5.25297838180678	0.128680385035278	5.00076482713763	5.50519193647592
4.97736085789061	0.137636300247218	4.70759370940606	5.24712800637516
5.07283040798555	0.123223484982707	4.83131237741944	5.31434843855165
4.83469160689896	0.134544572876134	4.57098424406174	5.09839896973618
5.12577679708947	0.129673620102436	4.87161650168869	5.37993709249024
4.79859132029121	0.134671672509482	4.53463484217262	5.0625477984098
5.09631172824837	0.135234212254959	4.83125267222865	5.36137078426809
5.11970268028083	0.137968757684886	4.84928391521845	5.3901214453432
4.94867716719398	0.13762079969264	4.67894039979641	5.21841393459156
5.00266219179539	0.134568166395852	4.73890858565952	5.26641579793126
4.94461407087965	0.141863725366183	4.66656116916194	5.22266697259737
4.94175256427137	0.132790314517401	4.68148354781727	5.20202158072548
4.7347028198738	0.126750427668104	4.48627198164431	4.98313365810328
5.13500300226883	0.136584396935264	4.86729758427572	5.40270842026195
4.90836607251294	0.128264650432141	4.65696735766594	5.15976478735993
4.9316384987353	0.121708817951849	4.69308921554968	5.17018778192092
5.07390975137767	0.125875878951096	4.82719302863352	5.32062647412181
4.90596074265318	0.129642620384995	4.65186120669859	5.16006027860777
4.89753656194963	0.122513985546701	4.65740915027809	5.13766397362116
5.06536369806865	0.133814661497048	4.80308696153443	5.32764043460286
4.96450428678367	0.12866611005241	4.71231871108095	5.2166898624864
5.25860377349338	0.139554052995571	4.98507782962206	5.5321297173647
5.04642759425556	0.133973495455629	4.78383954316253	5.3090156453486
5.04836591301406	0.128791337199666	4.79593489210272	5.3007969339254
5.04320483373183	0.134661198295373	4.7792688850729	5.30714078239077
5.26118436179949	0.13908487979453	4.98857799740221	5.53379072619677
5.05863113939867	0.126632207677326	4.81043201235111	5.30683026644622
5.17765238342267	0.131014959691702	4.92086306242693	5.4344417044184
4.81223977337155	0.125640616774353	4.56598416449382	5.05849538224928
4.90037991919697	0.125372460676348	4.65464989627133	5.14610994212262
4.77118936735622	0.125784717329092	4.5246513213912	5.01772741332124
4.84933298649071	0.138146629169986	4.57856559331753	5.12010037966388
5.08527990845579	0.141864037745937	4.80722639447375	5.36333342243782
5.00871683016197	0.13604952399479	4.74205976313218	5.27537389719175
5.16003332690957	0.122446123387951	4.92003892506919	5.40002772874996
4.95364227575732	0.127500073196881	4.70374213229144	5.20354241922321
5.06639170126132	0.132140715903166	4.80739589809111	5.32538750443152
5.07715883940824	0.116688697502134	4.84844899230406	5.30586868651242
4.98283134420541	0.128820192349932	4.73034376719955	5.23531892121128
5.11416803466344	0.140371935020439	4.83903904202338	5.3892970273035
4.92873867997822	0.132231460567841	4.66956501726525	5.18791234269119
4.95460303128964	0.135933711126296	4.68817295748209	5.22103310509718
4.95515995615699	0.13601958622855	4.68856156714903	5.22175834516494
4.9271338746296	0.132866385608475	4.66671575883699	5.18755199042221
5.03512297601139	0.13155590637185	4.77727339952256	5.29297255250022
5.07501511863666	0.123024095340818	4.83388789176866	5.31614234550466
5.01102516934767	0.134712316516068	4.74698902897618	5.27506130971916
4.82397192857121	0.132158309084522	4.56494164276554	5.08300221437687
5.20794195274261	0.138897941485804	4.93570198743043	5.48018191805479
5.0168592086718	0.124898756795986	4.77205764535167	5.26166077199194
5.05437405244334	0.135657459856102	4.78848543112538	5.3202626737613
5.18906779124514	0.13412588185284	4.92618106281357	5.4519545196767
5.17013470085272	0.133172733228903	4.90911614372407	5.43115325798137
4.84412939712724	0.139439180998385	4.57082860237041	5.11743019188408
4.73933514771442	0.12251353410265	4.49920862087323	4.97946167455561
4.93478953829342	0.125397678964078	4.68901008752383	5.18056898906301
4.89409147712481	0.133253741615368	4.63291414355869	5.15526881069093
5.11824997826003	0.133757149370074	4.85608596549468	5.38041399102537
5.1376940617596	0.124688429260121	4.89330474040977	5.38208338310944
5.00447469569595	0.133678290594118	4.74246524613148	5.26648414526042
4.99017458797217	0.142922325041168	4.71004683089148	5.27030234505286
5.30228319381001	0.126374295196423	5.05458957522502	5.549976812395
5.19072240874212	0.129045983157847	4.93779228175274	5.4436525357315
5.10565130682216	0.124574228318009	4.86148581931886	5.34981679432545
4.95054721908997	0.134934265428108	4.68607605885088	5.21501837932906
