estFinal_ps2	sdFinal_ps2	X1	X2
4.93574660168048	0.0878088222929648	4.76358056384165	5.10791263951931
4.98410418785277	0.0851189583993639	4.81721751360627	5.15099086209927
4.92955166643101	0.0930263997766248	4.74716760039204	5.11193573246998
5.09222680675554	0.0900617276888336	4.91566006752108	5.26879354599001
5.0715786250058	0.0869225162396044	4.9011418600232	5.2420153899884
5.05298452779468	0.0890721323541575	4.87832158719096	5.22764746839841
4.93488318217349	0.0889600045257482	4.76045263495769	5.10931372938929
4.96692098227807	0.090752882473952	4.78896010369613	5.14488186086001
5.06678272195908	0.0883360964241121	4.89358117754374	5.23998426637441
4.93034982014407	0.0868912139032552	4.75997925094118	5.10072038934695
5.04515076943725	0.088341870467233	4.87193494738629	5.2183665914882
4.92488720593307	0.0939469401345082	4.7406839586873	5.10909045317885
5.01359539469271	0.0912005171734304	4.8347786864499	5.19241210293553
4.96197130486636	0.0899631333189438	4.78558075477005	5.13836185496267
4.97926755546547	0.0868927737619877	4.8088888954761	5.14964621545484
5.15072133039502	0.0877836703970426	4.9786072618991	5.32283539889094
4.92925075753574	0.0838512678290704	4.76486816829089	5.09363334678059
4.7967351247187	0.0887046201298432	4.62280945964735	4.97066078979005
5.04311357036284	0.0861626455926029	4.87418963557805	5.21203750514763
4.99293481148503	0.0862860098192379	4.82376204611324	5.16210757685683
4.90411383471139	0.0914171831405225	4.72485433373592	5.08337333568687
5.04958355588474	0.0898184442445755	4.87347901855411	5.22568809321538
5.04456218471652	0.0894567132836929	4.86918872708078	5.21993564235226
5.10125800036287	0.09023992301508	4.92431531340143	5.27820068732431
5.01295841995274	0.087823650618003	4.84075921324668	5.1851576266588
4.79677609071967	0.0924566238114886	4.61548851554588	4.97806366589346
5.03842999005633	0.0858527197148232	4.87010348703155	5.20675649308112
4.97509483363527	0.0892001032761964	4.80021139137803	5.1499782758925
4.99182421912519	0.0867286674515502	4.82178660624206	5.16186183200833
5.11420707607975	0.0909261358335671	4.93593926666974	5.29247488548977
4.8599121146292	0.0874498138980813	4.68843417847559	5.03139005078281
4.88214729251272	0.0905333441081885	4.70463833469994	5.05965625032551
5.00261897271622	0.089151155207931	4.82782098454518	5.17741696088725
5.05447873639605	0.0916581863148184	4.87476225131799	5.2341952214741
5.04440962261729	0.0901558331118007	4.86764706629573	5.22117217893886
4.79821723344377	0.0864992138549145	4.6286207851623	4.96781368172525
5.00898900514812	0.092278632199317	4.82804818576523	5.18992982453101
4.93895949859791	0.089689373269715	4.76307793967913	5.1148410575167
4.96951341737487	0.0857657438209579	4.80134493908507	5.13768189566467
4.92372355052628	0.091681617648952	4.74396769503227	5.10347940602029
4.97604806366676	0.0890115203999587	4.80152372880206	5.15057239853147
4.9738529437001	0.0853065822204384	4.80658967853454	5.14111620886566
5.02930711093137	0.0878215574015043	4.85712318156896	5.20149104029379
5.10256739687871	0.0904713645146323	4.9251689234591	5.27996587029833
5.02757984048082	0.0891555963186324	4.85276479426694	5.20239488669471
4.97433120199077	0.0884387682745834	4.80090843546681	5.14775396851472
5.06590409371419	0.0886472955198704	4.89208605688915	5.23972213053923
5.19695740988231	0.0868712078467045	5.02663527681578	5.36727954294884
4.99420132795092	0.088561250046793	4.82053894541975	5.1678637104821
5.06378505136416	0.0932130746054513	4.88101532162305	5.24655478110527
4.91847807146611	0.0880219762139147	4.74591356165595	5.09104258127627
4.99003148307647	0.0890154958578291	4.8154830231637	5.16457994298924
4.9489018491267	0.0874603587782231	4.77742767249149	5.12037602576192
5.04913182102777	0.0849596994529798	4.88255761400359	5.21570602805194
4.95647380501488	0.0893412789662308	4.78131111798301	5.13163649204676
4.97211491139918	0.0915807746817568	4.79254871753395	5.15168110526442
5.10695937772497	0.0894256890892999	4.93162470380438	5.28229405164555
4.96830485292561	0.0916476248164839	4.78859249780781	5.14801720804341
4.9759532001098	0.0898240856129848	4.79982911531082	5.15207728490877
4.93631712541229	0.0883572659012831	4.76307409612767	5.10956015469691
4.98382447853246	0.0884067457268295	4.81048078216922	5.15716817489569
4.96102072116782	0.0883893471001301	4.78770228710023	5.13433915523541
5.16648420292055	0.0898916951108098	4.99023720112681	5.34273120471429
5.03681445689202	0.0866094277034055	4.86699631878764	5.20663259499639
5.12280852893307	0.0895048440872313	4.94731258839014	5.29830446947601
5.14480866690262	0.0911033420405024	4.96618887490059	5.32342845890465
4.93501186310836	0.0906535060492296	4.75728721568739	5.11273651052934
5.27921042592922	0.0883375537837978	5.10600644411765	5.45241440774079
5.09062781066895	0.0900501389263174	4.91405883627325	5.26719678506464
5.00754843712618	0.0890066462954761	4.8330498209857	5.18204705326666
5.03851106870368	0.0907029980354861	4.86065338009319	5.21636875731416
4.97647767187139	0.0886582868390151	4.80263098454418	5.1503243591986
4.92004611076733	0.0870896693205092	4.74928567812827	5.09080654340639
5.11342593721386	0.0908525541284431	4.93530151319923	5.29155036122849
4.94641275806317	0.0903208370465877	4.76933112934644	5.12349438677989
5.01596170490037	0.091465293757356	4.8366333396216	5.19529007017915
5.04227109735852	0.0886167386784068	4.8685234760649	5.21601871865214
4.96596968674496	0.0913010915282904	4.78694337263759	5.14499600085233
5.09252780703817	0.0908268192827786	4.91444937504015	5.27060623903619
5.02474272894885	0.0859834651713136	4.85617410744861	5.19331135044909
4.95509550012687	0.0881547520203536	4.78224357788049	5.12794742237326
5.01147686263502	0.0920312277328948	4.83102860422329	5.19192512104676
4.95568208958884	0.088507061430411	4.78214942375531	5.12921475542236
4.95258144584225	0.0901704184613071	4.77575408312438	5.12940880856012
5.18175545415362	0.0912315292279425	5.00288228305306	5.36062862525417
4.90064908099211	0.0855093262315994	4.73299633118905	5.06830183079518
4.96153883157938	0.0878599272131207	4.78928439175576	5.133793271403
5.11927094865124	0.0875354979934312	4.94763779889776	5.29090409840472
4.85628057657227	0.0899390638917992	4.67993962798043	5.03262152516412
4.77655827950293	0.0810924540116223	4.61754960967223	4.93556694933363
4.97178457177477	0.0903956805830616	4.79454576639471	5.14902337715483
5.06171001961846	0.0896207048363276	4.8859896278986	5.23743041133831
5.2468251503429	0.0937107458277852	5.06303928685281	5.43061101383298
5.05100464054231	0.0938826118114541	4.86691984737682	5.23508943370779
4.83280394151341	0.0876552866368675	4.66095042790044	5.00465745512637
5.08309355948574	0.0900841591736047	4.90646913821199	5.25971798075949
5.03177626821893	0.0873690807891694	4.86046903980628	5.20308349663157
4.82498058110979	0.0922677249465794	4.64406982561748	5.0058913366021
5.14385595130673	0.0902038430940907	4.96695644029808	5.32075546231538
5.04345233154265	0.0880346498792347	4.87084433071253	5.21606033237278
5.21800294845751	0.0945497532086693	5.03262803613614	5.40337786077888
4.90199347775146	0.0912341399139854	4.72309961418326	5.08088734131965
4.97007104925894	0.0889755359433455	4.79562444750881	5.14451765100906
5.02263681489587	0.0877384733024792	4.8506040559739	5.19466957381783
5.05783367420685	0.0867284721370676	4.88774379844421	5.22792354996948
4.83810354935605	0.0876952547383812	4.66613732629333	5.01006977241876
5.06079215652636	0.0904821936773364	4.88340117542804	5.23818313762467
4.85554585627008	0.0898062493164242	4.67945773546086	5.0316339770793
4.88871340917507	0.0886383196508299	4.71491040206203	5.06251641628811
4.9763995258325	0.0882585845429129	4.80336530831995	5.14943374334505
4.99741126303449	0.0902104498731674	4.82050830385098	5.174314222218
5.03689316467527	0.0918377848367614	4.8568325377167	5.21695379163385
5.08154253914049	0.0896510080300859	4.9057707801764	5.25731429810459
4.92531367091908	0.0909376354659248	4.74701851139338	5.10360883044478
4.83598698036674	0.0905527581128835	4.65842672170069	5.0135472390328
4.94683134785513	0.0884167711065799	4.77346365567397	5.12019904003628
4.87915549625197	0.0867192656411839	4.70914308404872	5.04916790845522
5.03121748489213	0.0899406270144943	4.85488834876077	5.20754662102348
5.12499300024733	0.0893804875953034	4.94974899600216	5.3002370044925
4.95722886450337	0.0888082490385267	4.78311395308179	5.13134377592494
5.11380998015585	0.0926515987301283	4.93216373753141	5.29545622278029
4.99979137645977	0.0873467671882469	4.82852274497166	5.17106000794788
5.01171013620149	0.087283546622095	4.84058192697521	5.18283834542777
5.24513638432073	0.0882919343645109	5.07202806797362	5.41824470066783
4.9352147187101	0.0916309915434823	4.75555180850705	5.11487762891316
4.90552835137867	0.089553496538299	4.72994258504456	5.08111411771278
4.88998725706982	0.091269196584428	4.71104683190119	5.06892768223845
5.05807706703504	0.0900108268409714	4.88156680587099	5.23458732819908
5.01734555682667	0.08888984914513	4.84305245442505	5.1916386592283
5.01925317684252	0.0886502589526622	4.84543222750276	5.19307412618228
5.03847765322961	0.0858914273959866	4.87006212376281	5.20689318269641
4.99184565454779	0.087292891926598	4.8207096843195	5.16298162477608
5.00652765972244	0.0913113200593358	4.82749333377324	5.18556198567165
4.98049253859662	0.0887529161916667	4.80646487647275	5.15452020072048
5.01989703127791	0.0877327168860124	4.84787468335826	5.19191937919756
4.86647504740565	0.0893038528517951	4.69138201304082	5.04156808177048
5.02608744807206	0.0898661436832398	4.84988512949876	5.20228976664536
4.91933517638293	0.0912550421514298	4.74040455719657	5.09826579556929
4.93669883642363	0.0927410046447722	4.75484937981764	5.11854829302961
5.19728271537423	0.0912853009447561	5.01831122599945	5.37625420474901
4.92540422199983	0.0917559178010044	4.74549321279206	5.10531523120761
4.98450314286479	0.0869194700116791	4.81408593162664	5.15492035410293
5.07709462988038	0.0863007955971349	4.90787848150796	5.24631077825281
5.13298897538722	0.0879600818354939	4.96052375985075	5.3054541909237
4.91612132385636	0.0910318020925294	4.73762315346973	5.09461949424298
4.86951191602951	0.0882407490627185	4.69647940384978	5.04254442820923
5.02317356114678	0.0877266173813523	4.85116984120729	5.19517728108627
5.07115217539005	0.0894557007265711	4.89574012048647	5.24656423029362
4.92846217397725	0.0900811985467126	4.75184092223348	5.10508342572102
5.05525014712442	0.0906278272486338	4.87755484913506	5.23294544511377
5.10643230122601	0.0895970393530726	4.93073870558097	5.28212589687106
5.12383278755005	0.0905367268808212	4.94630643060907	5.30135914449103
4.92819141703964	0.0900291865966351	4.75166792590473	5.10471490817455
4.98845372118657	0.088198746147415	4.81553186523198	5.16137557714115
5.17351609025936	0.0934107754896255	4.99035672815337	5.35667545236535
4.953924917313	0.0884499318082543	4.78048918428242	5.12736065034359
4.95337667138709	0.087571865903963	4.78167235435051	5.12508098842366
4.94688577156336	0.0938336081910673	4.76289352641653	5.13087801671019
4.90598746839866	0.0876171114499788	4.73419067355099	5.07778426324632
4.91174734867705	0.0895587866939106	4.73614647413377	5.08734822322033
5.11489526866584	0.0905214790428607	4.93739480935446	5.29239572797722
5.04254801759181	0.0872155315571609	4.87153393212946	5.21356210305416
5.02602513348831	0.0908210863490636	4.84795091137899	5.20409935559762
5.05274360485959	0.0920765817969571	4.87221457681849	5.23327263290069
5.03542131434918	0.0887196896802046	4.86147114204072	5.20937148665765
5.2617209198273	0.0916479223433326	5.08203424667523	5.44140759297937
5.06119099952683	0.0894019471267247	4.88590394965924	5.23647804939442
5.02189143922964	0.0893604066451453	4.84668247570665	5.19710040275262
5.07123347464935	0.0931813990565351	4.88851680649526	5.25395014280343
5.14840405054325	0.0906517084786587	4.97065527124841	5.32615282983809
5.03912717749714	0.0872045083223708	4.8681628125876	5.21009154240667
4.99916992770729	0.0936166273016941	4.81561800175548	5.18272185365911
4.97426265278602	0.0916040307538423	4.79464861788294	5.1538766876891
5.12193235709585	0.0899581379299787	4.94556067322954	5.29830404096216
4.91150133152645	0.0883874174470563	4.7381637053221	5.08483895773079
5.05437560334526	0.0902587671223049	4.87739128960804	5.23135991708247
5.05185226543468	0.0893508809526641	4.87664996772104	5.22705456314831
4.92206662070002	0.0883570206982507	4.74880201454316	5.09533122685689
4.91598543666383	0.0908724777418594	4.73781731739913	5.09415355592854
5.01201572828501	0.0923235715716506	4.83100342311701	5.19302803345301
5.14147285780929	0.0882363147137327	4.96846381849213	5.31448189712645
4.90653444115589	0.0921645611056333	4.72581483929256	5.08725404301921
4.99064315996627	0.0878020184705527	4.81848676335792	5.16279955657462
4.95026684645796	0.087131719244962	4.7794334829401	5.12110020997581
4.88833090105232	0.0887696248647831	4.71428000019959	5.06238180190504
5.14303007248577	0.0899608943129568	4.96662185074846	5.31943829422308
5.06615379176184	0.0892119638613449	4.89122229711183	5.24108528641184
5.04527952061457	0.085466606655675	4.87770437744541	5.21285466378373
4.93233515686519	0.0901425882839193	4.75557991449939	5.10909039923098
4.97599827716467	0.088948556654604	4.80160987254651	5.15038668178283
4.96947632557651	0.0864683629136688	4.79993083428484	5.13902181686818
4.88708064439933	0.0860873425941407	4.71826876757153	5.05589252122713
4.98612693091595	0.0917090192248442	4.80629673190539	5.16595712992651
4.92955105543931	0.0915767216086869	4.74999607484549	5.10910603603313
5.0068110513963	0.0916754152830731	4.82707101607119	5.18655108672142
4.91981428644534	0.0880851675470251	4.74709902785608	5.0925295450346
4.91843677036033	0.0881810384404196	4.74553284389173	5.09134069682893
5.07342332937916	0.0889388633664984	4.89903395255276	5.24781270620556
4.9547344827713	0.0899609091384987	4.77836508209919	5.13110388344342
4.98821840671938	0.0870444849543481	4.81753447973757	5.1589023337012
5.16475631921442	0.0910213372943469	4.98629003073548	5.34322260769336
5.0027168273305	0.0870683315009296	4.83200681039839	5.17342684426262
5.05564513215162	0.0889642652084137	4.88121914820697	5.23007111609627
4.90693870259968	0.0926881496094718	4.72517182227675	5.08870558292261
5.10478357252852	0.0883134856352342	4.93161521370019	5.27795193135685
4.99550393034769	0.0877118511136022	4.82353964908694	5.16746821160844
4.93539755213511	0.0899278359108999	4.75904060656625	5.11175449770396
4.95509649652074	0.0931379550152227	4.77246900155031	5.13772399149116
4.85247252695293	0.0889527686710117	4.67805510000514	5.02688995390072
4.96200816208976	0.0912336597856731	4.78312512762898	5.14089119655054
5.04364711225211	0.0868060415499828	4.87343083515519	5.21386338934902
5.00298347706942	0.0887735497100221	4.82890658485777	5.17706036928108
5.15508933669068	0.0897261288771781	4.97915560323834	5.33102307014301
5.0368004095179	0.0908571149858751	4.85866954365585	5.21493127537995
5.03745751433035	0.0910833687782661	4.85884806536605	5.21606696329466
4.92368905948073	0.0890723163805892	4.74903623819163	5.09834188076983
5.17983251680689	0.0904924540986701	5.00239239797275	5.35727263564102
4.99794429112634	0.0904767137986444	4.82056329664611	5.17532528560657
5.05799678711342	0.0876485552167449	4.88613280896654	5.22986076526031
5.00020586270951	0.0886778162484875	4.82631802032502	5.174093705094
5.05138314158255	0.0878452872409849	4.87914159905314	5.22362468411196
4.95443313820029	0.0934157970597797	4.77127705400969	5.1375892223909
5.03136706951522	0.0862980001875051	4.86216646329252	5.20056767573791
5.03517730839081	0.0942373173429185	4.85041249956933	5.21994211721229
4.99642617806102	0.0858589064496124	4.82809370139763	5.16475865472441
4.9677258017452	0.0968605246533377	4.77780710212342	5.15764450136699
5.01222833728796	0.0896430151744618	4.83645322923883	5.18800344533709
5.00766680645639	0.0838683969369644	4.84324216749511	5.17209144541766
5.02714607005359	0.0874751551647446	4.85563696021108	5.1986551798961
4.84972625934332	0.0863426818263143	4.68043607983196	5.01901643885469
5.14675505929666	0.0900128301305071	4.97027195144675	5.32323816714657
4.895698482778	0.0879607401367468	4.72324298713017	5.06815397842583
5.10059613182277	0.0858793331090125	4.93220967682251	5.26898258682302
4.90467756450866	0.0884504192398909	4.73126244667611	5.07809268234121
5.15728198063924	0.0902528998545685	4.98032398969836	5.33423997158012
5.06287405302118	0.0880714898128563	4.89021134892801	5.23553675711434
5.08200999509511	0.0881015994284574	4.90926655198557	5.25475343820466
5.00095089365683	0.0897891074162927	4.8249038185608	5.17699796875287
5.02629241809244	0.0903378179218798	4.84915599101028	5.20342884517459
5.00629602768382	0.0878379746032611	4.83408375123783	5.17850830412981
5.0032558569957	0.0911679670961647	4.82448000118309	5.1820317128083
5.0257020409139	0.0893512689830671	4.85049900630837	5.20090507551943
4.89691540814883	0.0899583274647639	4.72053133766304	5.07329947863462
5.02902856039362	0.0895848026150755	4.85338182972584	5.2046752910614
4.93423528248874	0.0951407228758132	4.7476715120189	5.12079905295858
4.90018658395406	0.092885181514949	4.7180538670701	5.08231930083803
5.06914693310205	0.0894094516950864	4.8938275069341	5.24446635926999
5.00880960841298	0.0873667450594227	4.83750508143255	5.1801141353934
5.02878502152901	0.0913641081768646	4.84963106248146	5.20793898057656
5.15842060810347	0.0887805686090971	4.98434856443017	5.33249265177678
5.01318244793074	0.0895685867397457	4.83757753786389	5.1887873579976
4.84021487207989	0.0917197160314402	4.66037182508417	5.02005791907562
4.95646978493997	0.0882383333316256	4.78347117460723	5.1294683952727
5.03141233129133	0.0897769203076323	4.85538110160899	5.20744356097367
5.00734967106415	0.0863304664516393	4.8380715154818	5.1766278266465
4.89806509384021	0.0880703132878741	4.72539755652194	5.07073263115849
5.12860459348199	0.0903637486983582	4.95141114111166	5.30579804585232
4.95642797902222	0.0880127320918759	4.7838762363909	5.12897972165353
5.11668808480005	0.0869914869833099	4.94613200354747	5.28724416605263
5.13843335178187	0.0881242960409348	4.96563949659785	5.31122720696589
4.90296531803627	0.0901693945816366	4.72617899334462	5.07975164272793
5.00946431413903	0.0870375083574355	4.83882270949773	5.18010591878032
5.01125759062857	0.0897182335971804	4.83532269235216	5.18719248890498
5.08664871530021	0.0878717870129085	4.91437501155746	5.25892241904297
4.9081408511664	0.0883840519990155	4.73484508191933	5.08143662041346
5.09232226829644	0.0838887340182381	4.92785655229762	5.25678798429525
5.11588345518691	0.0854059894091842	4.94843893580985	5.28332797456397
4.85865200866675	0.0908301576859954	4.68055683246635	5.03674718486714
5.03329077437599	0.0898915004528762	4.85703259898151	5.20954894977047
5.04749525781375	0.0913522899657726	4.86838489269923	5.22660562292827
4.89788738772956	0.0912659121305031	4.71891028605554	5.07686448940358
4.95969174382593	0.0871987334620852	4.78873441590006	5.13064907175179
5.00243284540895	0.0879338780648951	4.82999976249874	5.17486592831915
4.94412473665237	0.0893241130281476	4.76898334984289	5.11926612346185
4.90333082482759	0.0896296923099317	4.72761153310003	5.07905011655515
4.91122484559016	0.0857072023054183	4.74316595251697	5.07928373866335
4.94749604747704	0.089486777910287	4.77202886583051	5.12296322912357
4.79957407368197	0.085495172015437	4.63194319506544	4.9672049522985
5.02837851276142	0.0843988285207785	4.86289154738738	5.19386547813545
5.07710042507775	0.0902202985992863	4.90021139846037	5.25398945169513
4.95550172965846	0.0936146947317908	4.77195743044387	5.13904602887305
5.04849621240882	0.0889763875105973	4.87403261659155	5.2229598082261
5.15773441699494	0.0867377123547353	4.98766768472389	5.32780114926599
4.91460393681812	0.0911575017887729	4.73587920049854	5.09332867313769
5.05164969844566	0.0923685142159787	4.87052762350661	5.23277177338472
5.11233929815522	0.0925596796570739	4.93085409309859	5.29382450321185
4.99465299065376	0.0932997593457451	4.81172076703709	5.17758521427043
5.02890647438108	0.0919079130247448	4.84868248687049	5.20913046189167
5.07720808303372	0.088051841819018	4.90457729902773	5.24983886703971
5.06558207140636	0.0914019074777278	4.88636769132419	5.24479645148852
5.18204652482866	0.0892223651958684	5.00711477930207	5.35697827035525
4.94636564811896	0.0872488567877747	4.77529823052671	5.11743306571121
5.03415954130615	0.0909426975979731	4.85584727992574	5.21247180268657
5.0554052406751	0.0891360713370916	4.88062264041449	5.23018784093571
5.02815079879494	0.0881516479304717	4.85531029456604	5.20099130302384
4.99568489736435	0.088454321090731	4.82225043326217	5.16911936146653
4.98903796119781	0.0890084860594664	4.81452844118154	5.16354748121408
5.05468529420704	0.0900343637450759	4.87815203156889	5.23121855684519
4.9409982673848	0.0903445316855726	4.76384945497819	5.11814707979141
4.82665488078405	0.093806709577238	4.64275357135697	5.01055619021112
4.96845766455229	0.0833866339601779	4.80496003768935	5.13195529141523
4.91336123519909	0.0878924993216914	4.74103201006343	5.08569046033475
5.10078865512793	0.0893072635026119	4.92566418160665	5.27591312864922
5.04952141821367	0.0905792675671219	4.87194583418369	5.22709700224365
4.9405608123842	0.0895985498081402	4.76488848775271	5.11623313701569
4.92272461064044	0.0889757996015225	4.74827636116403	5.09717286011685
5.03590875852308	0.0938622532379867	4.85188635482762	5.21993116221854
5.1167466671208	0.0935515789568838	4.93329775590987	5.30019557833172
4.94488067250555	0.0906205883683446	4.76719296322934	5.12256838178176
4.96813045932632	0.0891983724730366	4.79322661039418	5.14303430825846
5.06904046648027	0.0878264194827875	4.89681561878626	5.24126531417427
4.96120133781529	0.0880776537510804	4.78850132185184	5.13390135377874
4.87601202716341	0.0881757565770195	4.70311605706891	5.0489079972579
4.98834627645359	0.0882191959048488	4.81536242027299	5.16133013263419
4.9212432654729	0.0841187348611108	4.75629237878711	5.08619415215869
4.94593025436931	0.0888029512252489	4.77182566646368	5.12003484227494
5.04144376652101	0.0900143287931558	4.86494623599188	5.21794129705014
5.02604178711147	0.085489085758963	4.85842855194315	5.19365502227979
5.03641939223922	0.0928583559724666	4.85433507898368	5.21850370549475
5.03233470292659	0.0881017057523842	4.85960592470248	5.2050634811507
4.97213811406504	0.0916058607842896	4.79252571311191	5.15175051501817
4.99902955680093	0.0866637290096296	4.8291023149992	5.16895679860265
4.89612863096227	0.0875604098608262	4.72446324737905	5.06779401454548
5.06183692894563	0.0864215711164062	4.89240690834765	5.23126694954361
5.01205630396844	0.0887347770120853	4.83807674485306	5.18603586308382
5.06551480974368	0.0874866337577339	4.89398039242557	5.23704922706179
5.02664247701023	0.0899842319123186	4.85021626921625	5.20306868480421
5.00289248882448	0.0889902841759278	4.82840661677114	5.17737836087783
5.04824590320943	0.0877871317790798	4.87611274314973	5.22037906326912
4.87032850795448	0.0893976404512982	4.69505875755223	5.04559825835674
4.99833834576741	0.086818817293195	4.82810400940857	5.16857268212624
4.97376146534753	0.0911586657968997	4.79502846137573	5.15249446931932
5.09652107678217	0.0869335052530501	4.92606068633769	5.26698146722666
4.94965755007178	0.0883234197997346	4.77648805290689	5.12282704723668
4.99182333872115	0.0866138762242713	4.82200160102099	5.16164507642131
4.9672255515846	0.089730006293012	4.79128562357005	5.14316547959914
4.93871412864383	0.0884258299798264	4.76533679225331	5.11209146503435
4.88547731796149	0.089341006549604	4.71030807445372	5.06064656146926
5.02423416037278	0.0914714406987207	4.8448741679893	5.20359415275627
5.07974946582894	0.0885642781189773	4.90610113681919	5.25339779483868
5.05358271606377	0.0871826393971747	4.88264808795319	5.22451734417436
5.02053480238006	0.0911008474517563	4.84190668891717	5.19916291584296
4.74813501249824	0.0877622351461196	4.57605233533947	4.92021768965701
4.85454486819994	0.0886466424806871	4.68073305063695	5.02835668576294
4.96043419276361	0.094177671809424	4.7757579384343	5.14511044709292
5.06727576364727	0.0908601588277802	4.88914137617252	5.24541015112202
4.91061884879907	0.0908530449114172	4.7324830639925	5.08875463360563
4.87743003730165	0.088707232596268	4.70348630411761	5.05137377048569
5.1600395650369	0.0912531727420547	4.98110639397472	5.33897273609907
4.9742626584718	0.0908898711284351	4.79605933429506	5.15246598264855
5.01688776406543	0.0898149205055476	4.84077572518168	5.19299980294917
5.07950501589732	0.0868467084335347	4.90922397559235	5.2497860562023
5.01484439767879	0.0931206663237551	4.8322530814344	5.19743571392318
5.01786533819886	0.0916731047193912	4.83812890727576	5.19760176912197
5.16292113133349	0.0887240155812302	4.98895937650583	5.33688288616115
4.88767491824244	0.0890138767078994	4.71315419160767	5.06219564487721
5.13855816438554	0.0909189656513955	4.96028374489935	5.31683258387173
4.98765071405728	0.0886034008959988	4.81392347914275	5.1613779489718
5.03056515101233	0.0905543667016617	4.85301075151731	5.20811955050735
4.9461151778254	0.086691750208303	4.77613993506225	5.11609042058854
5.00438281446906	0.0901504803252934	4.82763711656373	5.18112851237439
4.98134190982358	0.0894554976363595	4.80591982024611	5.15676399940106
5.02667432345334	0.0877271871360413	4.85467640872673	5.19867223817994
4.98380769727801	0.0942144090218707	4.7990745048564	5.16854088969963
5.02802451764953	0.0894184875052209	4.85268796530718	5.20336106999187
4.95517696411236	0.0846483648179065	4.78920293448008	5.12115099374464
4.98028940429378	0.0910972492501847	4.80167373687481	5.15890507171276
5.01765395411332	0.0927169453379993	4.8358337297845	5.19947417844213
5.07573910824216	0.0911576991803702	4.89699805444419	5.25448016204012
5.14389030109366	0.0918747291683124	4.96376155509176	5.32401904709555
5.03430055996613	0.0938659011984212	4.85025484122572	5.21834627870655
5.04881229827495	0.090549049354803	4.8712618466553	5.2263627498946
4.93566715424296	0.090544908402014	4.75811736132941	5.11321694715651
4.96802503649829	0.0880240474355663	4.79542195075464	5.14062812224194
5.04304734539176	0.089700964098604	4.86718390567503	5.21891078510849
4.8472980504882	0.0884440393136593	4.6738706961615	5.0207254048149
5.02148733225544	0.0872471958640881	4.85041329398527	5.19256137052562
5.03378986963721	0.0913304718699058	4.85472340011762	5.21285633915679
4.9890512651011	0.0873756977254975	4.8177443823011	5.1603581479011
5.05269907470491	0.0924402483083799	4.87144127289966	5.23395687651016
5.04805072795196	0.0901892048255838	4.87119830534572	5.2249031505582
4.94532546664245	0.0879308591279555	4.77292110136794	5.11772983191696
4.90869825623122	0.0893449925549617	4.733514172267	5.08388234019544
5.10670314850822	0.0878847760084389	4.93437801148426	5.27902828553217
5.11434586363588	0.0909020699296	4.9361266964871	5.29256503078467
5.00728700031753	0.0908088478602248	4.82922903633912	5.18534496429594
5.07875482868695	0.0889982941827141	4.90425199407767	5.25325766329624
4.99359761011983	0.0884989406520244	4.8200628411677	5.16713237907195
5.02556185129581	0.0909519769909027	4.84722772200521	5.20389598058641
4.90550093123845	0.0862169750276286	4.73645315983285	5.07454870264405
5.03698780109562	0.0889268144037091	4.86265188848018	5.21132371371105
5.17741190057178	0.0893021804351831	5.0023101210091	5.35251368013446
5.07692238254346	0.0896357776615338	4.9011666963825	5.25267806870442
4.86799233557902	0.0885323351751077	4.6943771795215	5.04160749163654
5.11293608413843	0.091738315502988	4.93306130350754	5.29281086476932
5.15229935466115	0.0903486060426009	4.97514827416869	5.3294504351536
4.99064908086136	0.0933960001605475	4.80753420536588	5.17376395635683
5.18761121448197	0.0885524000699801	5.01396772479757	5.36125470416638
4.81261750955518	0.0856872419301812	4.64460366464883	4.98063135446153
5.06241357100738	0.0902427666331995	4.88547748945184	5.23934965256292
4.93318010083947	0.0883280509937349	4.75998840370795	5.10637179797099
4.8799954581256	0.0904989430091608	4.70256064908342	5.05743026716778
5.17291169810459	0.0881133691376801	5.00014968645814	5.34567370975104
4.86765931639737	0.0893500085859942	4.69247617181621	5.04284246097854
5.07298550764177	0.0825200114467438	4.91121213463791	5.23475888064563
4.92205750157391	0.083727627617755	4.75789809825475	5.08621690489308
5.0079064503271	0.0873169989950976	4.83669608622418	5.17911681443002
4.92837447322451	0.0876112076949801	4.75660308612533	5.1001458603237
5.0575687409212	0.0880033140187203	4.88502117397346	5.23011630786893
4.94597937567139	0.0871644344472148	4.7750811986251	5.11687755271767
5.11035553846519	0.0855825859439919	4.94256340745131	5.27814766947908
4.83520324521998	0.0860002465577603	4.66659281418212	5.00381367625783
4.9471338035126	0.0937146792878619	4.76338326078467	5.13088434624053
5.10677737977354	0.0917411043975284	4.92687094946667	5.28668381008041
4.89858650320387	0.0916327209786863	4.71889896108143	5.07827404532631
4.96952473903718	0.0904347086777561	4.79219870682797	5.14685077124639
4.96206943869311	0.0901540714508295	4.78531118116479	5.13882769622143
5.00812234818604	0.0854073634930042	4.8406448561899	5.17559984018219
4.83402057693824	0.0937082591766915	4.65027475275273	5.01776640112375
4.96195614258298	0.0936768464320452	4.77829027626979	5.14562200889618
4.97031671037292	0.0864861327320867	4.80075451889613	5.13987890184971
4.87332714398595	0.0903534552107099	4.69615433355879	5.05049995441311
4.94779760727227	0.0872810095813577	4.77667831446639	5.11891690007815
4.93901309470921	0.0921301381635675	4.7583772915763	5.11964889784213
5.04994011976949	0.0960103066257282	4.86168255064403	5.23819768889494
5.07233473615763	0.0876857061826643	4.90040833978375	5.24426113253151
5.02497520391683	0.0876735935435854	4.85306721586046	5.1968831919732
5.02519760281322	0.0920531360714509	4.84470836651487	5.20568683911157
5.05950348043309	0.0892502495052718	4.88450797993706	5.23449898092912
5.0351305685288	0.0914969749075076	4.85570020019368	5.21456093686392
5.07627482952908	0.089972180678078	4.89984926691336	5.25270039214479
4.96665945473324	0.0902119717865568	4.78977661090951	5.14354229855698
5.04258457345267	0.0863155257157876	4.87335062633326	5.21181852057208
5.05769294501185	0.0917731703078694	4.87774167880355	5.23764421122015
4.93887316088012	0.0878572109505956	4.76661450118576	5.11113182057448
4.9402236471863	0.0879560011371268	4.76778444883797	5.11266284553463
5.00569212206703	0.0912093769667806	4.82686255772939	5.18452168640466
4.91182626656707	0.092463937860842	4.73053957049251	5.09311296264164
5.21378133059363	0.0902681141273072	5.03678496624104	5.39077769494622
4.85952026678762	0.0856706242134782	4.6915553099347	5.02748522364053
5.04710874572545	0.0925122335389852	4.8657280277395	5.22848946371141
4.99281897481179	0.0883568559670691	4.8195579126294	5.16608003699418
4.99281018682893	0.09039885517253	4.81555240271247	5.1700679709454
5.09929015705523	0.0902551153987667	4.92229894362664	5.27628137048382
5.03075766538598	0.091587080313897	4.85117541841557	5.21033991235638
5.09792621714392	0.0902018602197571	4.92104219138629	5.27481024290155
4.98691517683105	0.0900631229131774	4.81032760332343	5.16350275033866
4.97910293552292	0.0896898692212452	4.80323694890992	5.15496892213591
4.91242968922904	0.0878051663255032	4.74027415398861	5.08458522446948
5.08971677786787	0.0893887633746412	4.91445755463115	5.26497600110458
4.95556676128566	0.0888928108070004	4.78128327718848	5.12985024538284
4.95868732961963	0.0889393614320826	4.78431255527057	5.1330621039687
5.08636596250507	0.0918819504707473	4.90622337233598	5.26650855267415
5.15104215436947	0.0896645728239276	4.97522733545611	5.32685697328284
4.94286497074231	0.0918755965040122	4.76272542425505	5.12300451722958
5.01007402849913	0.0829845740133862	4.84737701002097	5.1727710469773
5.06398985707129	0.0874484192741766	4.89253488925504	5.23544482488755
4.92707783356823	0.0887579858985052	4.75304297789601	5.10111268924046
4.99246972402976	0.093128480278105	4.80987054195202	5.1750689061075
5.01986596284484	0.0888934299206846	4.84555388246104	5.19417804322865
5.07833520476853	0.0949707755742691	4.89211051184539	5.26455989769167
4.86496165353146	0.0863687110331512	4.69564061071277	5.03428269635014
5.02938595708131	0.090989724570715	4.85097264384425	5.20779927031837
5.14541406904891	0.0929038144492635	4.96325123526557	5.32757690283225
4.96704850203556	0.089208399720467	4.7921426891396	5.14195431493153
4.97834664479684	0.0879665775059904	4.805857309013	5.15083598058069
5.00964890629835	0.0907442182269853	4.83173628789073	5.18756152470596
4.94039652300412	0.0873525207319767	4.76911123964994	5.1116818063583
4.98358673619496	0.091294438438258	4.80457792888761	5.16259554350231
5.00511334334647	0.093486862271097	4.82181548343096	5.18841120326199
4.99905653418703	0.0911569529885414	4.82030931498733	5.17780375338674
5.08779605713982	0.0889491353605798	4.91338242442936	5.26220968985027
5.01277572171436	0.0929329476029739	4.83056252758519	5.19498891584352
5.01672793960137	0.0879828866424857	4.84422239914577	5.18923348005697
5.06462738096268	0.0899343748951182	4.88828572229673	5.24096903962864
4.93491680456103	0.0922098078219985	4.75410810997896	5.1157254991431
5.06269165297391	0.0900312184499651	4.8861448539032	5.23923845204463
4.9511015469285	0.085372903256511	4.78368705694587	5.11851603691113
4.96585020543849	0.0906616779164372	4.78807483005274	5.14362558082424
5.12887048648392	0.0947206002259229	4.94312781601804	5.31461315694981
5.05222067602233	0.0897723482300728	4.87620921482569	5.22823213721898
4.89827066869542	0.0893208443320142	4.72314488881599	5.07339644857485
4.95848285649467	0.0887122280103496	4.78455128834641	5.13241442464293
5.03599968513937	0.0872711609628635	4.86489699839791	5.20710237188083
5.19605811658645	0.0904824555521459	5.01865008023208	5.37346615294083
5.0162318964734	0.0903257716504754	4.83910989981632	5.19335389313049
4.94948763181573	0.0863718664697203	4.78012595846563	5.11884930516582
4.97258743342584	0.0874244910532469	4.80116430285127	5.14401056400042
5.0857407686227	0.0892245318057079	4.91079594543021	5.26068559181519
4.94206379795481	0.0915171883016581	4.76262623499863	5.12150136091099
5.18487404353468	0.0901703258767379	5.00807891256299	5.36166917450636
4.90920413176879	0.0893504138775665	4.73400901857958	5.08439924495801
5.07988974299319	0.0865460251002489	4.91018585847059	5.2495936275158
4.89486565061857	0.0902345418904476	4.71795072874235	5.07178057249479
4.97793120933549	0.0868905992201178	4.80756732470511	5.14829509396587
5.02834014385517	0.0913301331653323	4.84927023430557	5.20741005340476
5.03271302880838	0.088894822248028	4.85842232165734	5.20700373595943
4.93632029849988	0.0900853940743019	4.75969497626943	5.11294562073034
5.00204327576579	0.0900544700694581	4.82546459988368	5.17862195164791
4.83424069178638	0.0881845268533793	4.66134281513029	5.00713856844247
5.04376135327452	0.0920366689808804	4.86329791520866	5.22422479134037
4.96689814580215	0.0919199900708492	4.78664227799121	5.14715401361308
5.07681545509584	0.0880605101646346	4.90415750339476	5.24947340679692
5.19895678244051	0.0945935092310771	5.01347805181531	5.38443551306572
5.03206359989468	0.0871541674296072	4.86118446779691	5.20294273199245
5.07950440544293	0.0921669556110176	4.89881087090064	5.26019793998523
5.03559315475937	0.0886260328258969	4.86180990588911	5.20937640362962
4.96347222881001	0.0877164387772194	4.79146655079508	5.13547790682494
4.97703081451453	0.0887725177271904	4.80296865695275	5.15109297207631
5.08585688883836	0.0933683092269454	4.90278833752409	5.26892544015262
4.99533471115224	0.0914840071023236	4.81593857956068	5.17473084274379
4.93579098924671	0.090326776214978	4.75867297401113	5.1129090044823
4.85873711865831	0.0870807793712278	4.6880155980694	5.02945863924722
5.07915286128012	0.0894294873387225	4.90381000722493	5.25449571533532
4.92332104881437	0.0914713265992276	4.74395859598848	5.10268350164027
4.87002714522875	0.0873579244844061	4.69873853862377	5.04131575183372
4.92468701292973	0.091442990076645	4.74539919186042	5.10397483399905
4.95824193400353	0.0850416724475325	4.79149214960063	5.12499171840644
5.01359177295124	0.0919459588386064	4.83332539630635	5.19385814959614
4.98660974194667	0.0917880339113729	4.80661509926314	5.1666043846302
4.85492777746496	0.0848192395367354	4.68863084774131	5.02122470718861
5.01769931517425	0.0869728439086399	4.84717087938193	5.18822775096656
4.93779241426434	0.0884571035676883	4.76436227051897	5.11122255800971
4.93034593800287	0.0883028972331134	4.75721499355177	5.10347688245397
4.96637504588632	0.08883716112956	4.7921762865403	5.14057380523235
5.0437814472513	0.0900758787901564	4.86715633363968	5.22040656086291
5.12348280120669	0.0907118928143513	4.94560844174839	5.301357160665
4.9044752508623	0.0924918853577305	4.72313506713367	5.08581543459094
4.98465943673852	0.0908974778669236	4.80641700700929	5.16290186646775
4.98135591315712	0.0872075259174137	4.81034828078939	5.15236354552485
5.08180879833731	0.0916021352489158	4.90219091714936	5.26142667952525
4.87776354619235	0.0921706361442012	4.69704026378649	5.05848682859821
4.77397568836574	0.0873219582133885	4.60274641512222	4.94520496160926
4.87100983095233	0.0882240982163935	4.69803243427757	5.04398722762709
5.05528148967125	0.090107598610883	4.87857486794005	5.23198811140245
5.09064073328254	0.0932062065998347	4.90788725814564	5.27339420841943
4.87224798296775	0.0912563435905558	4.69332395575864	5.05117201017685
5.04382229679332	0.0911092100231325	4.86517699750819	5.22246759607844
4.86348078024956	0.0896606847176672	4.68768913747989	5.03927242301922
4.98608920638132	0.0884388459739164	4.81266311637376	5.15951529638888
5.03550643190894	0.0860379745725773	4.86680642535091	5.20420643846697
5.14066969991436	0.0902558832915239	4.96370374896484	5.31763565086388
5.08334700678523	0.0905665384575418	4.90578501566101	5.26090899790945
5.08301803231845	0.0894206402633044	4.90766923659521	5.2583668280417
4.98692219785878	0.0926898131421986	4.80516846890156	5.168675926816
5.04273290495907	0.0892786661271435	4.8676620973059	5.21780371261224
5.11510853028163	0.0892961406404087	4.94002395626841	5.29019310429485
5.12777038725443	0.0855612717419922	4.96001677141348	5.29552400309537
4.94300438224707	0.0844374492150515	4.77745922203707	5.10854954245707
4.86556378876192	0.0886462074243184	4.6917247149766	5.03940286254725
4.88594355919793	0.0931292090013994	4.7033432202078	5.06854389818806
4.99687594565983	0.0870276701903716	4.82623384138666	5.167518049933
5.06924897836972	0.0903569262416632	4.89206656732145	5.246431389418
5.06549611940011	0.0900804571796487	4.88885931599386	5.24213292280636
5.02477370482202	0.0883051042655048	4.85163083578119	5.19791657386285
5.12448847269692	0.0898834226991356	4.94825467753829	5.30072226785555
4.95489729807857	0.087190158972563	4.7839481892419	5.12584640691524
5.00516038185073	0.0883851428546648	4.83188176380657	5.1784389998949
5.14399538118608	0.0878282531890298	4.97179552128611	5.31619524108606
5.03168312122633	0.0870904591575626	4.86092830854487	5.20243793390779
4.97724932214173	0.0889755832410843	4.80280206402302	5.15169658026043
4.97514989158151	0.0854150545060363	4.80769935527271	5.14260042789032
4.93074994482089	0.0901252675677502	4.75404818148918	5.1074517081526
5.14841151082754	0.0858406441362101	4.98008873689756	5.31673428475752
5.04419724731387	0.0886955281597822	4.87028776631708	5.21810672831065
5.10420996902382	0.087033592687958	4.93356768954262	5.27485224850502
4.98195640785464	0.0877555644932542	4.80990886586455	5.15400394984472
5.27251711885665	0.0921278161449998	5.09189839249478	5.45313584521852
4.94147143023409	0.0897429945713897	4.76553141551613	5.11741144495205
5.20740940258314	0.0886070273857675	5.0336623294261	5.38115647574017
4.97808533733517	0.0894888572065205	4.80262868254509	5.15354199212525
4.9446319754579	0.0908843175976417	4.76642595240097	5.12283799851483
5.02387763532074	0.0904916829962887	4.84646094949497	5.20129432114652
5.02767073612086	0.0885497622531294	4.85403921881978	5.20130225342194
4.96794368911238	0.0907672232872379	4.78996815684733	5.14591922137742
5.08991137733238	0.0902910777528804	4.91286058970458	5.26696216496017
4.85975088401555	0.0900262995154925	4.6832471863838	5.0362545816473
4.9543945685262	0.0924409669944554	4.77313835044121	5.1356507866112
4.98225967651418	0.0909946960747719	4.80384415090723	5.16067520212113
4.90771859729909	0.0892454792505932	4.73273300073492	5.08270419386326
4.92191169061301	0.089494823613936	4.74643380032532	5.0973895809007
4.94287153887403	0.0870721947282783	4.77214184016333	5.11360123758473
5.05485203205434	0.0896865736689944	4.87901605907936	5.23068800502931
4.87853525778508	0.0900555714744116	4.70196907183414	5.05510144373603
5.03274685705856	0.088939076735789	4.85835906394852	5.2071346501686
4.9794357653697	0.0901911234583447	4.80258720891598	5.15628432182341
5.03679715060252	0.0893386021001727	4.86163927409044	5.2119550271146
5.04131909041654	0.0899388586637336	4.86498632563535	5.21765185519772
5.05793767634051	0.0921940892626602	4.8771441541886	5.23873119849243
4.94568167377948	0.0902774082723446	4.76866158481335	5.1227017627456
4.97801679457149	0.0910039111015911	4.79956863200571	5.15646495713727
4.92184503405962	0.0866722677316957	4.75191941058452	5.09177065753472
5.02411693696433	0.0935996255365916	4.84056666014268	5.20766721378598
5.03711341681454	0.0844414925285089	4.87155736364927	5.2026694699798
4.88096106748064	0.0891262956992592	4.70622497523663	5.05569715972465
5.13171850187663	0.0887287212998654	4.95773144653774	5.30570555721553
4.95240164104478	0.0895418624330784	4.77685790129537	5.12794538079419
4.87701200965294	0.0886074232876191	4.70326048766153	5.05076353164435
5.03831555479746	0.0906580910116297	4.86055426078045	5.21607684881447
5.01258836433421	0.0867058193611393	4.84259173754415	5.18258499112426
5.08131484972922	0.0867827567053191	4.91117152009283	5.25145817936562
5.074822339285	0.0899812394587707	4.89840325985534	5.25124141871466
5.05448036331837	0.0928401075489345	4.87245096709153	5.23650975954521
4.97432283330207	0.0924211183965857	4.79311029296979	5.15553537363436
5.07563042342979	0.0873848618182992	4.90428195495766	5.24697889190193
4.99079875109875	0.0903079717545693	4.81374066764377	5.16785683455372
5.10445214630856	0.0908349267951823	4.9263535616121	5.28255073100503
4.85156501388295	0.0897456334554175	4.67560607485051	5.0275239529154
5.00947126865062	0.0873012243015296	4.83830519672862	5.18063734057262
4.91608891146882	0.0884746492980406	4.74259969262849	5.08957813030914
5.05615748785216	0.0884912171029782	4.88263912671896	5.22967584898535
5.02627111699618	0.0918630403801591	4.84616004935983	5.20638218463252
4.91910010850939	0.0879855189680744	4.74655964360004	5.09164057341874
4.92118285036952	0.0886474188548288	4.7473634019141	5.09500229882494
4.93416358420292	0.0942168728328912	4.74942092210418	5.11890624630166
5.11792704905687	0.0890702856033229	4.94327646126968	5.29257763684406
4.93208807366436	0.0902991908873067	4.75505682200779	5.10911932532093
4.88891800257197	0.08818003089561	4.71601220255862	5.06182380258532
4.98457276194547	0.0908377158194846	4.80647750543852	5.16266801845242
4.96260158090287	0.0902431728102087	4.78564532003699	5.13955784176875
4.98363049770832	0.0923953496955762	4.80246418134488	5.16479681407176
5.05075582231688	0.0915589739043174	4.87121907171251	5.23029257292125
5.0629267074741	0.0872027318207971	4.89195165048707	5.23390176446113
4.79883778465824	0.0891722918688699	4.6240012288763	4.97367434044017
4.92565735644244	0.0884505740096695	4.7522223920672	5.09909232081767
5.06046412767553	0.0921295532133055	4.87981866212751	5.24110959322355
4.98087067208973	0.0927936099587021	4.7989212263613	5.16282011781816
5.0462685181778	0.087036451870345	4.87561991747823	5.21691711887737
5.20131572741634	0.093957822109639	5.01705356198817	5.3855778928445
4.98439684704301	0.0883023458206591	4.81124083325233	5.15755286083369
4.97091397677174	0.0915674095392813	4.79135193115465	5.15047602238883
5.0438140581282	0.0912477667703312	4.86490202413031	5.2227260921261
5.04468207362639	0.0870205298909518	4.87406561034236	5.21529853691042
4.99386774030133	0.0907117998638688	4.81602719541963	5.17170828518302
5.03366212249822	0.0854336255219888	4.86616083762348	5.20116340737295
5.02707359797067	0.0935034570620311	4.84373447265312	5.21041272328823
5.0281576979946	0.0872158281532232	4.85712452080051	5.19919087518869
5.04384365433025	0.0896451392414472	4.86808766339157	5.21959964526894
5.08154861414702	0.0923390212758331	4.90050645935879	5.26259076893524
5.00687280413679	0.087929557101125	4.83447183267397	5.17927377559961
5.03146909795764	0.0922073853517851	4.85068243733064	5.21225575858464
4.87140473767785	0.0878449221607133	4.69916956626611	5.04363990908959
4.98090229176091	0.0865305027392027	4.81122537972191	5.1505792037999
4.99650879353444	0.0897193194299192	4.8205946504749	5.17242293659399
4.97715759021471	0.0876174879543073	4.80535128224511	5.14896389818432
4.85787351706663	0.0895780829953038	4.68224287220309	5.03350416193017
5.00133309672371	0.0905879039302444	4.8236916092193	5.17897458422812
4.85704745191918	0.0922347216396989	4.67621034579467	5.03788455804368
5.04216432921663	0.0870590141256872	4.87146665947109	5.21286199896217
4.98552365510922	0.0897507213513696	4.80954825966671	5.16149905055172
5.22856329806713	0.0906341267869514	5.05083876566894	5.40628783046531
4.92350192889558	0.0890347704598512	4.74893239801852	5.09807145977264
5.12962726885067	0.0926610021062924	4.94795667703948	5.31129786066186
4.82880514285546	0.0867506632847176	4.65869806067318	4.99891222503774
4.994109043104	0.083972231280035	4.82946249304743	5.15875559316056
5.18230237861769	0.0858150207813542	5.01404047616552	5.35056428106986
4.97450053406786	0.0853898116761604	4.80707081037005	5.14193025776566
4.95186711641229	0.0871221983050055	4.78106370605065	5.12267052677392
4.95685848514848	0.0938120501399342	4.77288600476711	5.14083096552985
5.0786795143003	0.090155107063911	4.90190261397401	5.25545641462658
4.95295837939253	0.0910515673201142	4.77441899740267	5.13149776138239
4.81321625296206	0.0928150201002794	4.63124533169754	4.99518717422659
5.086941764885	0.0877193140028832	4.91495678894498	5.25892674082501
4.92979077015845	0.0855968128471642	4.76196891909605	5.09761262122085
4.8785182828087	0.08936824347145	4.70329102541467	5.05374554020274
4.84201389324132	0.0870137467500932	4.67140726001937	5.01262052646328
4.94377822841192	0.0882871822726997	4.77067324449248	5.11688321233135
5.02737309539666	0.089979105356167	4.85096409146083	5.20378209933248
5.00653103815786	0.0878878797983561	4.83422737639142	5.17883469992429
5.05671985666251	0.0908037879862888	4.87867008991677	5.23476962340826
5.00840624628801	0.091376398401326	4.82923134452193	5.1875811480541
5.08724937083577	0.0869935193057465	4.91668274687103	5.2578159948005
4.98417128351235	0.0889260331323775	4.80981766953889	5.15852489748581
5.04323687025338	0.0855398921174552	4.87552161227651	5.21095212823025
5.16711076180125	0.0879377818815214	4.99469381283242	5.33952771077007
5.03369142668641	0.0911287635918199	4.85502637812615	5.21235647524667
5.06805241017048	0.0905955581407671	4.8904280398683	5.24567678047267
5.05024587722164	0.0885296371916514	4.87663374584596	5.22385800859732
5.05481886598777	0.0879949089409462	4.88226793570169	5.22736979627384
5.03421099445297	0.0897414723359087	4.85825737529723	5.21016461360871
5.02767863553665	0.0874834179065377	4.85614331473616	5.19921395633714
4.98768427853638	0.0845384874854199	4.82191910572595	5.1534494513468
4.88716322203873	0.0906337913750016	4.70945155833269	5.06487488574476
5.03112917693467	0.0877191733838922	4.85915135394102	5.20310699992832
5.08040520599694	0.0898463587364049	4.9042422023238	5.25656820967008
5.09746431264927	0.0863256420481336	4.92821555905538	5.26671306624317
5.09134483536583	0.0877082232291926	4.9193694296355	5.26332024109616
4.99937171355909	0.0894578422913734	4.82397212287546	5.17477130424272
5.1383759881503	0.0889548772255284	4.96397915580885	5.31277282049175
5.03449462164791	0.0893686512432116	4.85926330828831	5.20972593500752
5.01005638651019	0.0921111612834299	4.82944065504837	5.19067211797202
4.9959893757465	0.0887685261252803	4.82193068057517	5.17004807091782
5.05902319929756	0.0912456251479795	4.88011364309093	5.23793275550419
5.0307480835192	0.0868760901851901	4.86040543921505	5.20109072782336
5.06382526572384	0.0876299776480148	4.89202494704092	5.23562558440676
4.88761231345687	0.0850231257739539	4.72090211606161	5.05432251085213
4.94660698103325	0.0897980123211822	4.77053603926443	5.12267792280208
4.98121700741945	0.0927001220063016	4.79946025482403	5.16297376001486
5.12229048271014	0.0882760702121294	4.94920663009694	5.29537433532334
5.04878021336183	0.0885167478564691	4.87523795391744	5.22232247280621
4.95771395883783	0.0866666798448773	4.78779338003365	5.12763453764201
4.99218836474057	0.0914394069646033	4.81288712249278	5.17148960698835
4.93601868069402	0.0917066536491387	4.75621061689448	5.11582674449357
4.99521574184037	0.091897142338751	4.81502440825467	5.17540707542607
5.21776922846021	0.0881062320628687	5.04498438930297	5.39055406761745
5.08418939684856	0.0889432187186275	4.90976810914245	5.25861068455468
4.98497121453445	0.0912982065277087	4.80594871195229	5.16399371711661
4.98485456472791	0.0850884230042907	4.81802933253791	5.15167979691791
4.99660575442406	0.088595634959863	4.82290305060984	5.17030845823827
4.99855440218065	0.0877547437972061	4.82647867929532	5.17063012506598
4.96565225172716	0.0885770881066162	4.79196928801709	5.13933521543724
5.12384643100456	0.088684133107609	4.94995126040289	5.29774160160624
4.8758899639487	0.0934363912744246	4.69265344265098	5.05912648524642
4.9721739114035	0.0868510768336598	4.80187159797828	5.14247622482873
5.06426115391877	0.0898125455932741	4.88816268437899	5.24035962345854
5.02591318423646	0.0911879106829362	4.8471268702435	5.20469949822942
4.84095328132929	0.0903498355334109	4.66379417111708	5.0181123915415
4.96958403562016	0.0890406995422858	4.79502113136461	5.14414693987572
5.11384866502229	0.0933784451665767	4.93077872755174	5.29691860249284
5.00502733471177	0.0945525838830739	4.81962630219401	5.19042836722953
4.89890249057458	0.0873036432531862	4.72772685238688	5.07007812876228
5.17528100825821	0.0913377202740195	4.99619479956033	5.35436721695609
4.85932542221748	0.0886522960209262	4.68551920792167	5.03313163651328
4.85857191104719	0.0876106430478149	4.68678442331549	5.0303593987789
4.93631847179018	0.0892490158468636	4.76132308894286	5.1113138546375
4.96944968984778	0.0906943872644496	4.79161127832185	5.14728810137371
4.99332812618081	0.0895259678942851	4.81780053834531	5.16885571401632
5.07275956602943	0.0912298690568541	4.89388771892247	5.25163141313639
5.09636489826413	0.0910900263006304	4.91777414419446	5.27495565233379
5.03460838750781	0.0875247384190187	4.86300593017392	5.2062108448417
5.03879147545671	0.0899370224158632	4.86244813572299	5.21513481519043
4.93609751641457	0.0923378482491429	4.75504320225356	5.11715183057558
5.08857337380276	0.0914526363928451	4.90926351416826	5.26788323343726
4.91173186688888	0.0914955294386882	4.732324195928	5.09113953784976
4.80475328133282	0.0908568225936694	4.62661167669746	4.98289488596819
4.97971124972115	0.0883633915599871	4.80644817726653	5.15297432217576
4.96766503489601	0.0875351412355461	4.79604429120885	5.13928577858317
5.07610397492879	0.0925498912926183	4.89462696505457	5.25758098480301
4.91581040356149	0.0886396511022159	4.74202080348952	5.08960000363346
4.9955502211658	0.0916760408384306	4.81581141587007	5.17528902646154
5.02798691538268	0.0847442527149566	4.8618073406309	5.19416649013445
4.92348340192723	0.0945348314894898	4.73812159772862	5.10884520612584
5.15802118353821	0.0922174651985309	4.97720130983457	5.33884105724185
5.01473851125055	0.0866696322031105	4.84478172965004	5.18469529285105
4.90929228064957	0.0907598180656744	4.73131347427756	5.08727108702158
5.00132268009881	0.090906049537768	4.82305480522077	5.17959055497685
4.95051486271752	0.0887857880966319	4.77644146539947	5.12458826003556
4.99401375973157	0.0915079127531532	4.81458333959303	5.17344417987011
5.08572824504383	0.0872365763934652	4.91470424424209	5.25675224584556
4.88502854875279	0.0881514967870099	4.7121956303692	5.05786146713638
4.84567660470207	0.0919539774086588	4.66535711951064	5.0259960898935
5.10704346726641	0.0900206139905395	4.93054312664325	5.28354380788957
4.97175973564657	0.0939024004441518	4.78764321281083	5.15587625848232
4.94235069125952	0.0896081235177493	4.76664943543049	5.11805194708854
5.02123089062915	0.0843327415173171	4.85588306878429	5.186578712474
4.88861949579024	0.0946333355549626	4.7030670378083	5.07417195377217
5.06613718726637	0.0960459750125485	4.87779262402588	5.25448175050686
5.00873697487348	0.0888950760271417	4.83442707994495	5.183046869802
4.92639051989287	0.0878339784606492	4.75417881303875	5.09860222674698
5.15626821737999	0.0942641547481461	4.97142673218375	5.34110970257623
5.08412724986361	0.0906250826390958	4.90645589448016	5.26179860524706
4.9683643710895	0.087333194120944	4.79713000307248	5.13959873910652
5.04861163961677	0.0911152119943285	4.86994352861024	5.22727975062329
5.00258883232086	0.0880543755842799	4.82995015482	5.17522750982171
4.9668363531473	0.0862996850540037	4.79761060745939	5.1360620988352
5.09285948145238	0.0886204095945146	4.91908788318376	5.266631079721
4.99547626036301	0.0918998557058138	4.81528362696089	5.17566889376513
4.95484671766789	0.0874287060372432	4.78341530194794	5.12627813338784
5.20064713542668	0.0900129530470202	5.02416861995643	5.37712565089692
5.15964695616724	0.0896049227090432	4.98395925755235	5.33533465478214
4.95328639298344	0.0897355560499533	4.77735720278899	5.12921558317789
5.14043860337405	0.0861723424900414	4.97147470342486	5.30940250332324
5.01227766310232	0.0886002990963503	4.83855353967605	5.1860017865286
5.12611064548555	0.086986966594371	4.9555485700183	5.29667272095279
4.93631187502994	0.0913372760541677	4.75722901721092	5.11539473284895
5.05984585878999	0.0900287898572866	4.88332589386041	5.23636582371957
4.93095479236946	0.0880882471390518	4.75823103991639	5.10367854482252
4.97855253704288	0.0904069379523597	4.80128831986321	5.15581675422255
5.05759469949275	0.0882264107733963	4.8846249231184	5.23056447586711
4.98665929811901	0.0885345441963955	4.81306193773382	5.1602566585042
4.99044871696052	0.0898500704796961	4.81427395891671	5.16662347500433
4.95352809702281	0.0895501630334438	4.77793045971674	5.12912573432889
5.02185018220059	0.0887825114600521	4.84776369464114	5.19593666976004
5.00281902227615	0.085916949208202	4.83437214774471	5.17126589680759
4.89120576925683	0.0852337890674233	4.72410797463216	5.0583035638815
5.05974587547255	0.0903982644457302	4.88251088674665	5.23698086419846
5.04489960607042	0.092087020935027	4.86432500320555	5.22547420893529
4.77305051237706	0.0898280510951182	4.59693172287565	4.94916930187847
5.01572373604755	0.0877620429965333	4.84365069429224	5.18779677780286
4.92994753652701	0.0895918417798807	4.7542993562914	5.10559571676262
4.87751978975722	0.0930146202032748	4.69514952581092	5.05989005370351
4.99252915621795	0.0915103859684266	4.81309816062534	5.17196015181056
4.9036863631654	0.0914241728930933	4.72443584314665	5.08293688318415
5.016371963	0.0869731088759698	4.84583793824719	5.18690598775281
5.16548129714747	0.0958390888858332	4.97756332413331	5.35339927016162
4.97512877267271	0.0836460402966401	4.81111762390631	5.13913992143911
5.12953896521946	0.0934584329532028	4.94630389193233	5.31277403850658
5.02662897700522	0.0900960842374492	4.84996515034441	5.20329280366603
5.1418964298889	0.0873856565929396	4.97054707859513	5.31324578118267
5.00373895837612	0.0922462488061332	4.82285299628825	5.18462492046399
4.92759144896833	0.0919979323658114	4.74718064500565	5.10800225293101
4.8564815091392	0.0918297142439851	4.6764003538696	5.03656266440881
4.85339786900592	0.090060138309002	4.67681912917513	5.0299766088367
4.96874547543468	0.0908853090428248	4.79053080156064	5.14696014930873
4.95747394140147	0.0887997841323058	4.78335584261587	5.13159204018706
5.0276748447694	0.0871416877073098	4.85682879211627	5.19852089742252
5.04685607283423	0.0900540255505433	4.87027115091705	5.22344099475141
5.00790181755472	0.0926373777227383	4.8262702146796	5.18953342042983
5.03471850546526	0.0874283664224679	4.86329882819023	5.2061381827403
4.99210157133742	0.0913387325551659	4.81301827562435	5.1711848670505
4.90832865268151	0.0935280215618754	4.72495731733331	5.09169998802972
5.05528268657234	0.0871441946413144	4.88442307132119	5.22614230182349
4.94893772554819	0.0881677379360557	4.77606696519757	5.12180848589881
4.87794285183646	0.0877935991789601	4.70580006948823	5.0500856341847
5.04357051007313	0.0893032717993183	4.86848723096038	5.21865378918589
5.03771462144751	0.0887537007932659	4.86369891598978	5.21173032690524
4.9061673955841	0.0894869719212542	4.73070306201674	5.08163172915145
4.99728995498756	0.0876096690439669	4.82551653439138	5.16906337558375
5.14147146001165	0.0885748988276342	4.96778011597615	5.31516280404715
5.01485360192556	0.094582574890302	4.82938627008305	5.20032093376807
5.08539322034096	0.0900482931851257	4.90882554619338	5.26196089448855
4.97893463649004	0.0880508497074362	4.80628768292394	5.15158159005613
4.86183412914018	0.0918238566663485	4.68178508805093	5.04188317022944
4.98578251635624	0.0905198891615913	4.80829873844526	5.16326629426722
5.02367911261525	0.0904491958410222	4.8463321738063	5.20102605142419
4.84941118876884	0.0941977939812823	4.6646891918088	5.03413318572888
5.13349832410715	0.0837516121306212	4.96928863304802	5.29770801516628
5.02633675869231	0.0853747718157302	4.85895921871347	5.19371429867115
4.92563905901116	0.0916083535457981	4.74601029771304	5.10526782030927
4.90514797943402	0.0903660148280317	4.72797179908284	5.08232415978521
4.96771218509636	0.0855673945986356	4.79994299916075	5.13548137103197
4.87182182429034	0.0918358861057602	4.69176501530602	5.05187863327466
4.98612718616596	0.0907297732355091	4.80821311139158	5.16404126094034
5.07159647369385	0.0900734818927282	4.89497775734644	5.24821519004125
5.15177407212489	0.0873332439809978	4.9805447260891	5.32300341816068
5.00820892042404	0.0936686852463945	4.82456002578069	5.19185781506738
4.95619560135116	0.0913181508217364	4.77713580451451	5.13525539818781
5.06958842888294	0.0892769802570486	4.89452491524284	5.24465194252303
5.10742219321719	0.0882746616307158	4.93433239211865	5.28051199431574
4.88664557806151	0.0878412814206208	4.71441989616809	5.05887125995494
5.01629199143844	0.0887731161909239	4.84220845772222	5.19037552515467
5.14959566945861	0.0903999918632153	4.97233765267642	5.3268536862408
5.10011966938223	0.0892096250837241	4.92519117109267	5.27504816767178
5.08357078667555	0.0908390665251545	4.90548109308335	5.26166048026774
4.91743280402421	0.0902558236825194	4.74045961780912	5.0944059902393
4.95503361106903	0.0922055281457209	4.77423693507369	5.13583028706437
4.91318920867837	0.0869358956712199	4.74273006490653	5.0836483524502
5.09760579455738	0.090252895741163	4.92066367754115	5.27454791157362
4.96617429179137	0.0923901709910197	4.78500479164436	5.14734379193839
4.98854453851884	0.0897874797862126	4.81250761655933	5.16458146047835
5.01899149794856	0.0892262931930533	4.8440206120814	5.19396238381572
5.04449519414593	0.090742512408745	4.86658033571936	5.22241005257251
5.07144442488497	0.0893833021465056	4.89617032040626	5.24671852936369
4.87117728221264	0.0898511034263891	4.69501272493958	5.04734183948571
4.91997804277287	0.0877030884235056	4.74801640866604	5.09193967687971
5.08954401618797	0.0924898019419923	4.90819394653866	5.27089408583729
5.13130897915559	0.0874732154246355	4.95979938248123	5.30281857582995
5.06947448126695	0.0896696865895729	4.89364410991582	5.24530485261808
4.96038775010229	0.0942950205915272	4.77547015188621	5.14530534831837
5.17334793977446	0.0889212549503443	4.99900534280516	5.34769053674375
4.90854038459657	0.0869811362360703	4.73799108280264	5.0790896863905
5.05879157425405	0.0951111637760362	4.87227909687665	5.24530405163146
5.10096102584859	0.0882367295319956	4.92796062231644	5.27396142938074
5.02410605141369	0.0870846172208163	4.85336557555863	5.19484652726875
5.15224868383245	0.0875260827432508	4.98062969388862	5.32386767377627
4.94504449384519	0.0870159587154442	4.77443527247539	5.11565371521499
4.93358404351008	0.0877345621567023	4.76158497199149	5.10558311502867
5.08750420062383	0.0877579136853821	4.91541039040891	5.25959801083875
4.84754358773885	0.0891993190445224	4.67265174873466	5.02243542674303
4.87968305106764	0.0891456882433471	4.70490267141222	5.05446343072306
5.10040508165854	0.0931615275386496	4.91775852602893	5.28305163728815
4.966395040517	0.0937486543922103	4.78257346212478	5.15021661890922
5.00872461458954	0.0875925809034231	4.83698342775854	5.18046580142055
4.87631567779692	0.0891203768248242	4.70155164513613	5.0510797104577
5.00931699253069	0.0886831657651722	4.83545243912697	5.18318154593441
4.919789162863	0.0902746528919272	4.7427899887044	5.09678833702161
5.14390111716036	0.0892659665846604	4.96886224141868	5.31893999290205
4.9740019985809	0.0891648968827236	4.79917400530805	5.14882999185376
5.08914860889573	0.0892600091320296	4.91413526315817	5.26416195463328
5.09687467465176	0.0856023890659709	4.92903395835164	5.26471539095188
5.18610982128948	0.0879658300454213	5.01363815307836	5.35858148950061
5.0696647106077	0.0912745084171994	4.89070415968285	5.24862526153255
4.96661271951494	0.0889669227434667	4.79217686550548	5.14104857352441
4.96902216605475	0.0872536789926328	4.79796108908266	5.14008324302684
4.86783909459206	0.0855443334190257	4.7001206898329	5.03555749935121
4.8646873863504	0.0914255928595116	4.68542266988983	5.04395210281096
5.06957571736461	0.0937294903035126	4.88578437406963	5.25336706065958
4.8656320890616	0.0897837072448172	4.68960276099391	5.04166141712929
5.16721423839891	0.0885880783686962	4.99351149455631	5.3409169822415
4.93248732962075	0.0866452123782584	4.76260342206965	5.10237123717185
5.02750170578743	0.0907487987407629	4.84956644794195	5.20543696363292
4.85901376958321	0.0889437714979206	4.68460596362634	5.03342157554009
4.94871780016115	0.0874244762268415	4.77731985082081	5.12011574950149
5.04201467017433	0.0869318184375686	4.87157900193555	5.21245033841311
5.077801186291	0.0892346884058743	4.90283383647441	5.25276853610759
4.72711083228327	0.0928695748322535	4.54499805550232	4.90922360906422
5.02608517292756	0.0870447061211414	4.85541624975265	5.19675409610247
5.09837829692131	0.0896575385056132	4.92259725178818	5.27415934205444
4.94461066901037	0.0926335608751474	4.7629765886972	5.12624474932355
5.11847666650843	0.0917084296744495	4.9386660210722	5.29828731194466
4.86435264148956	0.0923461734178455	4.68328406003388	5.04542122294524
4.98288066268594	0.0893348450811153	4.80773560483929	5.15802572053258
4.98128661401673	0.0884330928630277	4.80790323103392	5.15466999699953
4.94668054440434	0.0879741733953546	4.77419696954304	5.11916411926564
4.91652527622151	0.0862921368941974	4.74732481539429	5.08572573704874
5.0611962901747	0.0869279209013144	4.89075867718728	5.23163390316211
5.21015199608849	0.0888889389694475	5.03585772205294	5.38444627012403
4.93353115466172	0.0911139468570598	4.75486701145759	5.11219529786585
5.02905005460766	0.0897808609951423	4.85301983706355	5.20508027215178
5.12310648180541	0.0860085308882543	4.9544710209642	5.29174194264663
4.92378027190128	0.0897275519556805	4.74784693925738	5.09971360454517
5.13162622560756	0.08893053296912	4.95724060382078	5.30601184739434
4.88696109245282	0.0933371947902874	4.70392561771167	5.06999656719396
5.13268944966503	0.0906750079023661	4.9549213968845	5.31045750244556
4.96378381215652	0.0888513124368285	4.78957101588181	5.13799660843124
4.9428440773715	0.0913084193599861	4.76379209808601	5.121896056657
4.92419128283108	0.0887724071430148	4.75013521587138	5.09824734979078
4.97480077617358	0.0924354403749018	4.79356170858862	5.15603984375854
4.99107377217178	0.0850438858543227	4.82431225930153	5.15783528504203
5.14565208156444	0.0894029464817269	4.97036478827718	5.3209393748517
4.90701754933541	0.0905016060709053	4.72957941326536	5.08445568540546
5.11126031214688	0.0887771530364087	4.93718899990674	5.28533162438701
5.17187622902792	0.0883699574937079	4.99861991034407	5.34513254771177
4.90878159764175	0.0901149917113045	4.73207914920914	5.08548404607436
4.86156530810373	0.0859064473812984	4.69313621051771	5.02999440568976
5.01720765752641	0.0921753312378511	4.83645481021067	5.19796050484215
4.92248640595855	0.0885595656157756	4.748851579611	5.09612123230609
4.94998970736386	0.0941323092682878	4.76539746669761	5.1345819480301
4.98023755103714	0.090757433313194	4.80228907159769	5.1581860304766
5.01111603416178	0.0918981315931693	4.83091619402819	5.19131587429536
4.88490525352961	0.092038514678935	4.70444818386436	5.06536232319487
5.10821920456187	0.0936733094618718	4.92455826707904	5.2918801420447
4.99919322526163	0.0883323193385113	4.82600067610935	5.17238577441391
5.0657390644757	0.0906549496910044	4.88799406349055	5.24348406546085
5.02527512711369	0.087958327512223	4.85284129243041	5.19770896179697
5.13770879286655	0.0879460086540649	4.96527647309566	5.31014111263744
4.95656103354298	0.0913466768983169	4.77746495370163	5.13565711338433
5.15492052750379	0.0889097961702643	4.98061079644469	5.3292302585629
5.11499285907456	0.091359804605843	4.93587964157968	5.29410607656943
4.94425610268169	0.0911199444660042	4.76561225266169	5.12289995270168
5.03717724366729	0.089017720194335	4.86264490304845	5.21170958428613
4.93695410508562	0.0903022457904139	4.75990549045406	5.11400271971717
5.19537176599129	0.089259405745503	5.02037043259331	5.37037309938926
5.04754680743549	0.0874701846613047	4.87605409621094	5.21903951866004
5.20334924934099	0.0901557084463165	5.02658179664724	5.38011670203474
4.99006557770304	0.0934476004561634	4.80685045426025	5.17328070114583
4.99013149176516	0.0885771968516982	4.81646293584134	5.16380004768898
4.70564024550469	0.0893980574536025	4.53036023787551	4.88092025313387
4.87410977109954	0.0882155372568448	4.7011371456079	5.04708239659117
5.09615626371764	0.0878646258277486	4.92386620093439	5.26844632650089
5.1116108882371	0.0929477441843585	4.92934289540445	5.29387888106975
5.02140986399153	0.0873391720514504	4.8501662282382	5.19265349974485
5.13013568999527	0.0913162354170849	4.95109151184963	5.30917986814092
4.90256019335834	0.089407073839802	4.7272683463618	5.07785204035488
5.05580436459003	0.0890915035469873	4.88111607333652	5.23049265584353
4.87802914595902	0.0888550067975293	4.70381033167574	5.0522479602423
5.06918556026271	0.092548528453414	4.88773543108408	5.25063568944134
4.95393819483454	0.0874953300037997	4.7823964163342	5.12547997333488
4.9167116611381	0.0917703554150251	4.73675700918059	5.09666631309562
4.97261411821887	0.088514561463033	4.79906620531365	5.1461620311241
5.14278440713966	0.0887249483347612	4.96882032555908	5.31674848872024
4.84555279117808	0.089154573757001	4.67075237804377	5.02035320431239
4.88123885724881	0.089697603521944	4.70538064788328	5.05709706661434
4.98787548056776	0.0877655617154238	4.8157927308181	5.15995823031742
4.92574610172746	0.0913675869885094	4.74659435440345	5.10489784905147
4.8633647021169	0.09057892402647	4.68576914630487	5.04096025792894
5.18913048397133	0.0879428110119639	5.01670929804321	5.36155166989946
5.0010323230199	0.0878115280365349	4.82886774236611	5.1731969036737
5.06621356403977	0.089292616893848	4.89114467927588	5.24128244880365
5.09988095601059	0.0905407826823851	4.92235655231088	5.27740535971031
4.94212017640181	0.0894692300955757	4.76669714758015	5.11754320522347
5.08681280479263	0.0897244059837688	4.91088872015776	5.2627368894275
4.95990564117757	0.088943050308138	4.78551536748232	5.13429591487282
4.89897416222236	0.0888124375742382	4.72483196372312	5.07311636072161
4.90092846235551	0.0853172168770487	4.73366878889859	5.06818813581242
5.23459606871159	0.0881779811752116	5.06170278295672	5.40748935446646
4.97948911524875	0.0875549676249893	4.80782764750031	5.15115058299718
5.00187669823492	0.0915124866703607	4.8224358893284	5.18131750714144
4.93472912563457	0.0946545599662201	4.7491257804566	5.12033247081254
4.92209435289176	0.0869687470707098	4.75156367994215	5.09262502584138
4.8312588089881	0.0922286839463454	4.65041104551966	5.01210657245653
5.11424444478589	0.0866808247854058	4.9442908829539	5.28419800661788
4.99096095692466	0.0898118130416425	4.81483927646863	5.16708263738069
5.19916922836887	0.089769589258083	5.02313990350787	5.37519855322987
5.04118767143662	0.089055571132045	4.86656799140276	5.21580735147049
4.9404900309655	0.0918286429324979	4.76043528818485	5.12054477374615
5.01094934598147	0.0887366979678648	4.8369788458999	5.18491984606304
5.1448318253141	0.0880850426332157	4.97213265655741	5.31753099407078
4.94822113475976	0.0859073539315684	4.77980152129657	5.11664074822295
4.99029141296589	0.089454786918014	4.81491425361447	5.1656685723173
4.91732862421415	0.0837277238251975	4.75315412935804	5.08150311907026
4.99260793312037	0.090711334742595	4.8147447232763	5.17047114296445
5.00614475928577	0.0887191083048999	4.83217421149723	5.1801153070743
5.20436359217147	0.0913832964848304	5.02516940451101	5.38355777983193
5.04176396079391	0.0919324739172319	4.86150102539461	5.22202689619321
5.09946738186291	0.0894373782799487	4.9241176638555	5.27481709987032
4.91650272919535	0.0887538121329006	4.74246991485012	5.09053554354058
4.96144178113365	0.0907714787058493	4.78346369066411	5.13941987160319
5.09406610166271	0.087471070596708	4.92256557134153	5.26556663198389
4.94599682619616	0.0871918615244922	4.77503909518663	5.11695455720569
