estFinal_ps2	sdFinal_ps2	X1	X2
8.9238433161092	0.165460880525591	8.59949605876263	9.24819057345576
9.17812460444892	0.172819314634236	8.83931184534815	9.51693736354968
9.00576634473454	0.162769865289549	8.68667415998418	9.32485852948491
9.06960862886097	0.161076109963954	8.75383374030192	9.38538351742002
8.83065618687627	0.153776615493961	8.52920953144572	9.13210284230683
9.00033036214305	0.168789680033902	8.66946401164777	9.33119671263832
9.37485789783925	0.188821530609511	9.00466514583522	9.74505064984327
8.8168552787659	0.155715761527945	8.51161067419502	9.12209988333677
9.0872385300796	0.173632728611946	8.74678703688787	9.42769002327132
8.92692918443854	0.162179656166249	8.60894936759189	9.24490900128519
9.06037132119559	0.169252998223108	8.72858328742946	9.39215935496172
9.13718897379543	0.169622803827219	8.80468330498737	9.46969464260349
9.16993218901315	0.171433334407085	8.83387431239556	9.50599006563074
9.00348591919933	0.161622426946776	8.68667508596258	9.32029675243608
8.94067370547718	0.16659075517681	8.61404819446012	9.26729921649424
8.99979981509562	0.165435812564217	8.6754793943611	9.32412023583014
9.15806563489478	0.161994013492234	8.84052249179298	9.47560877799657
8.85912230179646	0.169933150772656	8.52603295286506	9.19221165072785
8.93920597042633	0.165261155665524	8.61526492336984	9.26314701748281
8.87296277011393	0.158628725423783	8.56197018380806	9.1839553564198
8.99710290770373	0.179634009259229	8.64490734677854	9.34929846862892
9.05639558126221	0.171901479816679	8.7194161612605	9.39337500126392
8.89060159398545	0.1593707081026	8.57819538799655	9.20300779997435
9.0595513974482	0.161545897022791	8.74286820433402	9.37623459056238
9.03192251549225	0.167108488482456	8.70435892091235	9.35948611007215
8.67874055244892	0.1525373064248	8.37968432646314	8.9777967784347
9.02246056841654	0.168249087176949	8.69263052637291	9.35229061046017
9.12080114380309	0.162587502928619	8.80211014072757	9.43949214687861
8.90740856943728	0.167733977207568	8.57856664272082	9.23625049615373
9.12394077968103	0.167717844350202	8.79519129510409	9.45269026425797
8.7444781063951	0.15670253979343	8.43729418035202	9.05166203243818
8.94571957352554	0.154697284472818	8.64246022745649	9.24897891959458
9.21916117636543	0.175003338909139	8.87602403017325	9.56229832255761
9.22135077772938	0.176914240361579	8.87454121807581	9.56816033738296
8.8973381143673	0.155630711330691	8.59224737094007	9.20242885779452
8.70368387118646	0.15544733469816	8.39896034638344	9.00840739598949
9.09949545327732	0.164129760703273	8.77772016266422	9.42127074389041
8.99004253874056	0.159401208498033	8.67757222616883	9.30251285131228
8.9404429352102	0.158195114836079	8.63031683726004	9.25056903316036
8.90151744689112	0.165026252708914	8.57799831715357	9.22503657662868
9.13720466476908	0.169759347066912	8.8044254664527	9.46998386308547
8.84368151459424	0.16321626220123	8.52369089188653	9.16367213730195
9.03781274984413	0.173062436409312	8.69850525419626	9.37712024549199
9.15858033558123	0.170944265762231	8.82347377733134	9.49368689383112
8.88444875420828	0.16794982099291	8.55521638798011	9.21368112043646
8.89939821738219	0.184096367094363	8.53825951152249	9.26053692324189
9.03418810257584	0.158323302728307	8.72383026430195	9.34454594084974
9.04161999705882	0.163485830816348	8.7211076841199	9.36213230999775
8.86636179264786	0.152654566588351	8.5671274693221	9.16559611597363
9.04290382871431	0.174521670439717	8.70072889492728	9.38507876250133
8.96020072966551	0.157640430598013	8.65114464106058	9.26925681827043
8.9399373710006	0.161381424620587	8.62355445359645	9.25632028840475
8.80366771112308	0.157217163745048	8.49546948174625	9.11186594049992
8.7818787142781	0.167450337088976	8.45352877882612	9.11022864973007
9.01293780284787	0.165688477158556	8.68811951582465	9.33775608987109
9.19091035523842	0.166767118551062	8.86401561704976	9.51780509342707
9.22261883788121	0.164216709995886	8.90073268389774	9.54450499186468
8.96225146393582	0.15986636328932	8.64887344080855	9.2756294870631
8.98934181345287	0.166109873031895	8.66372423929171	9.31495938761403
8.81490810419367	0.15465491933355	8.51174488874057	9.11807131964677
8.87512365267615	0.161170551031226	8.55915537977195	9.19109192558034
8.79891379160687	0.164194656057241	8.47705290304561	9.12077468016814
9.24335184842831	0.165496709088067	8.91892298969072	9.56778070716589
9.05299236124208	0.160727269596685	8.73788319143182	9.36810153105235
9.02087709368163	0.16352547237365	8.70031834258913	9.34143584477412
9.03586225631435	0.174732081961349	8.69320411480487	9.37852039782382
9.0320654398467	0.159835615614186	8.71872889615411	9.3454019835393
9.37332299025102	0.165670092325267	9.04858349569454	9.6980624848075
8.94905524029296	0.162746363969584	8.62997922142454	9.26813125916139
8.96357621640378	0.170583430997765	8.62914753281703	9.29800489999053
8.92430836666805	0.164647859182566	8.60155520272146	9.24706153061463
9.10282639727365	0.168464494885501	8.77258748063236	9.43306531391493
9.04320787611726	0.173635800808944	8.70280567185132	9.3836100803832
9.03162775266022	0.16453885941021	8.70906170827871	9.35419379704172
8.83217845137697	0.16646665985586	8.50584299556946	9.15851390718448
9.2722445698809	0.17302024235837	8.93304659527766	9.61144254448413
9.50880595678618	0.185641508891398	9.14488338780724	9.87272852576512
9.10413433142116	0.171094517872395	8.76874363019321	9.43952503264911
9.10417737620662	0.170108975538337	8.77071721702287	9.43763753539037
9.10371496301636	0.163394346635389	8.78343735260947	9.42399257342325
8.87094928907285	0.160908625441233	8.55545034496901	9.1864482331767
9.05540079921462	0.170562374840043	8.7210563565284	9.38974524190084
8.61383314612717	0.156122018019498	8.30779306788117	8.91987322437317
8.61642555314708	0.170602747245975	8.28191499944541	8.95093610684875
9.34166190818708	0.165570051679024	9.01709613682098	9.66622767955318
8.90048792391658	0.170446451631036	8.56626178632325	9.23471406150991
8.9808722453831	0.158942562916273	8.66929587704784	9.29244861371837
9.13073651074595	0.167462543515508	8.8024188969827	9.4590541245092
8.76418298464929	0.154440247100897	8.46144998810998	9.0669159811886
8.70220396217213	0.149406846948786	8.40930370994432	8.99510421439994
9.01566439500254	0.164599692332274	8.69300007493355	9.33832871507153
9.1530335404795	0.163593971034078	8.83233958411941	9.47372749683958
9.09165915727324	0.165268254592173	8.7676693192378	9.41564899530867
9.18687001542436	0.166537205146492	8.86040071326702	9.5133393175817
8.87235371402642	0.159316045313441	8.56004944818491	9.18465797986794
8.93986326102231	0.159637380987365	8.62692371498516	9.25280280705946
8.90565472773822	0.152471305354782	8.60677828435107	9.20453117112536
8.78540884638035	0.171290772503375	8.44960601511791	9.1212116776428
8.96472253039978	0.173972309334363	8.62354752979041	9.30589753100916
8.79242540471193	0.163352862705395	8.47211758292047	9.11273322650339
9.47308016826901	0.174159872273328	9.13164924029978	9.81451109623824
8.83917294520031	0.163160507495289	8.51933489366311	9.15901099673751
8.81896635016428	0.18142640402694	8.46326840850704	9.17466429182151
8.873573382013	0.152448602046316	8.57472123462518	9.17242552940083
8.81486451026357	0.152762450981978	8.51536017172768	9.11436884879945
8.98519937154564	0.160457933933917	8.67065267360458	9.2997460694867
9.00544202635073	0.177831137674212	8.65672613916452	9.35415791353693
8.75449351480818	0.161629559163523	8.4376168479656	9.07137018165075
8.55860644959291	0.151790770000114	8.26104459642202	8.8561683027638
8.65661340430195	0.158972144413579	8.34497869667769	8.96824811192622
8.83498680267395	0.162397938599145	8.5165887849835	9.1533848203644
9.28174558000402	0.172825584945664	8.94294349406145	9.62054766594658
9.11372830603244	0.173121884961932	8.7743123487939	9.45314426327099
8.98715534620843	0.162642350403201	8.66833127435835	9.3059794180585
8.69726766351181	0.158203642879309	8.38713934423268	9.00739598279095
8.82705337640455	0.156107827332795	8.5210280404033	9.13307871240581
8.71570980755656	0.154031892780639	8.4137449481523	9.01767466696082
9.20007838977312	0.165063175615607	8.87647818890506	9.52367859064118
9.24506237733513	0.168319208263421	8.91505407592906	9.57507067874121
9.15835963636395	0.175345386372111	8.81462493734152	9.50209433538638
9.15795167237784	0.169654349935698	8.82539042734454	9.49051291741114
8.92088603038275	0.178035679340268	8.57181416118031	9.26995789958519
8.88669187613679	0.159619428816934	8.57376492906306	9.19961882321052
9.12597997020314	0.176205929158651	8.78047230187902	9.47148763852725
8.85467958729096	0.152452344109439	8.55583837891312	9.15352079566879
8.96764302786959	0.155635165769656	8.66253757124113	9.27274848449806
8.73428576468794	0.16272029967156	8.41532596663566	9.05324556274021
9.05406978035074	0.153425394524478	8.75332694404769	9.35481261665378
8.97429127235976	0.160962917401078	8.65873740204369	9.28984514267583
8.92730792452328	0.162989582084978	8.60776998569114	9.24684586335542
9.25365902082584	0.195124853278634	8.87104184166361	9.63627619998807
9.0186972396861	0.164713329281677	8.69582384421135	9.34157063516085
9.13079038383095	0.173363285965257	8.79098037711995	9.47060039054196
9.01191784159072	0.176719943300356	8.6653044967422	9.35853118643923
9.01748072974191	0.173946597370314	8.67643633507822	9.3585251244056
8.85008943510476	0.167998435957536	8.52076570370316	9.17941316650636
8.89763100251822	0.162799874972795	8.57845250491136	9.21680950012507
8.78932284456532	0.16213449339579	8.47150975770527	9.10713593142538
8.86012885555648	0.165713211473393	8.53525675309201	9.18500095802095
9.10486796310188	0.16896975464571	8.77366507026316	9.4360708559406
9.04223747507718	0.162032061942704	8.72460764518592	9.35986730496845
9.04860371901957	0.161195388122677	8.73263414760035	9.36457329043879
8.84168526340908	0.160763320758569	8.52651938046011	9.15685114635806
9.11836856281163	0.163873902628851	8.79715799279808	9.43957913282517
8.93768535384566	0.15357914144096	8.63662247978811	9.2387482279032
8.67034649609301	0.155994653205152	8.36449363494798	8.97619935723804
8.86314778777088	0.162924534913262	8.54374466465031	9.18255091089144
9.0508975721534	0.171079567124278	8.71553195272923	9.38626319157757
9.03747804500727	0.171085918606836	8.70210296291975	9.37285312709479
8.80054620772968	0.165539187877	8.47594125855196	9.12515115690741
8.97492992918056	0.155266261611678	8.67053800401083	9.2793218543503
9.14147537679003	0.167237794721922	8.81364833041272	9.46930242316734
9.35540331602286	0.163988567142361	9.03394490384773	9.67686172819799
8.84520836097169	0.176573367059585	8.49888051800863	9.19153620393475
9.08735108114846	0.162315381614686	8.76917315387926	9.40552900841766
8.94616728351083	0.165031528132787	8.62263955803077	9.26969500899089
8.86925402727063	0.163407729670295	8.54885979228921	9.18964826225205
9.16208151069831	0.160134154696713	8.84819059534598	9.47597242605065
8.71794542593457	0.160064433811899	8.40415267350432	9.03173817836482
8.87865156635587	0.160735981193097	8.56354396984566	9.19375916286608
8.97621103440896	0.156754693883051	8.66887769961099	9.28354436920692
8.88824088623862	0.156949948639505	8.58057626639094	9.1959055060863
9.07813097122087	0.162726343333505	8.75914536280881	9.39711657963293
9.25737984923155	0.173767803337506	8.91671598309326	9.59804371536985
9.13267803877212	0.160208752862321	8.81862111170636	9.44673496583788
9.54226756808355	0.194447668543824	9.16099768579541	9.9235374503717
9.21481531472943	0.174559741175131	8.87260340499095	9.55702722446791
9.17280156747935	0.200136366448747	8.78013825760686	9.56546487735185
9.18718801163	0.180045526685796	8.83423557829779	9.54014044496222
9.21731143051042	0.168329108445966	8.88732813552087	9.54729472549997
9.05623078533734	0.159193814545988	8.74415682203752	9.36830474863716
9.18834603438604	0.169014966964648	8.85703537185233	9.51965669691975
8.90305663598662	0.166753613725721	8.57612674273429	9.22998652923895
9.08280228232156	0.159892334503427	8.76936728672329	9.39623727791982
8.83222186049199	0.167375889362129	8.50400881461785	9.16043490636613
8.87833729084749	0.168996661743362	8.54705956866261	9.20961501303237
9.0332936787277	0.167664960136961	8.70455001839792	9.36203733905748
9.03579441753273	0.169139764935968	8.70422647178515	9.36736236328031
9.27111401672114	0.173433372208468	8.9311030180791	9.61112501536318
9.02480847058773	0.165233947394461	8.70090775483303	9.34870918634244
9.29404030006476	0.167273983120846	8.96614905033124	9.62193154979828
9.04542132060464	0.17140224197117	8.70944006294166	9.38140257826761
8.70526519905291	0.165734569242806	8.38035201498235	9.03017838312347
8.87554188565916	0.156439730614655	8.56887451959207	9.18220925172624
9.07838479583727	0.166190112698429	8.75258104973075	9.40418854194379
8.89591497892768	0.152873866724735	8.59623647442127	9.19559348343409
8.91842220044069	0.171412158092169	8.58236853534413	9.25447586553726
9.05092042264631	0.157568075149537	8.74202925342683	9.3598115918658
8.80986547074636	0.152455066364515	8.51100104705459	9.10872989443814
8.9249300238625	0.174924012714553	8.58191450730596	9.26794554041904
9.04356690267434	0.152361026632775	8.74489636290981	9.34223744243887
8.91217394370537	0.167221868410214	8.58433983230359	9.24000805510715
9.08105124701318	0.163122778872083	8.76126978043856	9.40083271358781
9.04640246664891	0.162281979021605	8.72826619145714	9.36453874184068
9.23579588791048	0.182936878507898	8.87714523556959	9.59444654025137
8.88648717147914	0.156175023899063	8.58034591832132	9.19262842463696
8.64001383204105	0.159707252409624	8.32686435929151	8.95316330479059
8.96137227997317	0.157906983071364	8.65182485326612	9.27091970668022
8.97477855508567	0.170288719893396	8.64098893402661	9.30856817614472
9.08787836515668	0.174563836436214	8.74556631328975	9.43019041702361
9.01607278760764	0.166992314402116	8.68869433756548	9.34345123764979
8.97664060698894	0.165205174642371	8.65279765616702	9.30048355781086
8.86205509564389	0.153278674637516	8.56156589374815	9.16254429753963
9.06565920679005	0.165418965524563	8.74139368631156	9.38992472726854
8.98468799226676	0.16371271050051	8.66375007387903	9.30562591065449
8.94716501730012	0.166536142165838	8.62068545818813	9.27364457641211
8.97048728938668	0.160878925996821	8.65511033636399	9.28586424240936
8.95831389709463	0.200536305355367	8.56473969481043	9.35188809937883
8.80468992169023	0.15135262004785	8.50799957467867	9.10138026870179
8.87044708441218	0.163360088196626	8.55020947673481	9.19068469208955
8.75887460071367	0.159202176268142	8.44677178032423	9.07097742110311
9.07715074301962	0.175021964789934	8.73397607703225	9.42032540900699
9.18809477752236	0.168476947367806	8.85784598615617	9.51834356888854
9.03876848239174	0.169618428971823	8.70626147229106	9.37127549249243
8.94994751539129	0.161723889410309	8.63288220512652	9.26701282565606
8.86913744432686	0.158527560214602	8.55838067820495	9.17989421044877
9.39358373563208	0.206832202771017	8.98784188923696	9.7993255820272
9.11549712806267	0.171982821676157	8.7783669692799	9.45262728684544
9.11234215985958	0.178055513410366	8.76326185648334	9.46142246323582
8.95314284718238	0.167448260531666	8.62483176188691	9.28145393247786
9.03265684229243	0.168641080561492	8.70204024783411	9.36327343675076
9.3379854989775	0.174447935876384	8.99599711696474	9.67997388099026
9.07064339644131	0.168633573519677	8.74008355284102	9.4012032400416
9.13729724000422	0.170532666075979	8.80300632132052	9.47158815868792
9.02591630526892	0.168323465884351	8.69594162278677	9.35589098775107
9.06714471401646	0.176053652996702	8.72199529353143	9.41229413450149
8.84397254253927	0.156715034747243	8.5367568716961	9.15118821338245
8.71402166452879	0.174737858919328	8.37131467178144	9.05672865727613
8.83616404738801	0.153724297523099	8.53483967412553	9.13748842065049
8.703406798927	0.157284289542184	8.39506269330039	9.01175090455361
9.10442758878036	0.166043002149887	8.77890988020791	9.42994529735281
9.3219614659726	0.175226913898815	8.97845973403007	9.66546319791513
8.91725798633877	0.156793654117418	8.60987817043667	9.22463780224087
8.88698355073366	0.170744725469705	8.55220439525611	9.22176270621121
9.29056174146065	0.160863697715464	8.97523356874482	9.60588991417649
9.17136232612999	0.170609731317001	8.83687268887701	9.50585196338298
9.14312504083825	0.163773550333948	8.82210748158318	9.46414260009333
8.99351243503589	0.163587168485826	8.67281799995852	9.31420687011326
8.93973330005286	0.160534759325808	8.62504330856346	9.25442329154227
8.91568890923899	0.165287112141127	8.59167140385528	9.2397064146227
9.02065796782139	0.16571668709706	8.69580720857769	9.3455087270651
8.97876268975135	0.162113881446396	8.66096394355837	9.29656143594433
8.99659186258724	0.156620546018816	8.68958789540455	9.30359582976993
9.13327708209103	0.172463177024448	8.79520504476524	9.47134911941681
8.78661223030093	0.167582411528617	8.45801873468244	9.11520572591943
8.98437106655797	0.170965508866691	8.64915880010213	9.31958333301381
9.0402779630633	0.17156937571914	8.70383456842255	9.37672135770405
8.9700685956529	0.156058948030187	8.66415350539881	9.27598368590699
8.9697461071848	0.162502694156567	8.65119195363047	9.28830026073913
8.93586490174229	0.228380903230782	8.48735210538853	9.38437769809606
9.01831612888848	0.192782960552385	8.6400374271245	9.39659483065246
8.88590812552654	0.156422247469474	8.57928019579654	9.19253605525654
8.89723489551102	0.164939387258149	8.57390216990012	9.22056762112192
9.03436676589693	0.165474835097928	8.70996554353646	9.35876798825741
8.88095663049752	0.161093202616043	8.56515008649686	9.19676317449817
8.85718344589656	0.168176495541253	8.52748251814067	9.18688437365244
9.33228562079814	0.171743975092005	8.99561228400355	9.66895895759273
8.95895954182833	0.17626851887901	8.61335345240374	9.30456563125291
9.07052452029255	0.156509167871311	8.76369673452627	9.37735230605883
9.24674177467109	0.164904005637429	8.92349395021983	9.56998959912235
9.0299155938877	0.164400873625665	8.70763544355358	9.35219574422182
9.00629212923866	0.169658275276776	8.67369998461309	9.33888427386422
8.92503270326179	0.164530596912536	8.60246802307631	9.24759738344726
9.27555210948167	0.170628557742192	8.94107727101348	9.61002694794987
9.07660715201912	0.172054327285197	8.73929666130779	9.41391764273045
9.05980754143929	0.160376947044271	8.74543133106927	9.3741837518093
8.97804560794583	0.157340532783889	8.66961962655844	9.28647158933322
8.68277344672036	0.159056214022583	8.37096177680626	8.99458511663447
8.85509022376144	0.164032156138082	8.53352935717762	9.17665109034526
9.18412499453794	0.169001839210597	8.85279987287984	9.51545011619605
8.98198954846089	0.160093928510692	8.66812961136746	9.29584948555433
8.74408943348261	0.157308329142406	8.43570165503114	9.05247721193408
8.63040356666415	0.154953217117314	8.3266303274309	8.93417680589741
8.80693849053482	0.156772497212835	8.49961049382492	9.11426648724472
8.90377639867267	0.164155821224119	8.58195773986897	9.22559505747636
9.08932866298729	0.159867323783919	8.77595673914956	9.40270058682501
8.93732072550532	0.163830178828142	8.61616002475069	9.25848142625996
8.70731881172059	0.158760489560736	8.39607169515268	9.01856592828849
8.85811150472668	0.162721357498305	8.53912007586678	9.17710293358657
9.08029918668894	0.170007661395728	8.747025702279	9.41357267109889
9.05408838240039	0.185237476783121	8.69086285100643	9.41731391379434
9.23211908797492	0.17916709982854	8.88088318716774	9.5833549887821
9.26952583515984	0.160229236470005	8.95544245079564	9.58360921952403
8.99138327176474	0.174641015588376	8.64898395002817	9.33378259350132
9.10194376477327	0.163475208281795	8.78150254697657	9.42238498256998
9.10665661862386	0.165073935867352	8.78307692622701	9.43023631102071
9.06267336348674	0.159935532223115	8.74914004726584	9.37620667970765
9.03620021614002	0.180013502087477	8.68326493574884	9.3891354965312
9.45929698723629	0.188664205502324	9.08943180080117	9.82916217367141
9.13558550515677	0.160751630311285	8.82046885101434	9.45070215929919
9.33756314608525	0.168057982976847	9.00814037654268	9.66698591562783
8.71917389787525	0.16206000377459	8.40147616959055	9.03687162615996
9.39541564299626	0.169713327529283	9.06272632200934	9.72810496398317
8.97938112021197	0.164226193840049	8.65743368684651	9.30132855357743
9.20152335245025	0.182628921649511	8.84342894371204	9.55961776118845
9.09660024715987	0.161126717345173	8.78073570930397	9.41246478501576
8.86888227204411	0.168464525973219	8.53859643111673	9.1991681129715
9.01737442732213	0.164337159479193	8.69520404426238	9.33954481038187
9.04097301820301	0.179040110074741	8.68988861715366	9.39205741925236
9.01108790344802	0.187418657404033	8.64353377675784	9.3786420301382
8.79392700628367	0.163845261132854	8.47262826109469	9.11522575147266
8.78096449419985	0.171079192077889	8.44545302326344	9.11647596513626
9.21020721470028	0.16728053804674	8.88227955261054	9.53813487679003
8.92740354246977	0.160540360036486	8.61269747116713	9.24210961377241
8.96045591449269	0.167514499441313	8.63205077852762	9.28886105045776
8.82509682726764	0.158617027856603	8.51413094569593	9.13606270883936
8.88500399380251	0.161142121459589	8.56910005547835	9.20090793212667
9.18572851078521	0.158087334024796	8.87583712857753	9.49561989299288
8.94207764763066	0.159608348288842	8.62921504883829	9.25494024642303
9.02428747929814	0.160085590535124	8.7104841644189	9.33809079417738
9.1044590660959	0.163387011675906	8.78417935117114	9.42473878102066
8.94746468587656	0.168202120326117	8.61765782939062	9.2772715423625
9.00024262188256	0.181546167505603	8.64427130716852	9.35621393659659
9.10513705669626	0.16548184155337	8.78072366574715	9.42955044764538
8.92713461320428	0.155961614279339	8.62136329675778	9.23290592965077
8.94654913217559	0.15773074546752	8.63735507382329	9.25574319052789
9.19115124022731	0.167112934771245	8.86355272037327	9.51874976008134
9.01609655930005	0.165194487618507	8.69227952716792	9.33991359143218
8.88927142952807	0.172318244942829	8.55142283265338	9.22712002640275
8.91317698859809	0.163985013396058	8.59171126824435	9.23464270895182
9.07570299184869	0.167471289100442	8.74741726231713	9.40398872138024
8.75911944094864	0.15224714380597	8.46067121904788	9.05756766284939
9.17348729152757	0.186522708009951	8.80764651958591	9.53932806346923
8.99064863033912	0.147157083281217	8.70217704289385	9.27912021778438
9.09556420760718	0.152346960559696	8.79693236374696	9.39419605146739
8.86199458198146	0.155473336220886	8.55721734826581	9.16677181569711
8.9365263201861	0.161648030494432	8.61965543785354	9.25339720251866
8.87097251272989	0.167033880108959	8.54354207959522	9.19840294586457
8.94776557738431	0.160091890046219	8.63391074150734	9.26162041326128
8.99631993399801	0.167318866856662	8.66829964194597	9.32434022605006
9.12121104450114	0.16902856301716	8.78981998297844	9.45260210602384
8.89831416401217	0.163162185980665	8.57842795049367	9.21820037753067
8.99528909439277	0.160761373160873	8.68013612579132	9.31044206299422
8.94451241242432	0.171334073599213	8.60849391885154	9.28053090599709
9.14428777925523	0.163330740721679	8.8241407131588	9.46443484535166
9.13708643499161	0.17055652224712	8.80273743626952	9.47143543371369
8.74579301108352	0.162966361685891	8.42628974291834	9.0652962792487
8.87900960454185	0.161087699332784	8.56321841752056	9.19480079156314
9.14419935397739	0.172471783760974	8.80602888584297	9.48236982211181
9.03779068165883	0.158538938058623	8.72697841987203	9.34860294344563
9.18491700325731	0.17895662509732	8.83397947352864	9.53585453298598
9.1405734538436	0.16678405914131	8.81363423684542	9.46751267084179
8.52344099772917	0.144480579170837	8.2402185114518	8.80666348400653
8.75751893896283	0.154522478935461	8.45456708279935	9.06047079512632
9.17993270682286	0.157144898884317	8.87188320243364	9.48798221121208
9.18605217467454	0.169758487105113	8.85329583518856	9.51880851416052
8.88021111671399	0.168374710122989	8.55014045245643	9.21028178097156
8.83109326492414	0.167852345031802	8.50201334966091	9.16017318018736
9.20365385398674	0.170794463581171	8.86883451609036	9.53847319188311
9.19455310098589	0.184118811179238	8.83362606957289	9.55548013239888
9.17057395179864	0.201252633210428	8.77578738456974	9.56536051902755
9.11189607071674	0.175534202181375	8.76773241597743	9.45605972545605
9.06670704228666	0.166879345964061	8.73957450553122	9.39383957904209
8.97222912435362	0.174353257519183	8.63044193944122	9.31401630926602
9.06743352739759	0.159758055539338	8.75427365900766	9.38059339578752
8.89676952989115	0.179018667257887	8.54568841525553	9.24785064452678
9.19338483738303	0.181534204211967	8.83753845775214	9.54923121701393
8.80658531192875	0.164034733454335	8.48501602901932	9.12815459483819
8.82753042137383	0.154655429519181	8.52432668214934	9.13073416059832
8.9010328996345	0.161049592077188	8.58532574292522	9.21674005634378
8.99207603989722	0.160980494230276	8.67652091775523	9.3076311620392
8.98257057341422	0.158666315764263	8.6715033657456	9.29363778108284
9.10627706320198	0.159167066263828	8.79425434198024	9.41829978442373
9.09045052244234	0.160468360310005	8.77590181321458	9.4049992316701
9.0320261176411	0.166890429368875	8.70483857739579	9.35921365788641
8.64509675117628	0.150385554723617	8.3502787770657	8.93991472528687
9.03079208302771	0.166646631942702	8.70411824644311	9.35746591961232
8.89172820079533	0.15056019492129	8.59657319772703	9.18688320386363
9.01614687363007	0.160351972189451	8.70176220530231	9.33053154195783
9.19517924089688	0.159354146448582	8.88282284955833	9.50753563223542
9.12712459978036	0.166274910051439	8.80114749468861	9.45310170487212
8.94219415107475	0.155944126099381	8.63647823334613	9.24791006880336
8.80495941758548	0.157599039347713	8.4959901504674	9.11392868470356
9.02747435900557	0.17398534015245	8.68636447888451	9.36858423912662
9.05612740306695	0.16006745456132	8.742368049299	9.3698867568349
8.86365833197377	0.159669869249118	8.550645283048	9.17667138089955
9.15247929690483	0.15486384843605	8.8489167102185	9.45604188359117
8.94829845361669	0.159511281236973	8.63558301355584	9.26101389367754
8.94084537752824	0.151751524726384	8.64336373219154	9.23832702286493
9.04485759426251	0.200415154704045	8.65150840865577	9.43820677986925
8.99921137541234	0.168137510932775	8.66953109396061	9.32889165686407
9.0319617721742	0.164616493018677	8.70927676030112	9.35464678404728
9.02707996677023	0.169623114391133	8.69451198304715	9.35964795049332
8.89480762437335	0.161246084457178	8.57873153027054	9.21088371847616
9.19884876921593	0.167934358829701	8.86966888816759	9.52802865026427
9.00669301945678	0.166853666084563	8.67958820701077	9.3337978319028
9.16648037124738	0.16405017624789	8.84490950513888	9.48805123735587
8.81211166801945	0.171795631115698	8.47522877980693	9.14899455623197
9.03531918337129	0.173366580514422	8.69547641185465	9.37516195488792
8.65398412598739	0.148875866102734	8.36211574921078	8.945852502764
9.00098828424658	0.165630714925036	8.67625985290338	9.32571671558978
9.23125742531358	0.168808007137664	8.90033291998512	9.56218193064203
9.20631933081891	0.18255976347367	8.8483337114766	9.56430495016122
8.81457328663495	0.168843431765244	8.48348469431059	9.1456618789593
9.3192804188467	0.176302313301828	8.97361148299788	9.66494935469553
8.98302466396326	0.177734216030776	8.6345257289011	9.33152359902543
9.02192990881698	0.16422452456024	8.69999620806565	9.34386360956831
9.31059042289465	0.185007797949775	8.94783598199581	9.6733448637935
8.48317655390143	0.209704797477732	8.07138493735111	8.89496817045174
8.75916401397622	0.160222894872278	8.44496836419684	9.07335966375559
8.66455616675315	0.153024540385486	8.36458201453273	8.96453031897357
8.93655243929577	0.200332966713152	8.54348948624258	9.32961539234896
9.19122672964397	0.162280909624045	8.87311825465369	9.50933520463424
8.78953585213149	0.157245486900629	8.48128891506132	9.09778278920165
8.92130931061712	0.156676217144013	8.61419365439401	9.22842496684024
8.85484512242232	0.157686695373506	8.54569837380849	9.16399187103615
8.98003473011385	0.162996762147995	8.66051616870203	9.29955329152567
9.17472324112287	0.171726608598089	8.83809800177943	9.51134848046632
9.00584390073745	0.164782112635108	8.68282623318203	9.32886156829287
9.09571645809798	0.200431824135665	8.70251647823106	9.48891643796491
9.13257874291321	0.162080390039878	8.81486421720689	9.45029326861954
8.87507392489064	0.166339893921162	8.54896795472265	9.20117989505863
9.22471590805377	0.173098148878381	8.88536123685159	9.56407057925594
9.08703357802648	0.160860093371721	8.77164002313116	9.4024271329218
8.86851582830585	0.15914627131151	8.55655710728182	9.18047454932989
9.04421681430975	0.161446046913737	8.7277347048389	9.36069892378059
9.00809120302963	0.165069856255262	8.68449461014666	9.33168779591261
8.96027696600655	0.158495580062305	8.6495877100296	9.2709662219835
8.90079661546545	0.167368931617447	8.5727217403716	9.22887149055929
9.08136951984969	0.177560782934585	8.73327424720191	9.42946479249746
8.96704901961955	0.164427640134189	8.64473570040488	9.28936233883422
8.5849321722778	0.159259526370036	8.27271187570319	8.89715246885241
8.86203538613115	0.150539448766385	8.56693114622243	9.15713962603987
9.10870878433455	0.16352300863333	8.78817126732999	9.42924630133911
9.24181490155959	0.165297204430248	8.91779555966538	9.56583424345381
9.10339891067655	0.165140971248634	8.77969923288168	9.42709858847143
9.14306437037016	0.197790130256209	8.75495312597877	9.53117561476155
9.32656495974204	0.192750777041006	8.94860974315393	9.70452017633014
9.01737221204415	0.156821933369042	8.70996136411448	9.32478305997382
9.04007315471405	0.159992812402818	8.7264075600745	9.35373874935359
8.84772213628205	0.164379679127185	8.52547375241126	9.16997052015285
9.09869460990639	0.168721757067807	8.76796865990419	9.42942055990858
8.94917478381265	0.162625638808509	8.63038209694987	9.26796747067543
9.23232946018219	0.17933468149611	8.88070246160196	9.58395645876241
8.74999338298001	0.154637758720609	8.4468210345884	9.05316573137163
8.98439434335523	0.158094335215014	8.67449683310869	9.29429185360176
8.842435060408	0.17015858787562	8.50887024275636	9.17599987805964
9.27147351597674	0.174070296006859	8.93024858682204	9.61269844513144
9.25754971058702	0.176113112627157	8.91232689432281	9.60277252685122
8.96556892868506	0.16317416498911	8.64569580518617	9.28544205218396
9.05301206158586	0.153759784718608	8.75157147630626	9.35445264686546
9.14177942276513	0.16244498883526	8.82335632458423	9.46020252094604
8.83453193647123	0.161819527392477	8.51728919399446	9.15177467894799
9.17816811251011	0.173856173952671	8.83727255068823	9.51906367433199
8.9099929024049	0.158578560912864	8.59914496270994	9.22084084209986
8.79247954929827	0.16690621622992	8.46514526417809	9.11981383441845
8.90915410626635	0.16696362556696	8.58184037434711	9.2364678381856
8.79727362060249	0.151286638292131	8.50071842823098	9.09382881297401
8.95094929860353	0.165933743561176	8.62569333018887	9.27620526701818
8.78361534589105	0.15272989369414	8.48416751947776	9.08306317230434
8.94485603658853	0.160718662266047	8.62979791123552	9.25991416194154
8.78208773335461	0.161992598111418	8.46448883628194	9.09968663042728
9.01600738741608	0.162178544597562	8.69811176139428	9.33390301343787
9.010907317015	0.164980808616074	8.68749777426977	9.33431685976023
8.93695452832028	0.157560863474431	8.6281054394771	9.24580361716346
8.93017999051098	0.169266557645193	8.5982212370932	9.26213874392876
9.10480030478558	0.164790686630606	8.78177984010449	9.42782076946668
8.85802239667317	0.165936124251484	8.53269510716798	9.18334968617836
8.83670860012624	0.168027879181159	8.50728206626073	9.16613513399175
9.00021427183838	0.163847905328144	8.67893586043886	9.3214926832379
8.96008094988852	0.173222179337717	8.6204794896708	9.29968241010625
8.78136465206133	0.153985907211037	8.47950263032567	9.08322667379699
9.29993638727485	0.182874159669838	8.94141902118842	9.65845375336128
8.82689608095264	0.165830704696327	8.50177086919351	9.15202129271177
9.07267733059378	0.172955639754211	8.73363291367586	9.41172174751171
9.01699828437921	0.161820870249073	8.69975415288321	9.33424241587521
9.25363912000353	0.164936258432331	8.93032155191366	9.5769566880934
9.02312494286945	0.159837494066746	8.70980802244493	9.33644186329396
9.09474874293314	0.165132662898111	8.7709751034888	9.41852238237748
9.12218689274648	0.165983365906868	8.79680540592091	9.44756837957204
8.95062072048485	0.177503478566662	8.60261495425173	9.29862648671797
8.95930386226352	0.169387852484371	8.62718134020581	9.29142638432123
8.8499558539705	0.166975603139038	8.52261513812116	9.17729656981984
8.71733705317815	0.151444657498953	8.42045113652777	9.01422296982852
8.9593182860129	0.162841279653899	8.64009549228332	9.27854107974247
9.17351442153529	0.170839958833799	8.83861440309127	9.50841443997931
8.92928089524147	0.164134778644332	8.60752141101957	9.25104037946337
8.73964515666298	0.159823774197674	8.42632710525642	9.05296320806954
8.99755545689905	0.173480481672461	8.65746976426931	9.33764114952879
9.11786973522652	0.173624923904235	8.77752992596944	9.4582095444836
9.26670094004276	0.169193541541464	8.9349637775226	9.59843810256293
9.13325819784815	0.177972232739593	8.78433934137485	9.48217705432145
8.91370068863053	0.179730165625256	8.56131814311534	9.26608323414572
9.05431467095707	0.165847392701629	8.72920670066275	9.37942264125138
9.26011355156491	0.18118962338611	8.90481683861197	9.61541026451785
9.08423502684497	0.175146784166019	8.74085252528982	9.42761752840013
8.74040691895527	0.159105008416047	8.42849127956845	9.05232255834208
8.74556347221394	0.148637663942292	8.45420330160437	9.03692364282351
9.14524610253762	0.197123082022213	8.75848241201667	9.53200979305857
8.96555190467487	0.161123282823852	8.64963930134196	9.28146450800778
9.06759024478585	0.156197968551667	8.76141253788405	9.37376795168765
8.83327668084327	0.159000718632133	8.52157596349181	9.14497739819473
8.66944666157251	0.150670073879662	8.37406211951587	8.96483120362916
8.89357365652245	0.159616771001286	8.58062994763109	9.2065173654138
8.97025540990672	0.159918773149449	8.65676154095219	9.28374927886125
9.0144477339445	0.176695677084628	8.66793889435366	9.36095657353533
9.27398637369228	0.166380355373745	8.94784180451932	9.60013094286524
8.84191697865941	0.1666531106308	8.51517833349626	9.16865562382257
9.18939521881131	0.166430256594812	8.86315593970988	9.51563449791274
8.88307027804235	0.163258846332247	8.56302459297975	9.20311596310496
9.10692705227319	0.172235771917369	8.76928014570513	9.44457395884125
9.04582112987791	0.165745029052284	8.72090501632783	9.370737243428
8.92817474266295	0.16571837871888	8.60327228967581	9.25307719565009
9.2017783633877	0.176985647068691	8.85474013995328	9.54881658682212
9.03786547595248	0.160606705584885	8.72304358169974	9.35268737020522
9.1885373116233	0.167002582483059	8.86116368139684	9.51591094184977
8.74479598136198	0.155164525480841	8.44063175235961	9.04896021036435
8.84892034011509	0.160394197946023	8.53451666263441	9.16332401759578
9.06317433329745	0.165215930234016	8.73932858163427	9.38702008496063
9.17732625180252	0.172781001901571	8.83863093095558	9.51602157264945
9.01317059838523	0.172657129885633	8.67470371071776	9.35163748605271
8.93988143701236	0.163349945580228	8.61963904453964	9.26012382948507
8.95173833206212	0.15974168954697	8.63858268756232	9.26489397656191
8.93778238312933	0.159662007014866	8.62476068641834	9.25080407984031
8.92302839915041	0.163277811486589	8.60295956542777	9.24309723287305
8.94216749351886	0.165051635946973	8.61864371103058	9.26569127600714
8.91000445248029	0.171489584640047	8.57371880330888	9.2462901016517
8.89903130318875	0.15617311358859	8.59289016824365	9.20517243813385
9.30248014730757	0.164682886011546	8.97964600952181	9.62531428509332
8.98395928076958	0.158079920001693	8.67407703050774	9.29384153103143
8.79621754957718	0.149913100645021	8.50232404263232	9.09011105652205
8.9182774301388	0.168384479349974	8.58819066691889	9.24836419335872
8.9814188647137	0.172957044608068	8.64224892989407	9.32058879953332
8.91752116112176	0.158288196874157	8.60721870620281	9.22782361604071
8.94953348250185	0.168198940943396	8.6197685622397	9.279298402764
9.03858823715919	0.162008049409155	8.72098483573164	9.35619163858675
9.08946390337641	0.16355055269512	8.76884113047486	9.41008667627796
9.18883373593275	0.176622752304592	8.84256137770104	9.53510609416446
9.04610809835508	0.157782546694262	8.73680286144908	9.35541333526109
8.61890739290519	0.161783427643102	8.30160823621247	8.93620654959791
8.86172718356183	0.169769718838653	8.52888697400668	9.19456739311698
8.80774035616836	0.161038254593886	8.49203817136655	9.12344254097016
8.78529727829856	0.15587550911713	8.47972584054695	9.09086871605018
8.72667715565553	0.154601572150834	8.42362752014036	9.0297267911707
9.01182961015268	0.15742924651829	8.70323734384027	9.32042187646508
8.97061112115425	0.166491067508718	8.64423561693737	9.29698662537114
8.95543179314806	0.169028611512735	8.62410391115254	9.28675967514359
9.16962975883034	0.175114994407628	8.82628298888384	9.51297652877683
9.14443143906035	0.169529593479156	8.81207702373742	9.47678585438329
8.98750329257718	0.169685592818576	8.65480221003967	9.3202043751147
9.00771428321121	0.159655705258044	8.6947488628637	9.32067970355873
8.99950800701543	0.166662611029399	8.67278584378892	9.32623017024193
9.27789658752442	0.166682118359491	8.95112822787243	9.6046649471764
8.9515920293919	0.174579057727773	8.6091315408216	9.29405251796221
9.00426693253777	0.164329079134826	8.68211928343348	9.32641458164207
9.02608185858443	0.15656625279719	8.71917797771206	9.3329857394568
8.97325796625027	0.158052814153899	8.6634196343435	9.28309629815703
9.09741301833114	0.15869821587476	8.78634568789926	9.40848034876303
8.81146434205095	0.166652811601594	8.48470316107237	9.13822552302952
8.61953243384056	0.158857777135576	8.30803751019747	8.93102735748365
9.09726019577949	0.166511539243796	8.77085771706882	9.42366267449017
9.00759897154398	0.163174783725432	8.68772695114441	9.32747099194356
8.94988476226023	0.175128970056076	8.60654828239167	9.29322124212879
9.15221424775347	0.168064356013792	8.82277545203515	9.48165304347179
8.97087250668453	0.163893494433189	8.64957500868067	9.29217000468839
9.24415907865088	0.171851650743847	8.90726077779135	9.58105737951042
9.0762922794755	0.169158437504892	8.74469041009027	9.40789414886074
9.0526817328611	0.166140121839505	8.72696993592445	9.37839352979775
9.22570527064401	0.166359089963323	8.89960763684334	9.55180290444468
8.9821336200207	0.170289392082984	8.6483331359587	9.31593410408269
9.16509990112081	0.172786955512012	8.82636841192146	9.50383139032016
9.12099033059976	0.158253131597342	8.81077092475034	9.43120973644918
8.91600459688964	0.157616014076033	8.60701950457944	9.22498968919984
9.19947906417411	0.161585563423745	8.88269149837516	9.51626662997305
8.97614791857937	0.156950431132792	8.66849608377156	9.28379975338718
9.1486746222692	0.159463946042224	8.83608064027018	9.46126860426823
9.20669404606002	0.156387028216861	8.90014706101757	9.51324103110247
9.5264279576822	0.16981801481158	9.19356775201216	9.85928816335223
9.1939069662625	0.166099249722462	8.86831643869041	9.5194974938346
9.18404800952039	0.168218319566205	8.85429143432336	9.51380458471741
8.84803781759391	0.156487840600881	8.54129129322268	9.15478434196515
9.13437801520796	0.177800700791528	8.78577400238777	9.48298202802816
8.84633455998303	0.165333970671863	8.5221914171917	9.17047770277437
8.98174537325205	0.162147355717894	8.66386971253083	9.29962103397327
8.99852703533758	0.168233940960977	8.66869944916355	9.32835462151161
9.18325120377657	0.166642052053694	8.85652682546673	9.5099755820864
8.93068938675587	0.171091820921661	8.59527239301099	9.26610638050075
9.04546757462736	0.178389815138821	8.69572014646582	9.39521500278891
9.3522703812778	0.175369070866808	9.00848002189786	9.69606074065775
8.84502750336816	0.151615693427796	8.54781701085175	9.14223799588458
9.03664893208293	0.160308446977267	8.72240840511722	9.35088945904864
8.90714035474415	0.162960466590213	8.58769640939756	9.22658430009073
9.08594818499495	0.163541893130848	8.76535581177392	9.40654055821598
8.87822863624498	0.160349116185362	8.56388604857974	9.19257122391022
9.06659824758858	0.180331547344347	8.71293255951238	9.42026393566478
8.91122862679908	0.149417814990348	8.61832215501836	9.20413509857981
9.37820062326076	0.178936882873259	9.0274279584321	9.72897328808942
9.03313809493391	0.161209722092972	8.71711767576353	9.34915851410428
8.99642560453079	0.163028970447851	8.67679950982572	9.31605169923586
8.90541009898929	0.159426583685741	8.59286622742211	9.21795397055648
8.91926638870835	0.157561307963215	8.61040419518753	9.22812858222916
8.91979824880709	0.153725929897014	8.61844958993511	9.22114690767908
8.7101449322038	0.162816285389327	8.3909592613228	9.0293306030848
8.87859696313146	0.165203546511346	8.55475297449104	9.20244095177188
9.10142487460598	0.157423363125388	8.79284354649196	9.41000620272
8.97912637125825	0.151041621951773	8.68304635822973	9.27520638428676
9.11981407475604	0.170551301967066	8.78547322502296	9.45415492448912
8.88692802508971	0.158233561737122	8.57666627518272	9.1971897749967
9.02906104975438	0.163231521190955	8.70909076432411	9.34903133518464
8.84843466820202	0.160769111503756	8.53325296863599	9.16361636776804
8.84495606730127	0.160060110184297	8.53112028670187	9.15879184790067
8.93907046745403	0.164901218847913	8.61582241634	9.26231851856805
9.14150993163986	0.166122206065248	8.81586524368105	9.46715461959868
9.04900104912559	0.187832224285378	8.68056775992972	9.41743433832147
8.89420635779928	0.15397484243395	8.59235529412408	9.19605742147448
8.96622323663293	0.165378463004043	8.64200393708921	9.29044253617664
9.32826442433636	0.168453318647467	8.99801891713814	9.65850993153459
8.76152677265305	0.159815190608714	8.4482381309906	9.07481541431549
9.02458859000573	0.1593468260093	8.71219728171282	9.33697989829864
9.06195008640505	0.164370934985075	8.73973918724622	9.38416098556388
9.04248681639254	0.167572782174761	8.713977572974	9.37099605981107
9.07283704168533	0.177557720168812	8.72468144660073	9.42099263676992
8.9472031550938	0.163765580446383	8.62618210486254	9.26822420532505
9.01887316207474	0.160460477405571	8.70432392033628	9.33342240381319
9.01984668813555	0.171086985729972	8.68445262575008	9.35524075052102
9.05984219492062	0.157449105050193	8.75120891280717	9.36847547703407
8.92438089469688	0.165322133826415	8.60028575419563	9.24847603519813
8.77309702556929	0.168813503187858	8.44210392194532	9.10409012919327
9.02215675035698	0.163363523756703	8.70191892936309	9.34239457135086
8.96030634651254	0.155211360170948	8.65602512536938	9.26458756765571
8.88081230948694	0.163076771472124	8.56108010096688	9.20054451800701
8.92377259841454	0.177106043212978	8.57645990036662	9.27108529646246
9.10603798636902	0.166719556694912	8.77922954449937	9.43284642823866
8.66026684890281	0.159856311742218	8.34684934405971	8.97368435374592
8.78867449390649	0.160713163110084	8.47364925460278	9.10369973321019
8.98299142200751	0.1845610799966	8.62115739964688	9.34482544436814
8.95785805811826	0.174416711600051	8.61582306989125	9.29989304634527
8.82892480040571	0.151989235068788	8.5309399898578	9.12690961095361
8.93993994689529	0.161804165239608	8.62266498054708	9.25721491324351
8.67071898176476	0.16214189085532	8.35278194416945	8.98865601936006
8.74105379688727	0.16896920418151	8.40977859963334	9.0723289941412
9.00474654131738	0.171188079610445	8.66916195905284	9.34033112358193
8.76990691684963	0.151543932070158	8.47281872782984	9.06699510586943
9.06785722410926	0.173589506817511	8.72753115443324	9.40818329378527
8.9316275618634	0.172347358083082	8.59357000292777	9.26968512079902
9.31045731028533	0.17003262734455	8.97712454672658	9.64379007384409
8.99647438773385	0.17862035816965	8.64621443943178	9.34673433603592
9.22229601446438	0.173921391235303	8.88136363881687	9.56322839011189
9.2155108627658	0.163918921598406	8.89420697553691	9.53681474999469
9.12927417868388	0.156235574861527	8.82297507076433	9.43557328660344
9.02714166370305	0.155088187472661	8.7231397119223	9.33114361548381
8.76685014615929	0.157508131786226	8.45808283676153	9.07561745555706
8.68562211802081	0.160922975878624	8.37009378219949	9.00115045384213
9.07535790161047	0.186815309140661	8.70891372546908	9.44180207775185
8.84219249772804	0.161449411755873	8.5257205162913	9.15866447916478
8.88514647788652	0.159980390578496	8.57155009323285	9.19874286254019
8.79843218202617	0.160622685037976	8.48357580161459	9.11328856243774
8.84793339862686	0.164679592886427	8.52510786664944	9.17075893060429
9.22682018566732	0.179578332328541	8.8747868914188	9.57885347991584
8.79617445364574	0.15899180907499	8.48444989200081	9.10789901529068
9.17116375680437	0.167388633973501	8.84302671126478	9.49930080234396
8.97689972155163	0.181350204624569	8.62126184391062	9.33253759919264
9.32368226629435	0.172621422827962	8.98529966237813	9.66206487021056
8.73599854651887	0.155809579671948	8.43055255978189	9.04144453325584
9.0051244905389	0.159600443950626	8.69222857537209	9.31802040570572
9.02282157623072	0.162266458820612	8.70474770966748	9.34089544279396
8.91128542060602	0.15557626220028	8.60628339001702	9.21628745119502
9.01390229614316	0.166681123172226	8.68716582095549	9.34063877133083
9.02027974921176	0.162859651186198	8.70101748022358	9.33954201819994
8.95981964313182	0.166014529586699	8.63438345392597	9.28525583233767
9.03046778537242	0.16361860355864	8.70974474234487	9.35119082839998
8.84974505535314	0.162314718476819	8.53157106439696	9.16791904630932
9.20566426922072	0.171101129802867	8.87023534803635	9.54109319040508
8.7701642371572	0.177357386093129	8.42225372017603	9.11807475413836
8.90346859245337	0.159007152118274	8.59174912245993	9.21518806244681
8.64669082429127	0.160563973190112	8.3319044388024	8.96147720978013
8.92696737020101	0.166479972828446	8.60059848836516	9.25333625203685
9.00103155520119	0.162282900236393	8.68291791888279	9.31914519151958
8.99444511717663	0.166331629620319	8.66838430983504	9.32050592451822
8.96007842755266	0.161856815550302	8.64272735597535	9.27742949912997
9.12147190742445	0.16968821931251	8.78882873158451	9.45411508326439
9.00165957558293	0.167605743836207	8.67307852125406	9.33024062991179
9.09378428289471	0.165445074483027	8.76943058645854	9.41813797933088
8.89455855285784	0.162279838363382	8.57636821187639	9.21274889383928
9.28181148427664	0.174000538666352	8.94069778143812	9.62292518711516
8.9513732577729	0.160557313525114	8.63663716303378	9.26610935251202
8.88085396272846	0.159516586430008	8.56817384474731	9.19353408070962
8.80258945414879	0.155559686415809	8.49757022500767	9.1076086832899
9.03226965417119	0.178545141128787	8.68214942204058	9.38238988630181
9.02492652432179	0.162210865021909	8.70694676368405	9.34290628495952
8.90190329654968	0.154739123600787	8.59855415092843	9.20525244217094
8.8170626536305	0.158306350116453	8.5067545864825	9.1273707207785
8.83029058971348	0.165018957068287	8.50681699965094	9.15376417977602
9.0172486229401	0.162583396616713	8.69855510370301	9.33594214217719
9.06192122987216	0.161271279474511	8.74576622115842	9.3780762385859
9.21409875815789	0.170070388841652	8.88066770400417	9.54752981231161
9.09417882604098	0.163115501396564	8.7744347160026	9.41392293607936
9.06885835900589	0.16882762743326	8.73783166179224	9.39988505621954
9.22824548245308	0.1838422342619	8.86781284965896	9.58867811524721
8.8780975370511	0.173137704521883	8.53869893312471	9.21749614097749
9.03557832817442	0.169002075213701	8.70426894584037	9.36688771050846
8.90145260996124	0.161118124379432	8.58561005181144	9.21729516811104
9.34524967417789	0.165558730957166	9.02071431813165	9.66978503022413
8.84372126908999	0.167566716115968	8.51525708228484	9.17218545589515
9.16355009227156	0.16560796266866	8.83892186571859	9.48817831882452
8.57755628629336	0.146761660803081	8.289872007529	8.86524056505772
9.15313186117955	0.16559716081101	8.82848075640443	9.47778296595467
8.8112757941401	0.155835050297789	8.50577116089283	9.11678042738738
9.28595477639831	0.176356150431348	8.94022997526763	9.63167957752898
8.96106851958048	0.173183108920018	8.62150836534846	9.30062867381251
8.84917909153063	0.154457768421811	8.54639474216097	9.15196344090028
9.07870038824803	0.15775326893246	8.76946550537926	9.38793527111681
8.78126149082832	0.161796480331927	8.46409291861764	9.09843006303901
9.02579100495732	0.163472323566316	8.70534555478475	9.34623645512989
9.49850627451862	0.167497068885319	9.17015872681976	9.82685382221749
9.18026418670625	0.1696137798017	8.84774415661723	9.51278421679527
8.74793397610299	0.167658907222525	8.41915864813738	9.0767093040686
9.01700893369508	0.161281234919482	8.70084182180348	9.33317604558668
9.0528792404372	0.16749061084275	8.72454017490962	9.38121830596478
9.13164785174507	0.162173859234693	8.813731714361	9.44956398912913
9.01216690021907	0.16063162237045	8.69729042790189	9.32704337253625
9.04831274769	0.179476921639592	8.69628421641548	9.40034127896452
8.87771362072492	0.16416345813925	8.55586225901976	9.19956498243008
8.70329087908668	0.155294267288227	8.39888389038864	9.00769786778473
9.16665334696933	0.178836887895551	8.8160412714276	9.51726542251106
9.22622396617078	0.175426670072603	8.88222348077056	9.570224451571
8.93167219441093	0.169814374040661	8.59879087642211	9.26455351239976
8.96764421504204	0.178573364242608	8.61739185483264	9.31789657525144
9.1937613924505	0.167055789559831	8.86629080129074	9.52123198361026
9.07332790445955	0.167406025374858	8.74516460436338	9.40149120455572
8.82253727549001	0.163583813595684	8.50185552942855	9.14321902155147
9.1877795649826	0.161321104761251	8.87154869743106	9.50401043253415
8.78364590326896	0.158895827769001	8.47212052845821	9.0951712780797
8.8670748745692	0.171414174486087	8.53091939192431	9.20323035721409
8.93309192621477	0.166576182625841	8.60656528526315	9.25961856716639
9.13401145349368	0.160606691535661	8.81918811577065	9.44883479121671
8.91995437723363	0.155557319852979	8.61500920331309	9.22489955115417
9.16835177664623	0.167842151006645	8.83934793678487	9.49735561650759
9.20105533922622	0.160032817019476	8.88735358659559	9.51475709185685
9.26903417918275	0.178718709100808	8.91867075655435	9.61939760181115
9.2047950474832	0.170872233308714	8.86980426884464	9.53978582612176
8.84537897833482	0.159789270193676	8.53214006073365	9.158617895936
9.15777926310595	0.178751219760984	8.80729425652967	9.50826426968223
9.07720125781191	0.166060965625712	8.75168917768487	9.40271333793895
8.86312557115605	0.167962072817172	8.53384565162794	9.19240549068415
8.82810186894838	0.16261689064148	8.50927453941721	9.14692919847955
8.88955893329955	0.157211462068533	8.58136444592879	9.19775342067031
8.929742237927	0.16531816114977	8.60562586377085	9.25385861208314
9.04023080246647	0.166792528484679	8.71327899243754	9.3671826124954
9.12288876823496	0.16187621425787	8.80556941385098	9.44020812261893
8.95305244164544	0.157711325214358	8.64389666195917	9.26220822133171
9.16183219643189	0.170324782632859	8.82793291032542	9.49573148253836
8.89902008688023	0.16366425179169	8.57819821341565	9.2198419603448
9.00394410318589	0.161363975780712	8.68758866067022	9.32029954570156
8.92966794340718	0.170047891113308	8.59629149367975	9.2630443931346
8.78274259406806	0.153256609228029	8.48229870052826	9.08318648760786
9.07983483731428	0.168919294122526	8.74867579163855	9.41099388299001
9.01813769211384	0.1619664894255	8.70063680770693	9.33563857652075
9.05209983172687	0.161897087923685	8.73471272590142	9.36948693755233
9.05241307326155	0.163266938021234	8.7323860992935	9.37244004722959
8.8913608795928	0.170306673727014	8.5575050794573	9.22521667972829
8.90900626620522	0.162356425246206	8.5907344713009	9.22727806110954
9.04169462117631	0.174203928750348	8.70009798966355	9.38329125268907
8.75947755269653	0.157574110680893	8.45057027551136	9.06838482988171
8.99775398586364	0.162271054816441	8.67965518624252	9.31585278548477
8.79480073644923	0.167294581772057	8.46673106639077	9.12287040650769
8.96717552789892	0.208206089277399	8.55846648640096	9.37588456939687
8.66449024898829	0.152111709132252	8.36626530438524	8.96271519359134
8.80805407057258	0.16304461983425	8.48839329930506	9.12771484184011
9.20572801561519	0.184739083856479	8.84352917627183	9.56792685495854
9.16698041532497	0.164382917333728	8.84471869186312	9.48924213878681
8.93928454137202	0.17372905553695	8.59867559827754	9.2798934844665
8.85765722990734	0.164015727437965	8.53611189208713	9.17920256772756
9.21841382111865	0.174104070498755	8.8770428622539	9.55978477998341
8.6594023224747	0.161460336743768	8.34285955176197	8.97594509318743
9.20333670930888	0.181779928118551	8.84694234607963	9.55973107253814
8.95153070831553	0.168595339622572	8.62105755253648	9.28200386409459
8.93409552903213	0.162210173943812	8.61607913381174	9.25211192425252
9.3273394460071	0.176939944580722	8.98048901971914	9.67418987229506
9.09368820461358	0.170224692247236	8.76000395972864	9.42737244949853
8.89028099527118	0.159647631631843	8.5773063079005	9.20325568264186
9.23380556025022	0.161882911245762	8.91645297037169	9.55115815012876
8.62403026909992	0.158003135455122	8.31427980678408	8.93378073141576
9.06802026230514	0.164386533714041	8.7457476360912	9.39029288851908
9.12124065650418	0.170752745854967	8.78651108991531	9.45597022309305
9.04881656843595	0.156998507749803	8.74104846419962	9.35658467267229
8.89280882857788	0.174566908475311	8.55053577726703	9.23508187988873
9.00238112759034	0.167977573402553	8.67311639981213	9.33164585536855
9.08639394274442	0.166218182056186	8.76057979726024	9.4122080882286
8.99328894755888	0.160052183750793	8.67952806238989	9.30704983272787
8.8574450591873	0.161360267313261	8.54111256474113	9.17377755363347
9.02088213612254	0.164082165496842	8.69916884103831	9.34259543120678
8.77430579696806	0.158351480749611	8.4638803327024	9.08473126123372
8.97808957779062	0.162510583276104	8.65951842884224	9.29666072673899
8.70613907473243	0.164293038335812	8.38401336326595	9.02826478619892
9.27454281999824	0.166552828505998	8.94801017553107	9.6010754644654
8.80462325451857	0.165306226856374	8.48055387339775	9.12869263563939
9.02257409885614	0.160903934595319	8.70715854740306	9.33798965030922
9.13171060324906	0.162956746820254	8.81229370251977	9.45112750397835
9.13194514834395	0.162414876207308	8.81357735074795	9.45031294593994
8.93065702407423	0.16295628647147	8.61115402563704	9.25016002251141
8.80168445316086	0.153033095610818	8.50167157309917	9.10169733322255
8.92278630422092	0.172090864397898	8.58540722660552	9.26016538183631
9.02115766306312	0.167262153104739	8.69320795660131	9.34910736952492
9.30545801840262	0.207722425131101	8.89798576862229	9.71293026818295
8.9043737271759	0.159319781161733	8.59204956372637	9.21669789062544
9.22642149046256	0.172794696285227	8.88769802904916	9.56514495187595
8.97068498740291	0.158500071290093	8.65996782928375	9.28140214552208
9.12475362255255	0.162399209082285	8.80637696542727	9.44313027967784
8.71878940966919	0.181285713235173	8.3631640066647	9.07441481267367
9.03535647275045	0.15859150398798	8.724469596254	9.3462433492469
8.80593316480583	0.162639943813943	8.48707204255607	9.1247942870556
8.99865415991022	0.171899320273866	8.66169989643015	9.33560842339029
8.97919519125198	0.161532723255578	8.66253993643604	9.29585044606793
8.80010348317662	0.163877953784048	8.47887526689249	9.12133169946074
8.99328550465203	0.157541544057395	8.68447084648754	9.30210016281652
9.18128233147914	0.163359641427738	8.86104552763232	9.50151913532597
9.0257256238742	0.159429359263257	8.71321019852597	9.33824104922243
8.84464205156694	0.221255468758525	8.41007128243922	9.27921282069466
9.11787014748244	0.165944778446269	8.79257350223914	9.44316679272574
9.15361590248305	0.181061067612766	8.79860654205329	9.5086252629128
9.0992030761611	0.160176239047062	8.78522785615399	9.41317829616821
9.08670600291679	0.162227681979446	8.7686632204234	9.40474878541018
8.82218079939117	0.164489265024967	8.49965173148964	9.1447098672927
9.27340009365469	0.193535143650081	8.89377548592332	9.65302470138606
9.00207724322754	0.168591447329654	8.67154674530843	9.33260774114666
8.80353092782959	0.161410104306426	8.48711950988325	9.11994234577593
8.87782124646601	0.17576539928511	8.53319534551975	9.22244714741227
9.05697346190273	0.15349569106164	8.75607581569901	9.35787110810644
9.02694938662129	0.175210844266724	8.6834309118623	9.37046786138027
8.96153569860168	0.1578710721053	8.65206381239117	9.27100758481219
8.9579236683848	0.158556549414592	8.64709529715861	9.26875203961099
8.93925778037692	0.162823446397212	8.62005392698515	9.25846163376868
9.05592687062713	0.166762133572259	8.72898258340672	9.38287115784755
9.02138419626587	0.152640584846841	8.72214740213206	9.32062099039967
8.6345989359695	0.179456788057748	8.28265190890544	8.98654596303356
8.93924386930724	0.175250199600163	8.59565478090357	9.2828329577109
8.7681682654568	0.154076860061804	8.46612731167031	9.07020921924328
8.74615155617451	0.152205342235992	8.44776856579218	9.04453454655683
8.92684398558014	0.168725055729675	8.59608517527017	9.25760279589011
8.92258879448429	0.170066992223622	8.58921746397632	9.25596012499226
9.06954074029732	0.18320948159659	8.71024501248867	9.42883646810597
8.86816007972788	0.168910894141765	8.53703215407408	9.19928800538167
8.97640957639992	0.173570199186627	8.63614781894081	9.31667133385903
9.26116480444067	0.17232411773369	8.92332943146105	9.59900017742028
9.27407011117011	0.171467333470531	8.93795904200293	9.61018118033729
8.71658212602241	0.155365297496181	8.41198220179803	9.0211820502468
8.95816821917653	0.154370378500973	8.65554350479733	9.26079293355573
9.09328952797259	0.164280078278197	8.77126731676049	9.41531173918469
8.95559660685356	0.165548330781401	8.63106447055408	9.28012874315305
9.10013551436684	0.156306710175439	8.79372761314339	9.40654341559029
9.40804059807036	0.1715350964617	9.07179467095183	9.74428652518889
9.08489845118668	0.162576498720302	8.76618426802462	9.40361263434874
8.93614838213187	0.178042555640011	8.58706819054145	9.28522857372229
8.90395912756732	0.168556908537426	8.57345797129614	9.23446028383849
9.07763272891508	0.178085748821148	8.72845096671748	9.42681449111268
8.78430613298059	0.167112517458898	8.45664404637922	9.11196821958196
9.09035200484109	0.162243400471657	8.77231119093477	9.40839281874741
9.27587182017831	0.166468846383256	8.9495521922156	9.60219144814102
8.88949686003144	0.165385264812108	8.5653260912729	9.21366762878998
8.93705503895826	0.163037529302064	8.61747218614331	9.25663789177321
9.03403279129323	0.156027051141173	8.72816438035494	9.33990120223152
8.86710544338852	0.163039713069882	8.54748202725676	9.18672885952029
9.12163911684118	0.167217819489408	8.79383376323566	9.4494444704467
8.76459347318445	0.152889829888808	8.46489344740726	9.06429349896164
9.25369764375722	0.172437417926364	8.91564258584073	9.59175270167372
9.32679418427584	0.17480868539914	8.98410855218033	9.66947981637136
9.00824457978598	0.158470332391074	8.69759262553398	9.31889653403797
8.9325278697399	0.156545152373718	8.62567549543613	9.23938024404367
9.3705094573356	0.259290154321524	8.86106987117375	9.87994904349744
8.90368245755567	0.162034484790809	8.58603448239432	9.22133043271701
8.99167650245995	0.159629826123296	8.67873586093016	9.30461714398973
9.18111176366187	0.168540160558479	8.85068509057622	9.51153843674751
8.98640867416731	0.16347416773683	8.66586074947637	9.30695659885825
9.20833755264157	0.164892629555617	8.88509378078877	9.53158132449436
8.95864380174374	0.165778700271341	8.63360058048113	9.28368702300635
8.86847582114589	0.16504040386144	8.54496538261406	9.19198625967771
9.04688703258398	0.161601846455459	8.73007351657401	9.36370054859396
8.92590552552026	0.169743546880466	8.59316465169425	9.25864639934627
9.11758539506699	0.152912157600456	8.81783636489731	9.41733442523667
9.16177014725244	0.171063281227661	8.82640048808134	9.49713980642354
8.83441047739357	0.174179414255629	8.49293851121954	9.1758824435676
8.91614937474174	0.169818430591432	8.58313712658713	9.24916162289634
8.85935330187414	0.170802947105451	8.52436792486124	9.19433867888705
8.96465270402528	0.15346631189394	8.66382721806454	9.26547818998602
8.88225944501822	0.156691887256935	8.5750474945566	9.18947139547985
9.02701648408274	0.154569135941298	8.72402322449126	9.33000974367422
9.04760565076059	0.15949123533268	8.73492873409709	9.36028256742408
9.00257782248326	0.152851327257886	8.70295602284978	9.30219962211674
9.11783080165021	0.166948414015273	8.7905299706838	9.44513163261661
9.12807685636769	0.168444884011249	8.79778101402009	9.45837269871529
8.96982033022067	0.168458283451313	8.63957594220784	9.30006471823351
9.06865467035873	0.176308581753729	8.72296025384495	9.41434908687251
9.20655124900596	0.166660561955825	8.87985428837928	9.53324820963263
8.87378821596051	0.154894670216147	8.57015707217657	9.17741935974446
8.9852247589079	0.174037405119584	8.64402731867977	9.32642219913602
9.04952829164009	0.162128520422811	8.73168174663974	9.36737483664043
8.7111237869165	0.154252685520879	8.40874071773151	9.01350685610149
9.19018740945373	0.174261717788895	8.84858668338259	9.53178813552486
9.01337821315605	0.165365852340721	8.68917779835472	9.33757862795739
9.11086396289421	0.175361094937684	8.76707087876143	9.45465704702698
8.87913922375755	0.159264070416964	8.56691455399499	9.19136389352011
8.9184103858118	0.163914693719307	8.59705202671029	9.23976874491331
9.19978968572835	0.166339635579828	8.87370118408936	9.52587818736733
9.01130818198153	0.155607266541314	8.70622991072045	9.31638645324261
8.88505521968948	0.169576487716971	8.5525353202376	9.21757511914135
8.98785329848936	0.16335541339817	8.66763337194025	9.30807322503846
9.16834123130315	0.171485400067162	8.83210134832515	9.50458111428115
8.83952183515528	0.166824693548423	8.51245329187363	9.16659037843693
9.12372582667599	0.171557226392171	8.78742468386806	9.46002696948392
8.7388896308874	0.166973968218845	8.41156396793223	9.06621529384258
9.28596995954005	0.169765988123376	8.9531919462495	9.61874797283059
8.9569681215205	0.154422798449118	8.65427168738034	9.25966455566066
8.93002778320722	0.17318749996569	8.59053071262687	9.26952485378757
8.78936213335068	0.151729378399545	8.49194115520757	9.08678311149378
9.15960341275982	0.157973523086377	8.84991598891008	9.46929083660956
9.18425979730974	0.166009017488279	8.85884129683115	9.50967829778833
8.92906403556367	0.16080867366567	8.61383426983909	9.24429380128825
8.88355485616896	0.163536873025137	8.56296828799528	9.20414142434264
9.14706720660035	0.164984590100975	8.82365527459013	9.47047913861057
8.77789762586326	0.151687521560313	8.48050410569018	9.07529114603634
8.85775126813064	0.159280565319585	8.54550496723975	9.16999756902154
8.83801082958999	0.17036152101218	8.50402000876865	9.17200165041133
9.30074319266441	0.164570610622491	8.97814302515933	9.62334336016949
8.91351703271187	0.175223577795397	8.57001775244361	9.25701631298013
8.87552996962213	0.156710241441924	8.56831950721447	9.1827404320298
9.01808985683089	0.170859505388742	8.68314296030787	9.3530367533539
9.07340845876241	0.170302923055825	8.73958355156369	9.40723336596113
8.80249820332295	0.157856492433007	8.49306484087196	9.11193156577394
9.11113234725316	0.157839151929547	8.80172618162289	9.42053851288343
9.090943884035	0.171528829282295	8.75470677803536	9.42718099003464
9.23693204112661	0.18280981305078	8.87853548816078	9.59532859409243
9.15343668357673	0.170931885829685	8.81836469258532	9.48850867456813
8.77718658431125	0.155576106179711	8.47218931168972	9.08218385693277
8.88829625307747	0.16090226574536	8.5728749890012	9.20371751715374
8.97189550534931	0.169565626051626	8.63947121056555	9.30431980013308
8.70691456354589	0.156970913143996	8.39919475486967	9.01463437222211
8.98529224847446	0.163262126539135	8.66520149357182	9.3053830033771
8.70072789481882	0.159085591367369	8.38886990103147	9.01258588860616
8.99582031300947	0.15778039376714	8.68652725235904	9.3051133736599
8.73817417165841	0.167276525174113	8.41022712669509	9.06612121662174
9.47812571922801	0.195351167891869	9.09494530338723	9.86130613506879
9.01544565578061	0.163994235175442	8.69392870991875	9.33696260164247
8.99098316287339	0.163034398954339	8.67135299638939	9.31061332935738
9.16990652276775	0.16712213934235	8.84229590442898	9.49751714110652
9.20130922856614	0.161254091986869	8.88518352730242	9.51743492982986
8.95747709695403	0.165786055262625	8.63246487985423	9.28248931405384
9.14223769815988	0.167867461860015	8.81316934153891	9.47130605478085
8.97205985664775	0.160980344975153	8.65647694861776	9.28764276467774
8.81774203364144	0.159105551975838	8.50585998102103	9.12962408626185
8.80745460639153	0.161799453302646	8.4902173946422	9.12469181814085
9.02570361882601	0.166682606493093	8.69893252500954	9.35247471264247
8.97817580980971	0.164000146869596	8.65666802822338	9.29968359139603
9.30708077324126	0.169201609485596	8.97534631802061	9.63881522846191
9.18887922123336	0.171513766195757	8.85265218431425	9.52510625815247
9.33183690619508	0.172848327812442	8.99299253282522	9.67068127956494
8.77857862434511	0.165340170187	8.45440396580737	9.10275328288285
9.07387664166572	0.173911515719757	8.73296811823302	9.41478516509842
8.89093080739539	0.158869174028266	8.57951543557858	9.20234617921221
9.10938263606409	0.166465650488141	8.78304932898776	9.43571594314041
9.13088470224202	0.166084763255499	8.80527959303357	9.45648981145047
8.92682460735079	0.154966533056993	8.62304122001048	9.2306079946911
9.26431112005677	0.172180055865717	8.92677498891446	9.60184725119909
8.85001444558505	0.157602151168117	8.54104738067043	9.15898151049968
9.04264779941829	0.166323715090006	8.71660838337525	9.36868721546134
8.7822513041474	0.151288174904922	8.48567489626278	9.07882771203202
9.21810203833101	0.171111825663092	8.88267344844944	9.55353062821259
8.73407733898224	0.146684499096764	8.44653445689498	9.0216202210695
9.07250093676511	0.161965100904465	8.75499945806502	9.3900024154652
9.05064702897698	0.162453408801431	8.73221866633615	9.36907539161782
9.15638338163945	0.167604722020938	8.82783697092517	9.48492979235374
8.81888949470758	0.156183599477758	8.51273165654906	9.1250473328661
8.84646904554972	0.157465516587414	8.53777204642352	9.15516604467593
8.72504475127726	0.158537209743142	8.41424711856254	9.03584238399198
9.02192035420926	0.174163919670068	8.68046987614617	9.36337083227234
8.93983929887026	0.177381581540504	8.5920802795257	9.28759831821483
9.26651362149874	0.173538456982115	8.9263236583546	9.60670358464288
8.96197350461122	0.165173111497174	8.63812166111244	9.28582534811
8.96080397014476	0.157125975874557	8.65279514526747	9.26881279502205
9.17522427284632	0.174322509521609	8.83346030408403	9.5169882416086
8.85043573046848	0.162179557341469	8.53252925982046	9.16834220111649
9.16476897822597	0.170750632647748	8.82999575318336	9.49954220326858
8.93217100892488	0.161065058967196	8.61645010354063	9.24789191430913
8.96960743143907	0.164427028278874	8.64727160143202	9.29194326144612
8.80485267180636	0.165345407861238	8.48066783059411	9.12903751301861
8.9729486709892	0.152998881985495	8.67300936549006	9.27288797648834
9.05686464235045	0.163472471586275	8.7364164667681	9.3773128179328
8.87384010697937	0.158639048579769	8.56286155372973	9.18481866022901
9.05009233843448	0.159485093934156	8.73743601755199	9.36274865931697
9.02654312162687	0.161381898054463	8.71019900581419	9.34288723743955
8.80469553898185	0.156862552256399	8.49720481313266	9.11218626483104
8.61242736409991	0.1588714516579	8.30097214291411	8.92388258528571
8.84491802183372	0.170792957262371	8.50998123334547	9.17985481032196
9.30877262707077	0.177100109202512	8.96156695784103	9.65597829630051
8.91121742041042	0.157306743261809	8.60285859580173	9.2195762450191
9.05890101865441	0.163166287804616	8.739024955974	9.37877708133482
9.08995529044771	0.167426750929406	8.76174659845802	9.4181639824374
9.11278319967188	0.163741739123163	8.79182014417521	9.43374625516855
8.92960138379588	0.174196360444384	8.58800748061424	9.27119528697752
9.17670020141678	0.171384372745115	8.84071178443131	9.51268861840225
8.72179993969528	0.157390914562832	8.41319095257715	9.0304089268134
8.93947228642261	0.170459531169506	8.60527267118514	9.27367190166009
8.98315582940151	0.158989405569842	8.67147526482337	9.29483639397964
9.19805150059398	0.165588708401161	8.87342879523399	9.52267420595397
9.32172041302391	0.183177060659212	8.96260027722829	9.68084054881952
8.97505482844956	0.156398437779946	8.66847084599861	9.28163881090051
8.79073575973047	0.159155454175868	8.47860890945521	9.10286261000573
9.03595557791596	0.160952107631931	8.72046342400515	9.35144773182677
9.02102874809926	0.164252775829703	8.6990527780976	9.34300471810092
8.88641962213957	0.161825423322945	8.56915806713453	9.20368117714461
