estFinal_ps2	sdFinal_ps2	X1	X2
9.02149300679721	0.191831629868267	8.64523742464328	9.39774858895113
9.26249271815552	0.198965544148486	8.87215668958787	9.65282874672316
9.04422806531882	0.178310518406086	8.69453700899291	9.39391912164472
9.17725970098462	0.195893150448931	8.79285583391986	9.56166356804939
8.81547543645711	0.179004928783282	8.46431804338333	9.16663282953088
9.06206650727697	0.199067656030338	8.67160381846062	9.45252919609331
9.48100149417802	0.21580367857284	9.05763625040491	9.90436673795113
8.78174211472332	0.171671274151262	8.44509710888886	9.11838712055778
8.97141861674294	0.191808190627399	8.59508784940334	9.34774938408254
8.76945630535429	0.182692176401306	8.41095978205958	9.12795282864901
8.97237634070374	0.168043651631999	8.64294825812362	9.30180442328386
9.10311055780399	0.177079147532477	8.75593642272193	9.45028469288606
8.97464746396246	0.194547844559897	8.59304165930685	9.35625326861806
9.03450297494475	0.168265096730996	8.70463447948764	9.36437147040185
8.96063598043507	0.191574851761501	8.58475621537216	9.33651574549799
8.9959368480566	0.19160449463476	8.62006152168359	9.37181217442961
9.08188556180431	0.165567957411202	8.75730870765551	9.4064624159531
8.91281450370123	0.179543894515271	8.56083155917634	9.26479744822612
8.92609821906289	0.173307944073915	8.58633657264747	9.26585986547831
8.94160766707266	0.165005846241836	8.61806491569246	9.26515041845287
9.07325148919531	0.19309988904176	8.69451703455039	9.45198594384024
9.08921466045611	0.229434062479333	8.638789628223	9.53963969268921
8.83708674460883	0.163291567910763	8.51696037852446	9.15721311069319
9.02809251689884	0.227230090282081	8.58182652900854	9.47435850478915
9.07601014855731	0.182388376923322	8.71839307215491	9.4336272249597
8.71422799203692	0.158816188216956	8.40282615860531	9.02562982546853
9.06619702741835	0.18554855189443	8.70232112166812	9.43007293316857
9.09798948383892	0.173399931586997	8.75802888322733	9.43795008445052
8.97980045840338	0.176096280167429	8.63450445469204	9.32509646211472
9.11658124683958	0.182038947860163	8.7596592864263	9.47350320725285
8.77712808074194	0.179986260147767	8.42409352495658	9.1301626365273
8.91084349729964	0.186769205163732	8.54434870034515	9.27733829425413
9.1775888957998	0.203940115121013	8.77735204169779	9.57782574990181
9.22216134750964	0.180624783953388	8.86803702235918	9.5762856726601
8.8679386583204	0.157746769757694	8.55867922637793	9.17719809026287
8.68704403717891	0.172893724316916	8.34794605425581	9.026142020102
9.01437935285473	0.223725329823457	8.57500183277124	9.45375687293822
8.99133269848111	0.168305043872778	8.6613234924568	9.32134190450542
8.86980391239133	0.18001533407975	8.51663417674268	9.22297364803998
8.90633371659015	0.180787650444339	8.55177915554139	9.26088827763891
9.0055240383689	0.215763185032242	8.58199842178945	9.42904965494836
8.86697962888472	0.168994909487466	8.53561776180871	9.19834149596074
9.03304502856856	0.200109800765049	8.64041773544171	9.42567232169541
9.07898688447612	0.173872880649244	8.73810128102864	9.4198724879236
8.92010543147602	0.177235019990682	8.57261704596151	9.26759381699052
8.92210536860785	0.230433010293911	8.46947996184965	9.37473077536605
9.09738622416995	0.172968777302113	8.75820098538334	9.43657146295657
9.09438067927077	0.166868178657957	8.76720513001353	9.421556228528
8.97155235107831	0.180772913287672	8.6169491528342	9.32615554932242
8.99097417271294	0.199096297809041	8.60032007316365	9.38162827226222
8.92348248791591	0.172277954610456	8.58558615740429	9.26137881842753
8.94163383083194	0.162846227543231	8.6223666135167	9.26090104814718
8.89320482071213	0.168248491302899	8.56330899618165	9.22310064524261
8.84926738172704	0.166390136793572	8.5230316036221	9.17550315983199
8.99299837330516	0.174908053466421	8.65001369916348	9.33598304744684
9.23793648284579	0.182874536437813	8.8793524345188	9.59652053117279
9.13174346384417	0.178330308826972	8.78208218695693	9.4814047407314
8.91232753519639	0.172287013319739	8.574493493289	9.25016157710377
9.00621094081486	0.183331253652811	8.64668388745556	9.36573799417416
8.81846553391086	0.178563540047301	8.4682150248552	9.16871604296651
8.86461439200213	0.184371267869421	8.50288849225143	9.22634029175282
8.95171103841564	0.210390214913181	8.53882713135563	9.36459494547566
9.23687197371632	0.170969841065122	8.9016650488283	9.57207889860435
9.00531984950737	0.186502154173154	8.63938104265485	9.37125865635989
9.04465849659631	0.170448670352664	8.71047282711735	9.37884416607526
9.08223126498164	0.191859536364333	8.70581268094311	9.45864984902017
9.04022360582061	0.190652494578174	8.66615496918337	9.41429224245785
9.38644739578805	0.175396552143082	9.04259431465476	9.73030047692135
8.83342004532666	0.168816081859203	8.50237881984645	9.16446127080686
8.92646515675737	0.229558237129628	8.47567724212398	9.37725307139076
8.92937026214284	0.175415044542756	8.5854335771615	9.27330694712419
9.10901922578537	0.176609674445366	8.76274044793679	9.45529800363396
8.98979650487214	0.172419397199648	8.65177035520497	9.3278226545393
8.9522023851141	0.182945144746789	8.59333643703619	9.31106833319201
8.90694093737017	0.177281865232128	8.55931003785582	9.25457183688452
9.11421903236602	0.191111227501159	8.73933325698355	9.48910480774848
9.58234474579674	0.203122975510454	9.18399260595961	9.98069688563387
9.14565329682248	0.174352920880381	8.80385171446837	9.48745487917659
9.05497125341698	0.186293459039838	8.68962925439281	9.42031325244115
9.08200944309592	0.18552114288912	8.71814912573684	9.44586976045501
8.89783449391249	0.175780327267903	8.55301285831616	9.24265612950882
8.98122523916317	0.206082190290086	8.57680540032292	9.38564507800343
8.67894956590233	0.179228399895838	8.3273830002561	9.03051613154855
8.44681125516447	0.215172663896576	8.02425624292446	8.86936626740447
9.43952959769394	0.183926672115544	9.07882827480607	9.80023092058181
9.01699031424712	0.175361023349157	8.6731066431825	9.36087398531173
8.96187671169442	0.177530968360296	8.61369059398685	9.31006282940199
9.16817664960913	0.174783709677343	8.82543996699903	9.51091333221922
8.78900530768313	0.174366913303095	8.44704131117449	9.13096930419177
8.69300897842643	0.153887779515397	8.39128253343334	8.99473542341953
9.06695679342128	0.217311911745449	8.64038593213458	9.49352765470799
9.1559781199942	0.177811090735679	8.80730177018988	9.50465446979851
8.99270599336832	0.21656367754613	8.56753151685355	9.41788046988309
9.26248371226803	0.20723218866762	8.85578259511409	9.66918482942197
8.85152807019487	0.169720135450538	8.51874417679134	9.18431196359839
9.0114371403419	0.190650155160788	8.63735821055879	9.38551607012502
8.98946420550267	0.167927841181388	8.66017612084926	9.31875229015609
8.80072534149965	0.210416393204987	8.38778327934147	9.21366740365782
8.87310723829355	0.207513791725098	8.46566298168393	9.28055149490318
8.75644088636018	0.185506752183035	8.39242653813093	9.12045523458944
9.51488816230236	0.192547650955832	9.13722176241204	9.89255456219268
8.83482894271336	0.19951686038502	8.44334173890003	9.22631614652668
8.78854975329494	0.216981870074875	8.36274956305276	9.21434994353712
8.81021100205336	0.156671582542917	8.50303723508999	9.11738476901673
8.75964669475738	0.159129571355076	8.44760259165339	9.07169079786137
9.06362874126165	0.189307931909514	8.69226790235829	9.43498958016501
8.91653344642864	0.188374661694311	8.54703493921498	9.28603195364231
8.74898327007484	0.181874674362083	8.39221306850329	9.10575347164639
8.58078133837655	0.163841318277484	8.25949896997355	8.90206370677956
8.85881625224857	0.209442364050184	8.44775278378117	9.26987972071597
8.8451505370825	0.183288182031569	8.48557365624018	9.20472741792483
9.31352804796309	0.190740999814101	8.93945279427089	9.6876033016553
9.12312641754941	0.177578204471307	8.77492018428656	9.47133265081225
8.91473496327491	0.175978585931968	8.56964235253611	9.25982757401372
8.66994159318958	0.254181617791324	8.17033509121232	9.16954809516684
8.80522624630844	0.17940535846585	8.45327502149577	9.15717747112111
8.86052728818847	0.171557744588149	8.5240751537138	9.19697942266314
9.22893962890273	0.181775611408383	8.8724218885619	9.58545736924356
9.39024337579731	0.17816761080187	9.04085292912932	9.7396338224653
9.19098359714397	0.208570251371072	8.78177012283768	9.60019707145026
9.06599674145313	0.361713371953056	8.35419761686223	9.77779586604403
8.88159470277888	0.195577503995113	8.49791994435238	9.26526946120537
8.76924094900951	0.164360209190569	8.4469644819238	9.09151741609523
9.14020255898205	0.186880458205902	8.77365313224652	9.50675198571759
8.77549679040779	0.166858041575881	8.44826692431647	9.10272665649911
8.96919986988426	0.176393476524845	8.62319703485126	9.31520270491725
8.73350400409841	0.175907446310333	8.38859984594265	9.07840816225417
9.11076062205052	0.158310425535366	8.80040563521759	9.42111560888345
8.94513979209131	0.165323490755134	8.62099709745475	9.26928248672787
8.96014629672554	0.169082237106362	8.62864511674801	9.29164747670308
9.27977121507455	0.186285397749368	8.91456640464007	9.64497602550903
8.98036606530875	0.174343243060937	8.63853531242427	9.32219681819322
9.03009785276511	0.184454370066501	8.66846236058731	9.39173334494292
9.06441202300053	0.243159907989004	8.58662513206674	9.54219891393433
8.86061219730714	0.171374528341988	8.52457630256832	9.19664809204597
8.85910916108833	0.177804954084868	8.51048490822206	9.20773341395461
8.81840289821772	0.208537327927038	8.40896479949107	9.22784099694438
8.81297701542292	0.199961559270944	8.42061662278093	9.20533740806491
8.86232352049042	0.164545611942719	8.53972698097364	9.18492006000719
9.0290691506736	0.176756270811459	8.68255087044807	9.37558743089914
8.9550065751887	0.171937591472285	8.61786183211174	9.29215131826567
9.01460189795323	0.176134274151262	8.6692293415996	9.35997445430687
8.95931044192114	0.167704553812979	8.63049167064608	9.2881292131962
9.05232410375898	0.174840215871749	8.70955290454108	9.39509530297688
8.95378680623052	0.171095363251818	8.6182409916524	9.28933262080865
8.7390875381201	0.174566334389304	8.39665294102807	9.08152213521213
8.82335952510773	0.190985391666202	8.44864110481214	9.19807794540332
8.94706955724505	0.200937255710843	8.5528203462259	9.3413187682642
9.00852346146043	0.174096371454165	8.66721597595874	9.34983094696212
8.89333605080501	0.194312057858543	8.511981986914	9.27469011469602
9.0624180659843	0.180354001174546	8.70859850373594	9.41623762823266
9.21195413328184	0.181771486681728	8.85551312983169	9.56839513673199
9.36962364009145	0.186334651619292	9.00419989674052	9.73504738344238
8.84528013811602	0.207354776344159	8.43822173743754	9.2523385387945
9.06380080172005	0.182285879135775	8.70627841976722	9.42132318367288
8.96813116004189	0.187644232960198	8.60005080650127	9.3362115135825
8.91970150557845	0.172162270747141	8.5820688900477	9.2573341211092
9.17748341843028	0.173079560884666	8.8381165957966	9.51685024106396
8.67977120243805	0.1732725455424	8.33995549311603	9.01958691176007
8.92392430579705	0.175055201184023	8.58062447201105	9.26722413958304
8.94264286953738	0.173310740391931	8.60267816161758	9.28260757745717
8.85751649481168	0.171983096390924	8.52024165665491	9.19479133296845
9.03832298314771	0.178853970523563	8.68754798272915	9.38909798356628
9.10962617518268	0.184571941082851	8.74764663598467	9.47160571438068
9.10141866718294	0.163787875837373	8.78031383038919	9.42252350397669
9.45686120216086	0.191032266458255	9.08228878864879	9.83143361567294
9.2066489802253	0.193264579000361	8.8275844837405	9.5857134767101
9.33286706871523	0.213830604363887	8.91321911855299	9.75251501887747
9.20144547464209	0.177877233525592	8.85275734764632	9.55013360163786
9.18963438689972	0.171840571636378	8.85272762605796	9.52654114774147
9.0699843867597	0.169478464471833	8.73766794751352	9.40230082600589
9.26123425001579	0.182704174862333	8.90297392474494	9.61949457528664
8.96733553176621	0.188361917197296	8.59783680090231	9.3368342626301
9.1101324170811	0.163910733734132	8.78878117531868	9.43148365884352
8.79509421358767	0.162316645412236	8.47683770599018	9.11335072118516
8.75721755332047	0.188649070129679	8.38721983919272	9.12721526744821
8.89529035911278	0.1967484762045	8.50917143436065	9.2814092838649
9.02098541610222	0.179891325285002	8.66825065597261	9.37372017623183
9.38406414650256	0.200612965411517	8.99055053782444	9.77757775518068
9.07057469283791	0.176509267734958	8.72449336434261	9.41665602133321
9.26616725245374	0.200937423144186	8.87197736556304	9.66035713934444
8.96673186692748	0.194200133231667	8.58581654262643	9.34764719122854
8.75753537915325	0.175443329945204	8.41350672550166	9.10156403280484
8.98443898689766	0.183011267517564	8.62541723851292	9.3434607352824
9.23391606962822	0.190176217021345	8.8608736834764	9.60695845578003
8.98489596433489	0.175710769650611	8.64024969806537	9.32954223060441
8.87680384457621	0.171393994746873	8.54078323965577	9.21282444949665
9.11523948642112	0.164484716876617	8.7927382475267	9.43774072531554
8.76559629692505	0.163102884400423	8.44575950164367	9.08543309220643
8.85752320350848	0.233841612852675	8.39817258186545	9.31687382515152
9.02516350759566	0.166634455572309	8.69838678555315	9.35194022963816
9.04218229221716	0.191833369256876	8.66586283755757	9.41850174687674
9.16046232905086	0.166580606288095	8.83387476142493	9.4870498966768
9.13278399264574	0.176467116030859	8.78671548701299	9.47885249827849
9.20475151338013	0.181194234258544	8.84951442958384	9.55998859717643
8.93084088273625	0.162593676641524	8.61207963416741	9.2496021313051
8.65128832766246	0.16154769954627	8.33450214930683	8.96807450601809
8.9317274360071	0.176455456379811	8.5856349026785	9.27781996933571
8.96925114728907	0.185810400657356	8.60491559001871	9.33358670455944
9.03790536780536	0.187823066745192	8.66941851341966	9.40639222219105
9.05112651440185	0.185460891944584	8.68735545341879	9.41489757538492
9.01616860994771	0.178827291475212	8.66550355843862	9.36683366145681
8.72028248889237	0.187332699904638	8.35258252320427	9.08798245458048
8.97834385015197	0.173949054472844	8.63729236541382	9.31939533489012
8.99601878070647	0.174933648953676	8.65297979397736	9.33905776743559
8.96093313754795	0.171961946737661	8.62376785087847	9.29809842421742
9.00399395904253	0.170352589134433	8.66998112763857	9.33800679044649
8.99358266952224	0.212128755414944	8.57713283324466	9.41003250579982
8.80352288788187	0.158583957933919	8.49260561553353	9.11444016023021
8.98341796203491	0.173461478891626	8.64330143344712	9.3235344906227
8.80361856015183	0.169903717372138	8.47043390480282	9.13680321550084
9.09259635012567	0.221109096814157	8.65849444129701	9.52669825895434
9.26430852528041	0.189886830001531	8.89189941573256	9.63671763482827
8.97822045621119	0.200853302090898	8.58413037549497	9.3723105369274
9.11903359749641	0.191942545663455	8.74243354368872	9.4956336513041
8.90283737556032	0.188191615355537	8.53366591782484	9.2720088332958
9.43436478508175	0.216161440016956	9.01023578004586	9.85849379011765
9.08631282690981	0.178842537552161	8.73567423502619	9.43695141879344
9.10780104960046	0.188694792423788	8.7377552612223	9.47784683797861
8.90347758322279	0.178918693477704	8.55252952859124	9.25442563785434
8.99892401051616	0.216378015105222	8.57415364714913	9.4236943738832
9.41924179021361	0.185457437242605	9.05557723315416	9.78290634727306
9.00883442936451	0.180788957274456	8.65432359436081	9.3633452643682
8.98653543135119	0.191181149349777	8.6115316425261	9.36153922017628
9.15245595643228	0.187578286522388	8.78456778907517	9.52034412378939
9.03299670222887	0.194084390282822	8.65231953513799	9.41367386931976
8.78164990361495	0.181322239683213	8.42593080633144	9.13736900089847
8.76736052954826	0.219689522228184	8.33592741598788	9.19879364310864
8.83657072478656	0.166840592893876	8.50944173038858	9.16369971918453
8.70463328210825	0.170207729988135	8.37085934839351	9.03840721582299
9.19114390148089	0.182013044887384	8.83415791387061	9.54812988909118
9.25160964242061	0.197241830910512	8.86471336781432	9.6385059170269
9.00674912920215	0.184259891255743	8.64525841581498	9.36823984258933
8.88587185406325	0.185310204936143	8.52239405893807	9.24934964918843
9.25490307977511	0.167671836168225	8.92617934990228	9.58362680964795
9.12016205522322	0.174463621014641	8.77805833316	9.46226577728643
9.08156610279066	0.170808024807304	8.74671863980868	9.41641356577264
8.99639207268323	0.174531755128156	8.654148537138	9.33863560822846
8.92978857156464	0.169615018561726	8.59722483182612	9.26235231130317
8.93409634309194	0.188971683931471	8.5634053196609	9.30478736652299
8.92229621350273	0.167086561209175	8.59473227958891	9.24986014741655
8.94385204872272	0.170626193335826	8.60928097582082	9.27842312162462
8.98374175696107	0.173290069261675	8.64392348140751	9.32356003251463
9.12415960145967	0.179424812832464	8.77238330997988	9.47593589293945
8.8044439512726	0.177306816857735	8.45668769484533	9.15220020769986
9.00951921004074	0.171348198034934	8.67356671118388	9.34547170889759
8.94921604657075	0.181864393625221	8.59244657327161	9.3059855198699
8.99653300698124	0.170081311882413	8.66302046952831	9.33004554443417
9.04347629552475	0.168538142171921	8.7130544006442	9.37389819040531
8.7800753312785	0.262865342565408	8.26338928311451	9.2967613794425
8.9651361746222	0.165123662203433	8.6413649678655	9.28890738137889
8.79435948696342	0.168888125197138	8.46318119328046	9.12553778064638
8.82990146916771	0.208453567797021	8.42071699680445	9.23908594153098
9.11072107344104	0.170502055521033	8.77641794735289	9.44502419952918
8.93348416795318	0.167502194446553	8.60508042024201	9.26188791566436
8.91871139659319	0.177704358254336	8.57025527289938	9.26716752028699
9.26406426975702	0.179738069245152	8.91163043108361	9.61649810843044
9.01870112830257	0.213077536783348	8.60053017827458	9.43687207833056
9.08446796014945	0.170155129864618	8.75075645441029	9.41817946588861
9.30766864227003	0.172528768483585	8.96942630417772	9.64591098036235
9.05007570349337	0.186460262692809	8.68434718069539	9.41580422629136
9.08222566417911	0.184270188156628	8.72086183128015	9.44358949707808
8.96853504826558	0.172204098738637	8.6308753895764	9.30619470695477
9.28869131295337	0.191920949595257	8.9122652002277	9.66511742567904
8.99179142378575	0.227337788047173	8.54535541772334	9.43822742984816
9.07535503869831	0.166394316798853	8.74913238051383	9.40157769688279
8.95544644593584	0.166209229478959	8.62955993765317	9.2813329542185
8.86975471511142	0.196105154411188	8.48495443489213	9.25455499533071
8.83512728513844	0.18286201829084	8.47648642036474	9.19376814991214
9.19717919188706	0.183364534145027	8.83754581872737	9.55681256504675
8.9834938227809	0.219882225489832	8.55167970646706	9.41530793909473
8.82971125412936	0.163615276631246	8.50891020801433	9.15051230024438
8.56199436070985	0.155181969266483	8.2577498617739	8.8662388596458
8.88720759710698	0.177125476844888	8.53977741276703	9.23463778144694
8.99699126222038	0.180710406783861	8.64258143100856	9.3514010934322
9.20356180443213	0.173468768786475	8.86343788070896	9.5436857281553
8.96017206419804	0.172075587776088	8.62278648843322	9.29755763996286
8.7866718236006	0.170989426668928	8.4513565621292	9.12198708507201
8.86924584272857	0.180481078224979	8.51528151283525	9.22321017262189
9.05485053872282	0.174499988825485	8.71275103065011	9.39695004679553
9.04206823854313	0.183059434772994	8.6831367000747	9.40099977701155
9.15203163306147	0.188221261054117	8.7829556903555	9.52110757576743
9.17692162551529	0.184330461966372	8.81534835134926	9.53849489968132
9.05684978305882	0.189206575355266	8.68573898018959	9.42796058592804
9.00570506685948	0.181453302301106	8.64984020391427	9.36156992980469
9.06888070609249	0.175526767947437	8.72474637167682	9.41301504050815
9.02889443818232	0.17698166540837	8.68180053872146	9.37598833764319
8.91732397203124	0.229490596048639	8.46670304602431	9.36794489803818
9.43887568136336	0.218538824689632	9.01011856120608	9.86763280152064
9.18014519608652	0.168461004857808	8.84985696589302	9.51043342628002
9.43877374482796	0.182765347058389	9.08042158710986	9.79712590254606
8.62124786075907	0.180301873524166	8.26759670735557	8.97489901416257
9.32246317734112	0.174842798581329	8.97968402639515	9.66524232828709
8.85542803035354	0.196776114477938	8.46929588258957	9.24156017811751
9.23095265120896	0.185419764359776	8.86734103831359	9.59456426410434
9.20644283184289	0.18265284314711	8.84819028273527	9.56469538095051
8.98662765067279	0.16906961556069	8.65517892614028	9.3180763752053
9.05163543734315	0.180521840494117	8.69757509688244	9.40569577780385
9.01834060577394	0.208475877583074	8.60919066585356	9.42749054569431
9.09438638384847	0.185496452848172	8.73064100251739	9.45813176517955
8.75806546799547	0.171943550668279	8.42080582851694	9.095325107474
8.73617781150509	0.190422308839686	8.3624975220833	9.10985810092687
9.21093723612029	0.186029891878453	8.84610035197481	9.57577412026578
8.8376747435656	0.181130680268163	8.48238287671327	9.19296661041792
8.93835678650679	0.174920937292218	8.5953673195856	9.28134625342798
8.63160773133205	0.247770227728913	8.144577597663	9.1186378650011
8.93781893842633	0.164806933261542	8.61470881033157	9.26092906652108
9.13517945453174	0.173713080249978	8.79451436685992	9.47584454220357
9.03149532612627	0.167905123609339	8.7023074345054	9.36068321774714
9.05195678090186	0.170193859489206	8.71827088885248	9.38564267295123
9.11406914670855	0.170376941825545	8.78002916333269	9.4481091300844
8.93874453408447	0.168602583173504	8.60816099793972	9.26932807022921
8.9217022076969	0.180150350224263	8.56845230000891	9.2749521153849
9.03110260933108	0.175797860400013	8.68638616415114	9.37581905451102
8.92763369848711	0.16374509760131	8.60654388221175	9.24872351476248
8.93646019415321	0.162875808388167	8.61713397223923	9.25578641606718
9.18585737350392	0.17346539253585	8.84576977790913	9.52594496909872
9.00518315171671	0.186945214262	8.6385345145891	9.37183178884433
8.85906716100095	0.187262949693318	8.4917684246617	9.22636589734019
8.89201889570047	0.164316521171219	8.56988804822661	9.21414974317432
9.09309597600928	0.218243104820183	8.66472299340934	9.52146895860922
8.6793181689472	0.169904017711132	8.34607671159923	9.01255962629517
9.20207113828432	0.190256672593725	8.82886012068344	9.57528215588521
8.93691401361226	0.157003979107446	8.62904934861206	9.24477867861246
9.10134486587504	0.167755025454401	8.77239248349233	9.43029724825774
8.9144563856057	0.164481664681365	8.59195729628217	9.23695547492923
8.96442258877163	0.181041415697519	8.60936510026141	9.31948007728184
8.83933888451393	0.185385761128109	8.47574958288285	9.20292818614501
8.9828511065848	0.17888176538552	8.63198848440973	9.33371372875987
8.84181064633392	0.183441672787137	8.48198153222571	9.20163976044213
9.1090955113557	0.182876698609573	8.7504339925062	9.4677570302052
8.88315728461606	0.199843631238742	8.49094929979237	9.27536526943975
9.01670391648045	0.173223392766753	8.67701730423132	9.35639052872959
9.06708157668368	0.17662947360283	8.7206540699766	9.41350908339076
9.11149252284754	0.171881627453481	8.77453234923879	9.44845269645628
9.10078259382012	0.226013944266983	8.65702604759473	9.5445391400455
8.80709739411661	0.169434229323085	8.47489781107934	9.13929697715388
8.75670393684392	0.169052384389248	8.42522028594059	9.08818758774725
9.13930315696898	0.19841704197254	8.7499591611595	9.52864715277846
9.09090413671277	0.163172405861531	8.77097077579944	9.4108374976261
9.00866756209304	0.173630209188266	8.66819875840736	9.34913636577872
9.19454810571311	0.17088134242204	8.85955590983951	9.52954030158671
8.46734505257937	0.155349981480059	8.16271392930046	8.77197617585827
8.74685832388245	0.154156731625224	8.4446308463797	9.04908580138521
9.29897062877566	0.167969908910515	8.96962292066297	9.62831833688836
9.10529092872494	0.196477174333193	8.71990587961966	9.49067597783021
8.85250929397076	0.19133814357865	8.47717157091991	9.22784701702161
8.80781437731191	0.170968655707733	8.4725976945998	9.14303106002403
9.17647987705439	0.177348260154228	8.82875471448122	9.52420503962756
9.22442325988769	0.198432394814734	8.83532346112938	9.61352305864599
9.24570625719106	0.204645848481096	8.84425437584706	9.64715813853506
9.02727611406624	0.185349984859202	8.66374190568865	9.39081032244384
9.08103008384598	0.172898863013344	8.74204098716618	9.42001918052578
8.96887117059357	0.205153471979264	8.56633409036667	9.37140825082048
9.0597099452943	0.213506005815296	8.64056162124591	9.47885826934269
8.88614790776185	0.201881289839672	8.48994035044641	9.28235546507729
9.07752476070079	0.196395728957487	8.69240659839938	9.4626429230022
8.83465475354116	0.169674479760077	8.50198839525802	9.1673211118243
8.75544246862265	0.167992370287114	8.4259506590307	9.0849342782146
8.85696358355097	0.173681146765067	8.51636447401945	9.19756269308249
8.97294156023455	0.1686996804159	8.64220114573822	9.30368197473089
9.02570652077837	0.177076632404177	8.67836954684507	9.37304349471168
9.16361629630972	0.164414968800684	8.84126992246551	9.48596267015392
9.07319586918726	0.176175564992306	8.72773955298844	9.41865218538608
9.05244328848584	0.216195653628864	8.62800263134022	9.47688394563145
8.62848399316164	0.155798625283168	8.32301298563974	8.93395500068353
8.99845747502239	0.174949723418704	8.65542494336056	9.34149000668422
8.84762040275201	0.168060837062803	8.5179881934145	9.17725261208951
8.90020959273214	0.183866202884572	8.53943633469159	9.26098285077268
9.25729005975371	0.168402519453215	8.927138372329	9.58744174717842
9.21332039278521	0.182358300017518	8.85567881109582	9.57096197447461
9.00725880570895	0.168359466834841	8.67709597024814	9.33742164116976
8.8268907852336	0.169535309255102	8.49441496112101	9.15936660934618
9.00013202496913	0.211191718422869	8.5856637987954	9.41460025114285
9.01929713983192	0.170542990453281	8.68491029673897	9.35368398292488
8.73147688521659	0.176651963301087	8.38498384025991	9.07796993017327
9.21032310267537	0.166696310620975	8.8834893459289	9.53715685942184
8.99896959855197	0.171967045048444	8.6617509478229	9.33618824928105
8.97882234792838	0.168329914737398	8.64867026567691	9.30897443017984
9.12953793379651	0.179039061006271	8.77841117772053	9.48066468987249
9.04739827222295	0.177238580966537	8.69979793559702	9.39499860884889
9.06698795136113	0.176169264152618	8.721581252768	9.41239464995426
9.08214844072175	0.208073511263662	8.67374707584092	9.49054980560257
8.94138516022098	0.184724428607065	8.57907395783047	9.30369636261149
9.19612276528625	0.18072957710813	8.84176612530983	9.55047940526267
9.08683835126633	0.246026135267156	8.60354016329463	9.57013653923802
9.15352570429174	0.177384915473793	8.80570335704537	9.50134805153811
8.76964452271723	0.161162205389093	8.45367974994413	9.08560929549032
9.09421608977735	0.187847891167117	8.72587438606981	9.46255779348488
8.60094465185348	0.166079427803736	8.27517314890599	8.92671615480097
8.94534459841714	0.217115742905709	8.51901008690142	9.37167910993286
9.14016268091015	0.182522022665991	8.78220919821313	9.49811616360717
9.20461830569102	0.227644118518397	8.75766860979922	9.65156800158283
8.81051877024706	0.173554187535339	8.47012567092966	9.15091186956446
9.39956039670906	0.180825265013878	9.04500486818566	9.75411592523246
9.03807986101035	0.200178944717723	8.64531783338382	9.43084188863687
8.98513735579053	0.167677270412898	8.65640910199434	9.31386560958672
9.23548963681784	0.192072872832323	8.85879105263764	9.61218822099804
8.5069531692138	0.196331850041355	8.12159794176846	8.89230839665913
8.79544001125082	0.172025571863049	8.45797371909183	9.13290630340981
8.624405110338	0.158734140370029	8.31319129692514	8.93561892375086
9.01396102712863	0.266451593667672	8.49035939542226	9.537562658835
9.25075379289771	0.182513615513328	8.89281851109826	9.60868907469717
8.82820214623165	0.16970087849566	8.49542598443749	9.16097830802582
8.86269905923143	0.176451708479831	8.51662248547651	9.20877563298635
8.88216755552014	0.164998781511463	8.55862216953775	9.20571294150252
8.9532779745259	0.163889497629806	8.63199442331137	9.27456152574043
9.11667935940112	0.180935614393037	8.76192471254928	9.47143400625297
8.98400125218111	0.168063255494925	8.65451827357601	9.31348423078622
9.29019120670823	0.229117646136837	8.84046478263396	9.73991763078251
9.24755524051263	0.174656171147149	8.90509469024693	9.59001579077832
9.00316727036911	0.167970732548788	8.67386272598938	9.33247181474884
9.18403009672114	0.178359831654949	8.83431127797752	9.53374891546476
9.10631944004861	0.192739055099335	8.7280508998386	9.48458798025863
8.78447233085786	0.164099652848953	8.46276292514003	9.10618173657568
9.03973199990697	0.175730409333186	8.6951302308174	9.38433376899653
8.92226463803958	0.175364979465292	8.5783920218473	9.26613725423185
8.90004743163494	0.186137228072758	8.53485044725594	9.26524441601395
8.98663218100846	0.179958906415994	8.63380636489008	9.33945799712685
9.01189893448706	0.198431179496267	8.62265125059026	9.40114661838386
8.93433484244091	0.174498857871455	8.59219288511561	9.27647679976622
8.58486875044232	0.16934426162565	8.25278720026262	8.91695030062202
8.79152361792854	0.162394150281999	8.47307652364754	9.10997071220955
9.01542092186315	0.18574779501714	8.65109260899963	9.37974923472667
9.28702057300864	0.184880896139975	8.92445184559834	9.64958930041894
9.11015939347274	0.175748393927913	8.7655939617224	9.45472482522308
9.34468247731371	0.169553597321702	9.01228512223217	9.67707983239525
9.19805788882111	0.230228911908897	8.74612840799172	9.6499873696505
9.11683668565877	0.184099980480701	8.7556931866826	9.47798018463494
9.13655076925683	0.183830172641583	8.77591245158365	9.49718908693001
8.96568253195223	0.174678681147512	8.6231710513714	9.30819401253307
9.0995681366597	0.173521275353677	8.75939888750734	9.43973738581206
8.92185882159339	0.169244052031574	8.59002768194311	9.25368996124367
9.31755071207677	0.219381931697874	8.88695741673143	9.74814400742211
8.71135169490381	0.179434747006386	8.35929477125291	9.0634086185547
8.99494442047689	0.16957215849274	8.66245531761845	9.32743352333532
8.8658786887824	0.18264520934419	8.50772762403587	9.22402975352894
9.27542268016396	0.186334123644808	8.91004272803763	9.6408026322903
9.31639625101417	0.189881584618972	8.94409138349418	9.68870111853416
8.95630636238215	0.166318230509701	8.63025408409337	9.28235864067093
9.19144470427822	0.20553565405151	8.78790152077955	9.59498788777688
9.15475864161612	0.177525573792438	8.80664965525404	9.50286762797819
8.77686741240831	0.169371841713683	8.44473276588517	9.10900205893144
9.21973710762899	0.182875559154937	8.86108114410385	9.57839307115414
8.91119971895663	0.164543534161016	8.58862512870349	9.23377430920976
8.84580238276832	0.237920266197995	8.37824660051577	9.31335816502087
8.94372565888894	0.188770339665509	8.57344742829804	9.31400388947985
8.8117827944444	0.162166144073541	8.49382752120662	9.12973806768219
8.9253738282125	0.177895845018272	8.57657948479803	9.27416817162697
8.80631874162158	0.16009578391567	8.49236117781018	9.12027630543299
8.93762428512179	0.166528551265913	8.61111863871973	9.26412993152384
8.71940828934139	0.197720297851545	8.33131547976284	9.10750109891993
9.07905369396387	0.177545905236029	8.73092186738693	9.42718552054081
9.0033761176781	0.174987122369956	8.66025650374473	9.34649573161146
9.02277657311268	0.166528881599757	8.69629391596335	9.34925923026201
9.0049221543645	0.182511059763448	8.64688807418852	9.36295623454048
8.95523074442278	0.234770153052862	8.49411678875853	9.41634470008704
8.82362053193478	0.17754542916595	8.47542694511614	9.17181411875343
8.7459865690263	0.19374583395261	8.36586366827053	9.12610946978208
9.06734067086494	0.195873695371116	8.68290280905613	9.45177853267375
9.07761588541995	0.189394039614744	8.70619430029202	9.44903747054787
8.8850912769915	0.176446900963869	8.53900864437843	9.23117390960457
9.26512365754158	0.200126793557282	8.87261360754392	9.65763370753924
8.74603260340224	0.195934128483904	8.36151677624859	9.13054843055588
9.00222058577084	0.187746970914847	8.63401921089173	9.37042196064994
8.96616428872041	0.194374611038143	8.58474725819933	9.34758131924148
9.22354071944075	0.181822401850605	8.8669601649472	9.58012127393429
9.06466668545676	0.188678026741495	8.69453728558705	9.43479608532647
9.01844850557013	0.178398987975077	8.66850826339874	9.36838874774151
9.16517499873349	0.170275489669576	8.83134070775911	9.49900928970787
9.01437976941179	0.191581534367206	8.63866087925686	9.39009865956672
8.93167846780469	0.209455140167173	8.52053173109222	9.34282520451715
8.95581145653291	0.184532142053265	8.59389497126087	9.31772794180495
8.70326246638214	0.17657474444744	8.35686013122019	9.04966480154408
8.89473707494954	0.19187516594812	8.51826511933087	9.2712090305682
9.19424161582809	0.191067532970921	8.81949134097911	9.56899189067707
9.03370110320029	0.187526355486276	8.66588142473361	9.40152078166696
8.62761214425529	0.184797059503683	8.26503441957893	8.99018986893165
8.9775810584874	0.183271963566327	8.61821218601936	9.33694993095545
9.09274387506766	0.177717040352055	8.74435769552111	9.4411300546142
9.31827788034033	0.203813569525562	8.91830950813219	9.71824625254846
9.23139050829578	0.201499325580325	8.83611621418085	9.62666480241071
8.84687819930317	0.185937759317201	8.48225019010668	9.21150620849967
9.17182174261315	0.186532193184047	8.80600229997506	9.53764118525124
9.32219835488473	0.183990971388605	8.96137798856063	9.68301872120883
9.08579747269984	0.174441912030144	8.74378371610618	9.42781122929349
8.74935555986026	0.166055137499562	8.42374581874856	9.07496530097196
8.77550077319756	0.154303522630897	8.47299789606281	9.0780036503323
8.98698785324344	0.189972851876939	8.61425991608704	9.35971579039985
8.93960333075404	0.180869737525668	8.58475086192366	9.29445579958443
8.98090143295605	0.174613405000166	8.63845679185495	9.32334607405714
8.94490709238154	0.199222178995729	8.55393356791788	9.33588061684521
8.68639260860486	0.157910573861072	8.37674266439551	8.99604255281422
8.84778634467061	0.180693660719668	8.49330042213828	9.20227226720293
8.97632080377494	0.188374817920153	8.60674634406172	9.34589526348815
9.07410988239866	0.192719563006823	8.69603158227396	9.45218818252335
9.2348651875106	0.183291620163929	8.8754280290159	9.5943023460053
8.91329343195159	0.172213034818575	8.57561962448665	9.25096723941653
9.19478094572513	0.171556439887627	8.85845916068287	9.53110273076738
8.99255710079388	0.171948994740236	8.65543741024866	9.32967679133909
9.08527264446128	0.178694002066996	8.73490174889443	9.43564354002812
9.13475545241108	0.188711780470465	8.76462299990707	9.5048879049151
8.9810271046739	0.175615549818877	8.6366518684466	9.3254023409012
9.24505650295499	0.178479278239498	8.89508143405115	9.59503157185884
9.05168920891237	0.172693520404958	8.71308225278895	9.39029616503579
9.23035740950389	0.176660410402782	8.88396761945352	9.57674719955425
8.72638996851202	0.160146279592177	8.41242435112507	9.04035558589897
8.83174256658161	0.170432705246777	8.49759501573742	9.16589011742581
8.98213278127087	0.172427901579444	8.64408487612883	9.3201806864129
9.0493642659683	0.232498966617513	8.59287323037091	9.50585530156569
9.03792215456698	0.178609642133205	8.68774644662896	9.38809786250499
9.00994444202172	0.220529779658977	8.57695527977418	9.44293360426926
9.03531054290144	0.169593427627622	8.70276508584029	9.3678559999626
8.85775008464576	0.160466263892493	8.54310624432006	9.17239392497146
8.87402635841944	0.175191568294915	8.53050960659237	9.21754311024651
8.97909521216963	0.172840152454885	8.64025916473797	9.31793125960129
8.94802888422558	0.206666444703561	8.54236381456914	9.35369395388203
9.03462700384435	0.190698163207821	8.66051486393934	9.40873914374937
9.37343442983007	0.179925274039326	9.02058177884413	9.726287080816
8.98136115589945	0.171678978481482	8.64470989331355	9.31801241848535
8.84932088381161	0.178994012318946	8.49809517990221	9.20054658772102
8.97999731291855	0.189248739490071	8.608820392449	9.35117423338809
8.94943125376231	0.175908430790655	8.6044116577038	9.29445084982083
8.78499444012224	0.193850605031305	8.40454986269731	9.16543901754717
8.91661513610735	0.189144903511661	8.54556688703606	9.28766338517864
9.06609079025277	0.176114141834312	8.72071120839859	9.41147037210695
9.07944786870405	0.177063370952064	8.73222847377137	9.42666726363673
9.36454271506656	0.179876288114615	9.01188355899112	9.717201871142
9.08970723202841	0.170796732429602	8.75477818903832	9.4246362750185
8.59865078066522	0.207453403007782	8.19117808406891	9.00612347726153
8.88493482715149	0.208721660414064	8.47526371020112	9.29460594410186
8.86430112735932	0.184510423701773	8.50231995147927	9.22628230323936
8.72584957736952	0.161453917028229	8.4092916310771	9.04240752366194
8.67411699133573	0.165672213603436	8.34928175439003	8.99895222828144
8.84853668214397	0.197342440131942	8.46123614018621	9.23583722410172
8.9950039223938	0.170818227010166	8.6601136018425	9.3298942429451
8.98244846813996	0.179012165653047	8.63147096292311	9.33342597335681
9.13291206568146	0.180754465241986	8.77845715214072	9.48736697922221
9.07983054818479	0.185954816767278	8.71509972239314	9.44456137397645
9.01601031118269	0.200654424761986	8.62225775068623	9.40976287167914
8.98294670683702	0.179112172010688	8.6316523173169	9.33424109635714
8.99510222494066	0.178280260028782	8.64552235686429	9.34468209301704
9.32908002226297	0.209883889027366	8.9171664560533	9.74099358847263
8.91109614176234	0.18934014426124	8.53944954569323	9.28274273783144
9.07283852499774	0.174321575728357	8.73102343475943	9.41465361523606
9.02192990940918	0.175058493851548	8.67861311152024	9.36524670729811
8.81460277946143	0.171723476766582	8.47781270089087	9.151392858032
9.10486491850665	0.203586052320439	8.70532291085713	9.50440692615618
8.73847750402809	0.211444082067929	8.32331118577708	9.1536438222791
8.65806244109968	0.211455661120077	8.24279650689441	9.07332837530494
9.06066847782396	0.170537556580478	8.72634432627009	9.39499262937784
9.06473761209283	0.168153520443125	8.73506849636916	9.3944067278165
8.92347951738952	0.179843643324915	8.57085753645791	9.27610149832113
9.07134309026668	0.171242681336516	8.73564671959286	9.4070394609405
8.9819064629947	0.177934491782022	8.63294080832645	9.33087211766295
9.20121663519947	0.185529370057127	8.83737763830714	9.56505563209181
9.08888933106399	0.184152596980095	8.7277702206818	9.45000844144619
9.20591003267718	0.278076847460218	8.65933759852596	9.75248246682841
9.24356714440869	0.172834170573809	8.90474225558835	9.58239203322903
9.03467822017002	0.175412054832346	8.69079539271366	9.37856104762638
9.07155931524427	0.177508490641126	8.72350686428497	9.41961176620358
9.08677654333564	0.189229628705723	8.71552769633665	9.45802539033463
8.81499740767057	0.168584620587431	8.48439044032596	9.14560437501517
9.11960419862279	0.175784236339957	8.77485401158437	9.46435438566122
8.95053939445027	0.16221445603368	8.6325256803635	9.26855310853705
9.12652787307644	0.181487999507721	8.77054635508723	9.48250939106565
9.34742775319523	0.180385036670983	8.99364804120497	9.70120746518548
9.54097142868376	0.177733509424658	9.19254843261281	9.88939442475472
9.13940435015753	0.174045785008764	8.79817327920106	9.48063542111399
9.18340049459512	0.190707813842004	8.80933409201741	9.55746689717282
8.85941698444414	0.173246033480292	8.51967653018298	9.1991574387053
9.14843806379286	0.198439477424003	8.75915336319267	9.53772276439305
8.79636383139596	0.178852675256649	8.44557379507227	9.14715386771965
9.070900280119	0.187350514619563	8.70336246152165	9.43843809871634
8.89990898111587	0.16021013859893	8.58583529121477	9.21398267101696
9.093046020954	0.201579149329407	8.69742173703797	9.48867030487003
8.91085391074588	0.174119197184324	8.56946167006326	9.25224615142851
8.91457439463052	0.192915873828117	8.53616513428023	9.29298365498081
9.38750832586116	0.209126688818763	8.97716455764743	9.79785209407489
8.87418858392553	0.157619158768765	8.56517464214273	9.18320252570834
9.0240259206561	0.170628071300742	8.68947974803043	9.35857209328177
8.8739525671292	0.169958909794685	8.54074154900878	9.20716358524962
9.14843419889467	0.194676089300223	8.7664774085903	9.53039098919904
8.82162925550481	0.174361796891563	8.47968990301091	9.16356860799872
9.17031148802313	0.21254563244985	8.75312610775038	9.58749686829588
8.90767585937288	0.156579790510668	8.60068056240306	9.2146711563427
9.37275500043837	0.191006569423284	8.99821245589765	9.74729754497908
9.05657250459039	0.180854666757183	8.70184800678871	9.41129700239208
9.16691330398166	0.201136078334218	8.77217756159455	9.56164904636876
8.90363289276097	0.181546211821457	8.54750744641419	9.25975833910775
8.9172833023799	0.190299377222831	8.54389443671175	9.29067216804806
8.98533474793459	0.175816621891785	8.64047985381243	9.33018964205674
8.69759049511223	0.184026965835047	8.33658562192367	9.05859536830079
8.94876238344311	0.17691967103236	8.60187146134142	9.2956533055448
8.97474168654544	0.173408949531152	8.63468813613684	9.31479523695404
8.98312091676181	0.159842382781705	8.66973073642242	9.2965110971012
9.10724558557851	0.185671035029688	8.74312801119257	9.47136315996445
8.9062756430175	0.19228543981448	8.52885251133739	9.28369877469762
8.9662079127253	0.168226621683291	8.63638289662775	9.29603292882284
8.89087011095124	0.172953174206135	8.55170079148252	9.23003943041995
8.79945248075643	0.181003808361385	8.44430990059481	9.15459506091805
8.93284464345688	0.170499967365976	8.59857999064378	9.26710929626999
9.20091938829875	0.179901187817403	8.8481577153874	9.55368106121011
9.12232677739766	0.199246210008618	8.73138694541505	9.51326660938027
8.99756482742562	0.181657870451373	8.64117452280622	9.35395513204502
9.01999831009099	0.170215226780356	8.68626236319618	9.3537342569858
9.40865232701374	0.189379458451655	9.03719530951252	9.78010934451497
8.72287001841289	0.195346146945518	8.3394810133474	9.10625902347838
8.94451819909303	0.231376445383984	8.48994233396592	9.39909406422014
9.03822677318534	0.189684771430831	8.66615578923262	9.41029775713806
9.09966794615961	0.228382062196346	8.65127316120693	9.5480627311123
9.15668960812508	0.276075997153123	8.61408632497983	9.69929289127033
9.00760402854409	0.170989728026871	8.67237413747573	9.34283391961245
8.95455545053203	0.187465581910318	8.58676992395593	9.32234097710813
9.16210855712761	0.220393955474538	8.72952190303838	9.59469521121684
9.0814275221077	0.168817565661672	8.75043004966071	9.41242499455468
8.98601992500158	0.181973626729506	8.62913497198148	9.34290487802167
8.63323707793277	0.167222846424353	8.30535659655153	8.96111755931401
8.98116095938243	0.170737460149377	8.6463965471314	9.31592537163346
9.0004585646902	0.166888977359318	8.6731874374892	9.32772969189121
8.87288568254296	0.189440183311687	8.50112167438053	9.24464969070539
8.88201503932225	0.207218692347565	8.47525389964301	9.2887761790015
9.20324971704049	0.178714559485954	8.852832228703	9.55366720537798
8.68082256846597	0.173874778359843	8.33979145337999	9.02185368355196
8.79628466252021	0.174622166562683	8.4538946262178	9.13867469882262
8.99487743887335	0.186486549089276	8.62925159787767	9.36050327986903
9.05417253600564	0.20308751302693	8.65559380727683	9.45275126473445
8.88986831524386	0.169771617566634	8.55683156965904	9.22290506082867
8.9393429305691	0.192700091040957	8.56109409679943	9.31759176433878
8.64446250707056	0.182153708973264	8.28707872520823	9.00184628893288
8.64543662509513	0.187258387602585	8.27810510922296	9.01276814096729
8.9807457436985	0.176343162786715	8.63501773023058	9.32647375716642
8.79135090652196	0.161042033440366	8.47557845170074	9.10712336134318
9.07283221831174	0.180971805011809	8.71797433611896	9.42769010050452
8.79125113365173	0.173530536234494	8.45084080537735	9.1316614619261
9.30094392798346	0.181009030393147	8.9459875324792	9.65590032348771
9.06385613082027	0.212899928262195	8.64603065908688	9.48168160255367
9.12925412795148	0.191966589731986	8.75276853712164	9.50573971878133
9.1784685295761	0.175096879255743	8.83517584453977	9.52176121461243
9.14308189011938	0.169550510668232	8.81054905274525	9.47561472749352
8.99264971282638	0.164947077586989	8.66925265764356	9.3160467680092
8.73804541092965	0.163262286983169	8.41795029706852	9.05814052479078
8.5769795000413	0.172686895875848	8.23821214206518	8.91574685801742
9.06948826577191	0.213524909232243	8.65031727408217	9.48865925746165
8.96713840944627	0.182171721522335	8.60988838452935	9.32438843436319
8.9819345976685	0.188560970013246	8.61204186930815	9.35182732602884
8.8007206187333	0.175853364439605	8.45588633800491	9.14555489946168
8.78643740989747	0.180135604662041	8.43317732801426	9.13969749178068
9.31262527177928	0.185583102261579	8.94879694458684	9.67645359897171
8.79411607777323	0.174879446169112	8.45108523580891	9.13714691973755
9.21349542476657	0.180885013945796	8.85877657789879	9.56821427163435
8.81742159717913	0.225234534169401	8.37508098932266	9.25976220503559
9.19838377461855	0.182828989032243	8.83987896056139	9.55688858867571
8.87818119291527	0.174535754695243	8.53587616744925	9.22048621838129
9.07953073565415	0.166688162959438	8.75270043644345	9.40636103486485
8.98816830562352	0.168009629656168	8.65880924768665	9.31752736356038
8.90929224545132	0.167349182318017	8.58111556806759	9.23746892283505
8.91425937276331	0.184824023572017	8.55176066084551	9.27675808468111
8.89464240081806	0.177299165613883	8.54689887560996	9.24238592602616
9.0137457247444	0.177629723371716	8.6654478385562	9.36204361093259
9.08940124685996	0.178120782248742	8.74015228247866	9.43865021124127
8.80005535044835	0.171482135478186	8.46381374677246	9.13629695412424
9.25482419885233	0.180765488719795	8.90036833448554	9.60928006321912
8.72565133132597	0.165736040302298	8.40067420869014	9.0506284539618
8.8796559431855	0.167681965933846	8.55085956010042	9.20845232627058
8.68439025328071	0.189386952799487	8.312800900281	9.05597960628041
8.91801037626366	0.176673831054651	8.57156380594169	9.26445694658563
8.98020110825459	0.168586707983387	8.64969058455199	9.31071163195719
8.93817807070669	0.175922609295623	8.59321188862336	9.28314425279001
8.98408675354487	0.186814100095376	8.61751928346219	9.35065422362755
9.15087322123562	0.186652049062973	8.78483401898393	9.51691242348732
8.9802182677814	0.177397445945641	8.63234546857893	9.32809106698386
9.10706361878881	0.197979542965729	8.71857215519773	9.49555508237988
8.86426650481248	0.222901264284935	8.42640488320921	9.30212812641576
9.161262524483	0.196244497430935	8.77628833919353	9.54623670977247
8.96869771630398	0.164928526023435	8.64536050064394	9.29203493196401
8.91625514435333	0.16712407484777	8.58860382686842	9.24390646183824
8.79887146697656	0.184276342154206	8.43723741997538	9.16050551397775
8.96162022489681	0.161123126640447	8.64576588718307	9.27747456261055
9.00224235910508	0.186269984584528	8.63685473980924	9.36762997840093
8.74634886183826	0.1534765346783	8.4454646348444	9.04723308883211
8.66133170208829	0.202404823210282	8.26405170809933	9.05861169607725
8.81439426130524	0.180347909432393	8.46073421895147	9.16805430365901
9.07273911613981	0.175543780678986	8.72855673076071	9.4169215015189
9.08940545154961	0.182995066642598	8.73046495350304	9.44834594959619
9.25255642451703	0.173921904656593	8.91155153774487	9.5935613112892
9.18287495572432	0.173947519480957	8.84182089764024	9.52392901380841
9.14872352370579	0.167195061443539	8.82091513768154	9.47653190973005
9.26612445153038	0.205346163597428	8.86333820648079	9.66891069657998
8.78038742228006	0.204994676779832	8.37818248083363	9.18259236372649
9.04487744628604	0.174849998756286	8.70204709846205	9.38770779411003
8.9104237356473	0.174985497613528	8.56727139047185	9.25357608082274
9.29427890342593	0.195297027359336	8.91113034116416	9.67742746568769
8.87197159817659	0.181509541009221	8.51606804372641	9.22787515262677
9.11355063538086	0.179672611325219	8.76122553316934	9.46587573759237
8.59461111603852	0.167490288160539	8.26612289331441	8.92309933876263
9.00073487337943	0.170862638525307	8.66568888864393	9.33578085811492
8.80284912933052	0.175451301908429	8.45868392002818	9.14701433863285
9.32460013342033	0.180625634122572	8.97046613939811	9.67873412744255
8.97094108250143	0.173159088837278	8.63143554480621	9.31044662019665
8.83857793999392	0.175444629625722	8.49445599945215	9.18269988053568
9.04213428692163	0.166857337254079	8.71497825425364	9.36929031958962
8.83036222649824	0.185399595587812	8.46670648156709	9.1940179714294
9.02890286653549	0.175516493895072	8.68474489947903	9.37306083359195
9.4188165178837	0.178965845213589	9.06787817713544	9.76975485863196
9.10873739828557	0.17914852085028	8.75744339899296	9.46003139757819
8.80127192548253	0.187776546017335	8.4328345178757	9.16970933308935
9.03570457188047	0.201716493199148	8.63985572870654	9.4315534150544
9.02469050290735	0.173380727813475	8.68475584113722	9.36462516467747
9.1518680283168	0.180470614644746	8.79791016151614	9.50582589511746
9.01250241145318	0.165041732230071	8.68895046653121	9.33605435637514
8.9232212413488	0.246328581041278	8.43911826237814	9.40732422031945
8.84922723732849	0.184715185965836	8.48685420615456	9.21160026850242
8.72700202193399	0.163952117049878	8.40555583936645	9.04844820450154
9.12919835838012	0.201972667241401	8.73296563188028	9.52543108487996
9.19697139537209	0.199897226876359	8.80469703176234	9.58924575898185
8.89612843073328	0.183303745569716	8.53669266395822	9.25556419750834
9.02753332273194	0.181048136415281	8.67241249310162	9.38265415236225
9.27265360850385	0.193015511108699	8.89405137798603	9.65125583902167
9.06387398858799	0.174922225623147	8.72091583954938	9.40683213762659
8.72375713883201	0.182269260226606	8.36625569456506	9.08125858309896
9.16318631399151	0.168125276948625	8.83357508047986	9.49279754750316
8.84442623026887	0.182765942430608	8.48584739133895	9.2030050691988
9.01034322994297	0.183098315842773	8.65119940657003	9.36948705331591
8.87269523047157	0.179866840199995	8.51999485447548	9.22539560646766
9.16164018813246	0.169930284742553	8.82847651088975	9.49480386537517
8.90600850644106	0.163105480357194	8.58618705829941	9.2258299545827
9.20814636679556	0.173426181344164	8.86815686821272	9.5481358653784
9.21794840672515	0.170778471851161	8.88310036032272	9.55279645312759
9.34229355401495	0.19128275855713	8.96719821970705	9.71738888832285
9.123482784243	0.221776068293378	8.68804987826248	9.55891569022352
8.76870984333836	0.221979393909362	8.33274144732329	9.20467823935342
9.175429846033	0.20178907074328	8.77953530739818	9.57132438466783
9.07079524325735	0.174735529223571	8.72821487476253	9.41337561175217
8.80352085049786	0.19237086141585	8.42609693121851	9.18094476977721
8.90693529913875	0.205276730696171	8.5039558324346	9.3099147658429
8.92788009287003	0.168323633751489	8.59780345731022	9.25795672842984
8.99968571834635	0.174802352023801	8.65690592231091	9.34246551438179
9.15043711321258	0.185455562403689	8.78676749582296	9.5141067306022
9.06170057011819	0.172624194437416	8.72321697319656	9.40018416703981
9.00264782432201	0.161155107029562	8.68672205962592	9.31857358901809
9.09451286609361	0.225305691870522	8.65215804668656	9.53686768550065
8.8799652919793	0.17549497031522	8.53586260881041	9.22406797514819
8.94908828132657	0.161101695875983	8.63323749956794	9.26493906308519
8.91523198185055	0.176761412358614	8.56863640618765	9.26182755751344
8.85281732594753	0.161183034051622	8.5367780216596	9.16885663023545
9.12997442749639	0.179194279286601	8.77857185536221	9.48137699963056
9.00293610192946	0.182188050634672	8.6456101845278	9.36026201933113
9.00253364292517	0.167708021393963	8.67370194819383	9.33136533765651
9.04617704062514	0.173791898438334	8.7054424093121	9.38691167193817
8.97481083447536	0.185410651836361	8.61122714792527	9.33839452102546
8.92204164170447	0.181247040226283	8.56655495272382	9.27752833068512
8.88400099859069	0.18310558393323	8.52479186897951	9.24321012820187
8.72068597037736	0.168311050396072	8.3905895497603	9.05078239099442
8.99832094050056	0.16811582285708	8.66873276861693	9.32790911238418
8.80752863900282	0.2311099536477	8.35346448013188	9.26159279787377
8.82957940869946	0.208082588097981	8.42104147870122	9.2381173386977
8.74507486626177	0.159236370542631	8.43281801381686	9.05733171870667
8.84211285140364	0.160947529418752	8.52658403951294	9.15764166329435
9.17281299428242	0.200230691985206	8.78009140168305	9.56553458688178
9.10609165136109	0.180258063897053	8.75252118354219	9.45966211918
8.8575435163526	0.185497757903135	8.49373540618107	9.22135162652413
8.85389884843787	0.18206653633918	8.49679535370681	9.21100234316893
9.16914038445314	0.169430532537355	8.83694938756975	9.50133138133652
8.66308750232535	0.190954097335227	8.28838380032021	9.0377912043305
9.19157610054656	0.201076275599071	8.79712552172053	9.5860266793726
8.90030992070226	0.17590696212158	8.55546100863162	9.2451588327729
8.95342917401533	0.18599987519409	8.58852250195932	9.31833584607134
9.42843154853025	0.184362952957223	9.06699702488822	9.78986607217228
9.10969188109859	0.174369755042212	8.76785558366582	9.45152817853135
8.9294337872938	0.165584362004929	8.60478991558006	9.25407765900755
9.27451591351707	0.178707193501471	8.9240341779838	9.62499764905035
8.58867882839988	0.175415661385973	8.2446231717637	8.93273448503606
9.09186888249051	0.175886917612184	8.74695118692433	9.43678657805668
9.1509192529883	0.177859057791288	8.80220992144774	9.49962858452886
9.02354280990329	0.164289744044436	8.70141732602666	9.34566829377992
8.96156671020749	0.187110788679117	8.5945777824884	9.32855563792659
9.02130719704763	0.183222975408821	8.66202666989497	9.38058772420028
9.04841480283905	0.179691797703608	8.69606514137561	9.40076446430249
9.04251857327074	0.174553653637349	8.70020364068848	9.384833505853
8.78533995131615	0.16094301516589	8.46981622936884	9.10086367326346
8.95217530554461	0.175455910206554	8.60803704657886	9.29631356451036
8.67133866785355	0.171747605876029	8.33452784485115	9.00814949085594
8.98497196325665	0.16521323709637	8.66108269579327	9.30886123072004
8.722883646215	0.162453489338127	8.4043714201274	9.04139587230259
9.22011259400646	0.176453348019892	8.87405471946101	9.5661704685519
8.90980528758339	0.168335349599546	8.57977910811794	9.23983146704885
9.03401073583565	0.178490924107039	8.68396833991181	9.38405313175949
9.14142887553987	0.18660729996968	8.77545845992417	9.50739929115557
9.1191376338201	0.173302893684922	8.77932810962437	9.45894715801583
8.82443759173677	0.19624883564202	8.43921092187475	9.2096642615988
8.82750387352372	0.172304984288939	8.48949139711667	9.16551634993077
8.99356454074641	0.18085347794034	8.6389332899027	9.34819579159011
8.93527341982564	0.171090905626891	8.59977339724943	9.27077344240185
9.25983218849449	0.18442887675113	8.89823806044337	9.6214263165456
8.97016468454762	0.172351179311882	8.63219780783784	9.3081315612574
9.27420865812464	0.183198561340949	8.9149920189054	9.63342529734388
8.98263167175642	0.166607935935549	8.65595677328571	9.30930657022713
9.18795613075354	0.173280043528654	8.84816436604767	9.52774789545942
8.65840662978283	0.186882831453684	8.29170549813449	9.02510776143117
9.05313214482923	0.171918785492247	8.71600796015546	9.39025632950301
8.75740242227694	0.17052025272771	8.42299667662952	9.09180816792437
8.88052566628509	0.191433561519984	8.50509944729132	9.25595188527885
8.99499731347054	0.186284347272067	8.62959527090163	9.36039935603945
8.80566999211171	0.172816078085785	8.4668620362063	9.14447794801712
8.99135932121453	0.16987212746901	8.65828407928256	9.3244345631465
9.23634639384922	0.18887008527383	8.86584907514099	9.60684371255745
8.93528357576895	0.172548706877972	8.59692057591215	9.27364657562575
8.79401080776191	0.177388079562712	8.44600798875026	9.14201362677356
9.26852438066498	0.174774972262284	8.92585161726956	9.61119714406041
9.05043300694184	0.178392140788426	8.70064243418908	9.40022357969459
9.07867510578027	0.183709596170914	8.71834836541881	9.43900184614172
9.2223376105278	0.190228967085362	8.8491415420935	9.5955336789621
8.72613653008063	0.210537436584924	8.31274678215129	9.13952627800996
9.30296346630745	0.221975255516927	8.86722136824897	9.73870556436593
9.00579167212699	0.189453783829877	8.63413283187649	9.3774505123775
8.80600013550405	0.176967236212932	8.45897924497227	9.15302102603584
8.85614313969978	0.180336261285787	8.50252067294285	9.2097656064567
9.16836025663342	0.165198773972041	8.84444067681116	9.49227983645568
8.97995970548668	0.22317761113802	8.54177878480652	9.41814062616684
8.93233823183392	0.17584862489482	8.58745919445248	9.27721726921537
8.90001123737352	0.186352588766271	8.5343765890891	9.26564588565794
8.77158016812657	0.168364219184317	8.44145539453237	9.10170494172077
9.07817266130937	0.184331168967993	8.71661853327255	9.43972678934619
9.04297508015199	0.181063272791712	8.68772105503944	9.39822910526454
8.60146811706364	0.215295158955584	8.17881277534785	9.02412345877943
8.93507608440177	0.213549758021493	8.51593213563954	9.354220033164
8.82856448996339	0.167709579874606	8.49970795172403	9.15742102820276
8.80656929414625	0.176301412609763	8.46070057605327	9.15243801223922
8.81077465342204	0.198318927166504	8.42162055576601	9.19992875107807
8.86172566226034	0.184371211402501	8.50016882945155	9.22328249506913
9.06614130570773	0.181861914776732	8.70950528729303	9.42277732412244
8.76374609039156	0.208029941934499	8.35542744379671	9.1720647369864
8.95178681657541	0.189476216946349	8.58018024906384	9.32339338408697
9.20417432880432	0.194267545042848	8.82306942508267	9.58527923252597
9.26721052922227	0.177082869981195	8.92005795011759	9.61436310832696
8.73326426512842	0.171335876670454	8.39720898562924	9.0693195446276
8.92206532985129	0.166120127594921	8.59628704650519	9.24784361319738
9.14105875145824	0.177075404816363	8.79386846153417	9.48824904138232
8.95619348383791	0.171437726455695	8.62006536754409	9.29232160013173
9.21734297432726	0.179241165890413	8.86577375518301	9.56891219347151
9.49838263036552	0.179659510880244	9.14614931461958	9.85061594611146
8.98856954836516	0.180771448585618	8.63399603429846	9.34314306243187
8.94036691660048	0.198348549068605	8.55124292641954	9.32949090678142
8.83609005815637	0.164348931877538	8.51386969398369	9.15831042232905
9.0350654077778	0.171333053495675	8.69916833828941	9.37096247726619
8.68489221097559	0.189159673908736	8.31372538038447	9.05605904156672
9.16118537882574	0.182144842239734	8.80395786267287	9.5184128949786
9.25919730829096	0.180250316299	8.90576036058151	9.61263425600042
8.95072211179722	0.170946066810487	8.6156173002921	9.28582692330234
8.96320491684584	0.171893325580379	8.62620112490348	9.30020870878821
9.0526555521676	0.178212535385332	8.70305044542669	9.40226065890851
8.92194505068293	0.16904949581832	8.59048503520339	9.25340506616247
9.22941176899648	0.20551305825783	8.82615333600071	9.63267020199225
8.74576695711596	0.158305229749024	8.43541669252201	9.05611722170991
9.26748224804992	0.178050270006303	8.91837853955187	9.61658595654798
9.3071786414268	0.26353357670439	8.7894160805163	9.8249412023373
9.0680360068426	0.176786209114642	8.72131544353434	9.41475657015085
8.91951123287498	0.162799431698195	8.60034735714627	9.2386751086037
9.30444562925177	0.181726428958804	8.94812584034245	9.6607654181611
8.71202747945011	0.165328111108505	8.38787028874562	9.0361846701546
9.09802846858049	0.219435463008465	8.66712201572	9.52893492144098
9.21702945317888	0.191457017098087	8.84140004657931	9.59265885977845
9.11720438350315	0.222871619589674	8.67950989395995	9.55489887304636
9.16947488060723	0.197771665868765	8.78140175214581	9.55754800906865
8.94235977046026	0.174296003122074	8.60053449823852	9.284185042682
8.87238924958444	0.168999856747337	8.54108765607255	9.20369084309633
8.95890937804515	0.168033905035112	8.62941868733533	9.28840006875497
8.90820458232713	0.175190644411666	8.56474245343	9.25166671122426
9.19445648759295	0.18131011529502	8.83877437406044	9.55013860112546
9.11091019101928	0.179162363670948	8.75960068580519	9.46221969623337
8.90476785190625	0.190409702956115	8.53132601024114	9.27820969357137
8.90358054595072	0.174579546836466	8.56120781037718	9.24595328152426
8.85727303663625	0.21756328762491	8.43000774279754	9.28453833047495
8.93505306926541	0.166099556813865	8.609343159807	9.26076297872383
8.90369054161942	0.16739223309311	8.57540768102492	9.23197340221392
9.07013717742911	0.210048497977627	8.65776603755593	9.4825083173023
8.93907177979207	0.183859983986948	8.57832837186362	9.29981518772052
8.99289654521524	0.167559747012922	8.6643290626496	9.32146402778089
9.13884949001204	0.175716346024702	8.7942806706949	9.48341830932917
9.20543606954616	0.17695015720381	8.85841284059115	9.55245929850116
8.96535977464329	0.186285043444906	8.59999484791541	9.33072470137116
9.01029486824727	0.18590583079434	8.64565948443442	9.37493025206011
9.21733198683728	0.167790387155428	8.88841266174466	9.54625131192991
8.79691250664276	0.161818288531751	8.4796611702057	9.11416384307982
8.84937640661228	0.191806275392147	8.47313849356624	9.22561431965833
8.92835766568276	0.205307675509586	8.52534629048539	9.33136904088013
8.75878074191145	0.157182914146825	8.45063939034163	9.06692209348126
9.16673508358858	0.187296181000311	8.79947151696058	9.53399865021657
9.00041372924966	0.161911275495665	8.68300503917103	9.31782241932828
9.07694574272726	0.175042136542107	8.73374406889683	9.4201474165577
8.88421057382927	0.164847399357049	8.5609794151565	9.20744173250203
8.98900323684347	0.174173727580348	8.64743103482148	9.33057543886545
9.17037714156968	0.184790721217461	8.80791686829573	9.53283741484362
8.86908528395931	0.183836789463752	8.50826670931652	9.22990385860209
8.89776532717899	0.185626261717937	8.53361854435331	9.26191211000468
9.00405466832065	0.180055767905565	8.65096272698124	9.35714660966007
9.16911820436753	0.187326363726876	8.8016431089605	9.53659329977456
8.8576974690929	0.174511141754412	8.51549452632077	9.19990041186503
9.12639916756106	0.177775897244793	8.77787125540328	9.47492707971885
8.71905766192021	0.181249524553088	8.36361804708164	9.07449727675879
9.33821334338096	0.173763290626593	8.99757355042152	9.67885313634039
9.10873736388605	0.176145663967567	8.76331263564703	9.45416209212506
8.83456386840915	0.184939960677201	8.47191672054007	9.19721101627823
8.74530161816579	0.166613894989234	8.41857260155586	9.07203063477573
9.16294815957395	0.169686983067079	8.83019154688554	9.49570477226235
9.26423485899245	0.175956534947489	8.91923811134183	9.60923160664308
8.90063122316061	0.169120991643756	8.56904129413439	9.23222115218683
8.91762638494132	0.180271954116306	8.56408441568996	9.27116835419269
9.09546167440951	0.175645139001837	8.75107145954742	9.4398518892716
8.89933491410962	0.159036702730739	8.58748594201936	9.21118388619989
8.71310033699537	0.179077902865121	8.36183568229472	9.06436499169602
8.73697926468826	0.173129869005828	8.39752380413602	9.07643472524049
9.3161583690853	0.170354059902733	8.98217432416971	9.65014241400089
9.10458804825711	0.232895697362305	8.6474156139635	9.56176048255072
8.89012726232948	0.176714799790157	8.54350697604193	9.23674754861703
9.14458235379783	0.199650975307012	8.75293592936529	9.53622877823036
9.09061238455267	0.184968310486543	8.72793582109576	9.45328894800958
8.76644745743828	0.167445088814403	8.43814887878745	9.09474603608911
9.19814027598285	0.175776617995932	8.85342711842544	9.54285343354025
9.06036259344056	0.181681934226492	8.70414495869055	9.41658022819058
9.24751060946522	0.192651875317126	8.86974362104699	9.62527759788345
9.15044641403894	0.181587610596968	8.79440412238198	9.50648870569591
8.93770335570068	0.221396158055618	8.50286002248684	9.37254668891453
8.86236946301036	0.174831595097724	8.51950242708557	9.20523649893514
8.97910438045718	0.174004587321989	8.63794558002479	9.32026318088957
8.7277231461051	0.165077620253273	8.404053194111	9.0513930980992
8.97914158397495	0.180846113222084	8.62439488727857	9.33388828067134
8.67988316136837	0.171136237446696	8.34430104803641	9.01546527470032
8.92778616345307	0.16462785804592	8.60500717640142	9.25056515050471
8.75252277875455	0.187111726299119	8.38547770815244	9.11956784935666
9.5088541465608	0.219476629451728	9.07807012928785	9.93963816383375
9.00726148778791	0.174410657901706	8.6652364286324	9.34928654694342
9.07711594628263	0.294501790030433	8.49799284968438	9.65623904288088
9.11736705415324	0.17956725375722	8.76522495335038	9.46950915495611
9.16041148978614	0.185905666499527	8.79568430205729	9.52513867751498
8.98803347576076	0.174021632000108	8.646804470162	9.32926248135952
9.14364056463026	0.174393288221896	8.80173092274629	9.48555020651423
9.05206046315111	0.170517843762634	8.71774281751483	9.3863781087874
8.6900063109289	0.175340398263061	8.34612652097518	9.03388610088262
8.76012503771599	0.173215154008324	8.42039268177471	9.09985739365726
9.07382935768714	0.169020777383095	8.7424636146665	9.40519510070779
8.99149455072212	0.193230538104522	8.61236099802213	9.37062810342211
9.22301117628606	0.17384572418295	8.88212351253888	9.56389884003324
9.25335839519551	0.173508345051632	8.9132230845615	9.59349370582951
9.26469000947726	0.178092420134265	8.91551634698309	9.61386367197143
8.86765165520608	0.170566654326442	8.53319352609859	9.20210978431357
9.01505666799448	0.179179572329958	8.6637939671779	9.36631936881106
8.8314549638509	0.17220322395346	8.4937981712066	9.1691117564952
9.05310341654409	0.200612685616194	8.65944803159772	9.44675880149046
9.0928639201993	0.175949261870775	8.74783202603095	9.43789581436765
9.15599588849714	0.214064942025924	8.73573274720926	9.57625902978502
9.3674658009782	0.184122237592201	9.00643015953159	9.7285014424248
8.84371290930998	0.174038282080291	8.50236138820015	9.18506443041981
9.02788851470073	0.171160405321313	8.69231824634572	9.36345878305574
8.75390021669494	0.164915663860647	8.43046955254474	9.07733088084514
9.28908057382771	0.177502654995032	8.94106764806636	9.63709349958906
8.72953809939659	0.163039634087308	8.40978515168424	9.04929104710895
8.97257286502005	0.165960475281363	8.64719718829734	9.29794854174276
9.06028418640483	0.169433243001138	8.72812287833328	9.39244549447638
9.20683457023333	0.187656485345784	8.83882306849777	9.57484607196889
8.85267418407525	0.168352221752309	8.52256794830987	9.18278041984064
8.86105419624925	0.168128080980988	8.53134875803009	9.19075963446842
8.60029339526009	0.185224440353479	8.23685978158249	8.96372700893769
8.95502799159257	0.182149260798122	8.59783616275499	9.31221982043014
8.84700174352799	0.191466062922401	8.47147497587538	9.22252851118061
9.38821133440517	0.18096536881707	9.03343957553948	9.74298309327086
8.95167164314163	0.166501836948307	8.62520242850573	9.27814085777754
8.91533402078776	0.171270849886055	8.57947246520536	9.25119557637016
9.17201787100043	0.181929680998049	8.8152777207209	9.52875802127997
8.90710951811942	0.177721359429439	8.5586219160173	9.25559712022154
9.1644482579353	0.175566377134038	8.82017370519404	9.50872281067656
8.96183823322073	0.178080291878051	8.61263975745644	9.31103670898502
8.98725733186818	0.189867687502555	8.6148029892902	9.35971167444616
8.78011592675775	0.199324526861212	8.38894948527345	9.17128236824206
8.99808015510357	0.162166097349673	8.68007978097924	9.3160805292279
9.0787467229524	0.183021124561989	8.71981922533739	9.43767422056742
8.87233554746076	0.180990535803653	8.51731224064758	9.22735885427394
9.07754979466774	0.18264306084468	8.71926651393501	9.43583307540046
9.02493201126927	0.175787822363637	8.68022422008242	9.36963980245612
8.82671128542207	0.166858485563728	8.49953199645204	9.15389057439211
8.67297945662047	0.172547046367857	8.33459754393845	9.01136136930248
8.76253506190005	0.207619858832186	8.35488232498185	9.17018779881825
9.29343475598707	0.200498197876535	8.90008807689422	9.68678143507992
8.9127750868317	0.175040111564865	8.56948978610606	9.25606038755734
9.09590858112762	0.171942884875616	8.75875962777414	9.4330575344811
9.11016817924174	0.18834647582058	8.74074982480487	9.47958653367861
9.0468895451377	0.190716559779382	8.67279293392067	9.42098615635473
8.89357691662072	0.180027005986516	8.54046141264716	9.24669242059429
9.17716356141071	0.178874557092287	8.82641839480781	9.5279087280136
8.61755462467395	0.174098554881334	8.27599139414706	8.95911785520085
8.98652424868141	0.193044786776838	8.60782495048135	9.36522354688148
9.01070265148677	0.168642867911708	8.68001646217568	9.34138884079785
9.35342133779337	0.189148446615181	8.98243922978502	9.72440344580171
9.22287500745562	0.186635924716313	8.85693150725611	9.58881850765513
8.98044670365615	0.159492011508256	8.6677715751638	9.29312183214851
8.90618389389695	0.208909931465908	8.49586599398321	9.31650179381069
9.05399286655469	0.172496437057108	8.71579366166531	9.39219207144407
9.0320176386712	0.17910538529715	8.68081504137222	9.38322023597018
8.94678253640775	0.200133312626342	8.55399587600314	9.33956919681235
