estFinal_ps2	sdFinal_ps2	X1	X2
8.75330857132173	0.313327764650212	8.13743501586286	9.3691821267806
8.78383450569303	0.303531479695462	8.1874178778144	9.38025113357166
8.45175921574689	0.298723555551084	7.86459277031565	9.03892566117813
8.90832104419772	0.314892620636366	8.2893186748451	9.52732341355034
8.20760773119192	0.336789617479034	7.54507076324642	8.87014469913742
9.04427836816306	0.379593803444883	8.29774617968439	9.79081055664173
9.54704275787943	0.364501086841389	8.8305425152919	10.263543000467
8.95210860197954	0.416051933099946	8.13310552508173	9.77111167887734
8.81313606547152	0.319829982904396	8.18421474628268	9.44205738466036
8.68546015095096	0.286291531944213	8.12273195037264	9.24818835152928
8.80728226204237	0.307535100516427	8.20289475365691	9.41166977042783
8.88467192497778	0.335545536572049	8.22493896477605	9.54440488517952
8.89862023535087	0.359657774829245	8.19116665912046	9.60607381158127
8.81661915653607	0.296327214398691	8.23423583320186	9.39900247987027
8.42695568409316	0.275740232103473	7.88519129558241	8.96872007260392
8.73518943458801	0.313235808527262	8.11961517665498	9.35076369252104
8.78203038961964	0.343898555377071	8.10572806578994	9.45833271344934
8.3985307193213	0.301986716551228	7.80520969100553	8.99185174763707
9.02486328975646	0.349874240350337	8.33683507003638	9.71289150947653
8.77391673599154	0.289465762640418	8.20500783701729	9.34282563496579
8.74734516039512	0.331065158719121	8.09654472634215	9.39814559444808
9.17227767157761	0.389108734313554	8.4068403112393	9.93771503191591
8.46733528070394	0.29207005389729	7.89325167379375	9.04141888761413
8.90829423504615	0.343549243636798	8.2325568198576	9.5840316502347
9.0591358833095	0.431945971032801	8.20908319883518	9.90918856778381
8.82892716588277	0.305242607630283	8.22888100786858	9.42897332389696
8.95027458055801	0.2907111842132	8.37929942898396	9.52124973213205
8.45053703689257	0.283644805456789	7.89339360414918	9.00768046963597
8.83771682239245	0.325787684765623	8.19730161219176	9.47813203259314
8.88735090352551	0.316053022016668	8.26625649158976	9.50844531546126
8.48267376766469	0.327948764543655	7.8378631311873	9.12748440414207
8.67661461441636	0.415306346453444	7.85906043254211	9.49416879629062
8.9289351817326	0.441031100799482	8.06076696647849	9.79710339698672
9.25283373316527	0.33760297705552	8.58923065433985	9.91643681199069
8.57941322136521	0.303241709086434	7.98320285884498	9.17562358388545
8.43369610364703	0.328471719316664	7.78771855279276	9.0796736545013
9.33725395825292	0.347049125775432	8.65472265754921	10.0197852589566
8.61604737489957	0.277503050370897	8.07075791258352	9.16133683721562
8.37874417341864	0.298297788922753	7.79222403651265	8.96526431032463
8.61481910775308	0.365385401049848	7.8958899886572	9.33374822684895
8.60987696771023	0.382942671371066	7.85656962534446	9.36318431007599
8.57470350492654	0.31458633965529	7.95619354020326	9.19321346964982
9.01331995826556	0.418597815519358	8.18939084838489	9.83724906814624
9.15212436508736	0.316113291768703	8.53076743793394	9.77348129224077
8.75129039743075	0.277242654012691	8.20684554120359	9.29573525365792
8.90875847983459	0.380076795627303	8.16104895786957	9.65646800179962
8.93260516711018	0.32735146561766	8.28888157304996	9.57632876117039
9.01940488971125	0.314622098548194	8.40075748322859	9.63805229619391
9.20211603028367	0.466792710478566	8.28296340010092	10.1212686604664
8.75529791032434	0.383894512292721	8.00006087896995	9.51053494167873
9.10982626732085	0.324572201841391	8.47160511993573	9.74804741470597
8.6795589021415	0.309159523459777	8.07160869840409	9.28750910587891
9.33847116215837	0.624978436350552	8.10735182136374	10.569590502953
8.53560722780701	0.31188914007325	7.92243614936708	9.14877830624695
8.67427705062758	0.28388499653366	8.11674551969438	9.23180858156078
9.15669634464034	0.516728508337571	8.13902637861459	10.1743663106661
9.07171538075968	0.409612054608023	8.26548866386723	9.87794209765213
8.53336619061122	0.287756349762056	7.96783630299205	9.09889607823039
8.88610917343943	0.378184611999386	8.14211276624109	9.63010558063778
8.31771658703026	0.349649672314649	7.62992517115471	9.00550800290581
8.59994510626529	0.341034709061965	7.92909620265146	9.27079400987911
8.75726324855788	0.320548435435807	8.12731375519021	9.38721274192555
9.09101676805163	0.332439706088578	8.43739796192389	9.74463557417938
8.75612860009877	0.352934582594401	8.06174111128626	9.45051608891128
8.77082581131673	0.282815671253621	8.2152271215824	9.32642450105105
8.90717851488296	0.320277699587551	8.27729564932221	9.5370613804437
9.21339696274721	0.321440962411131	8.58145548213779	9.84533844335663
9.54351006027872	0.538686450250225	8.48268688756543	10.604333232992
8.34215998713794	0.351444722986658	7.65071325060747	9.03360672366842
8.76981360733522	0.445477571956046	7.89327977438464	9.64634744028579
8.98833209534859	0.34446108446638	8.3108769445537	9.66578724614348
8.59655074733572	0.325962060226722	7.9555512013185	9.23755029335294
8.5845213605775	0.437035502029018	7.72417420123373	9.44486851992126
8.90919584645035	0.351189166458773	8.2184270233055	9.5999646695952
8.49648755467759	0.321870138681706	7.8636696487079	9.12930546064729
8.68227409922503	0.60310097607154	7.49429420897339	9.87025398947667
9.32766988507574	0.356561274468854	8.62689175430086	10.0284480158506
8.90611983860036	0.34753343934262	8.22279675067453	9.5894429265262
8.49656792028711	0.326347445583644	7.85514350868448	9.13799233188975
8.89317252216527	0.372221322009238	8.16110088333743	9.62524416099311
8.49828429065728	0.281558960567812	7.94500535299837	9.05156322831619
8.69505732282996	0.301794646225364	8.10196584435157	9.28814880130834
8.7800002812987	0.379961674977299	8.03228324385592	9.52771731874147
8.6706955608231	0.371382215402017	7.94003931804048	9.40135180360572
9.11428930542127	0.293471647401048	8.53762218865936	9.69095642218318
8.46101053757197	0.30115440699848	7.86898632796657	9.05303474717737
8.5803353818977	0.311742766877992	7.96749542559922	9.19317533819619
8.89709271519745	0.352834722869313	8.20313931276046	9.59104611763443
8.31743433253833	0.342455338957056	7.64390715428727	8.99096151078939
8.27261714791844	0.279753460260326	7.72251249163521	8.82272180420167
8.66025394949798	0.340865397536331	7.99001231120064	9.33049558779532
8.41484979157031	0.343443395027473	7.73953127536396	9.09016830777665
8.71201510580024	0.314738626020018	8.09329974514155	9.33073046645893
8.90628025927974	0.327431257620036	8.26266526545894	9.54989525310054
8.61715588228513	0.390498032835114	7.84865711648432	9.38565464808594
8.95256951254489	0.432623078502004	8.10096445494161	9.80417457014816
8.99259865940764	0.280993774063882	8.44039718028553	9.54480013852975
8.64498232594255	0.38520269095279	7.88724387086839	9.40272078101671
8.95884923528969	0.410589383437158	8.15076119911822	9.76693727146116
8.85312154670546	0.338836811055547	8.18663508180564	9.51960801160528
9.14519362949829	0.329183839012917	8.49819110721456	9.79219615178201
8.53971793429739	0.360269994192642	7.83124426223051	9.24819160636427
8.97295619779375	0.399765316574861	8.1865439164407	9.7593684791468
8.54283221280445	0.307145992920438	7.93879138754797	9.14687303806094
8.41275061269491	0.278682250058805	7.86498614226502	8.96051508312481
9.20207658660452	0.407117087562204	8.40088290857773	10.0032702646313
8.47285005882956	0.341261617687747	7.80181316213668	9.14388695552244
9.21074526971897	0.429904257361734	8.364446302414	10.0570442370239
8.43574105550963	0.282448356230155	7.88063719026438	8.99084492075489
8.80060199399743	0.371153391977847	8.07056076056949	9.53064322742536
8.28528773084962	0.274312960377332	7.74647640152889	8.82409906017035
8.93852998527063	0.299353279248411	8.35045039329548	9.52660957724578
8.61143442398929	0.32677376041436	7.96910795211559	9.253760895863
8.33601247102797	0.314253352327367	7.71822538400147	8.95379955805448
8.41128708914128	0.400287122667829	7.62332459430696	9.1992495839756
8.65272156162828	0.32514936190052	8.01309223289096	9.29235089036559
8.35060878330486	0.283159478610558	7.79397195831339	8.90724560829632
8.95520964182026	0.351018254700528	8.26468802922517	9.64573125441535
8.85389725325956	0.416871391937082	8.03331984462837	9.67447466189076
8.95806341901506	0.345091009870146	8.27951786575646	9.63660897227366
8.21415390033167	0.621842589589311	6.98910815983364	9.4391996408297
8.80289074844461	0.450558605991696	7.91616933072748	9.68961216616173
8.48633518571655	0.293799132496837	7.90870782837611	9.063962543057
9.13066672069954	0.592484633832325	7.96362239245168	10.2977110489474
8.21654744218393	0.261437280966278	7.70304401257068	8.73005087179719
8.42697899727409	0.294821878830552	7.84751593621477	9.00644205833342
8.3619010876991	0.317675271416351	7.73740417955904	8.98639799583915
8.82941627952795	0.24561982678982	8.34695638962923	9.31187616942666
8.42277364745907	0.369160438649501	7.69652328552335	9.14902400939479
8.44771982523673	0.321935032108977	7.81474470468011	9.08069494579334
9.73750612805317	0.59100334543868	8.57365503355207	10.9013572225543
8.29341578330283	0.31474340844476	7.67486406689459	8.91196749971107
9.05678287087285	0.416023912158633	8.23813276501997	9.87543297672573
8.73718929633615	0.447489467880891	7.85610162355719	9.61827696911511
8.56557453682018	0.315852615880395	7.94450425087577	9.18664482276459
8.90581846534417	0.336150227607607	8.24512005846222	9.56651687222613
8.40043652142679	0.32840077865564	7.75460369264378	9.04626935020981
8.53262934446738	0.392206485947556	7.76086117877804	9.30439751015673
8.65426522993782	0.252940809724874	8.15746219042279	9.15106826945285
8.38053406529354	0.297136562852526	7.79684009026797	8.96422804031911
8.92561462971493	0.332869068268176	8.27103407579729	9.58019518363257
8.72018739178829	0.379363676310756	7.97370049644819	9.46667428712838
8.6995824089452	0.298702306594417	8.1124173153031	9.28674750258729
8.768442981272	0.294915833065881	8.18902795081921	9.34785801172478
8.75937713535989	0.394838437983655	7.98227550280412	9.53647876791567
8.41980967885091	0.41372219427532	7.60537903223901	9.23424032546282
8.64212532150741	0.408999508012312	7.83715240519587	9.44709823781895
9.08884560350861	0.516819622829528	8.07105985924184	10.1066313477754
8.74981067120152	0.326920165309597	8.10727483855182	9.39234650385123
8.63746617012971	0.295877207860088	8.05566668920389	9.21926565105553
8.46219363363534	0.322893532443958	7.82701657784813	9.09737068942256
8.9776403463372	0.275260123413395	8.4368885622485	9.51839213042591
9.24404445684956	0.311722255504439	8.63132278819693	9.85676612550218
8.38667937025445	0.379451180645008	7.63993351032466	9.13342523018425
9.15811389112422	0.428858249772989	8.31399157836857	10.0022362038799
8.43360442532717	0.317028080438574	7.81028009403917	9.05692875661517
8.50929159408806	0.310362712136989	7.89922082267199	9.11936236550414
9.38055954163983	0.381022318326106	8.63079855570944	10.1303205275702
8.39731591559402	0.297755319798494	7.8119982579113	8.98263357327674
8.99109731736207	0.364957497819003	8.27317136491857	9.70902326980558
8.86877311082343	0.314522142598124	8.25035266986905	9.4871935517778
8.57381687127724	0.315733427079851	7.95286274277914	9.19477099977534
8.56449939250602	0.303598536637004	7.96771127834773	9.16128750666431
9.00450432884818	0.36809269137521	8.28043456239691	9.72857409529944
8.48309154106021	0.29772546049888	7.89798654295394	9.06819653916649
9.09253090499339	0.320528277422558	8.46279646563304	9.72226534435373
8.6848806683817	0.323467780365653	8.04902275489846	9.32073858186495
8.84972558307109	0.298579632210233	8.26304129229542	9.43640987384676
9.27700063394837	0.316612731881499	8.65491334564839	9.89908792224834
8.76322209938648	0.308324199540393	8.15692242406523	9.36952177470773
8.75111047400241	0.302659644405615	8.15623163540668	9.34598931259814
9.56024743851545	0.416518502820484	8.74050320213327	10.3799916748976
8.47330992345842	0.35437650426151	7.77615123294738	9.17046861396946
9.24870295139065	0.31051022487705	8.63838788036171	9.8590180224196
8.50549069632501	0.307440182333352	7.90106771112711	9.1099136815229
8.72899760350982	0.309227565797437	8.12106815800229	9.33692704901735
8.43332248657924	0.287123994075599	7.86908477766848	8.99756019549001
8.50366926360885	0.295824198513859	7.92233181912809	9.0850067080896
8.65421356135287	0.336307247353833	7.99319211272997	9.31523500997578
8.78411336959973	0.303171635037989	8.18839537417609	9.37983136502338
8.98082973851748	0.378279191993632	8.23687791814608	9.72478155888888
9.01126664472429	0.792709429233622	7.44925858607898	10.5732747033696
8.68115182471178	0.330013084822808	8.03236229101125	9.32994135841231
9.13910706938309	0.389883981906382	8.37183402029009	9.9063801184761
9.26931802146363	0.42497648731995	8.4330993232128	10.1055367197145
8.61748933008384	0.271258094085816	8.08449474467408	9.1504839154936
8.75325163952568	0.281160200226413	8.20091391319499	9.30558936585637
8.85879817112927	0.289861627429917	8.28905440285222	9.42854193940633
8.69623117731434	0.25695568215842	8.19143220979828	9.20103014483039
8.83596191110671	0.423769517361796	8.00182370657714	9.67010011563629
8.57103244916115	0.246535566667024	8.08682073030228	9.05524416802001
8.23543867837095	0.323222759564509	7.59993169284943	8.87094566389247
9.13310012871576	0.402709013410692	8.3404438764301	9.92575638100142
8.93751109640579	0.329019412101275	8.29056942982725	9.58445276298434
9.25259275197556	0.407299279733159	8.45106248301731	10.0541230209338
9.14684960880438	0.309792080721636	8.53794003038196	9.75575918722681
8.67307058057304	0.347993013039653	7.98838726510901	9.35775389603707
8.82979445612439	0.32364774556933	8.19349700481836	9.46609190743042
8.88949763612855	0.316619124707939	8.26733062583822	9.51166464641888
8.84768314875173	0.293573979565276	8.27073570604189	9.42463059146156
8.6827863520797	0.310978935321187	8.07156146636908	9.29401123779032
8.66480978365452	0.361289566409185	7.95411017918277	9.37550938812627
8.51020269914774	0.395515738733133	7.73163817608344	9.28876722221205
8.95497262125391	0.342133175517909	8.28205697628587	9.62788826622194
8.47714008189024	0.310693050801384	7.86644704368616	9.08783312009431
8.28140021400058	0.322364119656488	7.64738707564512	8.91541335235603
8.71073279383309	0.261338740332392	8.19746842852043	9.22399715914574
8.85349621710276	0.325106897295204	8.21430729519881	9.4926851390067
8.65730873929006	0.287443141330735	8.09224492875122	9.2223725498289
8.79663364067923	0.345340526941106	8.1174265634632	9.47584071789526
8.64826525936282	0.300804560103123	8.05698672045237	9.23954379827327
9.17155447996654	0.435049679173342	8.31533782459612	10.027771135337
8.68776545566087	0.331218098924727	8.03664808177229	9.33888282954946
8.70418046567313	0.337713369723065	8.0401225059284	9.36823842541785
8.9883062059834	0.339196590996049	8.32118804828	9.6554243636868
8.90334499287886	0.374175365187545	8.16710754939623	9.6395824363615
9.38762576055659	0.374275826261465	8.65156980401488	10.1236817170983
8.7096868623159	0.395227684490393	7.93210899963235	9.48726472499945
8.79286026503219	0.312811961997127	8.17801729018425	9.40770323988013
8.92816483959657	0.346855836145634	8.2458418935424	9.61048778565073
9.10341814299001	0.428516767414069	8.2600453072827	9.94679097869733
9.13032015961056	0.311712145777266	8.51781113527696	9.74282918394416
8.81489477080338	0.302580712673319	8.22025695855388	9.40953258305288
8.91338433807669	0.310327079566045	8.30340652910679	9.5233621470466
8.70812603687093	0.319990863477514	8.0791396119087	9.33711246183317
8.65784184483269	0.320229166977194	8.0285333065571	9.28715038310827
8.53302587702841	0.287988504003731	7.96712039865921	9.09893135539761
8.45038667628898	0.342254962489803	7.77722038651758	9.12355296606037
8.59030941931185	0.290078858885266	8.02022154892219	9.16039728970152
8.42209385408565	0.32337228864227	7.78622004036726	9.05796766780404
8.85070075727585	0.491392682088211	7.88312780750709	9.81827370704462
9.19534565851689	0.389314568563153	8.4293963350469	9.96129498198688
9.04605933080177	0.467897795787865	8.12477365845865	9.96734500314489
8.81897972982805	0.355696596993368	8.11943287553387	9.51852658412224
8.87480902335988	0.3514017961572	8.18360210327065	9.56601594344911
8.70954906243647	0.322344506503199	8.07569537256343	9.34340275230951
8.95325266679195	0.322558475509807	8.31934700914072	9.58715832444317
9.31612844639417	0.44625810664123	8.437616960786	10.1946399320023
8.40664754620603	0.306227124501144	7.80471870996886	9.0085763824432
8.73308251507883	0.324260998322578	8.09563378246222	9.37053124769544
8.99555315646868	0.450837579287157	8.10793862992711	9.88316768301024
8.51660874476502	0.279253641560465	7.96798974768084	9.06522774184921
8.79269227611036	0.396302402395988	8.01268140614746	9.57270314607326
8.73770201149884	0.377876732863903	7.9945997947018	9.48080422829589
8.43565558572511	0.289390502681917	7.86704540392221	9.00426576752802
8.84489962413768	0.318267687523918	8.21947145807384	9.47032779020152
8.65437246245369	0.278990906197462	8.10620455617157	9.20254036873582
8.73347850490055	0.327255870772242	8.0900222714068	9.37693473839431
8.54924232298536	0.278127314402515	8.00262848625834	9.09585615971239
8.437023068653	0.397565141676658	7.65468423888059	9.21936189842542
8.66812687897517	0.283414388847954	8.11115746884381	9.22509628910654
8.59649866564038	0.276880000184946	8.05264315093685	9.14035418034391
8.19897317189221	0.275846997245173	7.6568682026216	8.74107814116282
8.60593818663283	0.310843209833195	7.99480937820512	9.21706699506055
8.73392832201473	0.319617569036955	8.10542195145114	9.36243469257832
8.62211225026621	0.336192576989683	7.96125986360479	9.28296463692763
8.95387516187689	0.332773800035063	8.29963069847576	9.60811962527803
8.75962749224353	0.34462430868834	8.08191378612189	9.43734119836517
8.68424315217243	0.331279136476484	8.03259146918178	9.33589483516309
9.40402051584307	0.461867002840265	8.49480093924407	10.3132400924421
8.94110606252371	0.376631516640489	8.20000085196169	9.68221127308573
8.62438286780138	0.276438880541035	8.08149452425808	9.16727121134468
8.80432709128363	0.266961808337339	8.28007293684924	9.32858124571802
8.95273662253136	0.430135744214298	8.10620406537156	9.79926917969117
8.37351410192196	0.432687154459307	7.52203159866556	9.22499660517836
8.8471558756918	0.309578645056426	8.2385151327979	9.4557966185857
9.5201106851152	0.441998992894059	8.65011686182389	10.3901045084065
8.68852614355235	0.302681397252447	8.09368303326013	9.28336925384457
8.76587175506835	0.342867553261357	8.09164994944729	9.4400935606894
8.5196137926211	0.35089158591196	7.82923683553705	9.20999074970516
9.05442381058614	0.355592376942723	8.35475800139019	9.75408961978209
8.71669961428149	0.324967923896113	8.07762972230939	9.3557695062536
8.4352362606173	0.291624570381006	7.86192165208621	9.00855086914839
8.80528696317946	0.482358813692339	7.85539271396932	9.75518121238959
8.95806121828194	0.289754411493205	8.38863839320808	9.52748404335579
8.88489029077148	0.331238694701202	8.23366349775404	9.53611708378891
8.93139363865284	0.368576181191793	8.20625157978427	9.65653569752141
8.6510888915341	0.347843079520827	7.96691134161529	9.33526644145292
8.55522956126863	0.329351996872925	7.90769768718785	9.20276143534941
8.5995931290337	0.277604008715667	8.05427079779874	9.14491546026866
8.93840197437024	0.358883196110696	8.23254523996742	9.64425870877305
8.65631865854734	0.311427545133065	8.04434251521186	9.26829480188282
8.96609018389936	0.345773945706283	8.28597743408704	9.64620293371167
8.54731547388008	0.524561080020438	7.5143129746595	9.58031797310066
8.904808440431	0.340891618445034	8.23430922652801	9.57530765433399
9.27564993473236	0.35706221628502	8.57337839268039	9.97792147678432
8.86485660392488	0.36405160248572	8.14845268630552	9.58126052154424
8.60466512446086	0.401893902935212	7.81386524061267	9.39546500830905
9.56656152681785	0.440254889689662	8.70043316986519	10.4326898837705
8.84018378855496	0.276178747105296	8.29739403068039	9.38297354642953
8.92413061995084	0.295341964225382	8.34385875333569	9.50440248656598
8.38406905117304	0.337974383058602	7.71943773401623	9.04870036832986
9.1515681727698	0.35582043658646	8.45198745143526	9.85114889410435
8.5971513144512	0.282618021988025	8.04178154379685	9.15252108510555
8.89003981698517	0.311740384724004	8.27735025988254	9.50272937408781
9.2445504913762	0.431026292499436	8.39605757494498	10.0930434078074
8.40950328590542	0.431766488960431	7.55961977354376	9.25938679826708
8.72086248771243	0.378531306860546	7.97609546843112	9.46562950699375
9.13386531449497	0.54489047565283	8.06091148287343	10.2068191461165
8.87528390164511	0.318432970538714	8.24958376573638	9.50098403755384
8.67581685307736	0.358030480797439	7.97134639307401	9.38028731308072
8.58497272149597	0.298617174405993	7.99812067917711	9.17182476381483
8.7685581084427	0.317093774493807	8.14520579372192	9.39191042316348
8.41415270438728	0.383726827934701	7.65909709383849	9.16920831493608
8.66581132676379	0.290534948734841	8.09498874428611	9.23663390924147
8.52451417594847	0.393933402974178	7.74908877635098	9.29993957554595
8.56214428570615	0.266763179446227	8.03811680434275	9.08617176706956
8.67871110218261	0.269953759427938	8.14827576186819	9.20914644249703
8.49220541588897	0.347337042123741	7.80909398487898	9.17531684689896
8.84885263008007	0.300748489909243	8.2579772558474	9.43972800431275
8.67887880067063	0.288104777629194	8.1127557361251	9.24500186521615
8.64284563937628	0.37039105676681	7.91426540404722	9.37142587470533
8.46703523230543	0.359140135765951	7.7606504448041	9.17342001980676
8.76115656494498	0.329019176766773	8.11445467780436	9.4078584520856
8.28596387290198	0.28883493599816	7.71802200916753	8.85390573663643
8.81124481434074	0.333462309842731	8.15536903502484	9.46712059365664
9.02238140204541	0.380734237302555	8.27348977192855	9.77127303216227
8.29988109442651	0.303894351866553	7.70248667000438	8.89727551884864
8.5946896762836	0.309435951420535	7.98651178062021	9.20286757194698
8.62611675235512	0.299715764945792	8.03706481139847	9.21516869331176
8.79517671841259	0.314977108782286	8.17621704647141	9.41413639035377
8.71071480801852	0.275086977655173	8.16999525881701	9.25143435722002
9.52187929937056	0.561861037630128	8.41534844258274	10.6284101561584
8.64711013922093	0.316394726383865	8.02466725113964	9.26955302730223
8.67175699882201	0.268052664017758	8.14522641125828	9.19828758638573
8.67710902878198	0.281220527143953	8.12440857142579	9.22980948613818
9.0086105127936	0.405011202857246	8.21160270138428	9.80561832420292
8.54877211000178	0.310876555483794	7.93766296357356	9.15988125642999
9.18655342719826	0.451916853573716	8.29672771475479	10.0763791396417
8.44500635559025	0.310223597241925	7.83504151293377	9.05497119824674
8.75221345544973	0.369222390143972	8.02583790891549	9.47858900198398
8.3407906847762	0.358234528869928	7.63611417746105	9.04546719209134
8.98572831019947	0.403986426516252	8.1906291868083	9.78082743359063
8.90972517613467	0.328084790932543	8.26454273322577	9.55490761904357
8.89426691298805	0.322196904507872	8.26085035755834	9.52768346841777
8.72701355870642	0.416058968824376	7.90825107444729	9.54577604296556
8.28454389054931	0.287188211776418	7.72032445342753	8.84876332767108
8.56348077547488	0.288376995740535	7.9966881948578	9.13027335609197
8.67867221756839	0.307135187143257	8.07496898490074	9.28237545023604
8.73772589308764	0.281653675862107	8.18417243877536	9.29127934739993
8.89522263259024	0.307870530502506	8.28998427974849	9.50046098543199
9.27177756183067	0.295747507204963	8.69059772316784	9.8529574004935
8.28239240876244	0.292999181140003	7.70617936395658	8.85860545356829
8.69377686965298	0.344275736663491	8.01648586661202	9.37106787269394
9.16574092240689	0.30559046235166	8.56492886337099	9.76655298144279
8.90140404019154	0.443303482075349	8.02925844590628	9.77354963447681
8.66162799622524	0.414496386886447	7.84597905775376	9.47727693469671
8.80654934097581	0.333979734459071	8.14977113604183	9.46332754590978
8.9359341221067	0.420108157889167	8.10945344494106	9.76241479927234
9.0030379154568	0.356418745808349	8.30235866132581	9.7037171695878
9.18593599084865	0.555210209731923	8.09269934117783	10.2791726405195
8.67930192514692	0.31983866255268	8.05058224579513	9.30802160449872
8.63610812394215	0.300878018000714	8.04487212160697	9.22734412627732
8.90531497522542	0.347613970637307	8.22197775948631	9.58865219096453
8.69748315145511	0.32670398728079	8.05520802970376	9.33975827320646
8.12609261080034	0.420944784930742	7.29741770975073	8.95476751184994
8.67235503192913	0.383647779924371	7.91800352795812	9.42670653590013
8.99844555975824	0.306221988755469	8.39666740356774	9.60022371594874
8.48067151208767	0.383854048681308	7.72506524015513	9.2362777840202
8.7302973194574	0.406913672031145	7.92951421610604	9.53108042280875
8.77158909240528	0.293531912754761	8.19470876456056	9.34846942025
8.86091974891695	0.30410765637269	8.26316823410064	9.45867126373325
8.55370428356793	0.289351100921328	7.98507886794362	9.12232969919225
8.87444494760371	0.339668801051447	8.20629191577742	9.54259797943
8.77309999293747	0.46575423715311	7.85620393509049	9.68999605078445
8.39601385336164	0.310216775179487	7.78598031641205	9.00604739031123
8.95616535503127	0.375253816677516	8.21794154689912	9.69438916316343
8.60520321958022	0.395688881543105	7.82646687262843	9.38393956653201
8.82556081017974	0.356002749881446	8.1251812259576	9.52594039440189
9.46373141217983	0.32153137496717	8.83154948660475	10.0959133377549
9.18314029098549	0.37554122167691	8.44417083073905	9.92210975123192
8.66789846376698	0.315634337176059	8.04722998955213	9.28856693798184
8.59991961149783	0.247330977846044	8.11416904946855	9.08567017352711
9.03456706251523	0.339117406937453	8.36778709995831	9.70134702507215
9.01859563715821	0.331642037588556	8.36645411419935	9.67073716011707
8.09902786531996	0.259310618553758	7.58967846798133	8.60837726265859
8.86703136087754	0.258963318595223	8.35828998964281	9.37577273211227
8.81149354758628	0.355272090662113	8.11264703383592	9.51034006133664
8.73382404170271	0.357037183549765	8.03114358200294	9.43650450140247
9.07258740890474	0.338050724799905	8.40776822574262	9.73740659206686
9.13189834191027	0.337446030006876	8.4682228407793	9.79557384304123
8.85984494876003	0.321151919587317	8.22859662130563	9.49109327621443
8.5454090372822	0.359142342225821	7.83897083908398	9.25184723548041
8.58791305175336	0.338447817576127	7.92243730081268	9.25338880269404
9.08255489754887	0.401071736670514	8.29345006992616	9.87165972517157
8.53761153777052	0.403715256156625	7.74339340512639	9.33182967041466
9.28799135118792	0.404634141684907	8.49167553159859	10.0843071707772
8.49682819522221	0.308170918173808	7.89096686049554	9.10268952994889
8.68132106526102	0.395544337224995	7.9032340567351	9.45940807378695
9.04699763188385	0.392818957141162	8.27379282202002	9.82020244174768
8.74601059624509	0.393120404286253	7.97243790126738	9.51958329122279
8.89543050872919	0.335018315569509	8.23664219720733	9.55421882025105
8.6593069347719	0.386544963580285	7.89878334459742	9.41983052494638
8.63001618257644	0.273520855494499	8.09261538877086	9.16741697638201
9.17831754360873	0.449890580221727	8.29284526767712	10.0637898195403
8.82655102019891	0.362490272195771	8.11353702369582	9.53956501670201
8.48970234921139	0.265510075014185	7.96835564632465	9.01104905209813
9.00264832722727	0.332167783103241	8.3496980314378	9.65559862301674
8.19773379827026	0.382365261406218	7.4452021691506	8.95026542738992
8.35636109096583	0.344564198133928	7.67847059792393	9.03425158400773
8.66034719989751	0.258764908894532	8.15205237808875	9.16864202170628
8.40558438092885	0.34390192828727	7.72944810729596	9.08172065456175
9.02784511075389	0.304255772579697	8.42986281267748	9.6258274088303
8.64180582103935	0.338523501203878	7.97590049782528	9.30771114425341
8.4571066924286	0.301460867175325	7.86469660734125	9.04951677751595
8.77114784273918	0.347263881792486	8.08797001801778	9.45432566746058
9.20646662176561	0.556261691673607	8.11080766978835	10.3021255737429
9.06927704220634	0.319260982268555	8.44164270058039	9.6969113838323
8.91904035762305	0.32468913782755	8.28065934808788	9.55742136715822
9.06945608822578	0.401731499910585	8.27915158156288	9.85976059488868
9.23027569553981	0.576984534719729	8.09381337779272	10.3667380132869
8.53581375875052	0.301249409262849	7.94370630032769	9.12792121717334
8.57552703336929	0.320298669907313	7.94580612499992	9.20524794173866
9.13384317310663	0.292116187817159	8.55957365165361	9.70811269455965
8.64713409911616	0.406594327069385	7.84716305149298	9.44710514673934
9.21099539681799	0.372804666976263	8.47754859460622	9.94444219902976
8.46296373179868	0.376479302965323	7.72204450912309	9.20388295447427
8.55915717512255	0.339897626674498	7.89044769973645	9.22786665050864
9.00560711469434	0.43959970370662	8.14041352886612	9.87080070052256
9.06913765540364	0.45493942922645	8.17381008603704	9.96446522477024
8.81868639622279	0.352969582364894	8.12448583974097	9.51288695270461
8.4464477590089	0.288545866407663	7.87923056822577	9.01366494979203
8.5910072230377	0.351690841271708	7.89901863642385	9.28299580965155
8.98813524650254	0.327560747960909	8.34425388846289	9.63201660454219
8.75571788167149	0.304977005756331	8.15651607125915	9.35491969208383
9.62614657319323	0.575222459774653	8.49325972554134	10.7590334208451
9.1766993202441	0.348110817403313	8.49208644717543	9.86131219331278
9.20779443010263	0.45296417481719	8.31629641756925	10.099292442636
8.68050243077127	0.307699893192742	8.07569143837628	9.28531342316626
9.09989802322167	0.298790572515562	8.51264871329116	9.68714733315217
8.81299856030317	0.315122828200161	8.19346688351873	9.43253023708761
8.61016957376651	0.298779598738728	8.02315902569981	9.19718012183322
8.26909702758722	0.251071308756904	7.77599067152857	8.76220338364586
9.25862971547904	0.50397234256829	8.26639903843413	10.250860392524
8.78741333104756	0.337456234412682	8.12355736429694	9.45126929779817
8.73368733096278	0.358355573417661	8.02874156876678	9.43863309315878
9.09613270156955	0.32472608526516	8.45783688467611	9.73442851846298
8.9236350373483	0.36203040879057	8.21180556149474	9.63546451320187
8.89315251637668	0.276337189479485	8.35036459080809	9.43594044194527
8.70871787920828	0.321096384780244	8.0774299638206	9.34000579459596
8.62722646381238	0.302369911216511	8.03266018518848	9.22179274243628
9.19046651530452	0.555530486221165	8.09623303759388	10.2846999930152
8.38959518044667	0.2876885317598	7.82426727382708	8.95492308706625
8.85518600650394	0.310888937591682	8.24392468013995	9.46644733286793
9.14208153771985	0.415675891393084	8.32395669886338	9.96020637657631
8.87144822163169	0.364287820612946	8.15449226875227	9.58840417451111
9.01367586571415	0.405593666918001	8.2155043204682	9.81184741096011
8.46663924682019	0.309470769032081	7.85811731336597	9.07516118027442
8.52788764479884	0.311448639564014	7.91581385609081	9.13996143350687
8.60955115133317	0.291552871250859	8.03629467643861	9.18280762622772
8.9070169715518	0.301292552813226	8.31491781672379	9.4991161263798
8.98300880111531	0.544706335018772	7.91012667046618	10.0558909317644
8.96508397017408	0.292153269348145	8.3910366348071	9.53913130554107
8.6889461969404	0.295885454139061	8.10748779324723	9.27040460063358
8.91301709358958	0.273934868425092	8.37478677936376	9.45124740781539
9.0434155084159	0.431684884493378	8.19373075024018	9.89310026659162
8.76058601406493	0.296878648939604	8.17717822499019	9.34399380313967
8.90936194321454	0.368591865368484	8.18442384691292	9.63430003951615
8.42382312128411	0.324906118300061	7.78499742221782	9.06264882035041
8.55771571927359	0.347172750571158	7.8746619702578	9.24076946828938
8.94864744988193	0.490645489712494	7.98271697262937	9.91457792713449
8.75793903485814	0.375263598918687	8.01949397764184	9.49638409207443
8.54727460940657	0.374061879365468	7.81162183332864	9.28292738548451
8.36927340924136	0.334753233623987	7.71084267358512	9.0277041448976
9.11635807757815	0.405037499213337	8.31942876772458	9.91328738743172
9.2730315215773	0.32270424569402	8.63840261367855	9.90766042947605
8.38702082390057	0.329092651317391	7.73983825857618	9.03420338922495
8.70118691084755	0.425035053011279	7.86466174797974	9.53771207371535
8.87098086944841	0.304243015395736	8.27258371345532	9.4693780254415
9.01304662733362	0.379606231893006	8.26610268195703	9.75999057271022
8.75852447338505	0.332737682698793	8.10445701025661	9.41259193651348
8.36210037181445	0.363470401946739	7.64712520751492	9.07707553611399
8.66414952085343	0.288835120342713	8.09655709274106	9.2317419489658
8.35768618629832	0.270623042107362	7.82599654815167	8.88937582444497
8.47376539464579	0.336022591241569	7.8127604131042	9.13477037618738
9.09703519098768	0.543493271980294	8.02685818777095	10.1672121942044
8.60721977585986	0.311810049309561	7.99430651464198	9.22013303707773
8.37337285798998	0.259102223906606	7.86427127049771	8.88247444548226
8.97113081139536	0.360998591783379	8.26124079698004	9.68102082581067
9.25013039614955	0.330966313350588	8.5997535511339	9.90050724116521
9.25659677517567	0.282358957426802	8.70187502744023	9.81131852291111
9.32873041058237	0.577422628065836	8.1915085970955	10.4659522240693
8.24651354855648	0.303808454836135	7.6496724457672	8.84335465134575
9.07644472280706	0.363177476643084	8.36226433757152	9.7906251080426
8.95307513481401	0.304184527960483	8.3552982405004	9.55085202912761
8.77990551668912	0.360861258419013	8.07002522668416	9.48978580669408
8.51025001215931	0.333461419368141	7.85432266414711	9.16617736017152
8.37649511507041	0.251198699028189	7.88301787336857	8.86997235677226
8.72352482189919	0.316123657345508	8.10211071377817	9.34493893002022
9.1457995441586	0.35315756469994	8.45098272409164	9.84061636422556
8.95659190574895	0.434999995098969	8.10036848540816	9.81281532608975
8.2357054803286	0.330028064402345	7.58674083666041	8.88467012399679
8.37148163661402	0.264764508181573	7.85125479802298	8.89170847520506
8.67844413782672	0.309223304174896	8.07051692086523	9.28637135478822
8.69614789329559	0.306818489802023	8.09265058725139	9.29964519933979
9.1816213757901	0.476179261680091	8.24409771464942	10.1191450369308
8.99286384587405	0.414361020259354	8.17746546994796	9.80826222180013
9.12151796249321	0.770558376740263	7.60326397671748	10.6397719482689
8.86553093536057	0.382289908945643	8.11348296506251	9.61757890565863
8.37871023119147	0.316713626784367	7.75605793548588	9.00136252689705
8.44434362789395	0.279471715073701	7.89528514544395	8.99340211034394
8.95707145975596	0.333124720606919	8.30209563786419	9.61204728164773
8.73520667575114	0.267139188271232	8.21042867869386	9.25998467280843
9.3056335266517	0.306901674742097	8.70259082272346	9.90867623057993
8.61314218115593	0.322697690605817	7.9787832278906	9.24750113442126
9.35416203721491	0.358827851171903	8.64853652410438	10.0597875503254
8.55137470292829	0.327214509093592	7.90801806302566	9.19473134283093
8.63242181723231	0.320365942928008	8.00242205565197	9.26242157881266
8.40138457815936	0.314319963687657	7.78351610230782	9.0192530540109
8.77311538728761	0.390905051541571	8.00420394330145	9.54202683127377
8.56435557926681	0.320807262705417	7.93374619166073	9.19496496687288
8.54619768446149	0.42300829990499	7.71370300188664	9.37869236703634
9.2908331328829	0.281848254953918	8.73687324449212	9.84479302127368
8.36655940837509	0.256662532932789	7.86229365530655	8.87082516144364
9.25705303616898	0.398042965908307	8.4738364182433	10.0402696540947
8.86981569356773	0.329927037051537	8.22103925580633	9.51859213132913
8.76076144346178	0.357216356497148	8.0581924008324	9.46333048609116
8.83909961470297	0.347816529872888	8.15509440525653	9.5231048241494
9.38067770383315	0.458376066458305	8.47814367049258	10.2832117371737
8.88104216139783	0.37313235488735	8.1469860741774	9.61509824861826
8.58973325948568	0.398359269517948	7.80558997752888	9.37387654144248
8.78769376358022	0.382461534769051	8.03538291803478	9.54000460912566
8.45981175446735	0.282681296135826	7.90430571108734	9.01531779784735
8.48690473293971	0.351472784945862	7.79571506502858	9.17809440085084
8.69122902353467	0.362180391475086	7.9786875863852	9.40377046068413
8.99990856968374	0.304607511305144	8.40096693604043	9.59885020332705
8.43990956831904	0.341263450361745	7.76894024173107	9.11087889490701
8.83515122919107	0.342611709381086	8.16147598868299	9.50882646969914
8.7794411630778	0.261301784988625	8.26627412861063	9.29260819754497
8.76524792305696	0.315946304138818	8.1439546057859	9.38654124032803
8.74593936089436	0.332856377852947	8.09140515595044	9.40047356583827
8.507654542963	0.321191403943943	7.87606184007662	9.13924724584937
8.58806518468229	0.275430664838393	8.04681640003112	9.12931396933346
8.23196183588725	0.335262945364177	7.57265238358332	8.89127128819117
8.39392881421325	0.401354340777898	7.60404821563692	9.18380941278959
8.72711898840089	0.305149469627813	8.12745785851112	9.32678011829066
8.91899867186751	0.359949139489654	8.21111490119646	9.62688244253856
9.09017652616728	0.381184161915529	8.34020322131957	9.84014983101499
8.97373696963017	0.347318981551466	8.29076067596386	9.65671326329647
8.67062529710239	0.306316664103183	8.06848468357802	9.27276591062676
9.22602780907445	0.479763180100217	8.28143761271636	10.1706180054325
8.78292836382151	0.439815648316184	7.91714971496824	9.64870701267477
9.03971567958841	0.337530174442514	8.37608933193393	9.70334202724289
8.75550681633036	0.34218369392838	8.08228437182423	9.42872926083649
9.24858149326392	0.388241931988387	8.4847373924954	10.0124255940324
8.71566025253476	0.343575269817597	8.04002825343933	9.39129225163019
8.4685262344219	0.274882444564879	7.92849881698424	9.00855365185957
8.53923412549446	0.304794418572839	7.94002597608537	9.13844227490355
8.35117793552362	0.341711156619943	7.67918490842156	9.02317096262568
8.15877544350175	0.316027312320576	7.53729974069146	8.78025114631204
8.78264181613881	0.35972751704909	8.07520185092833	9.49008178134929
9.0150374911551	0.302209730032477	8.42103908552888	9.60903589678132
8.78288883363954	0.337526339700754	8.11914893050178	9.44662873677729
8.86020113397297	0.302778669668492	8.26529439962608	9.45510786831987
8.60864572798341	0.334464032747492	7.95097396975599	9.26631748621084
8.87496183879397	0.317131027387063	8.25156876279219	9.49835491479576
9.10995024126237	0.390873340847424	8.34073399665638	9.87916648586835
9.11815393911841	0.449347057459918	8.2336950658686	10.0026128123682
8.67914836597699	0.271771604548688	8.14547063285601	9.21282609909797
8.8082186269025	0.282808732315579	8.25291884139572	9.36351841240927
8.86778015504621	0.317418188573716	8.2439035367682	9.49165677332421
8.53195628395559	0.30638437500216	7.9298644220068	9.13404814590439
8.48105100632487	0.285128787360272	7.92048932214293	9.04161269050681
8.64731052801713	0.26855556340901	8.11953982829788	9.17508122773639
9.01549912921142	0.368543967608015	8.29047882048516	9.74051943793769
8.88437328385969	0.461834206489436	7.97504385543957	9.79370271227982
9.45754775040936	0.376575911286413	8.71667704730277	10.198418453516
9.43548804660461	0.320112636213086	8.80631621062923	10.06465988258
8.93683840045673	0.324806436676046	8.29815767718382	9.57551912372965
8.69969589151317	0.325611630130598	8.05945428133627	9.33993750169006
8.97640861810976	0.44909961965806	8.09225921479182	9.8605580214277
9.12495944944009	0.354186498266538	8.4285015913979	9.82141730748227
8.60081325939425	0.371061831533911	7.8706635556347	9.33096296315381
8.77501337500537	0.35988095063062	8.06713350343768	9.48289324657305
8.98666657851524	0.381956798855875	8.23510755250894	9.73822560452154
8.79062864720916	0.386239157986693	8.0306540779983	9.55060321642003
8.60580774261855	0.336942350755546	7.9432549951483	9.2683604900888
8.50231724969175	0.357691059499331	7.79909561012437	9.20553888925913
9.46130818343659	0.395665772636428	8.68288070026646	10.2397356666067
8.502996728923	0.325670243648745	7.86252062030629	9.14347283753972
8.64244986736415	0.334791961440514	7.98434147586643	9.30055825886187
8.39469277638658	0.2765892771959	7.85123508825129	8.93815046452188
9.04279599262114	0.4560107689281	8.14509391153917	9.94049807370311
9.04229941670362	0.414559961889068	8.22635100758426	9.85824782582299
8.99862412954229	0.397524904262789	8.21639109637801	9.78085716270657
8.85947556328163	0.272474261743122	8.32397035669623	9.39498076986704
8.88972674769614	0.329701966588076	8.24163638040929	9.53781711498299
8.41952104380069	0.283581286510752	7.86228298576001	8.97675910184137
8.70856902649676	0.32898557851245	8.06181436705862	9.35532368593489
8.33888695760252	0.284665260788252	7.77951504729223	8.8982588679128
8.62943076877221	0.328485335544114	7.98352397273544	9.27533756480898
9.45494809669436	0.646001857708856	8.18213405068996	10.7277621426988
7.9440820130532	0.295842431307217	7.36274258889493	8.52542143721147
8.53035463866287	0.290956952861059	7.95884601683429	9.10186326049144
8.4751133685851	0.2650275326155	7.95443427103583	8.99579246613438
9.15165367809324	0.354563405700831	8.45403813009101	9.84926922609546
8.86251955409536	0.346259527105729	8.18157812717774	9.54346098101299
9.00270450018985	0.369094209245213	8.27644049238657	9.72896850799313
8.53856963122026	0.270880327806765	8.00649556920715	9.07064369323338
8.7473713664392	0.341908287942639	8.07482281514363	9.41991991773476
8.92330010851572	0.349758024010788	8.23505537561993	9.61154484141151
8.49198729462932	0.267041897463149	7.96748034691562	9.01649424234302
8.91980628306806	0.302886200034971	8.32456019486295	9.51505237127318
8.9603272565817	0.346151516351507	8.27956563520634	9.64108887795707
8.96827489180813	0.385885172550147	8.20876150533686	9.72778827827939
8.86276988080184	0.286862642405672	8.29910065799628	9.42643910360739
8.92850343988113	0.281512970562805	8.3754683739021	9.48153850586016
8.21969495995159	0.347532823471567	7.53616496301384	8.90322495688933
8.56204603345301	0.394846680233547	7.78483964584032	9.3392524210657
9.10687459997282	0.356932401016969	8.40480505481896	9.80894414512667
8.29283451265865	0.30486223968134	7.69382636230554	8.89184266301176
9.04245019885087	0.435959720027421	8.18438210106175	9.90051829663998
8.97717210168341	0.350985754379524	8.28668258340002	9.6676616199668
8.60980343060038	0.308077445552969	8.00421553978325	9.21539132141751
8.57142890993037	0.339215069437762	7.90445910247249	9.23839871738824
9.22041781676713	0.345302726484392	8.54129786810074	9.89953776543353
9.05650337090062	0.363726580697649	8.3410385572337	9.77196818456753
8.17788523089599	0.285479123714274	7.61690100948302	8.73886945230897
8.66354125508781	0.299832025663598	8.07430998041964	9.25277252975598
8.86105736794867	0.310081286643412	8.25132890287732	9.47078583302001
8.56346792005319	0.3078260599137	7.95815935146007	9.16877648864631
8.60142911209325	0.318388451560922	7.97561794034992	9.22724028383658
8.96202153020909	0.344349131581114	8.28486559964145	9.63917746077674
8.49955580537551	0.329104595124035	7.85234374913684	9.14676786161418
8.70127956500094	0.422224366325101	7.87030294041074	9.53225618959114
8.87937954403636	0.404505631422041	8.08367462036259	9.67508446771013
9.17351398274897	0.393629603455046	8.39900341480393	9.94802455069401
8.78709194366587	0.31896697780836	8.15971593574474	9.41446795158701
8.45046996043929	0.315322526251113	7.83045498735595	9.07048493352263
8.47926719133377	0.421479319695797	7.64951281716224	9.3090215655053
8.64240878410731	0.346928551289635	7.96014873486944	9.32466883334518
8.74134510845405	0.304781013765843	8.14249405917296	9.34019615773514
8.73643802599989	0.500394141467034	7.75089335194845	9.72198270005133
8.6618233918718	0.336252118698311	8.00065012586587	9.32299665787774
8.11950837401481	0.25449439142245	7.61944893533109	8.61956781269852
9.34695501787935	0.450117992230077	8.46083988595706	10.2330701498016
9.12807881943411	0.34604851467932	8.44772601980914	9.80843161905908
8.31226687656393	0.370657812158356	7.58347784169434	9.04105591143352
8.78690780087041	0.382828465057774	8.03366971742404	9.54014588431677
8.61249276796668	0.293451100324738	8.03560194880062	9.18938358713275
8.62107489375404	0.300986891623536	8.02944125795743	9.21270852955065
8.20367486048238	0.284013694272054	7.64534862822508	8.76200109273968
8.22504748947062	0.251094374583204	7.73172106921522	8.71837390972602
8.80494620014462	0.394919094899081	8.02782352242439	9.58206887786485
8.74122355636971	0.303071738605003	8.14565387731259	9.33679323542684
8.86615477446984	0.399390664992983	8.08021804779894	9.65209150114074
8.89377522667062	0.320256430835665	8.26433590183541	9.52321455150582
8.28719524552016	0.319617232944998	7.65887231183437	8.91551817920595
8.76795225667329	0.343719262913305	8.09228523421905	9.44361927912753
8.69316756142836	0.425778628295369	7.85496628436942	9.5313688384873
9.16609808678418	0.288943814920791	8.59833449697406	9.7338616765943
9.02747110488165	0.667774050775738	7.7118207109617	10.3431214988016
8.96023304446827	0.397607099207586	8.17787743460295	9.74258865433359
8.40845041374751	0.362385243771233	7.695469652013	9.12143117548203
8.58634492437891	0.33201517824793	7.9332585041421	9.23943134461572
8.90322987289635	0.302166194180907	8.30934085381996	9.49711889197274
8.64564676504185	0.296480973851586	8.0627588354834	9.2285346946003
8.61928811950798	0.31430712144428	8.00161295945686	9.2369632795591
8.76188526616528	0.399234739056532	7.97625801661384	9.54751251571672
9.08810558887424	0.338868513219577	8.42188627933969	9.7543248984088
8.90314783210258	0.330895302970305	8.25262302120031	9.55367264300485
8.88427291479125	0.331305194676177	8.23278455399969	9.53576127558281
8.84351467375944	0.34358800663473	8.16782138041152	9.51920796710737
7.99548448036908	0.24282952855397	7.51862137032483	8.47234759041333
8.78146064685427	0.442402007565157	7.91044618119107	9.65247511251747
8.70272609611337	0.334738462121232	8.04447016727477	9.36098202495197
8.42817900229675	0.263883116753884	7.90970424747337	8.94665375712014
8.80118358590829	0.274629822866036	8.26166796599923	9.34069920581736
8.59114869352101	0.297488481186897	8.00657258484352	9.1757248021985
8.50464199962006	0.361263211041608	7.79393338465361	9.21535061458651
9.13326579701332	0.353540063613706	8.43817998430116	9.82835160972548
8.61235696794648	0.286340658718374	8.04971974903592	9.17499418685704
8.79450346641733	0.34219676668216	8.12147573739033	9.46753119544433
8.41110868543846	0.331239189778561	7.75962226858945	9.06259510228748
8.6184003334952	0.346693550158093	7.93675734930292	9.30004331768747
8.62445009269708	0.300268771584997	8.03419804133126	9.2147021440629
8.89908391766479	0.280253426785654	8.3484020956664	9.44976573966318
8.9028462119069	0.340944755666272	8.23210202847892	9.57359039533487
8.75115702965356	0.27880162373399	8.20333479038745	9.29897926891967
8.55650910595855	0.314047029591853	7.93928377815464	9.17373443376246
8.51431284252485	0.299886711985489	7.92468609797722	9.10393958707248
8.59828420582365	0.313981695456437	7.98091336957554	9.21565504207177
8.59828749893158	0.373194532935152	7.86403157809748	9.33254341976568
8.91552829798511	0.322863939700346	8.28069956056409	9.55035703540612
8.82684464034951	0.338124936907217	8.16195442214474	9.49173485855428
9.20467329281619	0.459985333372414	8.29918345812087	10.1101631275115
9.02266083223612	0.281092449763432	8.47038394384002	9.57493772063222
8.52545569097975	0.242376465960947	8.04952545852014	9.00138592343935
9.0583537575896	0.337880152946788	8.39418222887807	9.72252528630112
8.7255551340644	0.334778940854411	8.06733628216966	9.38377398595914
8.95985397789351	0.36450503457364	8.24303294434851	9.6766750114385
9.17564492358972	0.441370828300286	8.30686320848836	10.0444266386911
9.23093373402486	0.32287154582514	8.59632379860294	9.86554366944678
8.69441733542329	0.407895676789092	7.89170796711125	9.49712670373533
8.60113550422034	0.294535264773298	8.02239445269863	9.17987655574205
8.46122758310116	0.394460176147306	7.68479826216608	9.23765690403624
9.01205828064917	0.4881336723308	8.05073809252184	9.97337846877651
8.53491556175827	0.266370427075006	8.01148516699525	9.05834595652129
9.04295950172282	0.353565532760444	8.34787880801741	9.73804019542822
8.73998567546158	0.314189714992251	8.12243594204615	9.35753540887701
8.89396806131453	0.302315549717603	8.29965416956912	9.48828195305993
8.97308191768462	0.302917628248356	8.37770426836322	9.56845956700603
8.5717058662674	0.333060635639734	7.91674081500019	9.22667091753461
8.40281903756009	0.317823369970017	7.77802674814772	9.02761132697245
9.116695264647	0.381291319510211	8.36652164539753	9.86686888389647
9.13069319911303	0.363754115679758	8.4150928553851	9.84629354284096
8.40860579117258	0.311990991128139	7.79522771650062	9.02198386584454
8.89084399558052	0.410909271449362	8.08213039269158	9.69955759846946
8.85271401680608	0.368873183516023	8.12703927313625	9.57838876047592
9.27403474267705	0.678622582861141	7.93684289621904	10.6112265891351
8.31890976456079	0.279690982075364	7.76934404970434	8.86847547941725
8.76410543662852	0.355619678950982	8.06452886601146	9.46368200724558
8.10692789777215	0.298517971945894	7.52029507200395	8.69356072354036
8.3902989161665	0.378652135379221	7.64527395586588	9.13532387646712
8.59919298135506	0.350904768887326	7.90927457042746	9.28911139228266
8.76573067932198	0.306546513747173	8.16312842436806	9.36833293427589
8.60012902337809	0.414930598784083	7.78355133207557	9.41670671468061
9.08084080909674	0.381584594503253	8.33004939624074	9.83163222195274
8.97073414593662	0.340047777521071	8.30223365216344	9.63923463970981
8.44908304617271	0.300885227199022	7.85789319809979	9.04027289424564
8.13124492153158	0.372677383915851	7.39814256537901	8.86434727768416
8.55228479957445	0.300336716960106	7.96205382174558	9.14251577740332
8.89124747377448	0.338377606101366	8.22574424746119	9.55675070008776
9.12319206217279	0.570471907839643	7.99961306347361	10.246771060872
8.9089785329065	0.39282404111835	8.13610116395411	9.68185590185888
9.07172753238229	0.329576694338864	8.42361268839131	9.71984237637326
8.51539207264883	0.280678689274204	7.96381262970834	9.06697151558932
9.02241484728789	0.330382976426374	8.37284403186438	9.67198566271141
8.66902534368831	0.277110874396611	8.12458737507247	9.21346331230416
9.11437999693834	0.403969757349465	8.31972478457988	9.9090352092968
8.93414777701681	0.47385273109691	8.00116490047336	9.86713065356026
8.57964329094131	0.356936437925331	7.87758738414802	9.28169919773461
8.91223481323342	0.380158189317428	8.16427712393247	9.66019250253438
8.84632925942199	0.316363163250863	8.22436451595917	9.46829400288482
8.60818586065358	0.380621964020512	7.85936003139929	9.35701168990786
8.83856975103468	0.363013910687615	8.12426406771755	9.55287543435182
8.4645731581564	0.296738717940333	7.88138363748488	9.04776267882793
8.79491077862754	0.295017219854182	8.21519327139539	9.3746282858597
9.18191074769915	0.335302272294844	8.5227081135996	9.84111338179869
8.73950965355919	0.282206436981363	8.18477955903273	9.29423974808565
8.853162120552	0.334048122434654	8.19621378664869	9.5101104544553
8.89831432265723	0.415963249401886	8.07953858241875	9.7170900628957
8.71313188680864	0.351508459119115	8.02187019366712	9.40439357995016
8.72602824436002	0.335722982510227	8.06574756412654	9.38630892459351
9.05056371817004	0.442880357324777	8.1788045852549	9.92232285108518
9.26842731911821	0.284830901697415	8.70858815255184	9.82826648568458
9.1843756142764	0.42723776506468	8.34348469526613	10.0252665332867
8.60260491885231	0.362548909122653	7.88959046715733	9.3156193705473
8.89359713501488	0.393578982987837	8.11914448731431	9.66804978271544
8.95255585570274	0.326342264263061	8.31102068416705	9.59409102723844
8.71150682155095	0.328256142406785	8.06624013993992	9.35677350316198
8.95632426508324	0.347182892923265	8.27358768063905	9.63906084952743
8.72619195676365	0.302309338313666	8.13200310804017	9.32038080548713
8.73775455796971	0.359607001446967	8.03037803086937	9.44513108507006
8.69342846732627	0.306401885050722	8.09147819533987	9.29537873931267
8.61983059042345	0.327114437230539	7.97647521994072	9.26318596090619
8.53990911301792	0.357751408173482	7.83620776096022	9.24361046507562
8.57334726190987	0.328854163733841	7.92649898872079	9.22019553509894
8.53761022193932	0.294688894808975	7.95837319595403	9.11684724792462
9.0727710508151	0.311005493828253	8.46156800813689	9.68397409349331
9.01342901610107	0.497570588286478	8.03351530082979	9.99334273137235
8.34003255683009	0.336887695296712	7.67759934145527	9.00246577220492
7.97775974105916	0.296642654352354	7.39453532914444	8.56098415297388
9.02432703347833	0.347528439140187	8.34085977020287	9.7077942967538
8.82693104369056	0.350020746020406	8.13838732961859	9.51547475776252
8.83853743316023	0.319649658192481	8.21008743654393	9.46698742977653
8.62991671949785	0.305410892425738	8.02986748303839	9.2299659559573
9.15525107771664	0.394606136274902	8.37878318472829	9.93171897070499
8.94945873683087	0.287179371319851	8.3855587797503	9.51335869391144
8.90115849638439	0.301589997291469	8.3083440918775	9.49397290089127
8.52195907112473	0.333509232692012	7.86602870158871	9.17788944066075
8.87969817500099	0.308225315801997	8.27375058582508	9.4856457641769
8.19108981083082	0.40335436327856	7.39708582091674	8.9850938007449
8.58624922725252	0.282144727724349	8.03187021479622	9.14062823970882
9.08634689358517	0.364605078335939	8.36915580227945	9.80353798489089
8.62602342169558	0.268978019134916	8.09759979479592	9.15444704859524
9.29820957783871	0.364453452694821	8.58135744928083	10.0150617063966
8.91938884795353	0.33933149348443	8.25217870226383	9.58659899364324
8.82479368552394	0.349534217865072	8.13737558225799	9.51221178878989
8.27115313402067	0.311387804281869	7.65893292381126	8.88337334423009
8.79611528256595	0.265492987514953	8.27446403297201	9.31776653215988
8.57382359970225	0.292586574410713	7.99864822311612	9.14899897628839
8.83868442827506	0.325479358636799	8.19860254363353	9.47876631291659
8.29503602171534	0.267812391742827	7.76899224425721	8.82107979917347
8.91164894744207	0.272419224563055	8.37643204864824	9.4468658462359
8.91634299295959	0.317451940022203	8.29222878770654	9.54045719821264
8.65222761201493	0.293863935583524	8.0745492095298	9.22990601450005
8.76499173143512	0.35286948527139	8.07086305773649	9.45912040513375
9.04512123576243	0.356624856326371	8.34368668022811	9.74655579129675
8.70557172204957	0.298290957814003	8.11931400917279	9.29182943492635
8.3048154109497	0.261154069890079	7.791724234536	8.8179065873634
8.36502582283875	0.278579194017676	7.81740524036605	8.91264640531145
8.36276051170491	0.325307961595711	7.72325861329814	9.00226241011168
9.05310501614471	0.322085354093281	8.41988900775036	9.68632102453906
9.20096162354782	0.319083587793601	8.57396726358672	9.82795598350891
8.56759173519592	0.313462196401119	7.95117097938161	9.18401249101023
8.75797159471924	0.333342175768367	8.10282693619764	9.41311625324085
8.907933186931	0.3385505078217	8.242126128664	9.573740245198
8.81572870352766	0.282499224847634	8.2605800954941	9.37087731156123
8.36991119724348	0.288055974391228	7.80376368609012	8.93605870839684
9.0716513627137	0.449823502162751	8.18606766838459	9.95723505704281
8.82305960656778	0.35645687177941	8.12182686017059	9.52429235296497
8.88512148744359	0.610722258755185	7.68221231917413	10.0880306557131
8.84816131687904	0.303226324677511	8.25220287316134	9.44411976059674
8.77382546871529	0.355378620041734	8.07493972424643	9.47271121318415
8.79465167058973	0.278553933838586	8.24741607589065	9.34188726528882
9.16086620111291	0.383032047441308	8.40717497532426	9.91455742690156
8.52303515631754	0.274190838165799	7.98439838954237	9.06167192309272
8.361597310428	0.270963923912948	7.82926129043419	8.89393333042181
9.15552101411427	0.361376054870234	8.44469915477029	9.86634287345825
9.1953298061866	0.459477251470786	8.29077864926117	10.099880963112
8.5956260393674	0.359000704972597	7.88952046303454	9.30173161570026
8.9269539740899	0.352881264673374	8.23283618520176	9.62107176297804
8.87631260022853	0.382898489632458	8.12283911622724	9.62978608422981
8.93719688968376	0.394264418662964	8.16146392412587	9.71292985524166
8.66023097286227	0.432125324717992	7.80967455022111	9.51078739550343
8.75688383039211	0.376287375835555	8.01663215007019	9.49713551071403
8.62282432214258	0.373033678230606	7.88915112432069	9.35649751996447
8.79752145534718	0.300262025038093	8.2072242497949	9.38781866089946
8.56315571667799	0.375243540987092	7.82480706246975	9.30150437088622
8.63801423551583	0.290635433918875	8.06672362927845	9.20930484175321
8.14961000109405	0.279895677269291	7.59959636312598	8.69962363906213
8.13523364722328	0.288896575256573	7.56748967382247	8.70297762062409
8.54678809228445	0.294312880479282	7.96845633970033	9.12511984486857
9.15066644893073	0.4149981858184	8.33376220481731	9.96757069304416
8.40487086491685	0.407036159914385	7.60385972635301	9.2058820034807
8.92395872105804	0.509351357932567	7.92104104958003	9.92687639253606
8.9328309063958	0.279880139211552	8.38290231416328	9.48275949862832
8.65797864494166	0.30610409677233	8.05604328887165	9.25991400101168
8.55108588712188	0.416405708106107	7.73158748620137	9.3705842880424
8.26125330397918	0.345827554262646	7.58114565832111	8.94136094963726
8.92303636820757	0.322124784042702	8.28982461230369	9.55624812411144
8.75310636959314	0.323785803348391	8.1165927008591	9.38962003832719
8.72964106619789	0.389114876684323	7.96416666906802	9.49511546332776
9.22683026040749	0.405230426007876	8.42943231348695	10.024228207328
9.12238281729261	0.294546671312998	8.54377836921895	9.70098726536627
8.00529358013882	0.295106871507196	7.42524337553928	8.58534378473836
8.49550675065016	0.312962863093415	7.88006297773616	9.11095052356417
9.2525650250753	0.34825064246256	8.56786221681249	9.9372678333381
9.24364975040718	0.924962184947696	7.4206367623737	11.0666627384407
8.82944364060181	0.322731572133614	8.1947922519385	9.46409502926511
9.13856025168313	0.328599149722248	8.49280013646481	9.78432036690144
9.02278042366479	0.421317054438891	8.19343517270105	9.85212567462854
8.52208923599924	0.330599435402987	7.87224929143223	9.17192918056624
8.33583917159189	0.36193048696071	7.62386107041804	9.04781727276575
8.57822994145703	0.279139902779068	8.02993912114121	9.12652076177285
8.2185947063154	0.3159206134205	7.59750650115318	8.83968291147762
9.0574932670061	0.3540690509659	8.3610126264335	9.75397390757869
8.9626561711844	0.358708452924313	8.25703675791978	9.66827558444902
8.61031606514211	0.349217456207443	7.92358595171591	9.29704617856831
8.25764897817219	0.315858780207371	7.63671462610529	8.8785833302391
8.7734494193722	0.326606269412252	8.13122035492668	9.41567848381773
8.54351593156888	0.305217184398048	7.94345285756886	9.1435790055689
9.04859389292856	0.338918489938827	8.38216538878489	9.71502239707222
8.39082230285456	0.273402424072872	7.85344096416522	8.92820364154391
8.85867471286193	0.339542834438462	8.19115392288801	9.52619550283585
8.88212061843934	0.429702727067314	8.0368143306664	9.72742690621228
8.50966810260634	0.349841669367327	7.82149470778267	9.19784149743001
8.56809834946481	0.31435291357337	7.95025523674707	9.18594146218254
9.13242876770343	0.315682323803513	8.51208364149506	9.7527738939118
8.37143137759331	0.274055630510168	7.83296383993604	8.90989891525059
8.62449850668054	0.29658154269728	8.04159060025089	9.2074064131102
8.94273014045453	0.402498801507138	8.15043875405814	9.73502152685093
8.76214745720987	0.331338512900029	8.11033800517023	9.41395690924951
8.82550186356057	0.343730836584795	8.14933595556715	9.501667771554
8.84899428498768	0.490144204319844	7.88381882838641	9.81416974158896
8.64474363430638	0.299759064375286	8.05564882630196	9.23383844231081
8.82260282792154	0.326675111537312	8.18019191665052	9.46501373919256
8.60582523652255	0.31646705081153	7.9840209961781	9.22762947686699
8.72162203742889	0.372172274600406	7.98927942549345	9.45396464936433
8.62163408697217	0.313957247012355	8.00473186764199	9.23853630630235
8.67526773461796	0.376092444742822	7.93536874046695	9.41516672876897
8.38520686722327	0.290517268754147	7.81410649747617	8.95630723697038
8.9536848728816	0.417310421080226	8.132152542852	9.77521720291119
8.63616643113293	0.268921531028512	8.107816094792	9.16451676747386
8.37013039486937	0.298331339887064	7.78367481776805	8.95658597197069
8.91525142680474	0.307988524464249	8.30971814678639	9.5207847068231
8.59375995299429	0.332632602332161	7.93937721733116	9.24814268865741
8.9766642494465	0.282125747132692	8.42220396842797	9.53112453046502
8.94421921001748	0.31460052496924	8.32577176181958	9.56266665821538
9.02841337492102	0.346474805058625	8.34695481901927	9.70987193082278
8.80048952671927	0.354293730600971	8.10370306946427	9.49727598397427
8.81022563976029	0.394542437855097	8.03385179613719	9.5865994833834
9.27993859149919	0.327899890005937	8.63525793755624	9.92461924544214
8.74216782771197	0.380081187145911	7.9942126454186	9.49012301000534
8.34861012686346	0.293389234256565	7.77220282638826	8.92501742733866
8.69001267750793	0.353298082274838	7.99511099726127	9.38491435775459
8.57368365277014	0.357692926278113	7.86999632690949	9.27737097863079
9.37452843201215	0.460239761638066	8.46851954389572	10.2805373201286
8.65872242459678	0.285192953514793	8.09835117647393	9.21909367271964
8.63407930531115	0.272531446846247	8.0987359149947	9.1694226956276
8.45659230381869	0.321527695948798	7.82436268258637	9.08882192505102
8.70728576163131	0.302525364802387	8.11261690302587	9.30195462023675
9.00676503931366	0.332790475544997	8.35214340837074	9.66138667025658
8.39861941210776	0.354879353830396	7.70030927466899	9.09692954954653
8.08013116114771	0.300122226016124	7.49022274259155	8.67003957970387
8.76483650189972	0.360530482779976	8.05581500381052	9.47385799998892
8.6642525918644	0.301711144578724	8.07121989342034	9.25728529030846
8.54575721449076	0.302212851231156	7.95170498938309	9.13980943959843
8.89660888344563	0.357022985082089	8.1945259510628	9.59869181582846
8.38023815329641	0.393978263718189	7.60504212025489	9.15543418633793
8.70947061756521	0.258526594510294	8.20201871346286	9.21692252166755
9.16047463891388	0.255274067892445	8.65918438294487	9.66176489488289
8.3686430735797	0.354011846929881	7.6725065450648	9.0647796020946
8.24115267360363	0.306383601055272	7.63870414837812	8.84360119882914
9.07891657667744	0.557762296128669	7.98018547681844	10.1776476765364
9.04121591054771	0.392590295097573	8.26871911445638	9.81371270663905
9.01678449001149	0.625923990800976	7.7835777521495	10.2499912278735
8.88155218852584	0.348026842762939	8.19719984536392	9.56590453168777
8.76722895677856	0.275484367978539	8.22617962189001	9.30827829166711
8.82778494966621	0.268975782456149	8.29921305822287	9.35635684110955
8.50825168195704	0.32268069755434	7.87373631352039	9.14276705039369
8.44913356084155	0.296266392326768	7.86705501195457	9.03121210972853
8.82773601517366	0.27240860981174	8.29264487899062	9.36282715135669
9.66099647385847	0.529242386345509	8.61898487355673	10.7030080741602
8.68965673462014	0.328652927535965	8.04317833043755	9.33613513880272
8.98777309721498	0.458429674469787	8.08545232521716	9.89009386921279
8.55089775009758	0.308812289663439	7.94388789714506	9.1579076030501
8.72542798499039	0.326157799177507	8.08389692710991	9.36695904287087
9.07001103812318	0.354299547393925	8.37310045775051	9.76692161849585
8.88276280965621	0.325391943021612	8.24323993031432	9.5222856889981
8.83056897361304	0.372950085077442	8.09712417199128	9.5640137752348
8.91225588483012	0.338341219294776	8.24711315329929	9.57739861636094
8.70239806649443	0.354515963747265	8.00490193324586	9.39989419974301
8.37865108694832	0.274908995750206	7.83859198230475	8.91871019159189
8.78696278145616	0.35437620717075	8.09009820258157	9.48382736033075
8.51388216722833	0.272384542388603	7.97877169980103	9.04899263465562
8.84552694640051	0.310485272090036	8.23507002887134	9.45598386392967
8.34088960534531	0.308008439370731	7.73539250332139	8.94638670736922
8.83702553147032	0.402747873621783	8.04431617678186	9.62973488615878
8.43882503030522	0.347035412524206	7.75618440526716	9.12146565534327
9.29946124077295	0.372091513422547	8.56753210135861	10.0313903801873
8.6577346629219	0.292963576257944	8.08199909305625	9.23347023278755
9.00486767345669	0.319248808787971	8.37724848261289	9.63248686430049
8.95465265782924	0.298376932750788	8.36826352990504	9.54104178575344
9.16047323125385	0.326998211997926	8.51743524331878	9.80351121918892
8.62706869803943	0.256168032005369	8.12390649609108	9.13023089998778
9.06074519448097	0.362931824071378	8.34694187852068	9.77454851044126
8.75847938247899	0.323272645039071	8.12283361120211	9.39412515375587
8.40172503973041	0.285182604326792	7.84131333550249	8.96213674395833
8.34792395409814	0.401258911812643	7.55821095991338	9.13763694828291
9.11424649309364	0.383280387069834	8.36023739878202	9.86825558740526
8.59523674543656	0.314408401427125	7.97728413442478	9.21318935644833
8.75997084891354	0.326648082732532	8.11780963169829	9.40213206612878
9.20218617266347	0.297675223643527	8.61748086796807	9.78689147735887
8.9753642764447	0.325713207398288	8.33511147902403	9.61561707386537
8.5129342203802	0.285374514407194	7.95233634871238	9.07353209204802
8.4657068558262	0.338655257618332	7.79993925342022	9.13147445823218
8.4182925666984	0.316815824104917	7.79544807515566	9.04113705824114
8.72772741626165	0.392311836421689	7.95585710598575	9.49959772653755
8.88249374389048	0.331041958626792	8.23153499309877	9.53345249468219
8.83312245051096	0.352553158512418	8.13981384384665	9.52643105717528
9.32255194320109	0.351483852739879	8.63137613373721	10.013727752665
8.42331898659436	0.325412740993415	7.78337888101828	9.06325909217045
9.13424976268694	0.447604673245841	8.25327079611442	10.0152287292595
8.32624399513572	0.299216925172473	7.73790751479094	8.91458047548051
8.93129539110712	0.29830905151002	8.34529638837348	9.51729439384075
8.37316612765774	0.368553647218963	7.64770917341017	9.09862308190531
8.81819803477709	0.343180855589248	8.14296143628679	9.4934346332674
8.85881754342066	0.286277120448777	8.29629456124605	9.42134052559527
8.61159622293024	0.336814485265583	7.94930990198471	9.27388254387577
8.53924126184774	0.301385759659921	7.94684177422891	9.13164074946657
8.59098350266203	0.278961263240111	8.04282529952466	9.1391417057994
8.21811543651091	0.309271272948732	7.61000780317779	8.82622306984402
8.77757023940318	0.325251633476267	8.13808534656107	9.41705513224528
8.55296804695424	0.360141048578912	7.844833493745	9.26110260016347
9.16498989340334	0.342075791670797	8.4925324036168	9.83744738318989
8.646968879565	0.28952603158073	8.07807893957091	9.2158588195591
8.63901116735539	0.31657397072629	8.01657134779248	9.26145098691829
9.05333236956617	0.342965965682298	8.37894579027908	9.72771894885325
9.04944927690656	0.285825616685313	8.4879849533947	9.61091360041843
8.89716509099758	0.342317777580646	8.2240230583259	9.57030712366927
8.47963329551765	0.334635937806232	7.82145009985478	9.13781649118052
8.70869328395861	0.355114931056534	8.0102371951481	9.40714937276912
8.73726335403488	0.365544428426786	8.01822705513282	9.45629965293694
8.95056782190854	0.29159356855839	8.37745544212504	9.52368020169204
8.68224873858907	0.329861290246257	8.0335578931124	9.33093958406574
8.60159255750164	0.305783350907514	8.00062812410173	9.20255699090156
8.71595420227147	0.269885099223354	8.18560302443893	9.246305380104
8.77384246372965	0.316306508160631	8.15189268897038	9.39579223848891
8.78560038988086	0.356521855345964	8.08411073795765	9.48709004180408
8.06521740068366	0.273437084551053	7.52797402230036	8.60246077906695
8.44587979224916	0.348252828207602	7.76077589833783	9.13098368616049
8.48629785423311	0.430584416647939	7.63870242155678	9.33389328690944
9.1532800872801	0.395654922020192	8.3747555117258	9.9318046628344
8.72531437154695	0.380147777071154	7.97735346839157	9.47327527470232
8.88802275761616	0.390208256581364	8.12045015003992	9.6555953651924
8.70346876859929	0.38728803320052	7.94152304744489	9.46541448975369
8.53013902331974	0.256498344200621	8.02640267271949	9.03387537391999
8.87391878211833	0.295314935608836	8.29350509882716	9.45433246540951
8.35783345963699	0.291246542195294	7.78520340630903	8.93046351296496
8.78251162691311	0.381707223328364	8.03171087560889	9.53331237821734
8.78034880914086	0.334058278585778	8.12344008198393	9.43725753629779
8.97877907846684	0.334046311573668	8.32203093271986	9.63552722421381
8.47831325178417	0.325233542734061	7.83897997515717	9.11764652841116
8.60999571727682	0.278700780711992	8.0623808871753	9.15761054737835
8.61290801495457	0.359954511740045	7.90463326679252	9.32118276311661
8.8473548183839	0.315783749344664	8.2266708086984	9.46803882806941
8.42476737894397	0.288234979270322	7.85846466055294	8.991070097335
8.60621749774063	0.378034161531529	7.86252657903134	9.34990841644992
