estFinal_ps2	sdFinal_ps2	X1	X2
8.92664291876114	0.209189990005542	8.5161477770224	9.33713806049988
9.15071729529195	0.209252194286498	8.7401638018454	9.5612707887385
8.92279493468132	0.187066793882986	8.55589343417533	9.28969643518732
9.02275118898036	0.216950391122279	8.59697954375624	9.44852283420447
8.74816093144196	0.207536732992625	8.34089537648533	9.15542648639859
9.14119614757955	0.250683974925849	8.64911614987034	9.63327614528876
9.16707264193357	0.242735435995614	8.69070670515532	9.64343857871182
8.82244494156594	0.224090357044019	8.38261366867771	9.26227621445417
9.020323418837	0.220216334353663	8.58811051883906	9.45253631883494
9.12846213834697	0.206111550907702	8.72391203990151	9.53301223679242
9.02459495666356	0.215849563751217	8.60101150375481	9.44817840957231
9.21883050919755	0.238261846103153	8.75117647685688	9.68648454153821
9.3705732630725	0.226071616700273	8.92702618302328	9.81412034312172
8.88750345769926	0.219488475688579	8.45669429173278	9.31831262366573
8.9500599178654	0.218712101943356	8.52085658704888	9.37926324868192
9.22200119137386	0.214540444031839	8.80110749166152	9.6428948910862
8.96524057564424	0.23539338938907	8.50319783410768	9.42728331718081
8.87986285792444	0.227906510246122	8.43266559258872	9.32706012326015
8.94045874705181	0.221639772885564	8.50561801334539	9.37529948075824
8.89176100818418	0.217273645988663	8.46529435621277	9.31822766015558
9.13557113782872	0.215888588476501	8.71196473019269	9.55917754546476
9.25370511918666	0.218581637987025	8.82489363892482	9.68251659944849
8.80392928321899	0.183780594322312	8.44350578884417	9.16435277759381
8.97650469085925	0.197738128031322	8.58849773554076	9.36451164617775
9.0425417272802	0.227068187754245	8.59698860434846	9.48809485021193
8.60212463044483	0.194646335929934	8.22018384923376	8.9840654116559
9.18962603700409	0.214591749341475	8.76856691700007	9.61068515700811
9.25293549347933	0.219232482004833	8.82283466753856	9.68303631942011
9.08064516584843	0.233742818845422	8.62181445618346	9.53947587551339
9.36894236598104	0.229422842812768	8.91871209296358	9.81917263899849
8.77567569534109	0.204841840708228	8.37372952935096	9.17762186133122
8.88437231272231	0.198503356136401	8.49489070493085	9.27385392051376
9.21316081133555	0.230338071578893	8.76096355099929	9.66535807167181
9.40388970155147	0.244107817362788	8.92478628068153	9.88299312242141
9.00681101080064	0.20587602070629	8.60280142048136	9.41082060111991
8.50122304216278	0.192346239874989	8.12381052464292	8.87863555968265
9.22830517061971	0.222195823827129	8.79218045460952	9.6644298866299
8.90926948874039	0.241051882854404	8.43592099235133	9.38261798512945
8.83324216877489	0.204027118734451	8.43288589813669	9.2335984394131
8.67578823476964	0.206769065252281	8.26995615113821	9.08162031840107
9.11031883100506	0.230778993177113	8.65741052475383	9.56322713725629
8.92993996897995	0.213510610771207	8.51099024934017	9.34888968861974
8.93531408875063	0.203586384478552	8.53585550564327	9.33477267185799
9.26935219091651	0.220694856145046	8.8362385550733	9.70246582675973
9.05084280836347	0.256009127366407	8.54824561699606	9.55343999973088
9.0421678452344	0.225364747673343	8.59988173407368	9.48445395639513
9.08489601411674	0.220204622286514	8.65273145544876	9.51706057278473
9.31740306055503	0.20495618659968	8.91525569241787	9.7195504286922
8.83462906603943	0.219970249908298	8.40284545989755	9.26641267218131
9.1834116352459	0.231451221723644	8.7292019123871	9.63762135810469
9.13561756990103	0.212867046730809	8.7178462346607	9.55338890514136
8.88042643499767	0.216967198610019	8.45457327884495	9.30627959115039
8.9822280342082	0.236790563606591	8.5174059876575	9.44705008075891
8.82937505482847	0.207981307635333	8.42123363419791	9.23751647545903
9.00234713761732	0.230632203140457	8.54967513638534	9.45501913884929
9.06482456904842	0.236345096905697	8.60094398538316	9.52870515271369
9.09740968416125	0.209006801597555	8.68733446835627	9.50748489996623
9.1143226269633	0.219275967936672	8.68406070327543	9.54458455065117
9.05036605960059	0.214586422439192	8.62934813151995	9.47138398768122
8.70722364366354	0.217961261648506	8.27937948041549	9.1350678069116
8.99444120982598	0.220902303856723	8.56082724992484	9.42805516972713
8.96157048763936	0.225082094163409	8.51987531092086	9.40326566435786
9.29682711043597	0.206250873794777	8.89219937151237	9.70145484935957
8.88739477370007	0.200386437776472	8.49423934505706	9.28055020234308
9.06067266528523	0.218169593727412	8.63259240621115	9.48875292435932
9.02292828280803	0.220430247244966	8.59028058935983	9.45557597625623
9.22020345304373	0.201347066777344	8.82519830920253	9.61520859688493
9.45687535403508	0.236095841051914	8.99355499675025	9.92019571131991
9.03272497939876	0.21705168588157	8.6066995205274	9.45875043827013
9.02251394587136	0.269221107274751	8.49388260253733	9.55114528920539
9.05676175102683	0.21704828672294	8.63085969835494	9.48266380369872
9.14804534307535	0.236972332141193	8.68287421767787	9.61321646847284
9.08767814624257	0.244188460822873	8.60853066941617	9.56682562306898
9.19956316983816	0.230506684707061	8.74713306000316	9.65199327967317
8.63404451101119	0.20865925084571	8.22467371124632	9.04341531077607
9.18527091843517	0.240387453092046	8.71341237867307	9.65712945819727
9.5641204919329	0.257743651213367	9.05839223361002	10.0698487502558
9.3595382353575	0.257411079985052	8.85427975136576	9.86479671934925
9.13491990911907	0.212527177959438	8.71798414038791	9.55185567785023
9.11524125935456	0.227001626503778	8.66975786691896	9.56072465179016
8.88273369936289	0.193678955010487	8.50270547064142	9.26276192808437
8.85336007326475	0.245618773244128	8.37119116328465	9.33552898324486
8.59996571174643	0.21473053796807	8.17850407743609	9.02142734605676
8.83994138226262	0.234657997605044	8.3795162352746	9.30036652925065
9.21705096071682	0.212295444140534	8.80053026216753	9.63357165926611
8.82635302303721	0.202810771395873	8.42833659849018	9.22436944758425
9.32102239601038	0.211145796502966	8.90675482515794	9.73528996686283
9.13973834405914	0.210869183717765	8.72600469130762	9.55347199681066
8.67606889740927	0.21156271134321	8.26087520326158	9.09126259155696
8.58145444977715	0.196599958602613	8.19555015229579	8.96735874725851
8.87117270230092	0.22696966040027	8.42565163195988	9.31669377264197
9.00431953376427	0.207953990602414	8.59633065415702	9.41230841337152
8.73673442205923	0.19895591282012	8.34637280234942	9.12709604176903
9.36013916186219	0.239581725149319	8.88989488619315	9.83038343753123
8.85641305061109	0.193348061559351	8.47710962603916	9.23571647518302
8.97677669794859	0.21716584158482	8.55058395895636	9.40296943694081
8.91076574671817	0.212084500236882	8.49461621448678	9.32691527894957
8.80761640893827	0.213192372679741	8.38932619073068	9.22590662714587
9.20634425609489	0.212444412531606	8.78949882277582	9.62318968941396
8.81757396891483	0.23536993980598	8.35538790150538	9.27976003632428
9.36163031574749	0.240598529564772	8.88931967454257	9.8339409569524
8.88512903623174	0.222092378118787	8.44927136058331	9.32098671188017
9.01758328117862	0.242318630718411	8.54197981978207	9.49318674257518
8.71936816495341	0.197156754974346	8.33241486703753	9.10632146286929
8.62893870383985	0.167474919342898	8.30044750607237	8.95742990160733
9.07452509315227	0.226585899590212	8.62981696930936	9.51923321699517
9.00513709254512	0.219203225998353	8.57495588590597	9.43531829918427
9.10926665813833	0.214873779182893	8.68762285962583	9.53091045665083
8.70828611940842	0.185770425735842	8.34381535848196	9.07275688033488
8.83749429257156	0.214345393039361	8.4168694435391	9.25811914160403
8.85678919520283	0.202053698470437	8.46028895762118	9.25328943278448
9.5063174575937	0.236180527317905	9.04276191694133	9.96987299824607
9.09139989273438	0.202812314462023	8.69360289287037	9.48919689259839
8.95736953338382	0.23948203371696	8.48720794350729	9.42753112326035
8.60248904361013	0.201405263556889	8.20731628561351	8.99766180160675
8.72360883665199	0.187445698184353	8.35582190099582	9.09139577230815
8.7632476958122	0.212463555687305	8.34623478770006	9.18026060392433
8.83076058582776	0.214230015224955	8.41025729776634	9.25126387388919
9.18366170742025	0.216462575047116	8.75880802274633	9.60851539209417
9.13305112983701	0.2416646228831	8.65877901921978	9.60732324045423
9.00617139380944	0.247927030423739	8.51947763307135	9.49286515454753
8.79464548180612	0.233305278326914	8.33659383083269	9.25269713277955
8.79858723287752	0.19658042166524	8.41286756440725	9.1843069013478
9.1947901422639	0.218381151396656	8.7662946690457	9.6232856154821
8.61640225233243	0.206586005716685	8.21090289245242	9.02190161221244
8.94218460891521	0.221902274717695	8.50662365820465	9.37774555962577
8.81040223774218	0.235944918263236	8.34723867601303	9.27356579947133
9.06192384991235	0.200087373519353	8.66929858029265	9.45454911953204
8.88292841175553	0.214033756276551	8.46277821272751	9.30307861078355
8.72998675981268	0.195315757837417	8.34682299429251	9.11315052533284
9.2687335311411	0.235661229447463	8.80617545747817	9.73129160480403
9.05187634986845	0.228137683966225	8.60419223477408	9.49956046496282
8.89910021914558	0.226372862636763	8.45484450070898	9.34335593758219
8.72094660757139	0.175942230361844	8.3758276167816	9.06606559836118
9.03520024671285	0.22797198220212	8.58773102514951	9.48266946827619
9.03704455674266	0.22445302927551	8.59664215315996	9.47744696032536
8.79068145095863	0.191073252512749	8.41583124265508	9.16553165926219
8.79518288921997	0.224577106283092	8.35433841125819	9.23602736718175
9.0015954458344	0.218710118151625	8.57227801848401	9.43091287318479
9.15020950371515	0.214592873418943	8.72924361509373	9.57117539233656
9.04309641865833	0.242798694103688	8.56636338582128	9.51982945149538
9.00542031066218	0.22284835240963	8.56815499574463	9.44268562557973
8.80608290855657	0.210360466929051	8.39322029253052	9.21894552458261
9.31020205671589	0.220933152987456	8.87673963510607	9.74366447832572
8.99147475328965	0.22156544258512	8.55656869213262	9.42638081444669
8.67992770062585	0.202093873678061	8.28336606065038	9.07648934060133
8.6942055801211	0.193690878621988	8.31410696559094	9.07430419465127
9.3142113625028	0.245087031900866	8.83315148327498	9.79527124173062
9.25081391201595	0.239403325926544	8.7810128177037	9.7206150063282
8.77873598333298	0.215537592894415	8.35567430544739	9.20179766121857
8.99910824790127	0.197171634528397	8.61220774475767	9.38600875104487
9.22455498172328	0.21778565623037	8.79720414731269	9.65190581613388
9.08321853476539	0.201320476312134	8.68823432649775	9.47820274303303
8.80658461492972	0.230763044180459	8.35351946913747	9.25964976072197
9.16135439520188	0.234695776252918	8.70064838163163	9.62206040877214
9.13054265674567	0.227757184662398	8.68350093990936	9.57758437358198
9.0486422622252	0.22478705254455	8.60749454572477	9.48978997872563
9.21739832786093	0.220404787501146	8.78482173718674	9.64997491853511
8.60970489670771	0.201186423636463	8.21495897331303	9.00445082010238
8.9702089394906	0.205892204264136	8.56625173724622	9.37416614173497
9.16004893482277	0.205680245425993	8.75652913112232	9.56356873852323
8.71810262288833	0.213309959077103	8.29929244755884	9.13691279821781
8.88634903952384	0.228769373465419	8.43729276488852	9.33540531415916
9.17411585380178	0.225817973855777	8.73103725236599	9.61719445523757
8.99100211204281	0.212122007539593	8.57466379892716	9.40734042515845
9.4460388688473	0.226887334102658	9.00084579867128	9.89123193902332
8.97738802082296	0.225638731483998	8.53446546943444	9.42031057221148
9.207695354298	0.237844661961831	8.74087781400969	9.67451289458631
9.13654766152912	0.220522688931439	8.70391397511968	9.56918134793855
9.07545246877275	0.213095890168467	8.65733499808554	9.49356993945996
9.10111186859742	0.211410923538049	8.68626118261359	9.51596255458125
9.22811785649696	0.225273964576136	8.78608719932673	9.67014851366718
8.95001894378658	0.210848535297201	8.53627818797865	9.36375969959452
9.29938916128292	0.239221274931851	8.8297974146382	9.76898090792764
8.91693725168081	0.231328018575372	8.46274476667976	9.37112973668187
8.94136900859042	0.212701192576788	8.52399354776986	9.35874446941097
8.87907359777295	0.212161433683769	8.46271975260293	9.29542744294297
8.93746899493621	0.224827697296567	8.49619290348086	9.37874508639155
9.17510637826289	0.224684672665773	8.73426819678916	9.61594455973661
9.04016047403052	0.20251166656203	8.6429173381249	9.43740360993615
9.39981423064497	0.217806717863769	8.97244875104625	9.82717971024369
9.06950719350102	0.245296620001239	8.58794944595664	9.55106494104541
8.69069314573082	0.221748105339918	8.25561419765001	9.12577209381164
8.97257317535914	0.211038039473338	8.5584844851167	9.38666186560158
9.19886336060769	0.231747899029103	8.7439519596144	9.65377476160098
8.99935921946576	0.225594408764542	8.55649415391921	9.44222428501232
8.80813112371947	0.201171684245587	8.41348579188828	9.20277645555066
8.91450345539219	0.20913776279733	8.50412799612263	9.32487891466175
8.86449548923504	0.213118840164619	8.44633298599473	9.28265799247534
8.85136163157287	0.223516306876808	8.41274837655328	9.28997488659246
9.00115462302161	0.205267065496768	8.59822425048255	9.40408499556067
8.55621310369533	0.223424719864457	8.11764874318805	8.99477746420261
9.05734136361263	0.20453762711721	8.65600855594576	9.45867417127951
9.10664715099416	0.215187711636882	8.68429293051746	9.52900137147085
9.20625953313991	0.23097349594635	8.75304125803258	9.65947780824724
9.01365523138002	0.221387249534429	8.57914557856405	9.44816488419598
8.70615051213414	0.233607853479737	8.24749048236268	9.16481054190559
8.975336530394	0.219178226780401	8.54524862416356	9.40542443662444
9.01263407617871	0.212093365923261	8.59656344608099	9.42870470627644
8.99272302741609	0.209947185006933	8.5807431748448	9.40470287998739
9.14887772821219	0.231819449038395	8.69397895279942	9.60377650362495
8.99650384792387	0.222868061542189	8.55919285653695	9.43381483931079
8.81197838847705	0.195436347318146	8.42853139800061	9.19542537895349
9.19530541131776	0.216772594314043	8.76990340572901	9.62070741690651
8.7946266749169	0.206445589400414	8.38959666569886	9.19965668413494
8.7594127157031	0.21453255791782	8.33832246114958	9.18050297025662
8.89916427671637	0.223380881455483	8.46068203916658	9.33764651426615
9.18805800177163	0.219638967982119	8.75705348855659	9.61906251498668
8.59634499934832	0.197272674212079	8.20919711393293	8.98349288476371
8.80584206247468	0.21158658718597	8.39067531869012	9.22100880625923
8.95338530913033	0.224069800553797	8.51356733123951	9.39320328702116
9.19705388497703	0.231709709468222	8.74230512195104	9.65180264800303
9.04188349367825	0.207463233673734	8.63491232587268	9.44885466148382
8.98083242498109	0.227968951116985	8.53344454819696	9.42822030176522
9.28868168775862	0.247608743104424	8.80243044609919	9.77493292941804
8.88356975103187	0.223033302412448	8.44578102870545	9.32135847335829
9.16726928107554	0.241706922703503	8.69281774963046	9.64172081252063
9.10198463062498	0.227577733098731	8.65545568339694	9.54851357785301
8.9190924357337	0.21814053135881	8.49103263472536	9.34715223674204
9.02208301369493	0.204684228536464	8.6203949842752	9.42377104311466
9.21143290330191	0.221938082643803	8.77584209168144	9.64702371492237
9.25235690947837	0.212758094589674	8.83488059199986	9.66983322695689
9.07881274889927	0.225760097734035	8.63577142597384	9.52185407182469
9.18342664029242	0.221247918332873	8.74923353536913	9.61761974521571
8.97920164170815	0.218861189473677	8.54979322686432	9.40861005655197
9.24447074043115	0.243094756834569	8.76732973163763	9.72161174922466
8.88716827685521	0.212949233669561	8.46925050696974	9.30508604674068
8.72938794348136	0.181812238798237	8.37276283261409	9.08601305434863
9.02141070484735	0.209719649974344	8.60985149949554	9.43296991019917
8.72103212380616	0.255102987011827	8.22000169429101	9.2220625533213
9.1869158821359	0.264898444475498	8.66667615601118	9.70715560826062
9.10983597098787	0.211250620660548	8.69538599950283	9.52428594247291
9.30597042603037	0.231551979378525	8.85144435690945	9.76049649515129
8.97459963728472	0.221657338950075	8.5395854494582	9.40961382511125
9.16330916248237	0.227995186537509	8.71581831530457	9.61080000966017
9.08102986000887	0.215398276889882	8.6583515277614	9.50370819225635
9.12479535392345	0.235411680046084	8.66271321299645	9.58687749485045
9.29274798308347	0.21148029366513	8.87780540933836	9.70769055682859
8.73522612935516	0.202072506363071	8.33864886937308	9.13180338933725
8.84817427350228	0.230582150031802	8.39568219098401	9.30066635602054
9.01137957401879	0.215030864566877	8.58944096758886	9.43331818044871
9.02736862942785	0.200291193121083	8.63443436214608	9.42030289670963
9.07959233059428	0.19137013106692	8.7041908083489	9.45499385283965
9.18482263439592	0.232091110858953	8.72939609775856	9.64024917103329
8.98097714869177	0.219334513425137	8.55057169279233	9.4113826045912
9.20112678300155	0.245376321191343	8.71933658222265	9.68291698378045
9.06662603755769	0.21039182217933	8.65377295616548	9.47947911894989
9.02997243628005	0.221373084473038	8.59551299705709	9.46443187550301
8.92160451946143	0.2151212091325	8.4994782871166	9.34373075180625
9.31638652547263	0.235671035579514	8.85386955417751	9.77890349676774
9.12822570618724	0.220171606556649	8.69615026846092	9.56030114391357
9.11576057967473	0.220803774624302	8.68240236282374	9.54911879652571
8.91309286207131	0.226451307062252	8.46857880710211	9.35760691704052
9.11051304345574	0.222199527444053	8.67440349921301	9.54662258769848
8.89813745019097	0.225921714295993	8.45472482386149	9.34155007652044
9.04289259214285	0.256641036158076	8.53895953596161	9.54682564832409
9.22749546121952	0.232578017146808	8.77103470630516	9.68395621613388
8.90424320802259	0.198720445084227	8.5144359114849	9.29405050456027
8.77298782189054	0.18830683971959	8.40351312087654	9.14246252290454
9.42064677137893	0.221615271041641	8.98582333738124	9.85547020537661
8.986798838389	0.215590912776427	8.56371943665009	9.40987824012792
9.1408248048603	0.195330826683979	8.75772743894661	9.52392217077398
8.90576560220103	0.197903842294711	8.51744759735483	9.29408360704723
8.84003889309042	0.236157221131203	8.37656853948276	9.30350924669807
8.99622706481036	0.218195842768329	8.56809605641318	9.42435807320754
9.1402991993302	0.197697734338683	8.75234120814775	9.52825719051265
9.10232029637591	0.227698579892757	8.65542613902478	9.54921445372704
8.73870077416359	0.225057237375627	8.29701751525599	9.1803840330712
9.0558088025881	0.226012713310021	8.61235989121672	9.49925771395949
9.19569104305596	0.198930832804761	8.80535111802729	9.58603096808463
9.20758510055144	0.213697724006491	8.78814700115848	9.6270231999444
8.87821746312528	0.239502222716861	8.40796654573954	9.34846838051102
8.83575297052933	0.227064839174501	8.38994137989002	9.28156456116864
8.96342223710397	0.206228221919304	8.55873246558698	9.36811200862097
9.03688546858924	0.220704039918103	8.60372480769712	9.47004612948136
9.07396482630699	0.239094171078734	8.60459852031932	9.54333113229466
8.75542725741549	0.193992096997171	8.37487183893487	9.13598267589612
8.8020301404374	0.241200789590501	8.32854407965288	9.27551620122192
8.84770606693649	0.2090451023894	8.43750931288534	9.25790282098764
9.03684849539361	0.225664611553031	8.59399732030405	9.47969967048317
9.31892144844884	0.248134704896838	8.83181269146926	9.80603020542843
9.12432030580111	0.222017567759139	8.68866131469094	9.55997929691127
9.10383213283947	0.213025827465343	8.68576324820581	9.52190101747312
8.92627475531063	0.223003099699003	8.48866167366062	9.36388783696064
9.17437519052058	0.221691069342166	8.73933224624688	9.60941813479428
9.04857162049667	0.213170285134158	8.63023440715678	9.46690883383657
8.93734526040581	0.215775626349183	8.51376634612776	9.36092417468387
9.17379611767607	0.257750124163323	8.66785860943967	9.67973362591247
9.68750661174793	0.263497299449617	9.1703737400587	10.2046394834372
9.03611761089351	0.212215729912345	8.61964359587616	9.45259162591087
9.36863826917885	0.23484283626956	8.90757753627391	9.82969900208379
8.83117830031551	0.213849291351649	8.41161579295683	9.25074080767418
9.49047765461113	0.23064590026309	9.03778594542712	9.94316936379515
8.88296779076446	0.232808803156767	8.42597038455322	9.3399651969757
9.13327888190366	0.225922117500893	8.68990334948245	9.57665441432487
9.0374632449096	0.212546470532812	8.62043118975994	9.45449530005927
8.99283510526758	0.22613567146182	8.54906538385442	9.43660482668074
9.15003873632645	0.210214307007445	8.7375723529217	9.56250511973119
9.1092465491467	0.227092699234773	8.66354478901295	9.55494830928044
9.0624982775531	0.218995914865222	8.63277247882327	9.49222407628293
8.75291037692378	0.192066499425686	8.37611173818819	9.12970901565938
9.14960819494534	0.227734557526667	8.70268231346528	9.5965340764254
9.15983411619733	0.225782241222735	8.71672360211623	9.60294463027843
9.07615622329135	0.227569040106049	8.62950090902361	9.5228115375591
9.09795930477201	0.223491603054	8.65932712429112	9.5365914852529
8.90469795913211	0.19594895926074	8.52018678256527	9.28920913569894
8.97995344985041	0.214227453626003	8.55960244976853	9.40030444993229
9.200275919581	0.195133947798353	8.8174625979006	9.5830892412614
8.87546902000194	0.200666179023024	8.48171286795767	9.26922517204621
9.07412686326096	0.204307977262358	8.67332818849093	9.47492553803099
8.98998390407391	0.205899578215082	8.585930587973	9.39403722017483
8.57915906310962	0.203929023863559	8.17885927109701	8.97945885512223
8.90057630537626	0.202500291506959	8.50333757337518	9.29781503737734
9.14247088290683	0.227567617966874	8.69579663476918	9.58914513104448
8.85101303983414	0.20729900527507	8.44414409837474	9.25788198129354
8.9225440514192	0.220431885241476	8.48993771540077	9.35515038743764
9.50723540926001	0.238283623077737	9.03956675976011	9.97490405875991
9.049860900746	0.207808039205038	8.64209405782833	9.45762774366367
8.86837693364942	0.225311932972685	8.42620394835939	9.31054991893945
9.02562539437201	0.230097099157278	8.5739216758857	9.47732911285831
9.15022823754146	0.2107009624633	8.73676034875868	9.56369612632425
8.83489654114285	0.196896410113268	8.44857048131388	9.22122260097183
9.04772338171072	0.20573186314058	8.64409030883305	9.4513564545884
8.9738472748911	0.189360611399113	8.60230426191041	9.34539028787179
8.91219539822554	0.217647736242493	8.48497298573249	9.33941781071858
9.1179899940732	0.231249608937282	8.66403919472345	9.57194079342295
9.26451012498406	0.234894038989285	8.80344375500266	9.72557649496546
8.74018526187973	0.218954914020045	8.31051404978165	9.16985647397781
8.77958174467564	0.186863563133631	8.4128332964234	9.14633019292789
9.06469857302321	0.212614132119607	8.64751585322197	9.48188129282444
9.01670417416361	0.207972657558307	8.60849305226997	9.42491529605724
8.83067053334617	0.194681093012186	8.44872148635037	9.21261958034198
9.17084859189002	0.217924745221198	8.74329389905991	9.59840328472013
9.05391739552067	0.208772303407572	8.64433182202805	9.4635029690133
9.11438276078214	0.215019679285942	8.69256251055896	9.53620301100532
8.96273067069828	0.226373123221654	8.5184367978521	9.40702454354445
8.5178243292683	0.211331629497895	8.10316844680411	8.93248021173249
8.91842025588989	0.212890565230281	8.50066195564684	9.33617855613295
9.08108619701808	0.202144795273675	8.68448352007766	9.47768887395849
9.06889934000194	0.210524278680033	8.65579208555164	9.48200659445224
9.17330062749322	0.203597822689417	8.77389040020773	9.5727108547787
9.19684597571938	0.205133074740095	8.79437130071467	9.5993206507241
8.49845629998083	0.191224391130332	8.12316269910622	8.87374990085543
8.90230262341317	0.20016460077152	8.50952780082531	9.29507744600104
8.94444809435831	0.220821423590721	8.51099190237186	9.37790428634476
9.19586241158326	0.224621025520677	8.75510413102947	9.63662069213706
9.04430780537656	0.209397121083411	8.63354791369397	9.45506769705915
9.12027271694657	0.234374765231435	8.66021868658738	9.58032674730577
9.28869273707766	0.247519570322665	8.8028674247541	9.77451804940122
9.28488339876644	0.247427879565615	8.79923617907077	9.77053061846211
9.04441383495953	0.229191035829862	8.59466203906581	9.49416563085326
9.03927248962837	0.228042346677397	8.59168126338234	9.48686371587439
9.26290948037581	0.215203085485587	8.84059220863536	9.68522675211626
9.07104498498208	0.217304827211416	8.64469835507078	9.49739161489337
9.22554334924475	0.226245381007263	8.78153043148649	9.66955626700301
8.83324505886339	0.228064927635246	8.38548574468826	9.28100437303851
9.26554322441805	0.234381526219189	8.80560325208215	9.72548319675396
8.90678764204378	0.212814211212944	8.48919478803656	9.324380496051
8.86830172761151	0.206127846437347	8.46375654804648	9.27284690717654
8.86163615965562	0.19546324635577	8.47815778973597	9.24511452957526
9.00504645470713	0.2047026109046	8.60337368963354	9.40671921978073
9.06130678249801	0.208226280753578	8.65269572513782	9.4699178398582
9.29567325549019	0.205707908970749	8.89200823919967	9.69933827178071
9.06071201972774	0.213747063454882	8.64128822909734	9.48013581035815
8.8976728660244	0.228098264403395	8.44986388973781	9.34548184231098
8.87024769025194	0.188325702220247	8.50079216274381	9.23970321776007
9.12791044058064	0.225480066556127	8.68541060061564	9.57041028054563
8.85120588558614	0.217596218786709	8.42407571514573	9.27833605602656
9.0973042885723	0.21905109707068	8.66735948793949	9.52724908920511
9.02295984522139	0.19445390014876	8.641379877059	9.40453981338378
9.1564531956142	0.223374298617166	8.71800280719738	9.59490358403101
9.02968549986909	0.215059307367548	8.60763026250353	9.45174073723466
8.84528722341998	0.215848700673484	8.4217808127763	9.26879363406366
8.96904281240938	0.222007739794864	8.53334618928937	9.4047394355294
8.96158790701465	0.217914789327046	8.53401288046476	9.38916293356455
8.84942036242218	0.217984400993068	8.42150304658982	9.27733767825454
9.27796562759453	0.210787070283015	8.86431143781305	9.69161981737601
8.99076557909928	0.222039547901319	8.55501639158412	9.42651476661444
8.98359010921878	0.19551825047124	8.59993588781723	9.36724433062033
9.10040783173346	0.210237028032821	8.68793041661199	9.51288524685493
9.19691396903179	0.211757664141374	8.78139255078415	9.61243538727943
9.11785683193684	0.219526081739261	8.68705790202	9.54865576185368
9.2600134132224	0.206175047574775	8.85551732345341	9.66450950299139
8.7012532724666	0.221481607117249	8.26667770536315	9.13582883957005
9.20073019641879	0.228215953393635	8.75291314206239	9.6485472507752
8.79726411298859	0.23338394586556	8.33909570484279	9.25543252113439
9.22740119528216	0.212952167456256	8.80950389246058	9.64529849810373
8.77763930983842	0.228323384324063	8.3293938359126	9.22588478376425
9.32135597802824	0.269959556528331	8.79128676061817	9.8514251954383
8.6797735016721	0.213157735707226	8.26134817156234	9.09819883178186
9.22957071183869	0.23081693767624	8.77662490125798	9.68251652241941
9.06449003127265	0.214944786612833	8.64268412859287	9.48629593395244
9.10134520088201	0.211981155549644	8.68541432928306	9.51727607248095
8.76270389864446	0.2371627253817	8.29717139751089	9.22823639977803
9.28849585717594	0.23563092063546	8.82597313592806	9.75101857842381
9.07105791047731	0.240985632321959	8.59803138900303	9.5440844319516
9.17713783178886	0.230079210584613	8.72560754121169	9.62866812236603
9.20976912315365	0.259132961763387	8.70101777463253	9.71852047167478
8.47146570081112	0.203812747215471	8.07154801187798	8.87138338974427
8.85972020219859	0.192653302069883	8.48173784923053	9.23770255516665
8.88725373494307	0.229272737885468	8.43701775404147	9.33748971584467
9.0012824844649	0.203357750471546	8.60228047797562	9.40028449095418
9.2656198305373	0.203033445384346	8.8672919508978	9.66394771017679
8.7633060628561	0.192723548188689	8.38524268076397	9.14136944494823
9.05701077592037	0.217660750745977	8.629841646716	9.48417990512475
8.67506515810773	0.191918590158972	8.29852538559608	9.05160493061938
9.02879443514269	0.216967978360347	8.60294093724359	9.45464793304179
9.23657990565976	0.221933412944381	8.80106434678964	9.67209546452989
9.06520439739959	0.231821278271313	8.61026017367956	9.52014862111962
9.0256664691654	0.228349216008586	8.57758364271034	9.47374929562047
9.08224878799392	0.209294935706875	8.67160581273103	9.49289176325682
8.89320868986826	0.203829809819107	8.49326754075201	9.2931498389845
9.10140370824811	0.194484282961051	8.71992048810601	9.48288692839021
9.20276946664876	0.203360723873344	8.80372586213069	9.60181307116684
9.1560283089641	0.236150805747465	8.69252478339704	9.61953183453115
8.93144193584743	0.209633878028122	8.52009083353291	9.34279303816195
8.74788297482598	0.208249560415286	8.33917139676678	9.15659455288518
8.96453441834853	0.215217245554217	8.54216183527972	9.38690700141733
8.89469689078573	0.231209768020853	8.44097577278631	9.34841800878516
9.0618045676048	0.219927270602382	8.63036414097242	9.49324499423718
8.94633020122179	0.225518850134215	8.50376314454892	9.38889725789467
8.72713524223744	0.21205641852001	8.31100925642417	9.14326122805071
8.8202241422065	0.200560166132527	8.42664696642981	9.21380131798319
9.18139661825691	0.221830355701349	8.74610191817874	9.61669131833508
9.2719694045538	0.239123106815946	8.8025616801654	9.74137712894219
9.22696641592594	0.241462492179487	8.75300001155925	9.70093282029263
9.17911391858901	0.225079478123992	8.73728956085241	9.62093827632561
9.34268659398004	0.229493497094446	8.89231651728407	9.79305667067601
9.11523924353896	0.218297651587066	8.68685633998758	9.54362214709035
8.9664624751009	0.208318831566888	8.55757374809832	9.37535120210348
9.06674328016873	0.218339945969935	8.63827448279001	9.49521207754745
8.9976423468249	0.239707981958544	8.52725170662417	9.46803298702562
8.83218080655836	0.200747996951808	8.4383142941173	9.22604731899942
9.15364057786248	0.255199286404204	8.65256254193084	9.65471861379412
8.96021374625065	0.201253872406058	8.56533338715512	9.35509410534618
9.07215902775713	0.202996497180791	8.67395317452097	9.47036488099328
8.91189800051773	0.227694156796974	8.46515783790761	9.35863816312785
9.10079811097397	0.24670734688999	8.61672306860239	9.58487315334554
9.01966010261678	0.239221202761758	8.55008782350944	9.48923238172413
8.7062219740127	0.216941046987931	8.28040636856185	9.13203757946354
8.88764619858823	0.217419241042637	8.46076956091441	9.31452283626204
9.01284033406227	0.227222879397605	8.56678894927192	9.45889171885261
8.86606681206679	0.22057264023175	8.43316455401785	9.29896907011574
9.24979717860904	0.248399405681377	8.76201099438298	9.73758336283511
9.18772229795749	0.225126716842328	8.74585202113231	9.62959257478268
8.98040706855074	0.218114026739359	8.55215961573255	9.40865452136893
8.85875457232961	0.224376354175976	8.41833704525688	9.29917209940234
8.82070651471711	0.199054572453997	8.43010715834252	9.21130587109169
9.02549806320956	0.21489978763986	8.60373595428274	9.44726017213638
8.77292245904249	0.203662713413532	8.37314124428927	9.1727036737957
9.03933421688037	0.211246843176707	8.62495647560989	9.45371195815085
8.7056283625286	0.203997834640724	8.30534628158776	9.10591044346943
9.1243238175548	0.213301510812594	8.70580193506434	9.54284570004527
9.062809549823	0.218719130137474	8.6335743636859	9.4920447359601
9.11113865381431	0.23577888179635	8.6483105575865	9.57396675004212
8.6806981493558	0.184363712728761	8.31899063264881	9.04240566606279
9.14831828170152	0.222022869294972	8.71264620806791	9.58399035533512
9.15210683538752	0.212227441160262	8.73568215580551	9.56853151496953
8.82734148939047	0.217572818721393	8.40034642918249	9.25433654959844
8.63696124193213	0.20173511958177	8.24097605411379	9.03294642975046
8.9692158642256	0.215038911379087	8.5472889192378	9.3911428092134
8.93064905077973	0.213529724846723	8.51156392351884	9.34973417804062
9.39543324048283	0.255222836915409	8.89448988925832	9.89637659170733
8.8344892550019	0.204249610643471	8.43370975846828	9.23526875153552
9.29676340896031	0.239076809737834	8.82753957766336	9.76598724025725
9.13694507053469	0.212054560151711	8.7208212569362	9.55306888413318
9.23455940791074	0.213435513996239	8.81574826182653	9.65337055399495
8.84987382010566	0.203469059356951	8.45061506822764	9.24913257198368
8.91580298732233	0.205179325893616	8.51317483464377	9.31843114000089
9.00793304986759	0.217379079092694	8.58131696776686	9.43454913196832
8.92661370211989	0.210014888985764	8.51454135048406	9.33868605375571
8.82771044122126	0.226550334342321	8.38301217296133	9.27240870948118
8.94350929391679	0.214563783294363	8.52246107992917	9.36455750790441
8.71946532044821	0.188225549336673	8.35020593469636	9.08872470620006
8.72449444070306	0.208014749266239	8.31618597376718	9.13280290763893
9.09759931386065	0.230774547718881	8.64470184810325	9.55049677961805
8.88903536843285	0.211525087608765	8.47395878260832	9.30411195425738
8.71761249454528	0.196412489673992	8.33217865759697	9.10304633149359
9.08122519446005	0.247872239671641	8.59467019863258	9.56778019028752
9.38234312403499	0.241894419950105	8.90772860432622	9.85695764374376
9.17789273231653	0.22014712250419	8.74589242925568	9.60989303537738
9.12136826265026	0.233756309425647	8.66249093918607	9.58024558611446
8.89226255854675	0.233074145450515	8.43489012788439	9.3496349892091
9.0800040174697	0.216306720523788	8.65562822401014	9.50437981092925
9.40487878487229	0.242106486406622	8.92969267804011	9.88006489170448
8.83867074518096	0.214293284239792	8.41808291660949	9.25925857375242
8.81954514910463	0.193949513468636	8.43899644705292	9.20009385115635
8.83159153931122	0.20665456917409	8.42602187203403	9.23716120658841
9.0115277095728	0.228692281595895	8.5626728947954	9.46038252435019
9.01553306119345	0.223036113535149	8.57770715553483	9.45335896685208
9.11834687568749	0.23561676118664	8.65586054900933	9.58083320236564
8.84190636035203	0.222824679663276	8.40448937736381	9.27932334334026
8.74613580808346	0.192106854130939	8.36919039931198	9.12308121685494
9.01307798567059	0.208724969808437	8.60343997706449	9.4227159942767
8.93815202263409	0.202096434044893	8.54154421634056	9.33475982892761
9.01472120993572	0.202856389277197	8.61667422112609	9.41276819874534
9.40337117877824	0.218209540237128	8.97514596807303	9.83159638948344
8.89698778343305	0.214366523795064	8.4763274702909	9.31764809657519
9.22714855541231	0.237313379199858	8.76134320950531	9.69295390131931
8.92179322745948	0.220913958637928	8.48829313277967	9.35529332213929
9.15789119688132	0.21518642131447	8.73565923296545	9.5801231607972
8.92217137160622	0.222281514727083	8.48590732746669	9.35843541574576
9.08262516441702	0.262980669996732	8.56634798333958	9.59890234549446
9.42757308051674	0.23339279843497	8.96949209935799	9.88565406167548
8.98418428632053	0.2183659931581	8.55569425110953	9.41267432153152
9.24119028075893	0.232647817798407	8.78448008076955	9.6979004807483
8.70562085971031	0.225878437126051	8.26225466652783	9.14898705289279
8.55555975488765	0.220541722289851	8.12264704090755	8.98847246886776
9.07070565965959	0.217969150294712	8.64301053677306	9.49840078254612
9.26167059205513	0.23801876777008	8.79460340219369	9.72873778191657
9.05584038823244	0.23203750842616	8.60034791088924	9.51133286557565
8.93225068705674	0.221770782553291	8.49707075135182	9.36743062276165
9.08132791247513	0.213150574227534	8.66294702760931	9.49970879734095
8.77237895151622	0.178641234884385	8.42198417053302	9.12277373249941
9.07320404973491	0.213411421208619	8.65443042775602	9.49197767171379
8.85365449107337	0.228282594376358	8.40565767816983	9.30165130397692
8.89571248402124	0.215545061576382	8.47266453161173	9.31876043643074
8.70808203347303	0.210197572325699	8.29552452213363	9.12063954481244
9.15529446160638	0.20013652739051	8.76264205854467	9.5479468646681
8.82918748388269	0.207721876361607	8.4215437248164	9.23683124294898
9.00529453262715	0.205301773396156	8.60233343333038	9.40825563192391
8.86867362492601	0.221284704816504	8.43443557343325	9.30291167641877
8.98936278944439	0.215497628982799	8.56643907018586	9.41228650870292
9.08952480861021	0.228787089355684	8.64051802498614	9.53853159223428
8.94383738357943	0.231017543977266	8.4902653336473	9.39740943351156
8.72931167246781	0.208244939950817	8.32057796283961	9.13804538209601
9.23718779499642	0.287086067863103	8.6731794710353	9.80119611895754
8.76330449949101	0.219190221807737	8.33307139469829	9.19353760428373
8.9089996351068	0.208319711203806	8.50020151652303	9.31779775369057
8.80309313533472	0.207283535064216	8.3963143129258	9.20987195774365
8.94480016274573	0.22015304297972	8.51276038584701	9.37683993964444
8.96482353108841	0.208841852811376	8.55506376640088	9.37458329577595
8.96408950745778	0.232146502301242	8.50837022702618	9.41980878788937
8.68354444622549	0.20719840723082	8.2769831657097	9.09010572674129
9.09694762532479	0.232645066684155	8.64039263319859	9.553502617451
9.27604441605327	0.23094397921424	8.82288623603149	9.72920259607504
9.0701590075157	0.218491303230051	8.64142986497846	9.49888815005294
9.01080577341913	0.22268308552514	8.57374091360398	9.44787063323429
9.23665637570309	0.220671579906431	8.803719777527	9.66959297387918
8.86887671592641	0.223285872572461	8.43066682163746	9.30708661021537
8.93058933104821	0.229996403373448	8.47911015519795	9.38206850689846
9.19541060034617	0.229319757117986	8.74531427377785	9.64550692691448
8.83819685829514	0.186040988638031	8.47323653639361	9.20315718019667
8.97255151009711	0.210003934473446	8.56040207162556	9.38470094856867
9.10297456713163	0.236098359031876	8.6394618080647	9.56648732619856
8.93143273499429	0.228175474786105	8.48349255381386	9.37937291617471
8.82034521598828	0.2055937680441	8.41690835793335	9.22378207404321
8.9921621579147	0.222130758752535	8.55614237433522	9.42818194149417
8.9940288776375	0.207316299321543	8.58719114387688	9.40086661139812
8.74268551568299	0.206856389942478	8.33666291833431	9.14870811303167
9.08700142740436	0.228694783476649	8.63820372559643	9.53579912921229
8.95730329967672	0.216524086833178	8.53222305355356	9.38238354579988
9.04604551387336	0.212899395525904	8.62825927721523	9.46383175053148
9.18827841420124	0.257868834811497	8.68196554518895	9.69459128321353
8.9470326634651	0.203590774870187	8.54752390024167	9.34654142668852
9.01707658137773	0.2034026547789	8.61796679077835	9.41618637197711
9.21203434277074	0.243680256535486	8.7337717123384	9.69029697320307
9.19781364785522	0.218433694597133	8.76911114451989	9.62651615119055
9.21341079839307	0.230581382579834	8.76098267935928	9.66583891742687
8.83021817926539	0.239394182872025	8.36041421008837	9.30002214844241
9.22475595303628	0.2125357116682	8.80786672826489	9.64164517780767
9.21935624216892	0.208758006983769	8.80981530720176	9.62889717713609
8.91120728726869	0.209402826134094	8.50028116616746	9.32213340836991
8.97107460348123	0.215817901721202	8.54740397045866	9.39474523650381
9.03951172086671	0.219154100992195	8.60938138142667	9.46964206030675
9.01735031218576	0.196222027452264	8.63228663713263	9.40241398723889
9.22976832554911	0.21013891992029	8.81742589142893	9.64211075966928
9.66908214654577	0.242357188960985	9.19345647467984	10.1447078184117
9.23050167202026	0.225568400441255	8.78785424328839	9.67314910075213
9.2751900727518	0.238110091226712	8.8078213982048	9.74255874729879
8.95153866372736	0.1980173912552	8.5631064052796	9.33997092217513
9.12827916464379	0.227769908828656	8.68144610753252	9.57511222175506
8.82847985661093	0.213587255201757	8.40932506730254	9.24763464591931
8.90750603185787	0.214125748397837	8.48728319478414	9.32772886893161
9.11079483086516	0.220888479560831	8.67733674073184	9.54425292099849
9.02180633454889	0.231654827707703	8.56711316545732	9.47649950364045
8.74730143117083	0.207135597398813	8.34085863317993	9.15374422916173
9.02132850404601	0.229835453751188	8.57023768915326	9.47241931893875
9.11051170779154	0.212933332585233	8.69270745476716	9.52831596081592
8.77814092492066	0.197721702907329	8.39018580096037	9.16609604888095
8.98539000851156	0.234107799097693	8.5259453702667	9.44483464675642
8.9380190052128	0.227326557215653	8.4917649538759	9.38427305654971
9.1962904816121	0.212948913417555	8.77848731574536	9.61409364747883
8.91254766700023	0.219255028262022	8.48223573203113	9.34285960196932
9.22259219674676	0.227925814512339	8.77519363827999	9.66999075521353
9.07230634525071	0.215643074845086	8.64910356502885	9.49550912547257
9.49296673759147	0.256067534682614	8.99025697932828	9.99567649585466
9.03138280076302	0.202372235841923	8.63431601773281	9.42844958379323
9.08782606418214	0.215043690536828	8.66573227821603	9.50991985014826
8.87866472641087	0.20891992284206	8.46865872378486	9.28867072903689
8.85265397465867	0.231287683804058	8.39858205981083	9.30672588950651
9.07859407085961	0.199270203598359	8.68757855177255	9.46960958994668
8.80786157165183	0.218552667619964	8.37895791130244	9.23676523200121
9.07596332849488	0.214492927133878	8.6551677197644	9.49675893722537
9.02830440699402	0.204001437068633	8.62799250020988	9.42861631377815
8.83284481843956	0.213168357344866	8.41435881043812	9.251330826441
9.177691267091	0.229888588415472	8.72653058297338	9.62885195120863
9.12881057825725	0.215104842951964	8.70667283202852	9.55094832448599
9.10456350291346	0.253014551769314	8.60783367905079	9.60129332677613
8.85221936531885	0.192031032779634	8.47544502707883	9.22899370355887
8.97086084258729	0.179725424062228	8.61826855750752	9.32345312766706
9.03479431292334	0.220013291737571	8.603031769024	9.46655685682267
9.19903664425079	0.2384361402791	8.73102877659573	9.66704451190584
9.05093206682141	0.208959474637406	8.64084557934355	9.46101855429927
8.93215334949343	0.195162250266741	8.54921417106434	9.31509252792251
9.27168385183667	0.235237182320574	8.8100814156899	9.73328628798343
9.28535506064148	0.212568666365608	8.86825318456609	9.70245693671687
8.85296414592865	0.21248605884081	8.43600696099483	9.26992133086247
8.88915173765388	0.21186216522616	8.47322367596897	9.30507979933879
8.946851866424	0.217254705496954	8.52042562357149	9.3732781092765
9.05712528386488	0.234596768366109	8.59665875386089	9.51759181386887
9.08451614259268	0.22015202610152	8.65242353955238	9.51660874563297
9.11634140752279	0.229780936484927	8.66529340338843	9.56738941165715
8.97199672312764	0.240595607126652	8.4996270959387	9.44436635031657
9.19471593169744	0.214371435785139	8.77414812767399	9.61528373572089
9.36985007121999	0.246648778724736	8.885534196567	9.85416594587298
8.90952633340929	0.219342143971424	8.47910352686573	9.33994913995284
8.88234164975384	0.208260026495805	8.47368341094139	9.29099988856628
8.92082768497431	0.231550961414085	8.46634029330447	9.37531507664415
8.9712191152114	0.206323331557547	8.56632274236132	9.37611548806149
9.05394381661162	0.223780078470393	8.61468384182949	9.49320379139375
8.90100668132365	0.22799288090447	8.45353651951998	9.34847684312733
9.3151731162385	0.228906071477945	8.86600267955745	9.76434355291955
8.96800916209114	0.220031926941315	8.53615003444188	9.39986828974039
8.9414361035967	0.227211977852915	8.49551055772712	9.38736164946628
8.99639549742106	0.20291734342396	8.59833053560605	9.39446045923606
8.99669881720448	0.234342361353135	8.53668627474737	9.45671135966159
8.62400985723232	0.18990063024299	8.25142373627866	8.99659597818599
8.95460692982815	0.224742929563825	8.51341147116788	9.39580238848842
8.75582696975785	0.195767963146824	8.37162675726696	9.14002718224873
8.92081461816051	0.230503453904053	8.46835599072524	9.37327324559578
9.01978745333735	0.217992920782785	8.59205584333429	9.4475190633404
8.85563241854412	0.194782905016865	8.47345723266157	9.23780760442667
9.14291570471732	0.237358082575114	8.67700515323683	9.60882625619782
8.67684432466936	0.18913977395687	8.30572030700133	9.04796834233739
9.30057881393852	0.232483313969324	8.8441306879775	9.75702693989955
8.95952035275596	0.226251505577126	8.51549081950951	9.40354988600241
9.15195710719292	0.221171387465758	8.71784098264137	9.58607323174447
9.18267177411782	0.224713198493344	8.74173242755488	9.62361112068076
9.10309953083549	0.210396696242623	8.69022375678788	9.5159753048831
9.35592369292375	0.217723761025941	8.92860038978083	9.78324699606666
8.78546859260394	0.216616327060762	8.36023982171922	9.21069736348867
8.7341402804449	0.207880003056447	8.32608997294646	9.14219058794335
9.12094667043246	0.245369023025607	8.63914392905171	9.6027494118132
8.84365303387891	0.20933602430957	8.432808017965	9.25449804979282
8.92468549707516	0.211871500377371	8.50894716232306	9.34042383182725
8.94661324641835	0.231265315667503	8.49267820793258	9.40054828490411
9.00716705690174	0.219035716169455	8.5774343633946	9.43689975040888
9.22260888702344	0.247316747013197	8.73717920900864	9.70803856503823
8.68808405562224	0.2108373869923	8.27426791570956	9.10190019553492
9.2356503164367	0.222103240031867	8.79987425981352	9.67142637305989
8.84506798266948	0.216603014686785	8.41996008576589	9.27017587957308
9.2368471271931	0.211567648052439	8.82178623231173	9.65190802207448
8.83506946744186	0.204071802848174	8.43466763204475	9.23547130283897
9.14076432081531	0.213765354640192	8.72123995660589	9.56028868502473
9.03349597903361	0.194849989614325	8.65123034639228	9.41576161167493
9.09994673656623	0.2187841678608	8.67054915240129	9.52934432073117
8.98613677747535	0.220213902705806	8.55393619186738	9.41833736308333
8.99670843434915	0.21989246314278	8.56519652392786	9.42822034477043
9.14729707368068	0.227704789411483	8.70043539349357	9.59415875386778
9.10437859080452	0.219636354650374	8.67336666590099	9.53539051570806
8.69386796768794	0.201836982192178	8.29790713504846	9.08982880032742
9.16905811611167	0.203728881771009	8.76941686937788	9.56869936284545
8.79644251149636	0.197689045153231	8.40858640912208	9.18429861387064
8.75658240524692	0.207841867578275	8.34872885350128	9.16443595699255
8.5479410386435	0.206206081276916	8.14319929880908	8.95268277847793
8.92866059726896	0.229869147858015	8.47749273079573	9.37982846374218
9.07214716802496	0.228295716487021	8.62415504986243	9.52013928618749
9.03024165729869	0.244003229143867	8.55135856834567	9.50912474625171
8.95378446728723	0.207815510301506	8.54603184044179	9.36153709413267
9.3085060039938	0.250187997782925	8.81742300785474	9.79958900013286
9.09757787250205	0.211260641137386	8.68308295619603	9.51207278880807
8.96109260847373	0.204081088747852	8.56067376604958	9.36151145089787
8.72020344887726	0.205189458410969	8.31749811247418	9.12290878528033
9.31742389826894	0.227344859862668	8.87133846098001	9.76350933555786
8.97905540502198	0.20849810361938	8.56989054516125	9.38822026488271
8.9571584975317	0.312910569025146	8.34243461176017	9.57188238330322
8.86326973102353	0.211700380551498	8.44780430821474	9.27873515383231
9.04232040689254	0.224228206239308	8.60216813767545	9.48247267610963
9.00046477330151	0.225325948686773	8.55821897107464	9.44271057552838
8.81721388378239	0.193816030074352	8.43690518634321	9.19752258122158
8.84806045057428	0.213444338690393	8.42917993386909	9.26694096727947
8.73085922526272	0.213911711372143	8.31110120361492	9.15061724691053
8.78554410550721	0.205131937575563	8.38306549925383	9.18802271176059
9.12380577306969	0.206642447131289	8.71837292004012	9.52923862609926
9.15115901854353	0.210880795597676	8.73745439572364	9.56486364136341
9.2808988143543	0.223983263236839	8.84131552503562	9.72048210367298
9.05362733247747	0.20193910522648	8.65732306177533	9.44993160317961
9.15915417273995	0.274641250768179	8.61972817043118	9.69858017504873
8.96334155667795	0.204515501196194	8.56217453749344	9.36450857586245
9.00513089348166	0.224060892242444	8.56555044292577	9.44471134403756
8.90972457590831	0.229879942072811	8.45847398310396	9.36097516871266
9.50885828302811	0.233578589998231	9.05049363271854	9.96722293333769
8.95023820421957	0.208979965179109	8.54026937661171	9.36020703182743
9.09170850415474	0.233369780803287	8.63363233786897	9.54978467044051
8.44377797978843	0.192743187257581	8.06554733139614	8.82200862818072
9.20790186277533	0.21225108556469	8.79137465712939	9.62442906842127
8.98252991167103	0.213883319844555	8.56276824040677	9.40229158293529
9.23735897214182	0.24918908024064	8.74825523073464	9.72646271354899
9.27873083191925	0.235915325158979	8.81581260550718	9.74164905833132
8.77694640828094	0.203903710722019	8.37680696461685	9.17708585194503
9.10996389839642	0.205048809414697	8.70752073855282	9.51240705824001
8.83387047242277	0.229315839244738	8.38383615341073	9.2839047914348
8.97730207559977	0.218450995600567	8.54866890989842	9.40593524130113
9.50119350346267	0.235873687424042	9.03821954332692	9.96416746359843
9.42060175487001	0.251650032977425	8.92651625544761	9.91468725429241
8.91460355716177	0.224565394430044	8.47379311024451	9.35541400407902
9.03096922686507	0.211346011888353	8.61622297974137	9.44571547398878
9.16103305827205	0.209578580595344	8.74977446149539	9.5722916550487
9.14327752744683	0.2174329750601	8.7165697633864	9.56998529150725
8.86444761748736	0.197883412978421	8.47610854514769	9.25278668982704
9.11100281433097	0.210557040422457	8.69776995320392	9.52423567545802
8.91820926393577	0.220429910742057	8.48552907519613	9.35088945267541
8.64744488302297	0.189955756360984	8.27478558401988	9.02010418202606
9.21611738962389	0.239386307940824	8.74634431672723	9.68589046252055
9.20115140535686	0.227043317393254	8.75551598126807	9.64678682944564
8.94272805163861	0.233216274326211	8.48505603667427	9.40040006660295
9.0375677383456	0.222858505767399	8.60020538835298	9.47493008833822
9.22620041624076	0.223123689242442	8.7883852517836	9.66401558069793
8.85004686430237	0.214633146923617	8.4289059623262	9.27118776627855
8.73721941494193	0.200999956911805	8.34290818545617	9.13153064442769
9.26885655838551	0.22942028525892	8.81865349325897	9.71905962351206
8.77814769685023	0.204881953780543	8.37609850787891	9.18019688582156
8.97454032963483	0.215765136741252	8.55110907187678	9.39797158739288
8.91728618320377	0.2111748811008	8.50295707854614	9.3316152878614
9.13423264597512	0.206339035927692	8.72936157285009	9.53910371910014
8.97478238311105	0.206293191256836	8.57001848726613	9.37954627895597
9.16301064913444	0.23432321313979	8.70312577802688	9.62289552024201
9.26675644742514	0.221067318745725	8.83286037027539	9.70065252457489
9.04229555110791	0.218154708686251	8.6142143428485	9.47037675936732
9.01946381833619	0.226196212236942	8.57544191113442	9.46348572553797
9.01209689257688	0.208740003546581	8.60251720970529	9.42167657544847
9.24410487146425	0.228728909188993	8.79516682754097	9.69304291538753
9.10404234230666	0.231185759559639	8.65034139795558	9.55774328665774
8.90418720024349	0.199498486906017	8.51287174728366	9.29550265320332
8.86134395330606	0.201146217310372	8.46666560900514	9.25602229760698
9.02957630531114	0.207802508229153	8.62183294643398	9.43731966418831
8.91801777403143	0.192162539348564	8.54107916312687	9.29495638493599
9.05506108341343	0.220716246859706	8.62185972101966	9.48826244580719
9.19039780349509	0.216876779105471	8.76473982995231	9.61605577703788
9.00530927734448	0.227810702483591	8.55821523742366	9.4524033172653
9.01449798377224	0.226270883572939	8.57051419472356	9.45848177282092
9.09561949007121	0.246996632167886	8.61076889301185	9.58047008713057
9.0089607204001	0.219723553739753	8.57782086379974	9.44010057700046
8.80488096892057	0.217906757842217	8.37721835742335	9.23254358041778
8.77096786796933	0.191389276532099	8.39542038618671	9.14651534975194
9.19640902612671	0.229463649702321	8.74598786239213	9.64683018986129
9.10218059037437	0.243868681394147	8.62349373974311	9.58086744100563
9.01507233353384	0.214239861110988	8.59465853408411	9.43548613298358
9.30320643956243	0.23020306601763	8.85141376204976	9.7549991170751
8.90387872263079	0.526965785565827	7.86779383004176	9.93996361521981
9.21677470544928	0.230623522000454	8.76421454814179	9.66933486275677
8.99489181723075	0.20880013375137	8.58521467900512	9.40456895545638
8.87910431080393	0.199311390489312	8.4879623538783	9.27024626772955
8.87040208360588	0.216634188025183	8.44535445264622	9.29544971456554
9.00712539407977	0.216737260504341	8.58175423059927	9.43249655756026
8.83889093048178	0.230839108305331	8.38578346298908	9.29199839797447
8.78208794091297	0.209770533659291	8.37037303803814	9.19380284378781
8.83350265554826	0.206948361853577	8.42737729598039	9.23962801511613
9.41180220593529	0.242772637039864	8.93533856416041	9.88826584771017
8.92185985775293	0.181279761817084	8.56634598560891	9.27737372989694
8.81976780552735	0.226183883091304	8.37588490546367	9.26365070559103
8.99127590273964	0.232877541961748	8.53417012729517	9.44838167818411
9.08365926711836	0.209212265757446	8.67308619454683	9.49423233968989
8.77322325225006	0.194139756703617	8.39222550063594	9.15422100386417
9.2148645311926	0.223938327609356	8.77527987614988	9.65444918623533
9.12166102730753	0.24802733269362	8.63486597295317	9.60845608166189
9.13760593677646	0.207074128006834	8.7313242575148	9.54388761603812
9.34100741675758	0.217141171658179	8.91500107848847	9.76701375502669
9.11327359101439	0.193723576794725	8.73325330780939	9.49329387421938
8.81580795154352	0.194280170527038	8.43468123650855	9.19693466657849
8.9820884391004	0.21196344323669	8.56614135304497	9.39803552515583
8.9120565288997	0.199393236856173	8.5209109952839	9.30320206251549
9.13959830576003	0.208795447862256	8.7299389092126	9.54925770230746
9.02289933340762	0.215628444396118	8.59986054202696	9.44593812478828
9.06451596012312	0.199431875862687	8.67308600117782	9.45594591906843
8.93587234734501	0.229248809353087	8.4860687540828	9.38567594060723
9.0042513708828	0.216379857510285	8.57977689503957	9.42872584672603
8.95170206720957	0.331245229619326	8.30115339538424	9.60225073903491
8.84184026126392	0.209368660656589	8.43102501116715	9.25265551136068
9.1301519968453	0.212259372111048	8.7136236796899	9.5466803140007
9.13500969798518	0.250521917652964	8.64296828112195	9.62705111484841
9.05128239976412	0.211034162050057	8.6371739469759	9.46539085255234
8.62758144629483	0.204399024538264	8.22633993915805	9.02882295343161
8.83639538659849	0.194764263465222	8.45433910914736	9.21845166404962
9.19323860583844	0.218277368368311	8.76487806215657	9.6215991495203
8.94053499906541	0.220210416222772	8.50844440152778	9.37262559660304
8.76798269465643	0.20412774248071	8.36737559362974	9.16858979568313
9.24142093403227	0.206253646707507	8.8367603005969	9.64608156746765
9.06612954415989	0.233726990254467	8.60738728462504	9.52487180369473
8.93655440242486	0.215336983669713	8.51395377747699	9.35915502737272
8.87939914448694	0.208732644381198	8.46976843622912	9.28902985274475
9.02488319214047	0.218511469099893	8.5961520365454	9.45361434773554
9.0627769909339	0.230187830718549	8.61092721166078	9.51462677020702
9.35523124106815	0.215323506337027	8.93279559174484	9.77766689039147
8.96006261321349	0.216351386150516	8.53545348771177	9.38467173871522
9.14820315768052	0.231905654709195	8.69306299668539	9.60334331867565
9.03091910739248	0.212810799469607	8.61331174243101	9.44852647235396
8.93108068296998	0.188486413634933	8.56124649831247	9.30091486762748
8.78218230456662	0.224654379835681	8.34120469637258	9.22315991276065
8.90775979326516	0.220177213318361	8.47551142137314	9.34000816515719
8.91047331838331	0.21659854960219	8.48547754345267	9.33546909331396
9.26014001350276	0.24087893995735	8.78751331252514	9.73276671448038
9.03835552942817	0.222383969275656	8.60186307282449	9.47484798603184
8.78917472102965	0.207008590374133	8.38305849792067	9.19529094413864
8.9899842424693	0.204583299272005	8.58859378998539	9.39137469495321
9.4238202494552	0.230192015275568	8.97199992616847	9.87564057274192
9.30756356692374	0.248715838365211	8.81929050626957	9.79583662757791
8.88886466547391	0.191660745485777	8.5128283955167	9.26490093543113
9.19177052142025	0.224988867765236	8.750359747996	9.6331812948445
9.24858325979831	0.236271283862865	8.78482567230704	9.71234084728957
9.00222447669396	0.21883202016148	8.57285212191869	9.43159683146924
9.16368156205261	0.214219392170851	8.7434039415643	9.58395918254092
8.70154190152812	0.22757567892987	8.25473775597381	9.14834604708244
9.414740705495	0.217570536703874	8.98788910743176	9.84159230355824
8.92140288336132	0.205407539147171	8.51841380154936	9.32439196517329
8.84734518195701	0.226145973928417	8.40357318922391	9.29111717469011
8.94413087161168	0.23470596080757	8.48349898405012	9.40476275917323
9.27209616437394	0.208283982504915	8.86337972158943	9.68081260715846
8.8060748847367	0.224801206229851	8.3648839563033	9.2472658131701
9.13456937941452	0.207434156069023	8.72756895331633	9.54156980551271
8.82065690980798	0.189505143058277	8.44892295540777	9.19239086420819
8.79490905872594	0.199539999330556	8.40339203107675	9.18642608637513
9.0905465493289	0.220940192160804	8.65695097676577	9.52414212189204
9.17208339037095	0.206394461840518	8.76705233882508	9.57711444191683
8.66411995099402	0.208681999574795	8.2546586326525	9.07358126933555
9.09408301851421	0.24041551880819	8.62219435493246	9.56597168209597
8.88308115425531	0.204541480091717	8.48167473530406	9.28448757320656
8.78350492845961	0.197697674460907	8.39558150861694	9.17142834830227
9.03997012931109	0.208676070270147	8.63042351471383	9.44951674390835
9.00436769093728	0.225040536196469	8.56284849766993	9.44588688420463
9.05629752282034	0.21231137434816	8.63972765559917	9.4728673900415
8.97388747685144	0.222749852006265	8.53682484075671	9.41095011294618
8.87843796720392	0.233670623490257	8.4197654954812	9.33711043892664
9.23284918385919	0.24358274391163	8.75475327303279	9.71094509468558
9.09247398109034	0.203037753335328	8.6941625925047	9.49078536967599
8.66038200283257	0.192724510408939	8.28222196908539	9.03854203657975
8.75912548913815	0.20314005824026	8.3604846683723	9.157766309904
9.28524639875773	0.219571790098547	8.85437089387949	9.71612190363597
8.97670494283961	0.217222796867267	8.55044857574035	9.40296130993887
9.11273525696906	0.199811339144428	8.72067976508396	9.50479074885416
9.5423909765156	0.245016042661506	9.06150906012239	10.0232728929088
9.11329342186296	0.198839715564807	8.72318584305299	9.50340100067293
9.02800066054005	0.22924399425206	8.57824885276134	9.47775246831876
8.75587737309311	0.204585448937716	8.35441307026714	9.15734167591908
9.02146204257528	0.229815881053571	8.57047584565782	9.47244823949275
9.02257259635525	0.20608347311414	8.61827510868661	9.42687008402389
9.18866148120384	0.217416224615381	8.76201625376531	9.61530670864237
9.19225949486902	0.231692887775937	8.73742877249326	9.64709021724477
8.92237772279024	0.242661838158277	8.44603961805976	9.39871582752073
8.81573728005978	0.223476313961296	8.37702730620689	9.25444725391267
9.22111853345242	0.204041087577522	8.82070830975806	9.62152875714677
8.68698623181233	0.217780131076224	8.25955636579091	9.11441609783375
9.24471638797869	0.226775717280201	8.79970638736671	9.68972638859067
8.68065321995009	0.196644267765985	8.29477059907705	9.06653584082314
9.13777473472382	0.244486315921445	8.65787753284934	9.6176719365983
9.16765233101233	0.211998968288908	8.75170966936204	9.58359499266262
9.04833739123376	0.218713999174651	8.61907371120577	9.47760107126175
9.14248110746654	0.214451018271976	8.72170470250781	9.56325751242528
9.5382214393352	0.231373978369503	9.0842174339075	9.99222544476291
8.82841447026661	0.198487379374533	8.43896778213857	9.21786115839465
8.87858564021314	0.213615331489607	8.45928054728867	9.29789073313762
9.29476921086379	0.203377384787168	8.89577474837093	9.69376367335665
9.07452824153138	0.212533959948991	8.65732092556337	9.4917355574994
9.21646701255916	0.193946815165877	8.83599478454702	9.5969392405713
9.0074298208611	0.217869466204347	8.57984725927919	9.43501238244302
8.82785839313844	0.225328534316297	8.38569801694947	9.27001876932742
9.12817278322513	0.233140753598506	8.67053222399276	9.5858133424575
8.95416377367869	0.220818712589101	8.5208169513274	9.38751059602998
9.15803589557509	0.225496291192033	8.71548405398322	9.60058773716696
9.06607016734301	0.218141268957674	8.63802812316705	9.49411221151897
8.74084337823679	0.214038253590368	8.32082865294009	9.16085810353349
8.95878724069119	0.204025128807862	8.55844265505341	9.35913182632896
8.75208857593115	0.196644169543473	8.3661626972484	9.13801445461389
8.93952198372977	0.206527783143439	8.53428202657682	9.34476194088272
8.87773144486641	0.182690967350661	8.51936577636241	9.23609711337042
8.84165279279731	0.207857048614835	8.43365440618183	9.2496511794128
9.09241318098766	0.217520306463836	8.66545951123117	9.51936685074416
9.03373217904165	0.232510483602165	8.5772302164561	9.4902341416272
9.16522773565002	0.216359576574242	8.74067565663198	9.58977981466806
9.06195130987215	0.22880179979164	8.61280779534054	9.51109482440376
8.99630883134549	0.225546008227425	8.5536675207936	9.43895014189738
8.98618034084234	0.228827851735323	8.53708865375313	9.43527202793156
9.14078667454324	0.213766383228088	8.72140211291984	9.56017123616664
8.7984788134935	0.208981659051608	8.38833039070173	9.20862723628528
9.1655194768791	0.24255692288934	8.68939332120943	9.64164563254877
9.0127981282203	0.223592495434861	8.57400478150056	9.45159147494004
8.70442114089719	0.219648131474821	8.27334417088971	9.13549811090466
9.31457144026982	0.216835529601113	8.88913581527692	9.74000706526273
8.95583394688077	0.214842056143607	8.53423737046645	9.37743052329508
9.0124051287228	0.214325521252785	8.59177985448865	9.43303040295694
8.89829083498315	0.198468462486381	8.50884150757476	9.28774016239154
8.7717949406909	0.220082627771497	8.33980678980517	9.20378309157662
9.25309042754392	0.227557650914406	8.80644507760903	9.6997357774788
9.22136731770295	0.188967958880662	8.85062360878809	9.59211102661782
8.58164606555883	0.236674379840843	8.11686711842128	9.04642501269638
8.98547837880744	0.208407228640215	8.57655123784018	9.39440551977471
9.10636908912329	0.232514260132956	8.64987548470098	9.5628626935456
8.84330960293245	0.231136846514995	8.38961116254426	9.29700804332064
9.28574332859294	0.25433445520317	8.78649519099836	9.78499146618752
8.62881639185574	0.231294812180099	8.17481309143314	9.08281969227834
9.22378118115005	0.221418374429307	8.78929063658973	9.65827172571036
9.02718032365399	0.212576156793724	8.61001985614437	9.44434079116361
9.05397600239371	0.209044221101381	8.64377359937054	9.46417840541688
8.73127645880041	0.20179776467085	8.33528055512645	9.12727236247437
9.0381696512696	0.206210659391117	8.63348149226385	9.44285781027535
9.2072712384905	0.211467312090579	8.79234290051876	9.62219957646224
8.9462136094287	0.211412185019935	8.5313758783968	9.3610513404606
9.01460672785419	0.209391422584821	8.603838263415	9.42537519229338
9.06583600547049	0.198745678087646	8.67593408787723	9.45573792306375
8.99416825868995	0.196176453427812	8.60917648950437	9.37916002787554
8.98781607959642	0.227049824939272	8.54211755896784	9.43351460022499
8.77613413303835	0.239303523089925	8.30628210653721	9.2459861595395
9.22244064715543	0.233400062267798	8.76428743353247	9.68059386077839
8.92967865272633	0.233737909184488	8.47097994715721	9.38837735829546
8.85124843343798	0.216197338607603	8.42686294201671	9.27563392485925
9.18086569724676	0.221202389961885	8.74681968964366	9.61491170484985
8.70993865116981	0.210303475602775	8.29717814452603	9.12269915781358
8.92931271127773	0.212064410899476	8.51318962944055	9.34543579311492
9.29445480739516	0.231190233414611	8.84061295067611	9.74829666411422
8.75665543145039	0.215516323742676	8.33378270636669	9.17952815653408
9.10277815841586	0.248693554848373	8.61463189389857	9.59092442293315
9.17087337541365	0.220060860666809	8.73902549226646	9.60272125856085
8.92495195618758	0.211445277071527	8.50996659584741	9.33993731652774
8.8731719159436	0.199065311721872	8.48265246182753	9.26369137005968
8.91024623793435	0.2183267886747	8.48178215450587	9.33871032136284
8.76130576761598	0.207327682549212	8.35445816025572	9.16815337497623
8.95679928877559	0.225991476347826	8.51324880460054	9.40034977295064
8.61684886353254	0.191130914889144	8.24196757414917	8.99173015291592
8.87437303659107	0.204372014753673	8.47328843752105	9.27545763566109
8.78610077307081	0.219676097318346	8.3549518025153	9.21724974362632
9.65828830049088	0.318235274832272	9.033053841931	10.2835227590508
8.97615461123043	0.221158440389239	8.5421457771019	9.41016344535896
9.09235434624699	0.205170935480413	8.68975183700739	9.4949568554866
9.28359720091811	0.208853800423499	8.87382368304829	9.69337071878793
9.28814080098498	0.224944275817046	8.84663984257358	9.72964175939638
8.8877111940478	0.201820047658481	8.49166888253551	9.28375350556009
9.18849140513518	0.22559564467559	8.74580008392505	9.63118272634532
9.13355685998016	0.250834295508373	8.64112311674547	9.62599060321484
8.85781865807157	0.214312266074601	8.43717313245888	9.27846418368427
8.94701471496355	0.231399151225334	8.4926911808608	9.4013382490663
9.26031912696731	0.215357314561256	8.83772359897426	9.68291465496037
9.16027111677449	0.231761634478891	8.70545896479492	9.61508326875406
9.30214231593421	0.222649349716995	8.86519496348771	9.73908966838071
9.16632427251525	0.21199116070698	8.75025341574128	9.58239512928922
9.45002352747695	0.236914547960491	8.98495027489401	9.91509678005988
8.77216910144966	0.215337997919155	8.34961915988591	9.19471904301341
8.83359885730341	0.241059856179645	8.3604088175186	9.30678889708823
8.54853137907414	0.222136132652393	8.11261653323938	8.9844462249089
9.11006252718707	0.222232200117743	8.67396666732643	9.54615838704771
9.03770162879873	0.224098472737768	8.59778943529438	9.47761382230308
9.074930031083	0.205397951555286	8.67186081243669	9.47799924972932
9.19821129660477	0.21982842806495	8.76690962607008	9.62951296713945
8.86431347529651	0.205942572833328	8.4602297085449	9.26839724204812
9.25130040444546	0.236297183111668	8.78754560499074	9.71505520390019
8.75039225741073	0.199450650750322	8.3589826540039	9.14180186081756
9.15662820937744	0.227156350166688	8.7108949784267	9.60236144032819
8.80221202152098	0.189931074320754	8.42948222762438	9.17494181541758
8.88331079064254	0.203847178692313	8.48327936944426	9.28334221184083
8.82371374779002	0.198893020159811	8.43347491468751	9.21395258089252
9.32260036337454	0.216039381449299	8.8987829600962	9.74641776665288
8.99272928551614	0.210159795773002	8.58038531328288	9.40507325774939
8.80407128584859	0.20906757001281	8.39382370642627	9.2143188652709
8.79762986621999	0.209965092949389	8.38565815275367	9.2096015796863
8.85654331268562	0.204803828700537	8.4546640117373	9.25842261363394
8.81842509529987	0.218779816949137	8.38918779656416	9.24766239403559
9.2759092601849	0.245106222364272	8.79489836107916	9.75692015929064
8.80674930515365	0.205793030125082	8.4029494025348	9.2105492077725
9.08440094649301	0.199916452023796	8.69214987880965	9.47665201417637
9.13968249972672	0.212692660985124	8.72233058513747	9.55703441431597
9.00827093670426	0.215641978381481	8.58512073101183	9.43142114239668
9.26998951001741	0.239488304715116	8.7999332366889	9.74004578334591
9.02298226071251	0.212410103321867	8.60616974588553	9.43979477553949
8.97981242215459	0.209414421916431	8.56896192304319	9.390662921266
8.97916767358024	0.210241238514738	8.56664322365445	9.39169212350604
9.28696568768149	0.216717598416985	8.86158622886178	9.7123451465012
9.13076553369273	0.232862799882704	8.6735942205301	9.58793684685535
8.80079082845137	0.207921252924047	8.39277817690893	9.20880347999382
9.05185360491402	0.210592038335575	8.63849859099821	9.46520861882983
8.86270413354407	0.206060742491431	8.45839989149666	9.26700837559148
8.65707608581247	0.19516414883361	8.27405912198291	9.04009304964203
8.62650572075638	0.198919029309056	8.23620192306069	9.01680951845208
8.73514098200731	0.21210325725238	8.31892814029448	9.15135382372014
9.31359784621118	0.240580616633528	8.84126720680217	9.78592848562018
9.14519961931352	0.197536756543708	8.75760509661468	9.53279414201235
8.91348605679033	0.208178862801771	8.50492441890927	9.3220476946714
9.25993219980078	0.22071220437362	8.82683717932931	9.69302722027225
9.09857050978448	0.227222721580391	8.65259637289827	9.54454464667069
8.85701410409095	0.204885667486798	8.45506840841987	9.25895979976202
9.20660484108604	0.224581284035508	8.76579755203118	9.6474121301409
8.81067104143025	0.218291745844006	8.38232212494865	9.23901995791184
8.67972064687705	0.228040993830951	8.23201500869339	9.12742628506072
8.80703876026143	0.204743527921128	8.40532782507153	9.20874969545132
9.08940147198394	0.215127182741075	8.66719403409594	9.51160890987194
9.2625475660582	0.22629008995618	8.81839458955522	9.70670054256118
9.01914963762822	0.217781422717804	8.59174364556578	9.44655562969067
8.71368185656521	0.199825840914079	8.32155747930968	9.10580623382075
9.074881222831	0.234006304912275	8.61553495224697	9.53422749341503
8.89689594479917	0.210427356371487	8.48389489877277	9.30989699082557
8.92821614552974	0.220369857852534	8.49578025155705	9.36065203950244
