estFinal_msm11	sdFinal_msm11	X1	X2
5.08239734010945	0.166795851160056	4.75547747183574	5.40931720838316
5.01821168254235	0.124268650963672	4.77464512665355	5.26177823843115
5.00756676414462	0.123876484908324	4.76476885372431	5.25036467456494
5.076296630548	0.122563098455974	4.8360729575743	5.31652030352171
5.16915050637483	0.145837429208143	4.88330914512686	5.45499186762279
4.98624694779288	0.14628833780354	4.69952180569794	5.27297208988782
5.14048541318838	0.222309829574555	4.70475814722225	5.57621267915451
4.97573758571878	0.11482860441175	4.75067352107175	5.20080165036581
5.15562755668709	0.12075741663343	4.91894302008557	5.39231209328861
4.92774644984789	0.172877230989292	4.58890707710888	5.26658582258691
5.03679529204438	0.110958249176545	4.81931712365835	5.25427346043041
4.9103390668466	0.281316321384537	4.35895907693291	5.46171905676029
5.23495375605054	0.141095175961101	4.95840721116679	5.5115003009343
5.01193346722439	0.182982994195778	4.65328679860067	5.37058013584812
4.8413533498093	0.13439836450067	4.57793255538799	5.10477414423062
5.1327612323364	0.123790199371236	4.89013244156877	5.37539002310402
5.06234539649111	0.120416260364132	4.82632952617741	5.29836126680481
5.02586455660196	0.133638384431627	4.76393332311597	5.28779579008795
5.11237335090226	0.13700541858867	4.84384273046846	5.38090397133605
5.14335773168998	0.104415865981056	4.93870263436711	5.34801282901285
4.95638770260665	0.1080261913632	4.74465636753478	5.16811903767852
5.0196146229149	0.112176648092768	4.79974839265307	5.23948085317672
5.23368169419905	0.116645954938393	5.0050556225198	5.4623077658783
4.87672942317902	0.131115974757441	4.61974211265443	5.1337167337036
4.93381625111215	0.130453988055338	4.67812643452369	5.18950606770061
5.02257787332236	0.148023947997362	4.73245093524753	5.31270481139719
5.02354675295428	0.115721702798266	4.79673221546968	5.25036129043888
4.79416156180863	0.143459540551456	4.51298086232777	5.07534226128948
5.08330706811754	0.129468870225591	4.82954808247538	5.3370660537597
5.02190210330624	0.163440662816278	4.70155840418633	5.34224580242614
4.83867828892823	0.124514037490578	4.5946307754467	5.08272580240977
5.02972257348057	0.133328926625352	4.76839787729488	5.29104726966626
4.93054584518074	0.108264805704921	4.7183468259991	5.14274486436239
4.83158886044819	0.125790816370274	4.58503886036246	5.07813886053393
4.85921062761109	0.156025546430268	4.55340055660776	5.16502069861441
5.14211624382745	0.11708915332142	4.91262150331747	5.37161098433743
5.07571676599903	0.120739669094434	4.83906701457394	5.31236651742412
5.06405243736652	0.190881246170821	4.68992519487171	5.43817967986133
5.10192491728332	0.118338008585682	4.86998242045538	5.33386741411125
5.2345850617032	0.157273340213886	4.92632931488399	5.54284080852242
5.3499265778441	0.131567567169753	5.09205414619138	5.60779900949681
5.24027740708267	0.122183027936202	5.00079867232772	5.47975614183763
4.98996818614434	0.152734224535381	4.69060910605499	5.28932726623368
4.83662648712034	0.295912886956599	4.25663722868541	5.41661574555527
4.80344626467884	0.192228397700424	4.426678605186	5.18021392417167
5.13943025302669	0.199221296111889	4.74895651264739	5.52990399340599
5.0654730901836	0.136907718186343	4.79713396253836	5.33381221782883
5.19638540410296	0.120047376428214	4.96109254630366	5.43167826190226
5.07652271678716	0.113989008861023	4.85310425941956	5.29994117415477
5.01015999344401	0.216217869646163	4.58637296893753	5.43394701795049
5.08449372979019	0.130693449879082	4.82833456802719	5.34065289155319
5.0326625312964	0.146660893048351	4.74520718092163	5.32011788167117
4.96614929119232	0.147957560951231	4.67615247172791	5.25614611065673
5.04058510920738	0.126532514905508	4.79258137999258	5.28858883842217
4.91396041139661	0.143138356224116	4.63340923319735	5.19451158959588
5.15138804791164	0.129853706541863	4.89687478308959	5.40590131273369
5.06919983446206	0.151495804137325	4.77226805835291	5.36613161057122
5.27109584961216	0.119264015899205	5.03733837844972	5.50485332077461
5.21855892542885	0.131429409033583	4.96095728372302	5.47616056713467
5.41175115772396	0.101765739587273	5.2122903081329	5.61121200731501
5.12970605107389	0.147471764631232	4.84066139239667	5.4187507097511
4.8239561867772	0.246825301233914	4.34017859635873	5.30773377719567
5.00458240181916	0.119963191998206	4.76945454550268	5.23971025813565
4.87045658340843	0.147020756296909	4.58229590106649	5.15861726575037
5.17963910482539	0.208836430442969	4.77031970115717	5.58895850849361
5.1400546592278	0.138585981532733	4.86842613542365	5.41168318303196
4.93674101377492	0.144188763092273	4.65413103811406	5.21935098943577
5.1238741405845	0.208629560391282	4.71496020221759	5.53278807895142
5.18523221237299	0.123017212050953	4.94411847675312	5.42634594799286
5.03340886836972	0.194987088523647	4.65123417486337	5.41558356187607
4.96186627263575	0.145232094723836	4.67721136697704	5.24652117829447
5.09107401546839	0.124605647737543	4.8468469459028	5.33530108503397
5.20509026679911	0.166456073880647	4.87883636199304	5.53134417160517
4.96870261087537	0.139569415361498	4.69514655676684	5.24225866498391
4.82082211521395	0.142155796717252	4.54219675364813	5.09944747677976
5.21521413452172	0.13121161479276	4.95803936952791	5.47238889951553
5.07074171921828	0.159196620573863	4.75871634289351	5.38276709554305
4.93590022469019	0.113623178237771	4.71319879534416	5.15860165403622
4.88143479180414	0.179048145285058	4.53050042704543	5.23236915656286
4.64447480226084	0.142038280769379	4.36607977195285	4.92286983256882
4.90996011534297	0.135682192165238	4.6440230186991	5.17589721198684
5.02183731110373	0.143576772571459	4.74042683686367	5.30324778534379
5.45162883158286	0.105138935591584	5.24555651782335	5.65770114534236
5.09862559707448	0.129676938319778	4.84445879796771	5.35279239618124
5.10402781991931	0.165140117938224	4.7803531887604	5.42770245107823
5.12893377755748	0.133894840496521	4.86649989018429	5.39136766493066
4.90731268360523	0.237264204276195	4.44227484322389	5.37235052398657
4.98465528150699	0.144553163475971	4.70133108109408	5.26797948191989
5.09511985720033	0.142242075085234	4.81632539003327	5.37391432436739
5.3441999583079	0.115022195305854	5.11875645550843	5.56964346110737
4.88607801977635	0.167428966087222	4.55791724624539	5.21423879330731
4.7739350881161	0.170873711528119	4.43902261352098	5.10884756271121
4.93414648882376	0.270320548286287	4.40431821418264	5.46397476346489
5.27067207572253	0.108902837184725	5.05722251484047	5.48412163660459
4.9094696119458	0.170624391366272	4.57504580486791	5.24389341902369
4.64285508083391	0.318875472724971	4.01785915429297	5.26785100737485
4.80714129079039	0.182329159588463	4.449776137997	5.16450644358378
4.79251642681404	0.114871102592087	4.56736906573355	5.01766378789453
4.90940485991904	0.142173695718502	4.63074441631077	5.1880653035273
5.17168193733785	0.175752035993895	4.82720794678981	5.51615592788588
4.86142429400618	0.165334230812227	4.53736920161421	5.18547938639814
4.97118491075033	0.115497467020518	4.74480987539012	5.19755994611055
4.99378987642682	0.14037243315211	4.71865990744869	5.26891984540496
5.01648935746218	0.123308599003358	4.77480450341559	5.25817421150876
5.31345632367921	0.124103488434756	5.07021348634709	5.55669916101133
4.96139091250344	0.137189819406466	4.69249886646677	5.23028295854012
5.01436720664822	0.167295456344904	4.68646811221221	5.34226630108424
5.13775473821228	0.13436464563468	4.87440003276831	5.40110944365625
4.96747503118855	0.109723688952052	4.75241660084253	5.18253346153457
4.77538141392598	0.184215633760734	4.41431877175494	5.13644405609702
4.99409810442872	0.127002875486083	4.745172468476	5.24302374038144
4.90983308207489	0.137200424926019	4.6409202492199	5.17874591492989
4.76452843453964	0.192192560165463	4.38783101661533	5.14122585246395
5.19866261598532	0.137056165782325	4.93003253105197	5.46729270091868
4.87594249680637	0.207165759311895	4.46989760855506	5.28198738505769
4.7804707032231	0.166268504253484	4.45458443488627	5.10635697155993
4.79987911579732	0.182412523719221	4.44235056930765	5.157407662287
5.00457808917812	0.133218271763064	4.74347027652252	5.26568590183373
5.11005008848287	0.116619629344583	4.88147561496749	5.33862456199825
5.1721989590946	0.122621568702445	4.93186068443781	5.41253723375139
5.17360755198311	0.143848875336691	4.8916637563232	5.45555134764303
4.88444715905795	0.2615320622769	4.37184431699523	5.39705000112067
5.0672179200254	0.129520222262272	4.81335828439135	5.32107755565945
5.28566960850121	0.141664964665797	5.00800627775625	5.56333293924617
4.93945778309317	0.15045503525784	4.6445659139878	5.23434965219854
4.75601945864253	0.20263314698443	4.35885849055305	5.15318042673201
5.16196971557292	0.109836355161753	4.94669045945588	5.37724897168996
4.85809490756725	0.186366826441767	4.49281592774139	5.22337388739311
5.129534928854	0.159829172787556	4.81626975019039	5.44280010751761
5.11615866388272	0.124169998382381	4.87278546705325	5.35953186071219
4.92434620030769	0.210668663161687	4.51143562051078	5.3372567801046
4.59598523637881	0.239385822753481	4.12678902378199	5.06518144897564
5.1550295196533	0.133893042440274	4.89259915647037	5.41745988283624
4.89551451614808	0.130165851529653	4.64038944714996	5.1506395851462
5.19925283100966	0.130105765605017	4.94424553042382	5.45426013159549
4.88659686146741	0.167918746329475	4.55747611866164	5.21571760427318
5.0750788427534	0.123191264734627	4.83362396387353	5.31653372163327
4.86623284549832	0.133813185209959	4.6039590024868	5.12850668850984
5.04204066327083	0.160346438047047	4.72776164469861	5.35631968184304
5.16002181292813	0.138822634299154	4.88792944970179	5.43211417615447
4.97457946928185	0.167352816197611	4.64656794953453	5.30259098902916
5.07749366241093	0.11293986220591	4.85613153248735	5.29885579233452
5.1874986201702	0.13661042484649	4.91974218747108	5.45525505286932
5.01065405678012	0.120288455641731	4.77488868372233	5.24641942983792
5.17992373063339	0.137699728708886	4.91003226236397	5.44981519890281
5.07883621730129	0.127597302423075	4.82874550455206	5.32892693005052
4.8008782284938	0.121346480741825	4.56303912623982	5.03871733074778
4.98282537808636	0.176403574525662	4.63707437201607	5.32857638415666
4.97645670820865	0.159055630907281	4.66470767163038	5.28820574478692
5.01663265781711	0.175517241999647	4.6726188634978	5.36064645213642
4.79867389073181	0.17572733235978	4.45424831930664	5.14309946215697
4.86256381308327	0.156491974425928	4.55583954320845	5.16928808295809
5.02948365892997	0.112016351374362	4.80993161023622	5.24903570762372
4.76150347377588	0.142620126654216	4.48196802553362	5.04103892201815
5.29966621198535	0.121946140236196	5.0606517771224	5.53868064684829
5.07559820711556	0.141954824945051	4.79736675022326	5.35382966400786
4.83243573794605	0.195244433187605	4.44975664889834	5.21511482699375
4.62671167450516	0.295958187045072	4.04663362789682	5.20678972111351
5.12360606532119	0.126559605507318	4.87554923852685	5.37166289211553
5.39228482425917	0.138433026902372	5.12095609153052	5.66361355698782
4.89854155804119	0.125765810782627	4.65204056890724	5.14504254717514
4.89348789827244	0.121765234433541	4.6548280387827	5.13214775776218
4.73610223143814	0.180128702528401	4.38304997448248	5.08915448839381
5.11921575900618	0.164878214548043	4.79605445849201	5.44237705952034
5.18863572155083	0.146457051085976	4.90157990142231	5.47569154167934
5.00593689807602	0.232000540088765	4.55121583950204	5.46065795665
5.17960085396198	0.127655165579124	4.92939672942689	5.42980497849706
4.97494316457849	0.126796332067051	4.72642235372708	5.22346397542991
4.84440286016712	0.140558222108432	4.56890874483459	5.11989697549964
5.2064632705694	0.125941456451589	4.95961801592429	5.45330852521452
4.70965814018982	0.162221460489982	4.39170407762946	5.02761220275019
5.09128772771109	0.163045868197819	4.77171782604337	5.41085762937882
5.0379554504831	0.133163660649404	4.77695467561027	5.29895622535593
4.95893963157166	0.117395572809393	4.72884430886525	5.18903495427807
5.0003847091165	0.144015943966625	4.71811345894192	5.28265595929109
4.85011641908156	0.18189826296297	4.49359582367414	5.20663701448898
5.07351957863715	0.1257785991896	4.82699352422553	5.32004563304877
5.13410045623303	0.122954923456103	4.89310880625907	5.37509210620699
4.97928013127832	0.235262235360512	4.51816614997171	5.44039411258492
4.56126984700641	0.196086104844045	4.17694108151208	4.94559861250074
5.10232218206534	0.105095197109064	4.89633559573157	5.3083087683991
5.1934320414119	0.137505518430319	4.92392122528847	5.46294285753532
5.08410244683884	0.123383909111892	4.84226998497953	5.32593490869815
5.06064401639066	0.140883827576086	4.78451171434153	5.33677631843978
5.00958459825909	0.150748022402735	4.71411847434973	5.30505072216845
5.1743467551911	0.153783479253972	4.87293113585332	5.47576237452889
5.07152045520274	0.140454353047261	4.79622992323011	5.34681098717537
5.03643826391438	0.16121041484137	4.7204658508253	5.35241067700347
4.80574294502104	0.176966751341027	4.45888811239263	5.15259777764945
4.90300788550796	0.152919958684149	4.60328476648703	5.20273100452889
5.20069195468651	0.107702961161335	4.9895941508103	5.41178975856273
5.05074200318862	0.112956849878689	4.82934657742639	5.27213742895085
4.90129599681002	0.115998622996231	4.67393869573741	5.12865329788263
5.01937492081601	0.169412121658363	4.68732716236561	5.3514226792664
4.95107253555113	0.121603895501356	4.71272890036847	5.18941617073379
5.02892899311126	0.110476833971481	4.81239439852716	5.24546358769537
5.29048464126241	0.108015315935756	5.07877462202833	5.50219466049649
5.02666915151173	0.149409147818735	4.73382722178701	5.31951108123645
5.49454255833994	0.123417266373767	5.25264471624736	5.73644040043252
5.17038214198708	0.178209963810015	4.82109061291945	5.51967367105471
4.94029606323831	0.198771452739489	4.55070401586891	5.3298881106077
5.01978833817651	0.373046640031032	4.28861692371569	5.75095975263734
5.14257049537494	0.127761418214995	4.89215811567355	5.39298287507633
4.86459169721232	0.222422802829799	4.42864300366591	5.30054039075872
5.01202927048693	0.131073739067775	4.75512474191409	5.26893379905977
5.27179789299527	0.123336731867537	5.03005789853489	5.51353788745564
4.95726167506126	0.124205543553751	4.71381880969591	5.20070454042661
5.00005168732718	0.120687856106318	4.7635034893588	5.23659988529557
5.20847668055639	0.134080949205102	4.94567802011439	5.47127534099839
5.04964653411883	0.13467379965075	4.78568588680336	5.3136071814343
5.13612576352957	0.14202249559185	4.85776167216954	5.4144898548896
4.45236203070372	0.454536941527169	3.56146962531047	5.34325443609697
5.03514051330273	0.119409491456849	4.80109791004731	5.26918311655816
5.28746880683706	0.123113725372518	5.04616590510693	5.5287717085672
5.09864113417777	0.10957490501979	4.88387432033898	5.31340794801656
4.92114457167579	0.152825329239663	4.62160692636605	5.22068221698554
5.12129419727193	0.162977802329324	4.80185770470645	5.4407306898374
5.02151676415811	0.157535460390721	4.7127472617923	5.33028626652393
5.21763610664652	0.128640910905256	4.96549992127222	5.46977229202082
5.16950678659394	0.122892657044879	4.92863717878597	5.4103763944019
5.03519118617262	0.168429724828013	4.70506892550971	5.36531344683552
5.0899481197379	0.123013238744609	4.84884217179847	5.33105406767734
5.06357777943538	0.132243236831065	4.80438103524649	5.32277452362427
4.99834782862365	0.135948359466692	4.73188904406893	5.26480661317837
5.18694788577441	0.144560611912059	4.90360908642678	5.47028668512205
4.9563894653137	0.115406859207393	4.73019202126721	5.18258690936019
4.82926365373344	0.183344652218135	4.4699081353859	5.18861917208099
5.13256693937508	0.110337213440377	4.91630600103194	5.34882787771822
4.96808451240355	0.12580208725052	4.72151242139253	5.21465660341457
5.15856975507229	0.127451391722086	4.908765027297	5.40837448284757
4.97040734563928	0.137735339761721	4.70044607970631	5.24036861157225
5.22010839414357	0.112088994003991	5.00041396589574	5.43980282239139
4.82257864199339	0.162162666422329	4.50473981580563	5.14041746818116
5.22344615420577	0.138979792744967	4.95104576042563	5.4958465479859
5.05570988938145	0.125950987264273	4.80884595434348	5.30257382441943
4.96281617499148	0.110421134106048	4.74639075214363	5.17924159783933
5.24952133695721	0.251323265710591	4.75692773616445	5.74211493774997
4.9562083999118	0.10936965988661	4.74184386653404	5.17057293328955
4.62454925223469	0.213168241436547	4.20673949901906	5.04235900545033
5.12506563667045	0.185246642030944	4.7619822182898	5.4881490550511
5.24234866372919	0.121888964339124	5.00344629362451	5.48125103383387
4.93193629459132	0.166219679511481	4.60614572274882	5.25772686643383
4.98268441012568	0.161403403237182	4.66633373978081	5.29903508047056
4.8996420316165	0.129974937492366	4.64489115413147	5.15439290910154
5.33888104561255	0.176018699428703	4.9938843947323	5.68387769649281
5.0910923296318	0.158736071350615	4.77996962978459	5.402215029479
5.02344920085684	0.157279642300548	4.71518110194777	5.33171729976592
5.03443062390589	0.130206023898135	4.77922681706555	5.28963443074624
4.89839485335856	0.200942155486631	4.50454822860476	5.29224147811235
5.20836929587426	0.125897133542515	4.96161091413093	5.45512767761759
5.04777420466645	0.117244747176585	4.81797450020034	5.27757390913255
4.87931386419545	0.12671298733848	4.63095640901203	5.12767131937887
4.68484780940733	0.184497574324766	4.32323256373079	5.04646305508387
5.07619521569971	0.129258974610609	4.82284762546291	5.3295428059365
4.97109000369631	0.137492863258881	4.70160399170891	5.24057601568372
5.0105389730025	0.152109133484464	4.71240507137295	5.30867287463205
5.15207870094493	0.123646301590438	4.90973194982767	5.39442545206218
4.96367589815593	0.150817796677768	4.66807301666751	5.25927877964436
5.13674067886711	0.150965922051662	4.84084747164585	5.43263388608836
5.13817356597046	0.158422244764192	4.82766596623265	5.44868116570828
5.08231514897209	0.14978916216659	4.78872839112557	5.3759019068186
5.10434541799847	0.151067378035699	4.8082533570485	5.40043747894844
5.00674983501285	0.147876628992851	4.71691164218686	5.29658802783884
4.32392253810586	0.513276091166045	3.31790139942042	5.32994367679131
4.97536249232868	0.181265386022897	4.62008233572381	5.33064264893356
4.9209134457363	0.128026776913793	4.66998096298527	5.17184592848734
4.96123975838492	0.182115756126577	4.60429287637683	5.31818664039301
4.91232875183562	0.134534170547732	4.64864177756206	5.17601572610917
4.99671299110941	0.145568858849402	4.71139802776458	5.28202795445424
4.80467639871416	0.145078522379656	4.52032249485004	5.08903030257829
5.08340430744328	0.153027540265014	4.78347032852386	5.38333828636271
5.13370262150611	0.120714324862295	4.89710254477601	5.37030269823621
4.99044402661373	0.157707007242645	4.68133829241814	5.29954976080931
5.14806624212898	0.144786603438383	4.86428449938975	5.43184798486821
5.10242998317587	0.106149250205351	4.89437745277339	5.31048251357836
4.93484628585089	0.137273682529842	4.6657898680924	5.20390270360938
5.00058594447785	0.141030474717898	4.72416621403077	5.27700567492493
5.06094423958872	0.1486383940728	4.76961298720603	5.35227549197141
4.94533650965397	0.147554938443081	4.65612883030553	5.23454418900241
5.28518291946398	0.124891537069912	5.04039550680695	5.52997033212101
4.99587302605969	0.147193409888309	4.7073739426786	5.28437210944077
5.05932789480308	0.173067556656336	4.72011548375666	5.3985403058495
5.27336649676646	0.130956876938228	5.01669101796753	5.53004197556539
4.52471862314012	0.288878044974378	3.95851765499034	5.0909195912899
5.02102797508251	0.125730824160686	4.77459555972757	5.26746039043745
5.12437692189829	0.149939708208425	4.83049509380977	5.4182587499868
5.30616042494396	0.135233896633885	5.04110198754155	5.57121886234637
5.06629411963513	0.143045348092084	4.78592523737465	5.34666300189562
5.0400555257467	0.119752613481914	4.80534040332215	5.27477064817125
4.70953504359425	0.194207686618924	4.32888797782116	5.09018210936734
4.78429954529679	0.183794803241267	4.4240617309439	5.14453735964967
5.33246524926195	0.152543751631549	5.03347949606411	5.63145100245978
4.96723941159205	0.140285635840131	4.6922795653454	5.24219925783871
5.14060662747691	0.129027051958518	4.88771360563822	5.39349964931561
5.11114167172311	0.152609656817268	4.81202674436126	5.41025659908495
5.00962011469715	0.129872786183942	4.75506945377662	5.26417077561767
4.97030094703427	0.225435960172946	4.5284464650953	5.41215542897325
4.80475215677877	0.119692642670295	4.570154577145	5.03934973641255
4.97539314567436	0.181130653852034	4.62037706412437	5.33040922722434
5.02420543319035	0.180715243487639	4.67000355595458	5.37840731042613
5.11252704503234	0.124863454415033	4.86779467437887	5.3572594156858
4.7451701610786	0.209783061535063	4.33399536046988	5.15634496168732
5.05665327359443	0.157078568393787	4.7487792795426	5.36452726764625
5.41648563888584	0.130533653436791	5.16063967814973	5.67233159962195
5.2300500026889	0.157180053308145	4.92197709820494	5.53812290717287
5.11682021145053	0.130348248505156	4.86133764438042	5.37230277852064
5.0740926436706	0.136565010634772	4.80642522282644	5.34176006451475
5.03581511235571	0.207873012941733	4.62838400698991	5.44324621772151
5.10841202693156	0.11324251239314	4.886456702641	5.33036735122211
5.15113967983486	0.117381800086246	4.92107135166582	5.3812080080039
5.04062291183047	0.168974587295292	4.7094327207317	5.37181310292924
4.93706693021598	0.130167244567453	4.68193913086377	5.19219472956819
5.04162125037685	0.126982730186174	4.79273509921195	5.29050740154175
4.92242648039877	0.12520286103219	4.67702887277568	5.16782408802187
5.10122588670465	0.155329638200551	4.79677979583157	5.40567197757773
4.96511652696768	0.305672551390943	4.36599832624143	5.56423472769393
4.76217743445216	0.22425841398325	4.32263094304499	5.20172392585933
5.07244480625325	0.224215959048438	4.63298152651831	5.51190808598819
4.83955753433328	0.148055916963476	4.54936793708487	5.12974713158169
4.96120503513733	0.114619200132653	4.73655140287733	5.18585866739733
4.84696411260506	0.144248132948002	4.56423777202697	5.12969045318314
5.24148409125948	0.132257576567631	4.98225924118693	5.50070894133204
5.01527270556643	0.14073264836305	4.73943671477486	5.29110869635801
4.9580600991114	0.141714853361139	4.68029898652357	5.23582121169923
4.98436329620705	0.132143786242537	4.72536147517167	5.24336511724242
4.97900156707951	0.135617216349892	4.71319182303372	5.2448113111253
5.29452822325276	0.109441718271625	5.08002245544037	5.50903399106514
4.7379102276852	0.221176957625437	4.30440339073934	5.17141706463106
4.88429008697589	0.115618922027511	4.65767699980197	5.11090317414981
4.96057580608254	0.162868799916139	4.64135295824691	5.27979865391817
5.02490709289263	0.147946636168045	4.73493168600326	5.31488249978199
4.5491025058506	0.419591508196708	3.72670314978505	5.37150186191614
5.0577134460728	0.120882449187577	4.82078384566515	5.29464304648045
4.68967569050053	0.225724586654203	4.24725550065829	5.13209588034277
4.85174634478296	0.155462143284168	4.54704054394599	5.15645214561993
5.06258798712014	0.120839599463935	4.82574237217083	5.29943360206945
5.14733594316513	0.11179836284582	4.92821115198732	5.36646073434294
4.92610678283525	0.154313637883891	4.62365205258282	5.22856151308768
4.93526383563494	0.140124462441328	4.66061988924993	5.20990778201994
5.15304580468932	0.128588904628924	4.90101155161663	5.40508005776201
5.18461267773517	0.17765038513992	4.83641792286092	5.53280743260941
4.99642948924221	0.150389718697659	4.7016656405948	5.29119333788962
5.01181186773295	0.144715268343729	4.72816994177924	5.29545379368666
5.091479563796	0.129949666550798	4.83677821735644	5.34618091023556
5.09995412923829	0.122640414562482	4.85957891669583	5.34032934178076
5.06575014046379	0.17858021730909	4.71573291453797	5.41576736638961
4.92051826982908	0.130421015840131	4.66489307878242	5.17614346087573
5.07816005762752	0.140049143391969	4.80366373657926	5.35265637867578
4.94525214337071	0.26805154744918	4.41987111037032	5.47063317637111
5.10757076957341	0.11336983716496	4.88536588873009	5.32977565041673
5.05053092039337	0.172664233229456	4.71210902326364	5.3889528175231
4.89172900532469	0.178411849683782	4.54204177994447	5.2414162307049
4.79049361154992	0.20149616932262	4.39556111967759	5.18542610342226
5.27208877394519	0.128918754694304	5.01940801474436	5.52476953314603
5.08226190840462	0.15700599593543	4.77453015637118	5.38999366043807
5.21384069486122	0.129569792721078	4.95988390112791	5.46779748859454
5.06135836898861	0.113311796629981	4.83926724759385	5.28344949038337
4.78452389805933	0.11371806849531	4.56163648380852	5.00741131231014
4.76351274378309	0.195076640095165	4.38116252919657	5.14586295836961
4.88042552901678	0.144837261331503	4.59654449680704	5.16430656122653
4.84305019648163	0.141759082124372	4.56520239551786	5.1208979974454
4.90521107395804	0.144328234407949	4.62232773451846	5.18809441339762
5.28533028264081	0.135903137439387	5.01896013325961	5.551700432022
4.84172286791201	0.158740209240611	4.53059205780041	5.15285367802361
5.12520723767238	0.148839120005874	4.83348256246087	5.4169319128839
5.31706228448978	0.123365790470336	5.07526533516792	5.55885923381163
4.68640865228167	0.212484775559758	4.26993849218455	5.1028788123788
5.18156471478942	0.120955172749953	4.94449257619951	5.41863685337933
5.19920905661705	0.175812838743878	4.85461589267905	5.54380222055505
5.04203871806609	0.143460568919893	4.7608560029831	5.32322143314908
4.81342291599918	0.19904852083173	4.42328781516899	5.20355801682937
5.11558250536662	0.134702448407804	4.85156570648733	5.37959930424592
4.9547820420385	0.151792769947948	4.65726821294052	5.25229587113647
4.99108977437022	0.124501160228501	4.74706750032236	5.23511204841808
4.67155607367394	0.38914672972475	3.90882848341343	5.43428366393445
5.16676594449465	0.137405076952049	4.89745199366864	5.43607989532067
4.8571651204901	0.194057456098567	4.4768125065369	5.23751773444329
5.08952846180745	0.138348480537157	4.81836543995463	5.36069148366028
4.76601006320031	0.141211258849574	4.48923599585515	5.04278413054548
5.00930616258935	0.143400676592678	4.7282408364677	5.290371488711
4.60565698829106	0.294757072997987	4.027933125215	5.18338085136711
5.13269646382839	0.173894179189203	4.79186387261755	5.47352905503923
5.06193234978552	0.14086633836348	4.7858343265931	5.33803037297794
4.9084238449793	0.168733882937874	4.57770543442107	5.23914225553754
5.07355736443173	0.167201590988962	4.74584224609336	5.40127248277009
5.00482381542489	0.181323514394379	4.64942972721191	5.36021790363787
5.19856117336096	0.110734859939625	4.98152084787929	5.41560149884262
4.96273196029014	0.101701848455697	4.76339633731697	5.1620675832633
5.06236595024812	0.134601005198119	4.7985479800598	5.32618392043643
4.91844060696853	0.133254341301606	4.65726209801738	5.17961911591968
4.96982675874957	0.201061199931912	4.57574680688302	5.36390671061612
5.03077335858385	0.156892174810514	4.72326469595524	5.33828202121246
4.90610293053618	0.139328918774835	4.6330182497375	5.17918761133486
4.89694773676067	0.154500297896734	4.59412715288307	5.19976832063827
5.14391408225256	0.171472586464349	4.80782781278243	5.48000035172268
5.18013447008058	0.108718033986753	4.96704712346655	5.39322181669462
5.08531018597262	0.162068530924098	4.76765586536139	5.40296450658385
5.08317927984522	0.104459931795243	4.87843781352654	5.2879207461639
5.01590136485407	0.11640209341635	4.78775326175803	5.24404946795012
4.8393857381494	0.143291192349388	4.5585350011446	5.1202364751542
5.14041826895157	0.136691623233893	4.87250268741314	5.40833385049
5.3439057206056	0.131928083609549	5.08532667673088	5.60248476448031
5.13651960667033	0.122008336907412	4.89738326633181	5.37565594700886
5.04022308893729	0.0995525874298025	4.84510001757488	5.2353461602997
5.17393959966918	0.132402613174329	4.9144304778475	5.43344872149087
5.24823915288976	0.130608095968739	4.99224728479103	5.50423102098849
5.04194995664891	0.125321278903731	4.7963202499976	5.28757966330022
5.47344749265285	0.129294726256216	5.22002982919067	5.72686515611503
4.80442797724222	0.246645147191347	4.32100348874718	5.28785246573726
5.00719824350224	0.124802281489896	4.76258577178204	5.25181071522244
4.76178138197838	0.272432615142555	4.22781345629897	5.29574930765779
4.8531456853515	0.272163690891358	4.31970485120444	5.38658651949856
4.85194620963938	0.125654027854304	4.60566431504495	5.09822810423382
4.81291640878849	0.167487325115169	4.48464125156276	5.14119156601422
4.97145151854759	0.130299648836998	4.71606420682707	5.2268388302681
5.16103203943797	0.151681159371292	4.86373696707023	5.4583271118057
5.04783344789917	0.126967671622204	4.79897681151965	5.29669008427869
5.13136411491523	0.126276689788752	4.88386180292927	5.37886642690118
5.1819303679421	0.114922325092788	4.95668261076024	5.40717812512397
4.52095284894171	0.298887276880957	3.93513378625504	5.10677191162839
4.94199301325647	0.126511476951487	4.69403051843155	5.18995550808138
4.93550112064433	0.268483233990196	4.40927398202354	5.46172825926511
4.66410438672154	0.215847137666992	4.24104399689424	5.08716477654885
5.01015931504296	0.15861176234742	4.69928026084202	5.3210383692439
4.99420897976499	0.133562428821102	4.73242661927563	5.25599134025435
4.95137014951898	0.120003605838039	4.71616308207643	5.18657721696154
4.93902323160259	0.145509077821731	4.653825439072	5.22422102413318
5.15534754829392	0.157524619429018	4.84659929421305	5.46409580237479
5.16007485609894	0.11297462552095	4.93864459007788	5.38150512212
5.15400377340787	0.158835112809444	4.84268695230136	5.46532059451439
4.86742352596856	0.151273296330805	4.57092786516019	5.16391918677694
5.25655388083492	0.130892667281811	5.00000425296257	5.51310350870727
4.89004722278639	0.191258982514492	4.51517961705798	5.26491482851479
4.94271251644444	0.174137531462929	4.6014029547771	5.28402207811179
5.14326353557787	0.165683677794141	4.81852352710135	5.46800354405438
4.43777188955821	0.324631880503072	3.80149340377219	5.07405037534423
5.12718450395326	0.141105671735729	4.85061738735123	5.40375162055529
4.98532283415208	0.127415700312643	4.7355880615393	5.23505760676486
5.06826491986916	0.122510741521026	4.82814386648795	5.30838597325037
5.15428164032786	0.150724087853115	4.85886242813575	5.44970085251996
5.02551272612641	0.118738835058419	4.79278460941191	5.25824084284091
4.88843176221644	0.166972746467946	4.56116517913926	5.21569834529361
4.77065878036758	0.214504464238415	4.35023003046028	5.19108753027487
5.00975003272851	0.136285764433143	4.74262993443955	5.27687013101747
5.36713754089439	0.124717507461798	5.12269122626927	5.61158385551952
5.03724647937632	0.107729301408655	4.82609704861536	5.24839591013728
5.21401790894461	0.131932285694551	4.95543062898329	5.47260518890593
5.16719192870256	0.154795002111262	4.86379372456449	5.47059013284064
5.03254605105433	0.144890407385441	4.74856085257887	5.3165312495298
5.07827426943169	0.146072471843034	4.79197222461934	5.36457631424404
4.63037049997278	0.355108822871143	3.93435720714534	5.32638379280022
4.82805410987278	0.154456943019321	4.52531850155491	5.13078971819065
4.96523222890659	0.161252064089957	4.64917818329027	5.2812862745229
5.02495145094693	0.171068921330439	4.68965636513927	5.36024653675459
4.79250733181183	0.203561951520539	4.39352590683157	5.19148875679209
5.07522028631102	0.134044830332974	4.81249241885839	5.33794815376365
4.99292143502194	0.193345428251623	4.61396439564876	5.37187847439512
5.25618457044707	0.125043058838579	5.01110017512345	5.50126896577068
5.05217347200365	0.129188081482452	4.79896483229804	5.30538211170925
5.01486452114826	0.143348810871657	4.73390085183981	5.2958281904567
4.92790476774525	0.10946713245807	4.71334918812743	5.14246034736307
5.21963756593739	0.139963105703203	4.94530987875911	5.49396525311567
5.13141547398921	0.154823053467218	4.82796228919347	5.43486865878496
5.21841928121179	0.142742346288317	4.93864428248669	5.49819427993689
4.91793696274117	0.112071681297416	4.69827646739823	5.1375974580841
5.00111127530473	0.172896302006398	4.66223452337219	5.33998802723727
5.07156958753822	0.132883531774812	4.81111786525959	5.33202130981685
4.97434923437608	0.156308704663205	4.6679841732362	5.28071429551596
4.82866921203063	0.244504657932501	4.34944008248293	5.30789834157834
5.11033609975492	0.117026479977452	4.88096419899912	5.33970800051073
5.08505388202908	0.14789901192616	4.7951718186538	5.37493594540435
5.2214532054067	0.127237866829932	4.97206698642003	5.47083942439336
4.82700931158449	0.166303842889564	4.50105377952095	5.15296484364803
5.08875678119616	0.142924768456882	4.80862423502067	5.36888932737165
5.01239612641055	0.127649435522701	4.76220323278605	5.26258902003504
5.00890426775221	0.123682967927353	4.7664856506146	5.25132288488982
5.12285176208612	0.132815690206763	4.86253300928086	5.38317051489137
4.9090761591119	0.150136532041326	4.6148085563109	5.2033437619129
5.0004052158696	0.195895288724032	4.6164504499705	5.3843599817687
4.90780380701524	0.145861415340978	4.62191543294692	5.19369218108356
5.14616465438555	0.136589789552742	4.87844866686218	5.41388064190893
5.26072243060758	0.123981674735713	5.01771834812558	5.50372651308958
5.00290136181601	0.189575089782994	4.63133418584134	5.37446853779068
5.15433058581439	0.135796076517095	4.88817027584088	5.42049089578789
4.73182143933899	0.332156238625285	4.08079521163343	5.38284766704455
5.21714419695128	0.112968112942444	4.99572669558409	5.43856169831847
5.08521702880347	0.1818813076916	4.72872966572793	5.44170439187901
4.94645340339768	0.111709367949255	4.72750304221714	5.16540376457822
4.81050059894947	0.138857265048691	4.53834035945404	5.0826608384449
5.16044245382697	0.130408167463469	4.90484244559858	5.41604246205537
4.93767564282207	0.188396756657255	4.56841799977385	5.30693328587029
4.86969020107708	0.137419128345207	4.60034870952047	5.13903169263368
4.98240442013172	0.14983748894782	4.68872294179399	5.27608589846945
5.02460607969813	0.10828244847682	4.81237248068356	5.2368396787127
4.9312325669381	0.14459531035222	4.64782575864774	5.21463937522845
5.19862528842417	0.118796004849313	4.96578511891952	5.43146545792882
5.17824035445558	0.10903708652669	4.96452766486327	5.3919530440479
5.0858449410703	0.138803585025207	4.81378991442089	5.3578999677197
5.08937115953779	0.14185160813967	4.81134200758403	5.36740031149154
4.98125476039484	0.182346445510342	4.62385572719457	5.33865379359511
5.10784364208177	0.13839559333786	4.83658827913957	5.37909900502398
4.87486741823988	0.183890492181397	4.51444205356434	5.23529278291542
4.98611021498339	0.222302533643506	4.55039724904212	5.42182318092466
4.80652640069266	0.107361153619918	4.59609853959762	5.0169542617877
4.93352954921471	0.143987240278559	4.65131455826873	5.21574454016069
5.22558816132684	0.109682244699054	5.0106109617167	5.44056536093699
4.81005181799322	0.118379125922857	4.57802873118442	5.04207490480202
5.25649633705416	0.126925702120031	5.0077219608989	5.50527071320942
4.97280601963665	0.143602442049774	4.69134523321909	5.2542668060542
4.92895049722463	0.156656385270662	4.62190398209413	5.23599701235513
4.93183474750295	0.137970429904888	4.66141270488937	5.20225679011653
4.89961474322179	0.164379772177509	4.57743038975387	5.22179909668971
5.10664976221338	0.132727700169752	4.84650346988066	5.36679605454609
4.94090095610092	0.151645965117803	4.64367486447003	5.23812704773182
5.13241080402431	0.139612677623449	4.85876995588235	5.40605165216628
5.08987940038585	0.130140846024192	4.83480334217844	5.34495545859327
4.94166360696879	0.162774641795918	4.62262530904879	5.26070190488879
4.92693525095022	0.138922103792629	4.65464792751666	5.19922257438377
4.92812754125365	0.120624303877313	4.69170390565411	5.16455117685318
4.93146548554572	0.178903379790214	4.5808148611569	5.28211610993454
5.26003620386379	0.143072266915616	4.97961456070918	5.5404578470184
5.14190146500851	0.144053895962901	4.85955582892123	5.4242471010958
5.23065470774606	0.101118954430282	5.0324615570627	5.42884785842941
5.0137463097318	0.134292919359822	4.75053218778655	5.27696043167705
4.88012394350065	0.181817137114699	4.52376235475584	5.23648553224546
5.13066780592948	0.15840182448639	4.82020022993616	5.44113538192281
5.05177120832773	0.132997968993598	4.79109518910027	5.31244722755518
5.0669745997157	0.232918902001059	4.61045355179363	5.52349564763778
5.09065605042193	0.207969428721182	4.68303597012841	5.49827613071545
5.02180846226025	0.152736359578064	4.72244519748724	5.32117172703325
4.91732795221131	0.172073468477705	4.580063953995	5.25459195042761
5.19577741234893	0.195590520196042	4.81241999276468	5.57913483193317
5.23423779660366	0.115404220606799	5.00804552421433	5.46043006899299
4.37598447612324	0.507636016240616	3.38101788429163	5.37095106795484
4.98645291132966	0.16121114567644	4.67047906580384	5.30242675685548
4.67380258906251	0.199035326341518	4.28369334943314	5.06391182869189
5.06972113822543	0.135014556680624	4.80509260713141	5.33434966931946
5.19548805748512	0.114540047887132	4.97098956362635	5.4199865513439
4.79507962610345	0.172732268813748	4.4565243792285	5.1336348729784
4.95896116008174	0.157124023457189	4.65099807410565	5.26692424605783
3.59403233761145	1.06219052875065	1.51213890126017	5.67592577396273
5.25866530490411	0.155970814965449	4.95296250757183	5.5643681022364
5.16596575054577	0.126210897263852	4.91859239190862	5.41333910918293
5.36418437715697	0.116022006975095	5.13678124348578	5.59158751082815
4.94967981512184	0.139441431224562	4.6763746099217	5.22298502032198
5.03651207504548	0.13389646667945	4.77407500035376	5.2989491497372
5.02429523053139	0.138694080950772	4.75245483186787	5.2961356291949
5.12872398629436	0.133559722911716	4.8669469293874	5.39050104320133
4.98840962981987	0.175744911002115	4.64394960425572	5.33286965538401
5.1603011059226	0.113910202335675	4.93703710934467	5.38356510250052
5.00770066115076	0.123048703936891	4.76652520143445	5.24887612086706
5.07689746084233	0.174120006089525	4.73562224890687	5.4181726727778
5.37069004480609	0.126863438124823	5.12203770608144	5.61934238353075
5.05841790490884	0.125482100182515	4.81247298855111	5.30436282126657
4.98167608349949	0.167583201024816	4.65321300949086	5.31013915750813
4.94001360565424	0.131167382621247	4.6829255357166	5.19710167559188
4.40832355246482	0.494439164148617	3.43922279073353	5.37742431419611
5.07542115569244	0.129116470145774	4.82235287420672	5.32848943717815
4.99816421310162	0.147934782775593	4.70821203886145	5.28811638734178
4.9728092882575	0.135308308790098	4.70760500302891	5.23801357348609
4.11775594479086	0.408947483391092	3.31621887734432	4.9192930122374
5.05276634395772	0.126274291106032	4.80526873338989	5.30026395452554
4.91722257632628	0.125849286466914	4.67055797485113	5.16388717780143
4.99287674525363	0.114808723342528	4.76785164750228	5.21790184300499
2.61621716362256	1.61564241132369	-0.550441962571867	5.78287628981699
4.56453867023072	0.384527567855184	3.81086463723456	5.31821270322688
5.20867929928134	0.157095431951415	4.90077225265657	5.51658634590612
5.17148651420656	0.121259698614973	4.93381750492121	5.40915552349191
4.93856640851836	0.166348762514585	4.61252283398977	5.26460998304695
4.90459888514525	0.158409136387354	4.59411697782604	5.21508079246447
4.73319897130684	0.265006786202222	4.21378567035049	5.2526122722632
4.88554955919559	0.139195806506753	4.61272577844236	5.15837333994883
5.16938122658893	0.17094666065119	4.8343257717126	5.50443668146526
5.00304668664554	0.142479527217414	4.72378681329941	5.28230655999167
5.01542100805521	0.139514061342845	4.74197344782323	5.28886856828718
5.10866917142318	0.121093220624924	4.87132645899833	5.34601188384803
4.93374785845634	0.180143079389587	4.58066742285275	5.28682829405993
5.06558405326492	0.140865909199935	4.78948687123304	5.34168123529679
5.14451230175005	0.171576970700619	4.80822143917683	5.48080316432326
4.84327925146418	0.148025966766177	4.55314835660248	5.13341014632589
5.07808880412776	0.121498080670233	4.83995256601411	5.31622504224142
5.01893243229789	0.124828290992624	4.77426898195235	5.26359588264344
4.75011403820746	0.14670207292808	4.46257797526843	5.0376501011465
5.17922563961377	0.133082751722648	4.91838344623738	5.44006783299016
5.0796215010735	0.115829062730944	4.85259653812085	5.30664646402615
5.14642857864993	0.124225506605918	4.90294658570233	5.38991057159753
5.11298729926901	0.127719805028875	4.86265648141242	5.36331811712561
4.87060023596134	0.194827164592691	4.48873899335967	5.25246147856302
5.39250736573342	0.141461773700018	5.11524228928139	5.66977244218546
5.05788448900204	0.149714751519876	4.76444357602308	5.351325401981
5.13039357387537	0.119546406377458	4.89608261737555	5.36470453037518
4.98685572004608	0.145435439397966	4.70180225882606	5.27190918126609
5.14026084390431	0.116413069808188	4.91209122708026	5.36843046072836
4.91800395338352	0.127437256185835	4.66822693125928	5.16778097550776
4.57000735609126	0.242957249792544	4.09381114649788	5.04620356568465
5.15615098388109	0.112210978675355	4.9362174656774	5.37608450208479
4.93607491373925	0.129975499655641	4.6813229344142	5.19082689306431
5.33410915191572	0.111598221485696	5.11537663780375	5.55284166602768
5.12438619039695	0.122993460843637	4.88331900714342	5.36545337365048
4.7904092373863	0.198017795298639	4.40229435860097	5.17852411617164
4.9637882359529	0.156991593778359	4.65608471214732	5.27149175975848
4.86397244816133	0.209521474611361	4.45331035792306	5.27463453839959
5.24913285256448	0.101766984190766	5.04966956355057	5.44859614157838
5.17665121239799	0.124491201533669	4.932648457392	5.42065396740398
4.83694701669948	0.193440389994351	4.45780385231055	5.21609018108841
4.87936249954393	0.135436717696465	4.61390653285886	5.144818466229
5.31548940666408	0.119904138722116	5.08047729476873	5.55050151855942
5.08457719033533	0.124996613375221	4.8395838281199	5.32957055255076
5.17523893073928	0.129324653327229	4.92176261021791	5.42871525126064
5.47255885718946	0.104254158568767	5.26822070639468	5.67689700798424
4.88198731494056	0.207184557394422	4.47590558244749	5.28806904743363
5.26313982664603	0.139479151508851	4.98976068968868	5.53651896360337
4.89372204365664	0.213904491999051	4.4744692393385	5.31297484797478
5.17727927362697	0.150425949833318	4.88244441195367	5.47211413530028
4.70373415844754	0.263983907673908	4.18632569940669	5.2211426174884
5.1020429930754	0.131096890228351	4.84509308822784	5.35899289792297
5.05484127333468	0.139771832268103	4.7808884820892	5.32879406458017
5.17154890972516	0.127356003021043	4.92193114380391	5.4211666756464
5.06491216000828	0.138255544734497	4.79393129232867	5.3358930276879
5.19042483676585	0.114556627869275	4.96589384614207	5.41495582738963
5.02640212126873	0.125178243880526	4.7810527632629	5.27175147927456
5.17872433491389	0.112558215209417	4.95811023310343	5.39933843672435
4.8771827657137	0.140200082082909	4.6023906048312	5.15197492659621
5.19990757905443	0.126643591087206	4.9516861405235	5.44812901758535
4.80177443713613	0.156644352783418	4.49475150568064	5.10879736859163
5.3183909868949	0.121558649062529	5.08013603473234	5.55664593905745
4.9101193289254	0.174416736487626	4.56826252540966	5.25197613244115
5.02338840773973	0.131089177283449	4.76645362026417	5.28032319521529
4.71794673241976	0.177350227343092	4.3703402868273	5.06555317801222
5.03967622180628	0.146218132436741	4.75308868223027	5.32626376138229
4.94195926075835	0.120615458878259	4.70555296135696	5.17836556015974
4.83348356106305	0.152705771244461	4.5341802494239	5.13278687270219
5.01828034404246	0.130884631999058	4.76174646532431	5.27481422276061
4.98860435473355	0.112979122530632	4.76716527457351	5.21004343489359
4.95389073471266	0.11103280760431	4.73626643180821	5.1715150376171
5.10079567466438	0.126748351134938	4.8523689064399	5.34922244288886
4.82693899308157	0.138085861741266	4.55629070406869	5.09758728209446
4.82237628230515	0.195923764877865	4.43836570314453	5.20638686146576
5.1606874543269	0.124900798397577	4.91588188946765	5.40549301918615
4.92477583959233	0.129896722660845	4.67017826317708	5.17937341600759
5.11246398722827	0.155754436371371	4.80718529194038	5.41774268251616
5.12214357205731	0.147182119657953	4.83366661752772	5.4106205265869
4.76707690831468	0.241763073172409	4.29322128489676	5.2409325317326
4.91682544164041	0.15390939512916	4.61516302718725	5.21848785609356
5.00328069953503	0.129432768320397	4.74959247362705	5.25696892544301
5.07969771880233	0.209286971738878	4.66949525419413	5.48990018341053
4.89096467683568	0.128567576625613	4.63897222664948	5.14295712702188
5.06346893943084	0.132925801588094	4.80293436831818	5.32400351054351
5.11815946241553	0.112700094000463	4.89726727817462	5.33905164665643
5.03611985421096	0.175495020323185	4.69214961437752	5.3800900940444
4.8131135891435	0.149726074561686	4.51965048300259	5.1065766952844
4.8805113440224	0.129826914609837	4.62605059138712	5.13497209665768
5.09667011730528	0.120258451457574	4.86096355244843	5.33237668216212
5.08929203946138	0.129845260667584	4.83479532855291	5.34378875036984
4.87251099427012	0.136826807609626	4.60433045135525	5.14069153718498
4.96345579354341	0.147073505835028	4.67519172210675	5.25171986498006
5.02890425169721	0.137291825713631	4.75981227329849	5.29799623009592
5.02785722402529	0.14919506201397	4.73543490247791	5.32027954557267
5.00546760653282	0.143820882065758	4.72357867768394	5.28735653538171
4.80228315996325	0.216694906162701	4.37756114388435	5.22700517604214
4.62845287419172	0.19224240767197	4.25165775515466	5.00524799322878
4.80220966873867	0.171987527890058	4.46511411407415	5.13930522340318
5.14045882117684	0.123777323766285	4.89785526659492	5.38306237575876
4.77446076953006	0.356646210851735	4.07543419626066	5.47348734279946
5.07515130411801	0.154281037198624	4.77276047120871	5.37754213702731
5.3400280889381	0.12963855320651	5.08593652465334	5.59411965322286
5.06659356412573	0.160536686168321	4.75194165923582	5.38124546901564
4.93093060568035	0.122922524931708	4.6900024568142	5.1718587545465
5.23146050968165	0.134997896604798	4.96686463233625	5.49605638702706
4.96733752785055	0.150768321486505	4.671831617737	5.2628434379641
5.22383452027089	0.110135122775701	5.00796967963051	5.43969936091126
5.60902642870752	0.323539976551224	4.97488807466712	6.24316478274792
5.24303580083764	0.1227232993992	5.00249813401521	5.48357346766007
5.28569209789872	0.128297725321419	5.03422855626874	5.5371556395287
5.04767228870736	0.108553938348386	4.83490656954453	5.2604380078702
5.19878732354939	0.118238604052608	4.96703965960628	5.4305349874925
4.78373626725034	0.146247906589173	4.49709037033556	5.07038216416512
4.97970622321859	0.12412730221981	4.73641671086776	5.22299573556941
4.96501276166513	0.18643191591484	4.59960620647205	5.33041931685822
4.97188747743432	0.113855920343625	4.74872987356082	5.19504508130782
4.92061369162275	0.127911665893427	4.66990682647163	5.17132055677386
5.02779607245491	0.118506590806296	4.79552315447457	5.26006899043525
4.6234397949027	0.227185576852377	4.17815606427204	5.06872352553336
5.14751204290218	0.145247328912949	4.8628272782328	5.43219680757156
4.77289223507275	0.248840669043288	4.2851645237479	5.26061994639759
5.31494399692806	0.148736083583241	5.0234212731049	5.60646672075121
4.9294544903134	0.145939249319534	4.64341356164712	5.21549541897969
5.25465493040096	0.134794702966374	4.99045731258687	5.51885254821506
4.82417867398527	0.131019545717688	4.5673803643786	5.08097698359194
5.33249956509117	0.139287521831551	5.05949602230133	5.60550310788101
5.07765164367959	0.111278883362365	4.85954503228936	5.29575825506983
5.18492013945234	0.106614818481255	4.97595509522908	5.3938851836756
5.0609012157434	0.144177743060971	4.7783128393439	5.3434895921429
4.84777612194336	0.208131051163678	4.43983926166255	5.25571298222417
4.91328641600741	0.134154380668734	4.65034382989669	5.17622900211813
4.9877734960898	0.221697698596914	4.55324600683985	5.42230098533975
5.22008248579125	0.112666737601583	4.99925568009215	5.44090929149035
5.03249638334657	0.128373569152924	4.78088418780684	5.2841085788863
5.15693780729166	0.154746389256227	4.85363488434945	5.46024073023386
4.91814350372826	0.122714553463047	4.67762297894069	5.15866402851583
4.90416837799724	0.222869597838004	4.46734396623475	5.34099278975973
4.9890293956854	0.139144454187846	4.71630626547722	5.26175252589358
5.05251800430974	0.11873778280518	4.81979195001159	5.28524405860789
5.22670230589258	0.122724904819629	4.98616149244611	5.46724311933905
4.75328516433657	0.34022853456333	4.08643723659245	5.4201330920807
4.93733481091174	0.174313234162997	4.59568087195227	5.27898874987122
5.14191620675337	0.119535355797171	4.90762690939092	5.37620550411583
4.92926905175121	0.120169355678675	4.693737114621	5.16480098888141
4.95783757692331	0.125923667773021	4.71102718808819	5.20464796575843
5.01122541743585	0.131998029470939	4.75250927967281	5.26994155519889
5.11680983412059	0.11007974980267	4.90105352450735	5.33256614373382
4.92105861222938	0.271406086223077	4.38910268323215	5.45301454122662
4.84333511569765	0.147192938247431	4.55483695673269	5.13183327466261
4.75384816052529	0.272883709562384	4.21899608978302	5.28870023126756
5.17893489095388	0.114199840726552	4.95510320312984	5.40276657877792
5.0906670626373	0.147091444493964	4.80236783142913	5.37896629384547
5.3707443132471	0.133121886456548	5.10982541579227	5.63166321070194
5.0835215342323	0.117258835887885	4.85369421589205	5.31334885257256
4.91054056987329	0.145975479369392	4.62442863030928	5.1966525094373
5.09289507011085	0.11734271475266	4.86290334919563	5.32288679102606
5.1160469670243	0.120245098117399	4.88036657471419	5.3517273593344
5.1380510070101	0.129136262945297	4.88494393163732	5.39115808238288
5.12947747088992	0.120448961049534	4.89339750723283	5.36555743454701
5.06936847975152	0.112034628461808	4.84978060796638	5.28895635153666
5.18612039613537	0.115000999138667	4.96071843782358	5.41152235444716
5.12258914534349	0.118232742504047	4.89085297003556	5.35432532065142
4.54300953735314	0.653893918865741	3.26137745637629	5.82464161832999
4.87977729933094	0.113724699149615	4.6568768889977	5.10267770966419
5.30584269457023	0.173616874331536	4.96555362088041	5.64613176826004
4.8445182197794	0.1714629726264	4.50845079343166	5.18058564612714
5.07118465098448	0.199962757925788	4.67925764544994	5.46311165651902
4.9675346762939	0.140612228249903	4.69193470892409	5.2431346436637
5.0565729530317	0.11807710177406	4.82514183355454	5.28800407250885
5.19300219692418	0.128993049353959	4.94017582019042	5.44582857365794
5.02049782334927	0.207415335033788	4.61396376668305	5.42703188001549
4.96677913210158	0.127003922684503	4.71785144363996	5.21570682056321
5.09143735070536	0.190626541495028	4.71780932937511	5.46506537203562
5.13683173516179	0.118632614454326	4.90431181083131	5.36935165949226
4.95335077273876	0.157496944833924	4.64465676086426	5.26204478461325
5.27243552365563	0.157893473076418	4.96296431642586	5.58190673088541
4.61552561689739	0.451393690290576	3.73079398392786	5.50025724986692
5.01118043733255	0.134782713476501	4.74700631891861	5.2753545557465
5.06787097888648	0.12500477240087	4.82286162498077	5.31288033279218
5.164856412427	0.119001592206816	4.93161329170164	5.39809953315236
4.83371658817162	0.156159903820477	4.52764317668348	5.13978999965976
5.25704820481658	0.221666758968995	4.82258135723735	5.69151505239581
5.13550060289107	0.164446028220009	4.81318638757986	5.45781481820229
5.12027010640097	0.116085720956934	4.89274209332538	5.34779811947656
5.09975877567842	0.130821030710968	4.84334955548492	5.35616799587192
4.88217244477425	0.175711425340669	4.53777805110654	5.22656683844197
4.91898424190792	0.145223282488124	4.63434660823119	5.20362187558464
4.92488770778511	0.125996936070096	4.67793371308772	5.1718417024825
5.07845169015382	0.14036774826012	4.80333090356398	5.35357247674365
5.09669597726353	0.114390797932226	4.87249001331636	5.32090194121069
5.06244083613118	0.204820049706576	4.66099353870629	5.46388813355607
5.29759361279014	0.139715423028029	5.0237513836552	5.57143584192507
5.08759341615077	0.147735613312085	4.79803161405909	5.37715521824246
5.24153776209503	0.119555117840962	5.00720973112675	5.47586579306332
4.76618675809887	0.144535615197068	4.48289695231261	5.04947656388512
4.94119522755831	0.163358830748391	4.62101191929147	5.26137853582516
4.81109796348098	0.130515146759582	4.5552882758322	5.06690765112976
5.181067800923	0.155119062093298	4.87703443922014	5.48510116262587
5.1979472285358	0.117635685267829	4.96738128541085	5.42851317166074
5.13970530241147	0.172489558770779	4.80162576722074	5.4777848376022
4.97545369055806	0.10473940299306	4.77016446069166	5.18074292042446
5.114127438279	0.118968542722869	4.88094909454217	5.34730578201582
5.16973099446857	0.118105769251752	4.93824368673514	5.401218302202
5.12983545311554	0.131631783839551	4.87183715679002	5.38783374944106
5.21185751362642	0.130769818039759	4.95554867026849	5.46816635698434
4.89386680179424	0.158378768564233	4.58344441540834	5.20428918818013
4.76968164484351	0.17468288223105	4.42730319567065	5.11206009401637
5.12855634574723	0.12666146419205	4.88029987593081	5.37681281556365
4.91278944598131	0.130415540220159	4.6571749871498	5.16840390481283
5.10039088444144	0.16627759833631	4.77448679170228	5.42629497718061
4.91290938048958	0.134705454891086	4.64888668890305	5.17693207207611
4.9261737747663	0.10982167014564	4.71092330128084	5.14142424825175
5.13428036003974	0.125181916633186	4.8889238034387	5.37963691664079
4.9181359394423	0.178882494158859	4.56752625089094	5.26874562799366
5.02658161922797	0.105483804029577	4.81983336333	5.23332987512594
5.10447115365092	0.150212384119474	4.81005488077675	5.39888742652508
5.32123523266107	0.132366518846254	5.06179685572241	5.58067360959972
4.57750639143711	0.427260819728778	3.74007518476871	5.41493759810552
4.92155290073856	0.136717535595608	4.65358653097116	5.18951927050595
4.77856865285948	0.393645925150088	4.00702263956531	5.55011466615365
5.14358775354888	0.181812772792524	4.78723471887553	5.49994078822223
5.16744204258089	0.13240607209636	4.90792614127203	5.42695794388976
5.24200475725347	0.12309972676373	5.00072929279656	5.48328022171038
4.8795186694213	0.175296503231003	4.53593752308854	5.22309981575407
4.92195351253062	0.13745514409216	4.65254143010999	5.19136559495125
4.99296403071344	0.147504286372974	4.70385562942241	5.28207243200447
4.824332752039	0.26411014490369	4.30667686802777	5.34198863605023
5.11532735500202	0.152780368825567	4.81587783210391	5.41477687790014
4.8923158811228	0.289339060438323	4.32521132266368	5.45942043958191
4.97187284145756	0.132378015173297	4.7124119317179	5.23133375119722
5.37316865998692	0.150795992555615	5.07760851457791	5.66872880539592
4.95129481047201	0.143561611894954	4.6699140511579	5.23267556978612
5.09088637596163	0.124029761811596	4.8477880428109	5.33398470911236
4.83450738257388	0.151783579154185	4.53701156743168	5.13200319771608
4.98019323227683	0.143380596735351	4.69916726267554	5.26121920187812
5.15688952862461	0.111906110053904	4.93755355291896	5.37622550433027
5.18546024146267	0.1122425779267	4.96546478872634	5.405455694199
5.1370233104852	0.10784164402014	4.92565368820572	5.34839293276467
5.09189329795273	0.11699614253524	4.86258085858366	5.3212057373218
4.7622480069649	0.179981360697968	4.40948453999688	5.11501147393291
5.13965937357331	0.12478940406976	4.89507214159658	5.38424660555004
4.85551808219099	0.118194561441954	4.62385674176476	5.08717942261722
5.18835232944289	0.164862117637956	4.8652225788725	5.51148208001329
5.16749901661533	0.109474592643127	4.9529288150348	5.38206921819586
4.84183922359432	0.137133392243543	4.57305777479698	5.11062067239166
4.89779260079694	0.129661840767046	4.64365539289352	5.15192980870035
4.96676704653765	0.196015756378062	4.58257616403665	5.35095792903865
5.03669095159037	0.132997142501609	4.77601655228721	5.29736535089352
4.88352408364646	0.13689430799183	4.61521123998247	5.15183692731044
5.19486321815895	0.13242903724799	4.93530230515289	5.45442413116501
5.05482555193904	0.286170463876868	4.49393144274038	5.6157196611377
5.06470153682633	0.130635010432362	4.8086569163789	5.32074615727375
5.2395588581725	0.145442942688218	4.9544906905036	5.52462702584141
5.04208138686807	0.152360464822765	4.74345487581545	5.34070789792069
5.16097349944661	0.132235491550064	4.90179193600849	5.42015506288474
5.08521142311152	0.133252118678527	4.82403727050161	5.34638557572144
4.80538892054529	0.147521444082349	4.51624689014389	5.0945309509467
4.93173146427661	0.120399177179446	4.6957490770049	5.16771385154833
4.72319045868631	0.179479938578911	4.37140977907164	5.07497113830097
4.90965791683051	0.13358971179331	4.64782208171562	5.17149375194539
4.789939945424	0.234592217345653	4.33013919942652	5.24974069142147
5.23600558826094	0.130892199199303	4.97945687783031	5.49255429869157
5.06523273571764	0.114900366536648	4.84002801730581	5.29043745412947
5.20671741069978	0.10838271325856	4.994287292713	5.41914752868656
5.1862639195252	0.159982019601359	4.87269916110654	5.49982867794387
5.26230551326073	0.120066918078778	5.02697435382632	5.49763667269513
5.00958984293738	0.14222563808356	4.7308275922936	5.28835209358116
4.86448324027817	0.146938440251655	4.57648389738493	5.15248258317141
5.05171675860638	0.143014974366219	4.77140740884859	5.33202610836416
5.24502479013675	0.1120612721651	5.02538469669315	5.46466488358034
4.84943494667314	0.177082681113873	4.50235289168995	5.19651700165633
5.13727461745888	0.120373476623492	4.90134260327684	5.37320663164093
5.26262933065684	0.124039602937575	5.0195117088992	5.50574695241449
5.12439753615661	0.128774720342629	4.87199908428506	5.37679598802816
4.83322509501196	0.231141225314567	4.38018829339541	5.28626189662852
4.91177307971684	0.131847810621111	4.65335137089946	5.17019478853422
5.01430464406533	0.145387048295633	4.72934602940589	5.29926325872477
5.18819324136942	0.179280672133718	4.83680312398734	5.53958335875151
4.67269688879477	0.173677836120452	4.33228832999869	5.01310544759086
5.13352185333792	0.139031199036236	4.8610207032269	5.40602300344895
4.79257110535438	0.154908890312608	4.48894968034166	5.09619253036709
4.78847855039876	0.123573250828181	4.54627497877553	5.030682122022
5.0047483242718	0.119145357717639	4.77122342314523	5.23827322539838
5.10295650591117	0.11456672455519	4.87840572578299	5.32750728603934
5.08813539690016	0.114023611148437	4.86464911904922	5.31162167475109
5.13928671025333	0.120266490865878	4.90356438815621	5.37500903235045
5.22909037132112	0.166999982970765	4.90177040469842	5.55641033794382
5.17130909972795	0.11819719180281	4.93964260379444	5.40297559566146
4.86198178097618	0.149029253432007	4.56988444424945	5.15407911770292
5.06318638331587	0.139084223198959	4.79058130584591	5.33579146078583
5.16631229363698	0.180449900905338	4.81263048786252	5.51999409941145
4.90906154357405	0.144197464905133	4.62643451235999	5.19168857478811
4.83117443221272	0.295106144646651	4.25276638870528	5.40958247572016
5.12506166901789	0.151480701719811	4.82815949364706	5.42196384438872
4.79952537359817	0.289112455807615	4.23286496021525	5.3661857869811
4.89431472691551	0.155009808684891	4.59049550189312	5.19813395193789
5.00988061367511	0.132736586122751	4.74971690487452	5.2700443224757
4.82650205903768	0.161009687835598	4.51092307087991	5.14208104719545
5.26382996351148	0.142348822896363	4.98482627063461	5.54283365638835
5.1259280739706	0.120801723912111	4.88915669510286	5.36269945283834
4.74391289277744	0.133524237846239	4.48220538659882	5.00562039895607
4.77723086776147	0.240400836413165	4.30604522839167	5.24841650713128
5.17109478014385	0.144291595275999	4.88828325340289	5.45390630688481
5.20058889672565	0.120340925663154	4.96472068242587	5.43645711102543
4.77781902996276	0.159362522874832	4.46546848512809	5.09016957479743
5.24550956687281	0.145714736790138	4.95990868276414	5.53111045098148
5.20519138373045	0.142114137516352	4.9266476741984	5.4837350932625
5.07245046722492	0.130653026902747	4.81637053449553	5.3285303999543
4.93402190185984	0.124124758350536	4.69073737549279	5.17730642822689
5.20528999423876	0.144067754873627	4.92291719468645	5.48766279379107
4.94133046369029	0.123027011202805	4.70019752173279	5.18246340564779
5.12471514301441	0.139489536067059	4.85131565232297	5.39811463370585
5.04759932167511	0.161866795000245	4.73034040347464	5.36485823987559
5.09211353359828	0.138110690400179	4.82141658041393	5.36281048678263
5.3001046959907	0.133936431044446	5.03758929114358	5.56262010083781
5.06287157351839	0.110725851175986	4.84584890521346	5.27989424182332
5.06981660875784	0.126726255916294	4.8214331471619	5.31820007035377
4.7453306055261	0.149286423332676	4.45272921579405	5.03793199525814
5.0920897052607	0.139981854981399	4.81772526949716	5.36645414102424
5.04151275054772	0.129404968628274	4.7878790120363	5.29514648905913
5.19676190842294	0.112668762862301	4.97593113321283	5.41759268363305
5.1154991850664	0.128404483457415	4.86382639748987	5.36717197264293
4.97997081858618	0.131554302722225	4.72212438525062	5.23781725192175
4.84517431239067	0.132704058722258	4.58507435729504	5.1052742674863
5.14276074402241	0.115184912639847	4.91699831524831	5.36852317279651
5.07893117302957	0.138843114050499	4.80679866949059	5.35106367656855
5.00865140902029	0.153177875646374	4.70842277275339	5.30888004528718
5.21892694163629	0.140206000727315	4.94412318021075	5.49373070306182
5.2923305684345	0.128680820229301	5.04011616078507	5.54454497608393
5.05671266913735	0.143750244626387	4.77496218966963	5.33846314860507
5.20866015972986	0.105086933205429	5.00268977064722	5.4146305488125
5.08018132058707	0.113828050001354	4.85707834258442	5.30328429858973
4.95545852716469	0.110532401951227	4.73881501934029	5.1721020349891
4.89174676660087	0.142144747015821	4.61314306244986	5.17035047075188
5.14313475931566	0.131055615269113	4.8862657533882	5.40000376524312
5.07584955476617	0.110662152541556	4.85895173578472	5.29274737374762
5.00788938143834	0.14308470435684	4.72744336089894	5.28833540197775
4.94895587111802	0.125148901986083	4.7036640232253	5.19424771901074
5.10872302276934	0.113406475267925	4.88644633124421	5.33099971429447
5.09746603598533	0.124778537323283	4.85290010283169	5.34203196913896
5.01448943401338	0.129324562157492	4.76101329218469	5.26796557584206
4.92866997810023	0.147098222324904	4.64035746234342	5.21698249385704
5.05623328470081	0.11689123241702	4.82712646916346	5.28534010023817
5.38396569037607	0.131871410387119	5.12549772601732	5.64243365473483
4.99057248646337	0.115594654297713	4.76400696403986	5.21713800888689
4.91131561205052	0.153044594845455	4.61134820615343	5.21128301794761
5.1681758687753	0.108575439944912	4.95536800648327	5.38098373106733
4.74720094526072	0.235175512049891	4.28625694164293	5.2081449488785
4.93349349315167	0.120556887721777	4.69720199321699	5.16978499308636
4.92030712072793	0.13499877417385	4.65570952334718	5.18490471810867
5.19610337302782	0.116291894260199	4.96817126027783	5.42403548577781
5.24727408461405	0.126796685812464	4.99875258042162	5.49579558880648
5.09243048913304	0.125162524830543	4.84711194046518	5.33774903780091
5.12283413991277	0.125177266191444	4.87748669817754	5.368181581648
5.27381052282468	0.136463842267689	5.00634139198001	5.54127965366935
4.80932838504332	0.170649669005818	4.47485503379192	5.14380173629473
4.90737761690485	0.137035494904878	4.63878804689129	5.17596718691841
5.12200170141994	0.167955201584094	4.79280950631512	5.45119389652477
4.89909636963618	0.157391144942723	4.59060972554845	5.20758301372392
5.05210706576501	0.127469808287551	4.80226624152141	5.30194789000861
4.97321810033078	0.138683850649743	4.70139775305729	5.24503844760428
4.79924413710341	0.193317610419153	4.42034162068187	5.17814665352495
4.8865663112624	0.167644597715804	4.55798289973942	5.21514972278537
4.79673898905381	0.257273723058906	4.29248249185835	5.30099548624927
5.08066580062991	0.146810110345947	4.79291798435185	5.36841361690796
5.12331305236169	0.168851065259275	4.79236496445351	5.45426114026986
5.03686228656644	0.133066914048099	4.77605113503217	5.29767343810072
5.04089490669549	0.118584998798192	4.80846830905104	5.27332150433995
5.08923906515255	0.171594260986052	4.75291431361988	5.42556381668521
4.84596576154132	0.168549489218621	4.51560876267282	5.17632276040982
4.95651142726136	0.158298062966331	4.64624722384735	5.26677563067536
4.89611868312438	0.13077318995863	4.63980323080547	5.15243413544329
5.07927463147576	0.145847308777055	4.79341390627273	5.36513535667879
5.07289678457115	0.121304438895008	4.83514008433693	5.31065348480537
5.20468249029489	0.170321665193729	4.87085202651518	5.5385129540746
5.0938682176556	0.137516899051237	4.82433509551517	5.36340133979602
5.0426492246085	0.150519142447353	4.74763170541169	5.33766674380531
5.16422447981246	0.117063154837515	4.93478069633093	5.39366826329399
4.86054955915279	0.17075457385409	4.52587059439877	5.1952285239068
5.15563336623799	0.112054416467425	4.93600670996183	5.37526002251414
5.00151539643725	0.135967237612784	4.73501961071619	5.26801118215831
4.91603040385105	0.140987892158175	4.63969413522102	5.19236667248107
5.02901115806193	0.120258945737299	4.79330362441683	5.26471869170704
4.81015544114902	0.194260741175904	4.42940438844424	5.19090649385379
4.51530234613984	0.383979199005677	3.76270311608871	5.26790157619097
5.14005589670432	0.127674753940837	4.88981337898027	5.39029841442836
5.06320733384732	0.123373373227859	4.82139552232072	5.30501914537393
5.01181097632911	0.129190680739531	4.75859724207963	5.26502471057859
4.83083519717415	0.126487120882487	4.58292044024447	5.07874995410382
4.9517121775478	0.116183702483347	4.72399212068044	5.17943223441516
5.1497271515521	0.145817044628831	4.86392574407959	5.4355285590246
5.27473736880596	0.169994485019169	4.94154817816839	5.60792655944353
4.84008696169364	0.190907032068787	4.46590917883882	5.21426474454846
5.14589716454802	0.119389755705632	4.91189324336499	5.37990108573106
5.05347981796174	0.124554856645131	4.80935229893728	5.2976073369862
4.95721158728634	0.106723672612788	4.74803318896528	5.16638998560741
5.07701700893458	0.119840065690562	4.84213048018108	5.31190353768808
4.95525407192527	0.205869337749982	4.55175016993531	5.35875797391524
4.63176558527272	0.23532057756962	4.17053725323627	5.09299391730918
5.03930443248408	0.160741331374566	4.72425142298993	5.35435744197823
4.82896839463947	0.200441879356528	4.43610231110067	5.22183447817826
4.63923320093965	0.155316617244861	4.33481263113973	4.94365377073958
4.93224078225249	0.161013760909546	4.61665381086978	5.2478277536352
4.99331997525253	0.157813015362376	4.68400646514227	5.30263348536278
4.82770775236011	0.156019389318521	4.5219097492958	5.13350575542441
5.2730543898604	0.146369209034862	4.98617074015208	5.55993803956873
5.02853717945622	0.135278104564742	4.76339209450932	5.29368226440311
5.00186737218916	0.122652861542384	4.76146776356609	5.24226698081223
5.22477183663297	0.116124981173151	4.99716687353359	5.45237679973234
4.60401932143688	0.200075967937854	4.21187042427869	4.99616821859507
5.09648195869132	0.138226187025173	4.82555863212198	5.36740528526066
4.89077239538152	0.142726727803491	4.61102800888668	5.17051678187637
5.03546155000642	0.121456188334758	4.79740742087029	5.27351567914254
4.91623707524719	0.113160577030202	4.69444234426799	5.13803180622638
5.17273950420688	0.132270327111624	4.9134896630681	5.43198934534567
4.99188366513911	0.183620319205308	4.63198783949671	5.35177949078151
4.89910931582902	0.143972565858488	4.61692308674638	5.18129554491166
5.06883284300644	0.143224346335833	4.78811312418821	5.34955256182467
4.8308548193849	0.188143265076316	4.46209401983532	5.19961561893448
5.10141073927373	0.158397129359712	4.79095236572869	5.41186911281876
5.09955695614367	0.136125066150179	4.83275182648932	5.36636208579802
5.32144666197042	0.128678472581521	5.06923685571064	5.5736564682302
5.04179933508555	0.16866243511031	4.71122096226934	5.37237770790176
5.31557587238542	0.129462051455303	5.06183025153303	5.56932149323782
4.8860256787458	0.144252484758182	4.60329080861977	5.16876054887184
4.96455545488238	0.132196165368247	4.70545097076062	5.22365993900415
5.20518954594676	0.115750565049289	4.97831843845016	5.43206065344337
5.00857774092712	0.112910145898408	4.78727385496624	5.229881626888
4.88009460197059	0.23870183313445	4.41223900902707	5.34795019491411
5.02109606369848	0.117742699250015	4.79032037316845	5.25187175422851
5.29118245794694	0.158363635542496	4.98078973228365	5.60157518361023
5.04329189836351	0.149676563074875	4.74992583473676	5.33665796199027
5.10331207071665	0.131588213388135	4.84539917247591	5.3612249689574
4.78184961804243	0.215266674516333	4.35992693599041	5.20377230009444
4.70079377732508	0.282609072397724	4.14687999542554	5.25470755922462
5.0030185080246	0.149797948760031	4.70941452845494	5.29662248759426
