estFinal_ps2	sdFinal_ps2	X1	X2
8.83133532570939	0.252431770316358	8.33597454009933	9.32669611131945
9.36562876337742	0.25459818575055	8.86645253996144	9.8648049867934
8.91084285383635	0.26437154088867	8.39213316111402	9.42955254655869
9.15921259937854	0.237487499453753	8.69361951793236	9.62480568082472
9.16962388385513	0.233016356189646	8.71281918635304	9.62642858135722
8.74499512922298	0.273891588626137	8.20775713238713	9.28223312605884
8.97411028145565	0.24078019789621	8.50195074278594	9.44626982012537
9.11475606587712	0.287489525932002	8.55068225571023	9.67882987604401
8.62907275519188	0.243251376953373	8.1519840197536	9.10616149063017
8.93519060558735	0.276116509279119	8.39319605956316	9.47718515161154
8.8259199214277	0.266523071992558	8.30319777807048	9.34864206478492
9.45274295786628	0.321903410168968	8.82078724301429	10.0846986727183
8.72819213056531	0.230549765673188	8.27609672484484	9.18028753628578
8.93596009250422	0.299024886349131	8.34924735587427	9.52267282913418
9.36383875183559	0.267724145362939	8.8389698843448	9.88870761932637
9.29483627130363	0.270547895150574	8.76404440845488	9.82562813415239
9.40272057986022	0.313931397513248	8.78673406179325	10.0187070979272
9.01052675920822	0.259426671693079	8.50190001974749	9.51915349866894
9.34218979685323	0.456346305158388	8.44477456526093	10.2396050284455
9.01890918781379	0.249904058384996	8.52888694120967	9.50893143441792
9.16202683283431	0.335224128458446	8.50369620072628	9.82035746494234
8.80405868039912	0.264076745285209	8.28601608929405	9.32210127150418
9.26064393479697	0.263085411226161	8.74489924641602	9.77638862317792
8.58685919635869	0.231632917966329	8.13268449315082	9.04103389956657
8.84759677881978	0.244632842083331	8.36774779241319	9.32744576522637
8.76186079469376	0.25149214362188	8.26863963820019	9.25508195118733
9.14423558407362	0.248637440945832	8.65680396020387	9.63166720794337
8.93222354577298	0.233067806739288	8.4752387833821	9.38920830816386
8.92255802246778	0.224392287708224	8.48261893611738	9.36249710881817
8.81445383325996	0.241409849780237	8.34107874170587	9.28782892481406
8.89412899608662	0.241013698010238	8.42153926648191	9.36671872569134
8.72553720472132	0.338595105924824	8.06035970535173	9.39071470409091
8.90349729306173	0.248473502154054	8.41618957177334	9.39080501435012
9.21649995293808	0.281701387874257	8.66371848972632	9.76928141614984
9.10568639804014	0.245200484551504	8.62494147477622	9.58643132130406
8.87625424322246	0.227075745994523	8.4310480946769	9.32146039176801
8.7793979683519	0.250633406764812	8.28770186625713	9.27109407044666
9.01192442550502	0.251531741844085	8.51848510939688	9.50536374161315
8.64954596565387	0.259309663538807	8.14067287927936	9.15841905202837
9.4528988632109	0.278926255570966	8.90598191687324	9.99981580954856
8.94326264852568	0.248160286378213	8.45659674641852	9.42992855063284
8.88746875834116	0.24026206384158	8.4162964738147	9.35864104286761
8.75892241190795	0.256421412080122	8.25592894536019	9.26191587845572
8.68871886590428	0.232930168499941	8.23194288793576	9.1454948438728
8.78809867120888	0.244130927815127	8.3092700637473	9.26692727867045
9.29032852200475	0.291531818721407	8.71815642545988	9.86250061854961
8.79013729028467	0.227359111243438	8.34437768441847	9.23589689615087
9.26390764044443	0.257494885503428	8.75909378090019	9.76872149998867
8.44995406502681	0.235308627332131	7.98828509113371	8.9116230389199
8.94633770519832	0.234130402191034	8.4871943647968	9.40548104559983
8.91354702979129	0.270518589563245	8.38281900914257	9.44427505044002
9.16750454086704	0.285680217546587	8.60663938752774	9.72836969420634
8.79624937248031	0.256693265281486	8.29283685750097	9.29966188745966
9.15260180876125	0.242506463714443	8.6771347072592	9.62806891026331
9.12075808507529	0.263399792805337	8.604311140056	9.63720503009459
9.17018242881408	0.251378825943119	8.67731216437214	9.66305269325603
9.11189280833127	0.240960015496853	8.63939533600447	9.58439028065807
9.13207472674635	0.237134722651819	8.66717401606291	9.5969754374298
8.94175678911926	0.231596724281177	8.48765355088585	9.39586002735266
8.51580420933043	0.234757107135158	8.05550761105522	8.97610080760564
9.09745958289258	0.23374796568603	8.63916705934871	9.55575210643645
8.42223372521917	0.266163947222259	7.89983174483286	8.94463570560548
8.93739200079977	0.261945147208411	8.42365391259553	9.45113008900402
8.87230114010162	0.252873493633931	8.37637159964178	9.36823068056147
8.41445914270435	0.248221774065456	7.9275604388243	8.90135784658439
9.18980906069995	0.230748015997625	8.73739530958764	9.64222281181226
9.41311653880815	0.281770064022138	8.86027186678035	9.96596121083595
8.85263022993226	0.283835061682492	8.29562355692101	9.40963690294351
8.82063912884346	0.246865948950697	8.33647341718974	9.30480484049717
9.45825746680633	0.2842997109688	8.90036312539467	10.016151808218
9.14719129377234	0.24492847541099	8.66680896327341	9.62757362427128
9.03387566846141	0.231664877217495	8.57959060540775	9.48816073151508
9.09061529847276	0.235125639486994	8.62957927652869	9.55165132041682
9.07383294842489	0.233011933112959	8.6170634571376	9.53060243971218
8.69581218427751	0.214754853271749	8.27460861548484	9.11701575307018
8.94651888575441	0.248130120262021	8.46000521985989	9.43303255164894
9.2198698254715	0.265566803744825	8.69923448095309	9.7405051699899
8.96024776341312	0.256272233490306	8.45769987883745	9.4627956479888
9.3887536336436	0.26947523260282	8.86040683515663	9.91710043213056
9.0658932962347	0.311296332558998	8.45441434963758	9.67737224283182
8.73562415656308	0.237194838543674	8.27039339709317	9.20085491603299
8.97797865047981	0.265370193970336	8.4575416036343	9.49841569732533
9.01622102929789	0.299053686368029	8.42922897605548	9.60321308254031
8.65506838044248	0.241940186597383	8.18072982432711	9.12940693655784
8.99727416552776	0.260853682416142	8.485542011682	9.50900631937352
8.74091407305964	0.328523033971777	8.09545956985969	9.38636857625959
9.12741810756276	0.239580299362229	8.65762860470338	9.59720761042214
9.24158720982938	0.30889095752105	8.63521640572407	9.84795801393469
9.24430215971904	0.251865087688515	8.7505068604537	9.73809745898437
8.43674353719079	0.238441590953641	7.96881132349106	8.90467575089052
8.88217479580386	0.253770679968725	8.38442335331658	9.37992623829114
8.97983663884427	0.232043022007985	8.52488805680987	9.43478522087868
8.89316959385386	0.251891151093585	8.39929040243129	9.38704878527643
9.04246548975789	0.268489078581617	8.51596894682218	9.5689620326936
8.96975041810523	0.282043614979218	8.41632539840235	9.52317543780812
9.21277450523841	0.268122901364662	8.68685671817885	9.73869229229798
9.40095216430141	0.289728500677953	8.83256963148946	9.96933469711336
9.00331308784373	0.248278746473409	8.51631611957477	9.49031005611269
8.93914136900056	0.25576235823004	8.43757831006776	9.44070442793337
8.70508797674661	0.328825914071072	8.05894603542331	9.35122991806991
9.42222632152917	0.32737431279943	8.77938873299726	10.0650639100611
8.85289698101894	0.228163693619961	8.40550256878841	9.30029139324946
9.43496050431457	0.257032867663264	8.93103066777346	9.93889034085568
8.54239398920437	0.244593816520858	8.06265918558486	9.02212879282388
8.70516721908841	0.247441779329542	8.21982802534687	9.19050641282994
8.79347403504534	0.25733414919214	8.28892096875805	9.29802710133264
8.76352268068336	0.237032436279526	8.29873346359783	9.22831189776888
8.68222301612738	0.249201062427187	8.1933124327387	9.17113359951606
8.65363259551174	0.228937326852736	8.20472163155948	9.10254355946401
8.99771890574989	0.236131219207038	8.53481422011209	9.46062359138769
8.98327407612792	0.359101356079199	8.27741212331605	9.68913602893978
8.88168471216408	0.260296777872474	8.37115404187532	9.39221538245284
9.17476338099584	0.298945774334552	8.58840940984662	9.76111735214506
9.49883156668342	0.305231862547053	8.89967440933088	10.097988724036
8.79461310422663	0.273156926754247	8.25864368231229	9.33058252614097
8.82562850482676	0.236165341290198	8.36263501790125	9.28862199175228
9.23834296027158	0.252607650478526	8.74310744598621	9.73357847455696
9.07377600945389	0.254059390637202	8.5755464551694	9.57200556373838
8.94654002866918	0.239850648288352	8.47623624073571	9.41684381660266
8.94435361863472	0.268305071077149	8.41807869371606	9.47062854355339
8.87915066144265	0.240269818576391	8.40813084665015	9.35017047623515
8.59398581864724	0.292464029080181	8.01992225395886	9.16804938333563
9.07047348247699	0.306781159217124	8.46778412642195	9.67316283853203
8.93334448114919	0.238928834843248	8.46480251092669	9.40188645137169
9.05243814361854	0.251932874640568	8.5584301436096	9.54644614362748
9.36382084253537	0.239446618319699	8.89431611823675	9.833325566834
8.71082350532858	0.257434221923767	8.20596488229846	9.2156821283587
9.08521307757075	0.238214791347191	8.61824624814276	9.55217990699875
9.288549008787	0.241234257436095	8.81555268559356	9.76154533198044
8.96421552314484	0.32980939750509	8.31690544388624	9.61152560240343
9.15462278359828	0.239949688089922	8.68417470061622	9.62507086658034
9.24259445476574	0.250596081999761	8.75114988992476	9.73403901960672
9.01883740982098	0.242803489965616	8.54279319617013	9.49488162347184
9.1136409339614	0.280262644571299	8.56410814412092	9.66317372380188
8.65542942792362	0.294418304440675	8.07730392304368	9.23355493280356
8.94737005257659	0.260388905409802	8.43673920816236	9.45800089699082
8.72183306056437	0.249056704570733	8.23339406163377	9.21027205949497
8.67002203703075	0.230968809116263	8.21712261208019	9.12292146198132
9.02950631044132	0.263681192749085	8.51237969327135	9.54663292761129
8.87514879466283	0.215327690994107	8.45298819771302	9.29730939161264
8.97265770530251	0.304940483308688	8.37389561536236	9.57141979524266
8.80795765723588	0.253606241633376	8.31065078015755	9.30526453431421
8.6885950330322	0.218469714849619	8.26029332991606	9.11689673614833
9.19087080066288	0.289826955760331	8.62234087552742	9.75940072579834
8.9252334228962	0.388572401186143	8.16141020652326	9.68905663926915
9.19521674566701	0.279471334415474	8.64682597538005	9.74360751595396
9.07955900154585	0.242094548882466	8.6048821011679	9.55423590192381
9.11315682687123	0.281137858088921	8.56176677275633	9.66454688098612
9.18045892829766	0.254082945854154	8.68223795867038	9.67867989792495
8.76217173422755	0.24424742414704	8.2833421497188	9.2410013187363
9.00300409475445	0.257126560476808	8.49852978416126	9.50747840534764
8.699856039488	0.256380990494944	8.19680067643877	9.20291140253724
8.81053109881246	0.269910944891118	8.2811080082208	9.33995418940412
8.56251384174308	0.344184077885783	7.88611119964852	9.23891648383764
8.51781811033452	0.238512331337979	8.05016861624597	8.98546760442307
9.15115935484907	0.248652852326341	8.66353156175787	9.63878714794026
9.02996952571743	0.239856139104996	8.55970509509774	9.50023395633713
9.15591686357632	0.250811456553705	8.66392710885106	9.64790661830159
8.9309505772391	0.45103379365925	8.04375981064259	9.8181413438356
8.77036945518046	0.256646442547734	8.26722522598156	9.27351368437936
8.94159832538279	0.23318859016087	8.48438564557169	9.3988110051939
8.40149092553113	0.213920221006226	7.98205353055215	8.82092832051011
9.48278970018675	0.277177954320977	8.93936567562974	10.0262137247438
8.83402686618776	0.260707921083604	8.32258919693041	9.34546453544511
9.20900072020862	0.232037329713251	8.75408164163894	9.6639197987783
9.30604139971511	0.304118121850265	8.7092925434862	9.90279025594402
8.96312249315764	0.27647173727226	8.42082445843832	9.50542052787697
9.11971420499388	0.253242126287347	8.62310092232239	9.61632748766537
9.13616659863031	0.2480667229005	8.64979407029399	9.62253912696662
9.06779809806725	0.243858057305236	8.58966561521497	9.54593058091953
8.87674628204647	0.243912572600309	8.3983694003106	9.35512316378234
9.71038068486941	0.269228499276175	9.1824191806943	10.2383421890445
9.05137588431956	0.244004807923449	8.57293330231663	9.52981846632249
8.94382566387513	0.260169469252789	8.43359292404063	9.45405840370964
8.65257380833184	0.256437911898671	8.14968203451259	9.15546558215109
8.75783805206791	0.216812072993458	8.33279431839521	9.18288178574062
9.2648983116673	0.292689082982194	8.69078428279043	9.83901234054418
8.95224000585219	0.226778325105325	8.50754219999925	9.39693781170512
9.80502589153103	0.338613296860631	9.14032480769402	10.469726975368
8.90745870903928	0.238063378440111	8.44051983140082	9.37439758667773
8.93774140164878	0.248461942805965	8.45062058223339	9.42486222106418
9.40600924756679	0.263740400556283	8.88873211765278	9.92328637748081
8.77488889715533	0.267124274932327	8.25086344720556	9.2989143471051
8.55560321385394	0.298075442924952	7.97026792939496	9.14093849831291
8.89832432015724	0.243180039367323	8.42150522020844	9.37514342010603
9.05654145676499	0.236700294768907	8.59244046276141	9.52064245076857
9.06966339529973	0.226403592107435	8.62576257698252	9.51356421361694
8.88578810576023	0.269156152712287	8.35766307212012	9.41391313940034
9.29985774455168	0.298131557148089	8.7148355578926	9.88487993121076
8.93007882179119	0.258306896420785	8.42334077085028	9.4368168727321
9.00628086076472	0.24853791637828	8.51870361607976	9.49385810544968
8.98899328931346	0.260905989162531	8.47735380890651	9.5006327697204
8.7039397779243	0.215016369845506	8.28229788876516	9.12558166708344
9.03760244746134	0.225209536729044	8.59604845043509	9.47915644448759
9.22003435262934	0.239499439841734	8.75053742317922	9.68953128207945
9.38522852583127	0.259883550324247	8.87567384751073	9.89478320415181
8.5190245135487	0.249972290646867	8.02858238042973	9.00946664666766
8.89117841417529	0.251462106483058	8.39816073428295	9.38419609406763
8.75716222863283	0.253299050223783	8.26035777431442	9.25396668295124
9.16286867475616	0.255457353118501	8.66191821959229	9.66381912992002
8.98477876455263	0.267002351128061	8.46106516898799	9.50849236011727
8.87194071911828	0.260720368707845	8.36034066340834	9.38354077482822
8.65318246181157	0.329538806097939	8.0057695892649	9.30059533435824
8.89778802419306	0.246442995195979	8.41470432789595	9.38087172049016
8.65069410366641	0.367480306175826	7.92861103488536	9.37277717244746
8.90198946669132	0.261732706291148	8.38860820707001	9.41537072631264
8.84963949766871	0.303409440250084	8.25393739082948	9.44534160450795
9.13637463294124	0.280575841511221	8.5859273773586	9.68682188852388
8.95048815062668	0.258767071831594	8.44319232524666	9.4577839760067
8.91719577680664	0.282989463255185	8.36191930367836	9.47247224993492
8.87922563553769	0.247491863720324	8.39400213785513	9.36444913322025
9.11531993214472	0.264718339427085	8.59603810489175	9.63460175939769
9.11108343519737	0.255334202597387	8.61033885607951	9.61182801431523
9.3834607155325	0.235215228198439	8.92232694228422	9.84459448878078
8.75097856955914	0.242751070921784	8.2749465395586	9.22701059955967
9.06648125269138	0.268558879263554	8.53951207454448	9.59345043083827
9.0352084921651	0.275429639749527	8.49515320081864	9.57526378351155
9.00051048937669	0.294776562407215	8.42188080345992	9.57914017529345
9.26334641011413	0.258996750875669	8.75549799534374	9.77119482488453
8.88185787697415	0.25902688213483	8.37383008956762	9.38988566438068
9.07828241754478	0.259761570020391	8.5689394592963	9.58762537579327
9.18796688712662	0.263521580116476	8.67100623193516	9.70492754231807
9.19924804214402	0.276026052568446	8.65785545002702	9.74064063426101
9.20694166498886	0.246589123939585	8.72353663003909	9.69034669993864
9.07315392399777	0.271674151121332	8.53993637138878	9.60637147660676
9.02728133944408	0.24953735006585	8.53797082134802	9.51659185754015
9.01178732146444	0.245176857143239	8.53108091328863	9.49249372964024
8.95010273494406	0.239989603518668	8.47961781899284	9.42058765089528
9.11037326396993	0.234261809475463	8.65112310876658	9.56962341917329
8.86321052724324	0.263632210928784	8.34623627353826	9.38018478094822
8.80173974483205	0.237943703707581	8.33521441773725	9.26826507192685
8.83820059145281	0.269928208657305	8.30886706104006	9.36753412186557
9.06978296489837	0.256572934288788	8.56659717345991	9.57296875633683
9.10589845181778	0.254114828226488	8.60768685370044	9.60411004993511
9.0684003120414	0.267829353426592	8.54303510503357	9.59376551904924
9.36889188200892	0.271878923059226	8.83559013313339	9.90219363088444
8.86570688018594	0.232680679838583	8.40947032505555	9.32194343531633
8.80439945566871	0.245095684241767	8.32375041147202	9.28504849986541
8.70013488896135	0.228246981691003	8.25269238593255	9.14757739199016
8.76665872631293	0.255639726151148	8.26529902204921	9.26801843057664
9.04491317099844	0.23597023961923	8.58226866809029	9.50755767390658
8.84676864569306	0.255076788903064	8.34624960754522	9.34728768384089
9.38536827187318	0.346076019121633	8.70575651691859	10.0649800268278
8.88979757081014	0.264651914938717	8.37074186597913	9.40885327564115
9.12039067828223	0.298542304215213	8.53466555723674	9.70611579932772
8.76692798106349	0.257434822769613	8.26205208751946	9.27180387460753
9.10251923194897	0.25847775475065	8.59552391853625	9.60951454536169
9.00863695508317	0.229301042696562	8.55906820799835	9.458205702168
8.85255166386312	0.253691413387247	8.35471140270869	9.35039192501754
9.0364745848533	0.265024748169905	8.51680030362692	9.55614886607969
8.91066205209268	0.227075819412873	8.46541692170867	9.35590718247668
8.80841126694192	0.258750891960773	8.30091294269607	9.31590959118777
8.79753249940367	0.282755648955412	8.24258908742632	9.35247591138101
8.94941938081342	0.297957124727545	8.3647282465674	9.53411051505945
8.91641494286618	0.234745748031722	8.45620839095036	9.376621494782
8.63035503279933	0.278942768392303	8.08285144531568	9.17785862028298
8.98274170215277	0.24894156957733	8.49440497842902	9.47107842587653
8.76629545763261	0.236474142358338	8.30264996696071	9.22994094830452
8.70769011007306	0.227974586205472	8.26071164443223	9.1546685757139
9.09305265111725	0.251364761574944	8.60021443425365	9.58589086798084
9.10588035585731	0.264712034959184	8.58641669199907	9.62534401971554
8.97296333724451	0.260117414880386	8.46267927189443	9.48324740259459
8.81676284305647	0.247058988520734	8.33240778176074	9.3011179043522
8.88654769145812	0.236539165322485	8.42264791840767	9.35044746450858
9.09015666512139	0.245603589701564	8.60841775753682	9.57189557270596
9.03500868080793	0.342503894366687	8.36189607746782	9.70812128414805
9.3101625477263	0.286264999976533	8.74850238287732	9.87182271257528
8.8344498957042	0.240937816003293	8.36194427252507	9.30695551888332
8.66062467606876	0.239089296473497	8.19180713073683	9.12944222140069
8.86402186409451	0.238440095896695	8.39651870461167	9.33152502357735
8.63664640022507	0.222411548977713	8.20053999055946	9.07275280989067
9.04123109292725	0.275270580659436	8.50112061083658	9.58134157501792
8.91466492274875	0.235025858538507	8.45384876695426	9.37548107854325
9.17462819354438	0.241546562626892	8.70101613010002	9.64824025698874
9.39588497558891	0.241927807993357	8.92166419752098	9.87010575365683
9.10174609477399	0.255637100479585	8.60035124411176	9.60314094543622
8.75249944613258	0.234561307457254	8.29252746791086	9.21247142435429
8.72320917992606	0.260100158994981	8.21280009195001	9.2336182679021
9.49174746912447	0.293967684315355	8.9148526904759	10.068642247773
9.1067605168774	0.25482304639728	8.60682688785159	9.60669414590322
9.41592416479337	0.318555922980715	8.79049779406499	10.0413505355217
9.11682708724234	0.244271898396658	8.6377462498749	9.59590792460978
9.138493215648	0.236181366665386	8.67534875038696	9.60163768090904
8.51500885871115	0.282779186341441	7.96007870450852	9.06993901291378
9.24056375047084	0.252227835081206	8.74584687592934	9.73528062501234
8.86018792413167	0.222660616942428	8.42360084562078	9.29677500264257
9.29330519423026	0.28694000049111	8.73014698160967	9.85646340685086
9.07378718628549	0.241589010956409	8.60009551578336	9.54747885678763
9.19207860667353	0.288818665795678	8.62561310798227	9.7585441053648
9.17721741890732	0.263189671574858	8.6612376266678	9.69319721114685
9.2393560587425	0.244968772993921	8.75902508908801	9.71968702839698
9.17494873145023	0.297847741692711	8.59046784120482	9.75942962169563
9.22612565036417	0.30168007579662	8.63387609588418	9.81837520484415
8.93830915599812	0.258551744048833	8.43129518066767	9.44532313132857
9.15321028456521	0.283663158175344	8.5962226138867	9.71019795524372
9.21685828274272	0.251457338545949	8.72379623388363	9.7099203316018
8.92757076965173	0.245359727606041	8.4465281779883	9.40861336131515
8.96049707193377	0.241060577054902	8.48787952802847	9.43311461583908
9.26533293700169	0.287458940214621	8.70153800509622	9.82912786890717
9.10602278499791	0.272036606222993	8.57231886450694	9.63972670548889
9.10410091012265	0.244080884613389	8.62557683662041	9.5826249836249
8.88893247556523	0.233103757316396	8.43182202013365	9.34604293099681
9.1102499798701	0.249056140350503	8.62184382304535	9.59865613669485
9.23868815271144	0.231500684286072	8.78482364468428	9.69255266073859
8.97802334811308	0.271622628479384	8.44532331899262	9.51072337723354
8.99369809258997	0.229865942005089	8.54296454081891	9.44443164436103
8.99001899149983	0.238720423554087	8.52195948706758	9.45807849593207
9.17864552966003	0.237703814688337	8.71251409908764	9.64477696023243
8.78302915925768	0.250697162394326	8.29144519131144	9.27461312720391
8.92939114277365	0.231939837924237	8.4746725534361	9.3841097321112
9.13444373116542	0.25211199434702	8.64003041492821	9.62885704740262
9.08124858304487	0.221328423193453	8.6473409622513	9.51515620383843
8.9365969541729	0.241544166747724	8.46301807604582	9.41017583229998
9.0533583215254	0.24906351878867	8.56490760408719	9.54180903896361
9.18996229673484	0.24788285934434	8.70376031568505	9.67616427778464
8.70858268670311	0.269164643532001	8.18025936007487	9.23690601333136
8.89814777347597	0.247116094373255	8.41366588711525	9.3826296598367
8.92349847652375	0.229046386799438	8.47444979869715	9.37254715435035
8.8585575613137	0.252586647902048	8.36291753342217	9.35419758920523
8.71565014204969	0.269733355630464	8.18656149096925	9.24473879313013
9.1862322458644	0.30304609820238	8.59145087962839	9.78101361210041
8.78602561006891	0.218710946326487	8.35696382417015	9.21508739596767
8.84865902214883	0.276224385818808	8.30691795742954	9.39040008686813
9.17221586480989	0.24308056467603	8.69553572596017	9.64889600365961
8.95821821625453	0.261806762364553	8.44474827232549	9.47168816018357
8.98011689445299	0.266543265189968	8.45707856054348	9.50315522836249
9.13303958723874	0.269619994580277	8.60415453268398	9.66192464179351
9.08962826259882	0.247571704819163	8.60418534995249	9.57507117524515
8.5628222093815	0.225943971557983	8.11981251298966	9.00583190577335
9.4269490902348	0.264353899435675	8.90858215797195	9.94531602249765
9.49171973049964	0.565429839157328	8.37878339541853	10.6046560655808
9.21233138822417	0.231416321502916	8.75864697233848	9.66601580410986
8.84352041199501	0.24616045423592	8.36072894941624	9.32631187457377
8.5829077723799	0.267182239902936	8.05856156135702	9.10725398340279
8.41730030006377	0.236696357842225	7.95325720981106	8.88134339031648
9.00953955380578	0.273932401112887	8.47243824244913	9.54664086516243
8.92081244859241	0.25521763617021	8.42021189908147	9.42141299810336
9.00843697414406	0.26886777051306	8.4810026341292	9.53587131415892
8.5863925807931	0.227803525273317	8.13955378240072	9.03323137918548
8.35521153705882	0.563699698718195	7.24518109382949	9.46524198028814
8.84678135158552	0.229803823028043	8.3962316746123	9.29733102855875
8.72934851815896	0.270653104379273	8.19823989757037	9.26045713874756
8.96237031282434	0.256337228680976	8.45973310337431	9.46500752227437
9.0499661060275	0.270197250803629	8.51998687583178	9.57994533622322
8.53693383409228	0.21753057838665	8.11038450903371	8.96348315915086
9.28510874320766	0.259569902237052	8.77605819913359	9.79415928728173
8.9279825049282	0.246815250165014	8.44394175639126	9.41202325346514
8.95854536619015	0.23854271286696	8.49083982424964	9.42625090813065
9.12647245797989	0.25915154670509	8.61822524085705	9.63471967510273
9.64228207347528	0.349973905965269	8.95513693219695	10.3294272147536
8.66548849437054	0.338422250816906	8.00056121523227	9.3304157735088
8.81479727451748	0.238731546741801	8.34669934770685	9.28289520132811
8.85574155133981	0.243398900634824	8.37842531433471	9.3330577883449
8.91636720961706	0.259688565634445	8.40691620588872	9.4258182133454
8.96342497402578	0.24304779693575	8.48687014474264	9.43997980330891
9.1315834105737	0.278300490556753	8.58563943298161	9.67752738816579
9.16211901943334	0.249774538979473	8.67236828571748	9.65186975314921
8.61513663855119	0.228857850103902	8.1663899162326	9.06388336086978
9.32622397791812	0.255501579633823	8.82518752487645	9.82726043095979
8.94240812880895	0.24330604820971	8.4653811632888	9.4194350943291
8.87067480471731	0.267947347136638	8.3450225542676	9.39632705516702
8.8399334510604	0.268442298163931	8.31314338773447	9.36672351438633
9.27470277337838	0.263802182519319	8.75742641435322	9.79197913240353
9.28753358921213	0.273911302455229	8.75047379009517	9.82459338832908
9.2930539431458	0.249462046045793	8.80393123807899	9.78217664821261
8.81667493303972	0.236432727969313	8.35302325321182	9.28032661286761
8.66344334108964	0.2372811949596	8.19823509052601	9.12865159165328
9.04929743330437	0.233642788201586	8.59122501064656	9.50736985596219
9.45500828445823	0.248779431832141	8.96715924068842	9.94285732822804
9.17329815468471	0.277787240138207	8.62824322815934	9.71835308121008
8.59362325740529	0.245833016317933	8.11154812162383	9.07569839318675
9.26457992250583	0.275069734047736	8.72509338897545	9.80406645603622
9.33524945740985	0.261686396423215	8.82220435171837	9.84829456310133
9.20296958600828	0.256011590501876	8.70108570318303	9.70485346883354
9.04932094774438	0.268344460861721	8.52301164996321	9.57563024552555
8.97580337382573	0.260954898429284	8.4638348389949	9.48777190865655
8.96457894558926	0.24698951709868	8.4802668628306	9.44889102834793
8.84861232186306	0.24725037351896	8.36384365922299	9.33338098450314
9.06364061531503	0.252825175150713	8.56797176668309	9.55930946394697
9.2694411612967	0.256452384770781	8.76647873737779	9.7724035852156
8.8526448896671	0.297092129188221	8.26973753234912	9.43555224698508
8.8198957504905	0.24444386534867	8.34055719305025	9.29923430793076
9.15241441994631	0.258439221511167	8.64569857641068	9.65913026348194
9.2096543288858	0.263757275954171	8.69228611157432	9.72702254619728
8.94452513482345	0.304406925676785	8.34700577699008	9.54204449265682
8.96365366500881	0.245053905340311	8.48317561382293	9.44413171619469
9.05175514730813	0.269575445783606	8.52313180838814	9.58037848622812
9.13275425303489	0.253948757203996	8.63459496119546	9.63091354487431
8.3921683290226	0.253434800364583	7.89485734217354	8.88947931587166
8.72829885890936	0.242695328254185	8.25232934440136	9.20426837341737
8.70088492443847	0.429666186315684	7.85570408505659	9.54606576382035
8.83461225959664	0.255762890563983	8.33297003788451	9.33625448130877
8.75820115917635	0.267811056998665	8.23266170941949	9.2837406089332
8.90905747798888	0.277947998172055	8.36362486812509	9.45449008785267
8.87761509289618	0.275600325503706	8.33686349634372	9.41836668944864
9.07529755415239	0.277369544441775	8.53101437076629	9.61958073753849
9.48551997978881	0.272328276952506	8.95144218746625	10.0195977721114
8.96090181799438	0.231426563890328	8.50716467922635	9.4146389567624
8.98441135397823	0.244350100989758	8.5052657689101	9.46355693904637
9.09762598416101	0.235638390022246	8.63569702442146	9.55955494390057
8.82891099378169	0.544080042435791	7.75780434891017	9.90001763865321
9.10519822056603	0.239758653677445	8.63514766564507	9.57524877548699
9.2717292413403	0.257806748734972	8.76632867878852	9.77712980389208
8.8804808703537	0.241992897679646	8.40606681065319	9.35489493005421
8.70605646085161	0.280706469169893	8.15516271163704	9.25695021006618
8.75389243936424	0.234453940253708	8.29417605201562	9.21360882671287
8.74304499490991	0.238380519461575	8.27559061654051	9.21049937327931
9.27068621313455	0.233873673505483	8.8122150646677	9.72915736160139
8.70922146200655	0.246712319831369	8.22537435721794	9.19306856679516
9.14356217097864	0.25209741768783	8.64922260362956	9.63790173832772
9.06347978582202	0.261548791026447	8.55052743932689	9.57643213231715
9.24603027422014	0.260845800731975	8.73454952744591	9.75751102099438
9.0778593692135	0.243105379235391	8.60109381993351	9.5546249184935
8.88346388976557	0.260445593395656	8.37273586934361	9.39419191018753
9.35011995092024	0.256899392044246	8.84638814582665	9.85385175601383
9.03585526631445	0.239890841036782	8.56547642302472	9.50623410960417
8.99209570431863	0.261326102214633	8.47968156074504	9.50450984789222
8.92435556331692	0.24040899036775	8.45309394227086	9.39561718436298
8.84776951148207	0.310812881923334	8.23762715696781	9.45791186599632
9.39626434830022	0.281878034926797	8.8434847128442	9.94904398375623
8.85722180707203	0.235105518560371	8.39611336346855	9.31833025067552
9.10520367032868	0.235426125015427	8.64353361432901	9.56687372632835
9.24353223117196	0.254336784574269	8.744756372542	9.74230808980193
9.09878109789087	0.23678995462555	8.63455346455173	9.56300873123001
8.79603818109728	0.246596173786993	8.3124467444414	9.27962961775316
8.96169224110862	0.257767447985456	8.45605848358004	9.46732599863721
9.15211778121364	0.312639259991752	8.53832045538887	9.7659151070384
9.15044278557578	0.234713821744134	8.69027025187581	9.61061531927574
9.39089805631408	0.238497715609051	8.92326499818652	9.85853111444164
9.07660640834947	0.335477196126349	8.41763829995156	9.73557451674739
9.10427957714383	0.410852999444159	8.2965623079849	9.91199684630277
8.84646618949506	0.23933205700474	8.37722003498971	9.31571234400041
8.46454109668458	0.216482075675601	8.04014734070328	8.88893485266588
9.0496959052826	0.429883479516972	8.20466234865861	9.89472946190658
8.84823179617471	0.233752708784298	8.38987646130195	9.30658713104747
9.13620435569653	0.260122082514823	8.62612288936395	9.64628582202912
8.93569487494745	0.253168482618265	8.43938944015391	9.43200030974099
9.25922582820125	0.251151300326508	8.7666496753297	9.75180198107281
9.07034857219531	0.251532927402397	8.57722453669007	9.56347260770054
8.90428411441845	0.26789351888835	8.37880895211922	9.42975927671769
9.52749055633977	0.255500023031618	9.02651707941778	10.0284640332618
8.76691051576527	0.245884393191693	8.28457052946152	9.24925050206902
8.60265239056991	0.252986955958739	8.10630545137965	9.09899932976017
9.45954950181179	0.274649900767568	8.92086592846898	9.99823307515459
8.77746463243336	0.23761604027503	8.31151243660509	9.24341682826163
8.84976331693697	0.239318596358946	8.38032524337926	9.31920139049468
9.11842146524566	0.290620528986423	8.54803854247864	9.68880438801267
8.72975920705089	0.289709358969804	8.16105489547992	9.29846351862187
9.1942062187678	0.2517779004629	8.70052190573793	9.68789053179767
8.75345971237428	0.225583069709769	8.31104838659162	9.19587103815693
8.82001338284785	0.234241146772657	8.36072943276941	9.27929733292629
9.31596676543094	0.245846027329516	8.8339611937054	9.79797233715649
9.3001618052545	0.27459186014973	8.76167207529386	9.83865153521513
8.63702285425572	0.229477110079178	8.18690568146641	9.08714002704502
8.79025390626493	0.256704375001977	8.28671269245352	9.29379512007634
9.17688469197999	0.248885563223836	8.68895145641096	9.66481792754902
8.75395864224713	0.242166345824646	8.27881396687638	9.22910331761787
8.79373200388676	0.258728703872737	8.28600679178604	9.30145721598747
8.72547350151614	0.26379134583186	8.20821920649251	9.24272779653977
8.65019599976763	0.25719431511332	8.14560735932024	9.15478464021503
9.08439093804262	0.267834527444138	8.55899488320619	9.60978699287905
8.31670619091067	0.241601103731773	7.84272689700884	8.7906854848125
9.06083584399546	0.245859652669118	8.57885586397476	9.54281582401617
9.19255473239954	0.300068048623899	8.60372894536142	9.78138051943767
9.2114354229059	0.29331322978636	8.63601777935916	9.78685306645264
8.91223571821866	0.254065709847212	8.41396717349535	9.41050426294197
9.4868701905621	0.249600337098628	8.99747151336582	9.97626886775838
8.89258005915933	0.277252640593043	8.34860234265627	9.4365577756624
9.34023065721417	0.285008349917496	8.78123820301327	9.89922311141508
9.22536931263085	0.244129842700566	8.74656370868108	9.70417491658062
8.76669396804245	0.235749445998905	8.30432653504575	9.22906140103915
8.72205307491399	0.340316067294971	8.05324515760609	9.3908609922219
8.81513731303513	0.23436860725901	8.3555910874978	9.27468353857245
8.74772683831111	0.239330000518578	8.27854040585244	9.21691327076978
9.04871967876051	0.23613111218252	8.58581886425308	9.51162049326794
8.87859812136577	0.274358174884673	8.34021809116561	9.41697815156593
9.20156652809794	0.417102896180335	8.38141986239081	10.0217131938051
9.20754947434455	0.277268595497491	8.66345065357124	9.75164829511786
8.98439940946605	0.235081887889749	8.52346509065412	9.44533372827798
8.95422564737525	0.239453206264197	8.48475791553196	9.42369337921854
9.24111950010664	0.238242055261809	8.77381495890628	9.708424041307
9.35702445550628	0.283488863847484	8.80085995874014	9.91318895227242
9.30035646005411	0.261229413634064	8.78824694616141	9.81246597394682
8.57113192467016	0.248837657429509	8.08296496858839	9.05929888075193
9.09546568181337	0.256496624134625	8.59243628121253	9.59849508241421
9.0604213132024	0.240356413647603	8.58916169460634	9.53168093179845
9.00748048174596	0.244509344157312	8.52799579095908	9.48696517253283
9.03565375686659	0.240008343666488	8.56502900992982	9.50627850380335
9.2501154812075	0.262063327669702	8.73631515295835	9.76391580945666
9.22248753650705	0.280868517940165	8.67175589612848	9.77321917688562
9.03428335766576	0.28065512062054	8.48361839898602	9.5849483163455
9.00410332921823	0.26742092118875	8.47947787483013	9.52872878360633
8.82733456562603	0.269796453095006	8.29804639170237	9.3566227395497
8.77007318819947	0.223923924756677	8.33098649177945	9.20915988461948
8.80125334793128	0.270450377816402	8.27071348310081	9.33179321276174
9.0376351446028	0.245227214825561	8.55680150728715	9.51846878191846
9.05609001226441	0.282357451431835	8.50189399402482	9.610286030504
8.78754398912612	0.240328736455456	8.31621391082604	9.2588740674262
9.35006888018741	0.297549319121592	8.76641531300097	9.93372244737386
8.8033978461591	0.278656460156429	8.25670834334549	9.35008734897271
8.8440854136146	0.244998732365557	8.36357235001695	9.32459847721225
9.18039817804016	0.25209384513708	8.68617633494435	9.67462002113597
8.93357336811566	0.387908157009769	8.1711014337032	9.69604530252811
9.27457411216743	0.275422524594035	8.73438922897171	9.81475899536314
9.21750837491928	0.269693642339766	8.68857361426123	9.74644313557733
8.83699770708008	0.234552720345067	8.37700369601005	9.2969917181501
8.66097220340778	0.32537760389715	8.02202239217367	9.29992201464189
8.75933041753896	0.264302516892005	8.24066743671579	9.27799339836212
9.03285202229838	0.252301871876855	8.53810566124466	9.52759838335211
8.79239705211538	0.231927994934101	8.33760487175907	9.24718923247169
8.89305210442106	0.223756710040507	8.45436564490434	9.33173856393778
8.78689861174248	0.248296109955058	8.29984200172185	9.27395522176311
9.30377591951231	0.257033248945552	8.79979623561004	9.80775560341459
8.80959754596177	0.247006772299307	8.32529266589169	9.29390242603186
9.23128289095686	0.300599512536376	8.64125407065009	9.82131171126362
8.945314365794	0.250655192489785	8.45381066737429	9.43681806421371
8.94601167314212	0.242288621133285	8.47089276045675	9.4211305858275
8.93337089705682	0.242892591205357	8.45705811632937	9.40968367778426
8.89171939523277	0.294610485036496	8.31335202914688	9.47008676131867
8.91813105686348	0.241144057744873	8.44518756694192	9.39107454678505
8.66895648293238	0.2550063290217	8.1687749589278	9.16913800693696
8.44589039240005	0.301589735882602	7.85326512612855	9.03851565867155
9.05235812252501	0.2438262042007	8.57416389101613	9.53055235403389
9.15542133309357	0.244931462135621	8.67500774307179	9.63583492311535
8.7754958114489	0.272514797812953	8.24087469034057	9.31011693255722
8.89078347416033	0.250723328481613	8.39913697479753	9.38242997352313
8.73385791991174	0.261816834411905	8.22016678028268	9.2475490595408
9.45982489147795	0.300191724348127	8.87082120267102	10.0488285802849
8.99628705215883	0.260798488212336	8.48474712426088	9.50782698005678
8.81620247560131	0.231494365943997	8.36214926675432	9.2702556844483
9.1725403017161	0.248101321418168	8.6861486303198	9.6589319731124
8.56577850925934	0.222309233130523	8.12981364087463	9.00174337764405
8.95638924294154	0.238173689492961	8.4891456705613	9.42363281532177
8.9314730249454	0.247263575235794	8.44643426507042	9.41651178482038
8.84109774797875	0.241069421200208	8.36826919863824	9.31392629731926
8.83150174363558	0.270713809982899	8.30022339730754	9.36278008996362
9.08597607956366	0.324779537073259	8.44860821766135	9.72334394146596
8.77877766495887	0.223345782664351	8.34076863769949	9.21678669221825
9.06410367836357	0.262628830873734	8.54884241467669	9.57936494205046
8.77151075606844	0.245396168456066	8.29021717616257	9.2528043359743
8.97134258737459	0.238146812254546	8.50442646632257	9.43825870842661
9.37348178372496	0.236675871725449	8.90945458110744	9.83750898634248
9.27075558841345	0.2946732440197	8.69256496127146	9.84894621555544
9.08923413242687	0.2742957044809	8.55079212490007	9.62767613995367
9.0370918737301	0.260666427828534	8.52584896780188	9.54833477965832
8.71908475876662	0.23144625507083	8.26530459322977	9.17286492430347
8.75636635356886	0.234553341777695	8.2964439652401	9.21628874189762
8.98727241717753	0.269936007631381	8.45772970054092	9.51681513381413
8.93081941382879	0.250251342798366	8.4401829479257	9.42145587973189
8.9537155872033	0.257399284238126	8.44882342189396	9.45860775251265
9.43638308811514	0.366849535447712	8.71627293781604	10.1564932384142
9.05106567279099	0.283432037526609	8.49484899109542	9.60728235448657
8.87612197221466	0.233466342385598	8.41826895724404	9.33397498718528
9.48770498039582	0.267614859082125	8.9629928521495	10.0124171086421
9.03019855280654	0.266933668573693	8.50669334393393	9.55370376167915
9.22807576859206	0.23233775365334	8.77256815689769	9.68358338028643
9.1752947951027	0.28499370622624	8.61617745191096	9.73441213829444
9.07380646660298	0.277849337518183	8.52860860123949	9.61900433196648
8.98894921315268	0.24720351192095	8.5042984649758	9.47359996132956
8.86252053913203	0.2609982864586	8.35071049432967	9.37433058393438
9.250854078735	0.247661677621194	8.76535576304964	9.73635239442036
9.25957443373375	0.294361899052815	8.68171029491379	9.8374385725537
9.1769569269865	0.245468215438486	8.69573656468105	9.65817728929194
8.72747785164476	0.222329626194652	8.29155163687023	9.16340406641929
9.23341402390034	0.261423717276735	8.72062920615024	9.74619884165044
9.12385409038978	0.248039578690273	8.63757075300845	9.61013742777112
9.30723124198821	0.272093309766823	8.77379187947148	9.84067060450494
8.92897097615876	0.247029612543496	8.44437482611722	9.41356712620029
9.43314162838159	0.272534882725061	8.89881943622603	9.96746382053715
9.11390375087398	0.253263735337493	8.61720355804764	9.61060394370032
9.11351490959634	0.245882909626324	8.63125334440371	9.59577647478896
9.25345688852142	0.256023382180511	8.7515514759691	9.75536230107373
9.0129917399513	0.235062010443137	8.55218609535363	9.47379738454897
8.88659566006421	0.241785094862247	8.41248862128461	9.36070269884381
8.65274631168226	0.24784289292343	8.16667003778525	9.13882258557927
9.01044968570207	0.251421558533142	8.51749475261823	9.50340461878592
8.85222527325603	0.347946153200391	8.16834250647845	9.53610804003361
9.0663562506898	0.276745956893981	8.52327671511307	9.60943578626653
9.00201640783883	0.397495364167287	8.22059350977004	9.78343930590762
8.80778394755518	0.258049742537324	8.30133812125232	9.31422977385804
8.85555638575893	0.250525397235423	8.36434421860792	9.34676855290993
8.77318850856473	0.240221859011016	8.30225758410384	9.24411943302561
9.04297134292232	0.243456931840299	8.5656427930028	9.52029989284185
9.04912874682573	0.24589497671351	8.56701071456166	9.53124677908979
8.77705137942049	0.224855872242543	8.33612438988602	9.21797836895497
9.21238735748298	0.249018395708561	8.72421692978017	9.70055778518579
9.35895926033777	0.306562838407171	8.75759060331133	9.96032791736422
9.10529983055863	0.256687131767432	8.60175900478331	9.60884065633394
9.33218986163127	0.242397729950288	8.85695448768347	9.80742523557908
8.88865358415499	0.243164763498181	8.41190619342582	9.36540097488417
8.78040014721405	0.256201233734551	8.2778661279741	9.28293416645401
9.14636462726861	0.2428677327765	8.67016793590356	9.62256131863366
8.93089964747635	0.267506051039257	8.40626491280117	9.45553438215153
9.25697426081428	0.248094964755224	8.77052857428626	9.74341994734229
9.22070967839514	0.244906141327053	8.74054423028339	9.70087512650689
8.76012942886563	0.235369241217318	8.29860048771944	9.22165837001183
8.75804170068132	0.238578230882887	8.29021554293243	9.22586785843022
8.65306338851981	0.219717617735218	8.22221423613542	9.0839125409042
8.8618534173058	0.2646752926135	8.34289336340974	9.38081347120187
9.11008476577239	0.27130438244553	8.57782363419703	9.64234589734776
9.33332220245595	0.263384854571204	8.8167735113837	9.8498708935282
9.2137173849341	0.281502479494967	8.66161562999878	9.76581913986943
8.80674295356277	0.247332152148544	8.32177128337297	9.29171462375257
9.27512633865241	0.564798552344709	8.16376274123109	10.3864899360737
9.11612829812785	0.223831986836414	8.67720898531709	9.55504761093862
8.99861201464888	0.284409380880847	8.44063193070413	9.55659209859364
9.19390118694534	0.253474805981105	8.69668534444726	9.69111702944342
8.92612013546948	0.247327524225179	8.44095544767724	9.41128482326172
8.9280685686567	0.290639017518556	8.35772109316542	9.49841604414799
9.04426360913282	0.264187815075704	8.52608451218315	9.56244270608249
9.35095139155041	0.263759951015701	8.83360924194453	9.86829354115629
8.91198961464367	0.246981065093225	8.42748072034518	9.39649850894216
8.77245301043069	0.25382401173396	8.27464470963081	9.27026131123057
9.07114253082512	0.381099459105195	8.32198132809487	9.82030373355537
8.90116521712542	0.288410690503169	8.33528397095887	9.46704646329197
8.68708019916505	0.22482736427856	8.24622370398553	9.12793669434458
9.28329729128996	0.257430605386764	8.77864965424054	9.78794492833939
8.83710624518343	0.253556173785916	8.33999954950692	9.33421294085994
9.30975600412894	0.272959344089747	8.77437857379627	9.84513343446162
9.10200566002603	0.268785740802494	8.57462610659671	9.62938521345535
9.37949359890973	0.270410330590812	8.84903890707464	9.90994829074483
8.92981028637641	0.266842471666951	8.40647555521399	9.45314501753883
8.97981284631628	0.26214592561917	8.46563927474766	9.4939864178849
9.4147987559295	0.228127464169586	8.96750257339036	9.86209493846864
8.39550135098195	0.288428329877216	7.82941716631402	8.96158553564987
9.00500731442953	0.279553318103504	8.45628149647206	9.55373313238699
9.05887108235252	0.253453349069323	8.56193453015925	9.5558076345458
9.09171796977444	0.251484441305909	8.59852883881988	9.58490710072901
8.78802307085189	0.213519896154509	8.36941954333681	9.20662659836697
8.27396774964248	0.215048079872102	7.85223263106713	8.69570286821783
8.55138299428563	0.258850159418458	8.04375805780664	9.05900793076463
9.48339120309621	0.248053551446798	8.99700424512477	9.96977816106764
9.01431134565699	0.275515386627158	8.47383811748603	9.55478457382794
9.0026280366812	0.221378112936794	8.56865178229341	9.436604291069
9.02129713723522	0.369635344124281	8.29506702554034	9.7475272489301
9.1398891585383	0.246662140207595	8.65624231775852	9.62353599931808
8.99035200682826	0.307353703244187	8.38709538118363	9.59360863247289
9.41449880409754	0.258716671526493	8.90727563135757	9.9217219768375
8.93685203240333	0.299359423850387	8.34928211309978	9.52442195170688
9.27747750987945	0.309500549142038	8.66983085964692	9.88512416011199
9.10094513508298	0.251432218894734	8.60774315979288	9.59414711037309
8.59887842393896	0.217709833663316	8.17197136374737	9.02578548413056
8.91728623624308	0.229902060600562	8.46660717586921	9.36796529661695
8.82716797206377	0.256291865998719	8.32430473142062	9.33003121270693
9.09639427668308	0.271893090984244	8.56294099475516	9.62984755861101
8.81457164096746	0.261445212555595	8.30174737172825	9.32739591020668
8.92690524980095	0.2269732520245	8.4818931769309	9.371917322671
8.82385263582648	0.261475091630419	8.31108104077474	9.33662423087823
9.34389305130203	0.283049816464195	8.78880278619258	9.89898331641149
8.82342509022575	0.311125732660274	8.21256257030185	9.43428761014965
8.54140841601393	0.245484379122829	8.05982538240194	9.02299144962593
9.15787561796113	0.262688122035003	8.6426810750329	9.67307016088936
9.15727170010421	0.281542153783658	8.6050457191748	9.70949768103363
9.04898557732092	0.236476508497027	8.58534548073122	9.51262567391063
9.00202164865281	0.246244157290602	8.51892966407349	9.48511363323213
8.80355931761206	0.221384981426436	8.36951011790378	9.23760851732035
8.80891910337471	0.261144241643618	8.29669385369888	9.32114435305053
9.17422381099168	0.243939358422496	8.69575456274826	9.65269305923509
9.32121853418296	0.269951562105739	8.79182334410382	9.85061372426211
9.16527434308743	0.230220416557392	8.71384306376111	9.61670562241374
9.05840820808423	0.246498078391494	8.57501809153389	9.54179832463456
8.80566306077696	0.331446181618014	8.15463347902628	9.45669264252763
8.91393022610784	0.283138245619006	8.35857634979532	9.46928410242036
8.96471642376163	0.240179908934747	8.49357853643568	9.43585431108757
8.79475731573119	0.248344811288077	8.30755151741147	9.28196311405092
8.86262584537422	0.270004461192865	8.33293579353443	9.39231589721401
8.95594153887886	0.282944009143185	8.40108862604491	9.51079445171282
8.87159332039948	0.231332992279776	8.41793445374005	9.32525218705891
9.13758595532203	0.261118264232334	8.62547338137434	9.64969852926971
8.71922186642395	0.258623932526015	8.211920192329	9.2265235405189
9.21879442965259	0.238704732629926	8.75079159594783	9.68679726335735
8.98385345722748	0.308180319715869	8.37896801230985	9.58873890214512
9.05440946287542	0.255930559301286	8.55228787229055	9.5565310534603
9.08725086891786	0.238800315001836	8.6191104141121	9.55539132372362
9.09885202235095	0.254314835741324	8.60024327604976	9.59746076865214
8.82845414045754	0.291292342226293	8.25657175107972	9.40033652983535
8.85435388468636	0.256441465755638	8.35131132920261	9.3573964401701
8.53351378976177	0.221628908768728	8.09900987693978	8.96801770258376
8.83364404625252	0.243338172134273	8.3564204547517	9.31086763775335
8.86089817623734	0.247214209939843	8.37621236815567	9.345583984319
8.86444967744674	0.245877257795855	8.38229902940698	9.34660032548651
8.57896434027737	0.250663901363165	8.08712341842582	9.07080526212892
8.64311706270294	0.228327676665215	8.19546737563034	9.09076674977553
9.16171681035437	0.2392684183689	8.69252210167698	9.63091151903176
9.18597734698319	0.244878784161184	8.70589954153429	9.66605515243209
9.07771409663798	0.254172937962613	8.57916635491054	9.57626183836543
9.26588937361987	0.234260745259956	8.8066133923862	9.72516535485354
8.86122468744119	0.274064482375254	8.32347087447528	9.3989785004071
9.2881709847654	0.279303104031486	8.74064101979603	9.83570094973476
8.92453748945595	0.228554534110596	8.47637969163331	9.37269528727859
9.0620696935168	0.248780153230467	8.57425769529996	9.54988169173363
9.22061291537643	0.251625565893099	8.7271921705199	9.71403366023296
9.38547119813634	0.275444799443717	8.84509030897628	9.9258520872964
8.83450745772996	0.257539677170574	8.32923459551883	9.33978031994109
9.25758487776633	0.313732388133517	8.64185250015263	9.87331725538004
8.72456969937059	0.250905348136611	8.23249935845596	9.21664004028523
8.67270348947937	0.251228216132164	8.17986180595846	9.16554517300028
9.04759023717925	0.31048681421632	8.43814535897608	9.65703511538242
9.08784171783897	0.26474917702638	8.56868392194574	9.60699951373221
9.14154144279538	0.231914608526219	8.68684583727453	9.59623704831624
8.92552469873981	0.238177445343161	8.45853802600697	9.39251137147266
8.9803581052125	0.231858456287485	8.52579225641093	9.43492395401406
8.88111811697165	0.265548766594194	8.36013439702333	9.40210183691996
9.35703622825768	0.286558520776923	8.79500260442259	9.91906985209276
9.30294794205649	0.276236825509094	8.76111244810327	9.84478343600971
9.12261156483319	0.28185112737572	8.56971845111539	9.67550467855099
8.62220755523202	0.269357475301727	8.09369077323081	9.15072433723322
9.10584796102546	0.30706280401891	8.50305366340853	9.7086422586424
8.8850822846899	0.221773920603103	8.45030522344669	9.31985934593311
9.01226402014409	0.258213334406092	8.50572904783693	9.51879899245124
8.99761376068117	0.248599301658894	8.51003347017725	9.48519405118508
8.82027697726026	0.216040922565834	8.39675807439936	9.24379588012116
8.8432452950236	0.250340336742719	8.35236273623825	9.33412785380895
8.91736571669767	0.250233960451466	8.42662777099184	9.40810366240351
9.37351340807333	0.279045694500291	8.82606917223804	9.92095764390862
9.11840531187796	0.245736985476154	8.63658984173465	9.60022078202128
9.13964096144184	0.238262265654591	8.67247675653585	9.60680516634784
8.84064808518728	0.254598536047719	8.34122229593904	9.34007387443553
8.95562997900817	0.237043485059239	8.49075659165936	9.42050336635698
9.02608263975236	0.269040383217971	8.49831516695685	9.55385011254786
9.03793260156789	0.367153610880216	8.31635906254223	9.75950614059354
9.30534988338149	0.256928114341488	8.80155836727652	9.80914139948646
8.89113641129956	0.253164175349662	8.39468321979773	9.3875896028014
9.47097992291836	0.257268256100774	8.96651197103725	9.97544787479947
8.59882164498559	0.286030987704861	8.03748499624609	9.1601582937251
9.54056716284995	0.257764468920756	9.03528461721714	10.0458497084828
9.01963151673558	0.318732104411662	8.3934773537625	9.64578567970867
8.83501729551371	0.254541113804791	8.3356739533782	9.33436063764922
9.20388204827395	0.236412012501753	8.74019950453266	9.66756459201524
9.49357069624705	0.233531411116947	9.0357439847602	9.95139740773391
9.2789129503183	0.240419833995266	8.8075786188713	9.75024728176529
8.73638501854885	0.251144400606782	8.24364668405696	9.22912335304075
9.31866536018815	0.258737567602249	8.81124995796707	9.82608076240924
9.16211533722474	0.313927992282662	8.54571775741921	9.77851291703026
8.6347246056783	0.216116299100202	8.21096274731675	9.05848646403984
8.95745477733515	0.247113288399559	8.47252195396357	9.44238760070674
9.28782985194044	0.249376616921221	8.79875878261028	9.77690092127061
8.97502979578829	0.248952307558141	8.4868740424925	9.46318554908409
9.17049947006701	0.251034552222875	8.67825615137335	9.66274278876067
8.96450733897241	0.248693167205243	8.47688517841034	9.45212949953449
8.90084654337287	0.276804705620484	8.35772324932995	9.44396983741579
8.70971698633718	0.24185924720416	8.23547966719448	9.18395430547989
9.0100268076601	0.248107273477821	8.52353023440386	9.49652338091635
8.99997103404087	0.265711891172156	8.47856184646401	9.52138022161774
9.0260042799158	0.294149947937159	8.44876288755333	9.60324567227826
9.3480691778469	0.248999509556466	8.85989113459301	9.8362472211008
9.06976688641726	0.257606243642595	8.56470786589632	9.5748259069382
8.81426523248078	0.35315995552929	8.12027230647949	9.50825815848207
9.30426630498193	0.242620288242547	8.82862307804616	9.7799095319177
9.02746799128593	0.279350000809523	8.47930922824772	9.57562675432415
8.38351309517802	0.243823386594785	7.90521684327483	8.8618093470812
8.96324095705918	0.298782417414054	8.37695013106034	9.54953178305803
9.35265892968937	0.258941647021811	8.84499552902227	9.86032233035648
9.09485932977384	0.240865107783243	8.62252924916373	9.56718941038396
8.82808722593773	0.246973388710863	8.3436101470171	9.31256430485836
9.06526706612785	0.291411645909948	8.4934757289693	9.63705840328639
9.13262814546815	0.227349631686772	8.68695569642239	9.5783005945139
8.84696754617018	0.234232586027257	8.38761152787609	9.30632356446428
8.70318690358875	0.239705664891907	8.23310254330507	9.17327126387244
9.09390501314974	0.266577445155792	8.57099195027186	9.61681807602763
9.38807574570776	0.264230529994253	8.8699525320501	9.90619895936542
8.96510068769637	0.264407939067449	8.44652136705908	9.48368000833367
8.85183357113951	0.296612594238799	8.26970675603118	9.43396038624784
9.15873662913077	0.305090630555214	8.56014997103561	9.75732328722593
9.07372976237025	0.25810873474274	8.56744133948651	9.58001818525398
9.16081610442393	0.240931408898973	8.68845052480482	9.63318168404304
8.99801837040394	0.246095294263635	8.51552808274772	9.48050865806016
8.88007936174959	0.234330117694928	8.42068598250593	9.33947274099324
9.02764080547525	0.24281278090283	8.55162391342049	9.50365769753002
9.38604584717161	0.284468108869834	8.82820347552583	9.94388821881738
8.90114897758883	0.252653126677629	8.40566068182611	9.39663727335156
9.23242458787638	0.261912303235464	8.7190276227881	9.74582155296465
8.76111508858746	0.222180966272298	8.32554145067836	9.19668872649656
8.64609708335477	0.233283026518201	8.18850654323036	9.10368762347919
8.96840585238218	0.237090243873297	8.50344388040341	9.43336782436094
8.71775057391359	0.24046943940074	8.24625831054012	9.18924283728706
9.1990076146556	0.345153195362315	8.52116114931918	9.87685407999201
8.92224007319085	0.243946978271316	8.44390606363994	9.40057408274176
9.12650223289568	0.247148100857512	8.64180100010514	9.61120346568622
8.79990967903512	0.270591783593969	8.26913299733009	9.33068636074015
8.85413048571285	0.236720084697933	8.39000886240687	9.31825210901883
8.85433474195247	0.376648030120589	8.11372430103393	9.594945182871
9.26030689310852	0.256501166230874	8.75733701935001	9.76327676686702
8.96464058743716	0.255256726878429	8.46396944149896	9.46531173337537
8.59146254969802	0.251481064322774	8.09819712226247	9.08472797713357
8.89672865177522	0.260481408411641	8.38580893326945	9.40764837028099
9.10618095421051	0.237439139482351	8.64064002635268	9.57172188206834
8.87280577312806	0.256965620216302	8.36866889261277	9.37694265364334
8.71859800801391	0.227877729640249	8.27184479855444	9.16535121747338
8.89851472077988	0.318946096546447	8.27249926508372	9.52453017647603
8.8728357813944	0.221236012498065	8.4389980414961	9.3066735212927
8.79171223916688	0.265977700678617	8.26990850036869	9.31351597796507
9.05215214729371	0.275984441933296	8.51073771698055	9.59356657760688
8.65351808208755	0.239091591405103	8.18457392443004	9.12246223974506
8.97270178513724	0.422277204111987	8.14202590259053	9.80337766768394
9.09736274631167	0.337328668457561	8.43514953224408	9.75957596037927
9.05098544519331	0.320414002710769	8.42176256659193	9.68020832379469
8.93633496539663	0.275400731485953	8.3959864867948	9.47668344399846
8.90872431535256	0.258907335090449	8.40079462611186	9.41665400459325
8.94171748283376	0.281104659783151	8.39024812043422	9.49318684523329
8.84472116540373	0.247932556874781	8.35856883953538	9.33087349127208
8.71654226803015	0.26500588164728	8.19679254139757	9.23629199466273
8.79263512636767	0.243915273956779	8.3144186392166	9.27085161351873
8.62317049269806	0.235146302443916	8.16208065388728	9.08426033150885
8.58675809682537	0.250877820603692	8.09482558743939	9.07869060621134
8.75425667253167	0.215198250945998	8.33229854109114	9.17621480397221
8.67602333662384	0.232972275585797	8.21920642608311	9.13284024716456
8.96398408928675	0.253038026048568	8.46776209780124	9.46020608077225
8.70744978445263	0.251049792061883	8.21499655955734	9.19990300934792
9.21852900472583	0.238632260115008	8.75062205050831	9.68643595894335
8.63111453840945	0.24167809985259	8.15695280588442	9.10527627093447
8.58379102661363	0.383857045326908	7.82911126649463	9.33847078673264
9.36320701542289	0.265536088343154	8.84249907467862	9.88391495616717
8.77123281127207	0.237465529129567	8.30551407618464	9.23695154635949
8.93758264449313	0.289815793602258	8.36883487434056	9.5063304146457
9.03307307089494	0.266048669043636	8.51117458962006	9.55497155216982
8.95274766619556	0.245149707743297	8.472065077905	9.43343025448612
8.62646737212197	0.24082498434379	8.15425302650412	9.09868171773981
8.97338359333005	0.237456797373195	8.50771229293995	9.43905489372014
9.08333017445911	0.287401969708213	8.51942865383522	9.64723169508299
8.97308735472095	0.253765049547722	8.4754143048921	9.47076040454979
8.77997988453766	0.294384204198372	8.20187605821202	9.35808371086331
9.41060549877134	0.275507692298109	8.87045768737384	9.95075331016885
8.98808064141978	0.29783872904393	8.40331774182171	9.57284354101785
8.98425577960749	0.235918697691735	8.5218003236885	9.44671123552648
9.29604166479246	0.437525090493874	8.43583795351734	10.1562453760676
9.01386265665958	0.23272421980144	8.55753885413688	9.47018645918228
8.61840550336412	0.235214537561828	8.15720922983258	9.07960177689566
8.8385891399239	0.238174969813597	8.37144568293926	9.30573259690854
8.81734851812179	0.228493111135123	8.36933981167349	9.26535722457008
8.96449478582602	0.259281144720892	8.45607474329431	9.47291482835774
9.04040189206755	0.252546353404036	8.54518323980088	9.53562054433421
9.02002897846091	0.241754294800681	8.54601817196783	9.49403978495399
8.97116638672121	0.283915711079034	8.41412149018634	9.52821128325607
9.27467674882427	0.270405399475768	8.7445101156135	9.80484338203505
9.31146092629614	0.258488988677578	8.8045770119351	9.81834484065718
9.05673518184419	0.232538409344397	8.60086933834226	9.51260102534612
9.04808105787956	0.259851775192656	8.53846671811711	9.557695397642
8.60788205503207	0.229921513859259	8.15709877831674	9.0586653317474
8.71862712670855	0.256430375733875	8.21567009642305	9.22158415699406
8.84356713296813	0.23545419409919	8.38193989096016	9.30519437497609
8.99553496935547	0.244946039374762	8.51517947713765	9.4758904615733
9.33760815351488	0.248661920983617	8.85006246808195	9.82515383894781
8.71843201527958	0.28623219780984	8.1569616608286	9.27990236973055
9.19980359471209	0.252549011758138	8.70464776195494	9.69495942746924
9.1531475216038	0.222520329357508	8.7168953269236	9.589399716284
8.98095100293353	0.266327276696839	8.45861352447775	9.5032884813893
8.83827766736066	0.222673283231131	8.40159420137159	9.27496113334974
9.24265050555307	0.241863376999862	8.76848617148476	9.71681483962138
9.24375410747234	0.26199590482988	8.7299149549227	9.75759326002199
8.6815881143948	0.2578620372639	8.17577699247391	9.18739923631569
9.26027074120914	0.290987704410584	8.68937186707331	9.83116961534497
9.04013339863168	0.289712649978007	8.47182522265262	9.60844157461075
9.14973307751437	0.258029249534008	8.64377699049478	9.65568916453396
8.75271439902109	0.239875642388213	8.28224454068027	9.22318425736191
8.72451333167465	0.230569680195836	8.27239686877872	9.17662979457058
9.09018515267698	0.275207560551881	8.55017884607083	9.63019145928312
8.57583408865318	0.26121549321752	8.06360322473107	9.08806495257529
8.87908073607147	0.233664182201084	8.42099604483912	9.33716542730381
8.983724027471	0.227165830401686	8.53824789898326	9.42920015595874
9.40971606188801	0.404514364795617	8.61448238606412	10.2049497377119
9.00423337875159	0.231490900791465	8.5503775159718	9.45808924153138
9.06326941211257	0.262519678432563	8.54825694207604	9.5782818821491
9.21801794305453	0.26680569335635	8.69489726882072	9.74113861728834
9.13423998814166	0.267170352624304	8.61035342163012	9.65812655465321
8.87942486433844	0.260799633522289	8.36778515487453	9.39106457380235
8.83316021767199	0.253553891130892	8.33596198407601	9.33035845126797
9.08017702583385	0.278629221597028	8.53374989160242	9.62660416006529
9.04786688929928	0.330622732499029	8.3985722264156	9.69716155218295
8.98236049180745	0.250848703031661	8.49052183712516	9.47419914648973
9.3365415876193	0.263178448357821	8.82050474109915	9.85257843413945
8.62361422705522	0.247132830160846	8.13884555902701	9.10838289508342
8.78318821825543	0.238568363795051	8.31520628723467	9.25117014927618
8.48789653507711	0.233347714004475	8.03033794315343	8.94545512700079
8.79956058951307	0.313883676360325	8.18285220816635	9.4162689708598
8.85581098674767	0.248576299292084	8.36818411046433	9.343437863031
8.98828285142659	0.251001587059356	8.49607098861675	9.48049471423644
8.95133443972767	0.281739476555122	8.39829096035398	9.50437791910135
9.0283252749669	0.235715914048418	8.56619323819916	9.49045731173464
9.0598001921096	0.246940677623353	8.57555017825007	9.54405020596913
9.20451261721024	0.254644975464622	8.70524339969717	9.70378183472332
9.47327757014627	0.263786026137744	8.95599420500892	9.99056093528361
8.96105737372718	0.243383513110387	8.48379454103723	9.43832020641712
9.12866308918659	0.287594844135415	8.56451053000508	9.69281564836811
8.81596660707055	0.222917965971313	8.37889294628129	9.25304026785981
9.06711823644938	0.327218546292386	8.42461306516043	9.70962340773833
8.93627681375788	0.237970882798389	8.46953154650205	9.4030220810137
9.45822405115127	0.247289348935061	8.97344975375898	9.94299834854357
9.02924962956188	0.242880174098324	8.55306097066348	9.50543828846028
8.9786048699904	0.239351556783212	8.50937838217867	9.44783135780212
8.6916600688217	0.244502350415772	8.21198101507612	9.17133912256727
9.35151971265849	0.275353865368192	8.81160517003189	9.89143425528509
9.04565997298553	0.243545347660408	8.5682015266567	9.52311841931436
9.1558370086829	0.265705460180992	8.63450611709557	9.67716790027024
9.1940291195447	0.259948709514427	8.68412615036634	9.70393208872305
9.30413271234569	0.270155355123305	8.7741818146028	9.83408361008857
9.01259575293114	0.230482069244481	8.56078390295088	9.46440760291141
8.97413361217774	0.235494762125323	8.51249966860296	9.43576755575252
9.00772880504361	0.248036125726096	8.52138220869385	9.49407540139336
8.98056363627916	0.24902360605408	8.49237696052466	9.46875031203366
9.16101749573128	0.263174287862115	8.64503786496261	9.67699712649994
8.86841165433723	0.294683837984779	8.2901216355716	9.44670167310287
9.26442582856085	0.263539230058114	8.7474933049875	9.78135835213419
8.90710889642721	0.252824882182267	8.41121438721283	9.40300340564159
8.95853699501575	0.259405431261289	8.44966879796881	9.4674051920627
9.05538213421668	0.23320136967728	8.59814158597388	9.51262268245948
9.086032674614	0.290683967987692	8.51561633481792	9.65644901441008
8.87548326775127	0.247391728664171	8.39027717116089	9.36068936434166
8.94328936259092	0.26422214204845	8.4252230151396	9.46135571004223
8.80825966580664	0.257691016260326	8.30299678370513	9.31352254790815
9.30317406423597	0.327930763575708	8.65919562412365	9.94715250434829
8.42061454532445	0.223538165110678	7.98231263298839	8.85891645766052
8.80004278169623	0.248991463003912	8.31166615624356	9.28841940714891
9.18418637588848	0.231289124899103	8.7307932665665	9.63757948521046
8.67002693288355	0.228918280143785	8.22119917969359	9.1188546860735
8.64492825675874	0.239815651854028	8.17463533813961	9.11522117537787
9.23263573165637	0.264785185275428	8.71328672916151	9.75198473415124
8.85450430321871	0.226028014408485	8.41134616017599	9.29766244626144
8.66042723923427	0.291763822154012	8.08766861942863	9.2331858590399
8.66340238558992	0.243265709429325	8.18626043453488	9.14054433664496
9.18622792528634	0.242596590487807	8.71058634152259	9.66186950905008
9.41309434530621	0.301880001232192	8.82091274050213	10.0052759501103
9.30783833116494	0.271890726715157	8.77441222772902	9.84126443460087
9.04905175538557	0.27218429480167	8.51524937857286	9.58285413219829
8.86151692228719	0.229382598633395	8.41181598090297	9.31121786367142
9.3811751756232	0.271875220604307	8.84784950876388	9.91450084248251
8.87104474072571	0.277314510574928	8.32708512428247	9.41500435716896
9.34686951850628	0.288205248223299	8.78127733448544	9.91246170252711
9.01147415502335	0.2324291754952	8.55569959915811	9.46724871088858
9.13191097743138	0.29634002011144	8.55053788303724	9.71328407182552
8.7306027954881	0.226227663339577	8.28704952359285	9.17415606738335
9.28459534423994	0.28179423231609	8.73192682944877	9.83726385903111
9.1155172172384	0.28619254632953	8.55386388141447	9.67717055306233
9.42310865650378	0.257617588475243	8.91797020971673	9.92824710329083
8.91104589613526	0.303396199370188	8.31591978625922	9.5061720060113
9.36981627434296	0.279405034865333	8.82194587610549	9.91768667258043
9.14610723600466	0.272390507514731	8.6117054058548	9.68050906615451
8.83167745693292	0.250556884689089	8.34032161821171	9.32303329565412
9.15644244731396	0.243780982719788	8.67844353398388	9.63444136064405
9.05447926011303	0.259398632890493	8.54579933787395	9.5631591823521
9.05084739615697	0.252563441447624	8.55563398898449	9.54606080332945
8.94734338030188	0.255053874552115	8.44697592149934	9.44771083910443
9.15949479383137	0.271362275619069	8.62703197052193	9.69195761714081
9.08958959084917	0.266181972360836	8.5674338529788	9.61174532871953
9.15498977338412	0.267210720515638	8.63090867340858	9.67907087335967
8.97034854835419	0.233986214601397	8.51159130667518	9.4291057900332
9.06469192083112	0.25612786246504	8.56247052900824	9.566913312654
9.07634514139689	0.255423063062351	8.57547341952324	9.57721686327053
8.98100964215377	0.240128085310447	8.5101673998295	9.45185188447804
9.01084508584704	0.24449861435811	8.53142215080492	9.49026802088916
8.95812409928241	0.266089167462866	8.43649980905663	9.4797483895082
9.4106861652886	0.241082384580898	8.93807883130398	9.88329349927321
9.4340670925694	0.305448195461518	8.83479594404057	10.0333382410982
9.41569713553833	0.301484216277199	8.82407214313311	10.0073221279436
8.98879177344407	0.229674267916789	8.53845600735514	9.43912753953299
9.10080288742556	0.266934411359161	8.57734093405583	9.62426484079529
9.36578719156905	0.27188465708793	8.83250908439519	9.8990652987429
9.16801415757025	0.237714725004559	8.70200139119985	9.63402692394066
9.07125616071738	0.253268152486705	8.57431649949503	9.56819582193973
8.82943361512005	0.25440038456222	8.33042745054841	9.32843977969168
8.91167671418134	0.370211791306609	8.18416528141571	9.63918814694696
8.75170133603215	0.242268430620217	8.27660621656571	9.22679645549859
8.64865564619912	0.24704910771248	8.16415441861646	9.13315687378178
9.41308779526375	0.651643741386351	8.12971811009879	10.6964574804287
8.9415135985834	0.232024990860559	8.48652443160282	9.39650276556397
9.71768237182037	0.277204738801404	9.17419496658516	10.2611697770556
9.38866425500717	0.264468836973873	8.8701573064959	9.90717120351844
8.87929049079003	0.243619770844003	8.40157858405779	9.35700239752227
9.09065392902149	0.258236324289692	8.58433264589426	9.59697521214872
8.78363793039873	0.213418092758336	8.36527543140181	9.20200042939565
8.67638523958278	0.21657832392686	8.25163020024853	9.10114027891702
9.17720336367695	0.245950613162268	8.69494399778518	9.65946272956872
8.9959545393037	0.245880552966692	8.51379338373462	9.47811569487278
9.28306752665426	0.289157924527776	8.7157393639596	9.85039568934891
8.84108901602874	0.24452379692351	8.36172170840457	9.32045632365292
8.81337984609997	0.236341305541224	8.34991066728542	9.27684902491451
9.00048377005906	0.24396800757629	8.52203280985087	9.47893473026726
9.07921160095143	0.235611853866146	8.61729764132903	9.54112556057383
9.43709167151867	0.255510024678693	8.93606461524527	9.93811872779207
8.96628951105611	0.227535555229944	8.52018754908791	9.41239147302431
8.89493461603823	0.242617223379914	8.41919673864929	9.37067249342718
8.78876643877273	0.259695903098853	8.27930500101026	9.2982278765352
8.9096688391474	0.25115293453648	8.41708453727242	9.40225314102239
8.91284023488059	0.249960247299285	8.42257213553125	9.40310833422993
9.06766047111866	0.297339630504566	8.48392233294961	9.65139860928771
9.45544332836715	0.295635006023568	8.87540003604511	10.0354866206892
8.79750654900373	0.253009148679466	8.30146283253489	9.29355026547258
9.04723867085872	0.254122201297788	8.54902322255468	9.54545411916276
8.83953102130805	0.234614010766389	8.37946225738617	9.29959978522994
8.85806731254631	0.26086107000083	8.3463059120856	9.36982871300703
8.65956214579653	0.278364602487827	8.11315331930652	9.20597097228653
8.84183573740469	0.352593250182177	8.14913252112044	9.53453895368894
8.97452889245591	0.287648411400212	8.40974005998424	9.53931772492757
9.10344560100511	0.243375846424315	8.62623444364019	9.58065675837003
9.49674265492798	0.282334381969733	8.9431185468167	10.0503667630393
9.33024186913936	0.299223722565735	8.7429907117715	9.91749302650721
8.98157184652051	0.269400130677672	8.45312629324741	9.51001739979361
9.13279148945121	0.280956818819396	8.58149133504039	9.68409164386204
9.43570754214917	0.280152238170717	8.88616791947057	9.98524716482777
8.94951191222545	0.248281540746353	8.46259965023819	9.43642417421271
