estFinal_ps2	sdFinal_ps2	X1	X2
8.54421772455354	0.33591218156289	7.88449504158089	9.20394040752619
9.63121178432998	0.773871528868026	8.10746025612957	11.1549633125304
8.7033231471137	0.313542057644815	8.0876786861073	9.31896760812011
8.77759650279437	0.315389660436138	8.15858940401009	9.39660360157865
9.04225387589626	0.439468329866453	8.17863585597933	9.90587189581319
8.58579910464277	0.369006324075856	7.86148503677045	9.3101131725151
8.88983317044695	0.361700956312884	8.17927988175035	9.60038645914355
9.00371255223159	0.392773685043965	8.23201546121953	9.77540964324365
8.36741869724871	0.439862680556241	7.50254255886161	9.23229483563581
9.1296673440098	0.348231943730155	8.44553841065361	9.813796277366
8.51713246501566	0.41894984999541	7.69404571899358	9.34021921103774
9.01131499358991	0.365774156114688	8.29304305190397	9.72958693527586
8.62339839190615	0.340634423489786	7.95446375603196	9.29233302778035
8.44993191825076	0.377536906489817	7.70874942817732	9.1911144083242
8.24946317115534	0.394844379329645	7.47390674685938	9.0250195954513
9.00823857740001	0.362484907628694	8.29637914534602	9.72009800945401
9.00161718923193	0.385556337210874	8.24455726079836	9.75867711766551
8.61451751544052	0.348902926841619	7.92991848197597	9.29911654890507
9.05316248088457	0.423143706377711	8.2218429418131	9.88448201995603
8.90874375401173	0.577371243275965	7.77244913500411	10.0450383730194
8.71827774225757	0.334180250707486	8.06227741869544	9.37427806581969
8.55471356447999	0.40556069525672	7.75763124130479	9.35179588765519
9.27290110590659	0.414284255248405	8.45949987975331	10.0863023320599
8.69375094681646	0.375170349309987	7.95664999090873	9.43085190272418
8.28808246063904	0.333877187797031	7.63271508384311	8.94344983743496
8.25531705290757	0.362187008792199	7.54384681920012	8.96678728661503
9.10077027715589	0.427844299192345	8.26031681501759	9.94122373929419
8.67846741686011	0.350862591275445	7.98912932550545	9.36780550821478
8.45322392425863	0.373510960805126	7.71906812546522	9.18737972305203
9.12390053641541	0.539772266540128	8.06166727143115	10.1861338013997
8.84000397763428	0.425724638201544	8.0032887014791	9.67671925378945
8.71605482396849	0.404666749914423	7.9206656938014	9.51144395413558
8.78390152010588	0.406832292820043	7.98462566147107	9.5831773787407
9.30459128199888	0.377431925966265	8.56323241566225	10.0459501483355
8.7103620276969	0.384728419011549	7.95491642047707	9.46580763491673
9.0178439668598	0.462482271890799	8.10825413108001	9.92743380263958
8.60654831707316	0.326102643652501	7.96614283099269	9.24695380315364
8.59161256983387	0.35513251658046	7.89411879261925	9.2891063470485
8.68938095066145	0.42519840499423	7.85314972616658	9.52561217515633
9.05083145497595	0.430186387598394	8.20582033969222	9.89584257025968
8.76658836298011	0.387751531756231	8.0049425669911	9.52823415896911
8.4775140775031	0.403496077096521	7.68434197429183	9.27068618071437
8.44100450363104	0.517360903122813	7.42296423366782	9.45904477359425
8.82609504704965	0.368237829623934	8.10272682461044	9.54946326948887
8.48061890297293	0.357217923517627	7.77887939921002	9.18235840673583
9.25406182606846	0.416574242333221	8.43539356736489	10.072730084772
8.56665486191988	0.371881117002094	7.83643590840796	9.2968738154318
8.62764244076281	0.374830503795814	7.89185365335451	9.36343122817111
8.87355375372195	0.347154332215582	8.1914708398429	9.55563666760101
8.37067900820976	0.329764893359424	7.7228484176828	9.01850959873671
8.82263950905682	0.5039770660337	7.8311943383506	9.81408467976304
8.7395895989039	0.430858470377242	7.89233492313441	9.58684427467339
8.73740030568386	0.378845571309752	7.9934649863285	9.48133562503923
9.42106277926871	0.376995060172885	8.68056295401179	10.1615626045256
9.47481982746966	0.430748012365762	8.62857135349657	10.3210683014428
8.44592407575728	0.380234182898204	7.69914829893311	9.19269985258144
8.9813607054319	0.393356915106675	8.2087060554885	9.7540153553753
9.08316902570204	0.361697097721677	8.37280373664425	9.79353431475984
8.36676862663951	0.364871908417431	7.65014748313001	9.08338977014901
8.7559025584701	0.420746872657035	7.92893441640903	9.58287070053117
8.70158821411841	0.331867705820014	8.04981051052904	9.35336591770779
8.47896572640909	0.381576160015155	7.72898309566665	9.22894835715153
8.22279450666324	0.393459328861521	7.44975647732857	8.9958325359979
8.59429482580315	0.412783888312774	7.78314680140693	9.40544285019937
8.1187037736917	0.335254866674625	7.46023925576794	8.77716829161547
9.12502168339143	0.363035822536382	8.41198281045506	9.8380605563278
9.07145380104181	0.49075575263298	8.10652169660268	10.0363859054809
8.77623828283785	0.387998317027972	8.01387577204642	9.53860079362929
8.32603020806475	0.309682176193829	7.71805342598904	8.93400699014046
8.99762413213239	0.368125351213546	8.27454326487491	9.72070499938986
8.87401761101015	0.39032098676164	8.10682875604924	9.64120646597106
8.26334188404262	0.292500543896253	7.68901941926481	8.83766434882042
9.01887372199402	0.399511145177063	8.23367600716987	9.80407143681818
8.72954521637547	0.357689992624299	8.02741412890809	9.43167630384285
8.46296035600745	0.340774055954338	7.79347111592308	9.13244959609182
8.90269535427252	0.395410943224785	8.12597531183606	9.67941539670898
9.07205210374246	0.4371815142883	8.21300175631812	9.93110245116681
8.57263429614379	0.356572878796735	7.87259222130537	9.27267637098221
9.56882033773182	0.494709478361752	8.59626083837883	10.5413798370848
8.99164620172484	0.348117069239394	8.30760537612123	9.67568702732845
8.5477350385643	0.366076834255405	7.82840224285432	9.26706783427429
8.61525420726792	0.385899313585143	7.85730395119239	9.37320446334346
8.73290877634972	0.358624141874323	8.02881924306273	9.4369983096367
8.16341195119066	0.388177619461882	7.40069538612861	8.92612851625271
9.03052805306491	0.406330027062855	8.23219953332973	9.82885657280009
8.42393379320795	0.33176625392126	7.77234908261053	9.07551850380537
9.08860623838257	0.40258856901934	8.29723311547491	9.87997936129022
9.11814193801893	0.497537385505668	8.13956546819099	10.0967184078469
9.14013537622887	0.385650188656066	8.38296785795162	9.89730289450612
8.10366584731114	0.322816146386042	7.46977217283843	8.73755952178386
8.64108441349575	0.381692444553414	7.89122501647732	9.39094381051417
8.68514351559024	0.316941160052062	8.06309834099957	9.3071886901809
9.01779472186399	0.370511696418837	8.2902892331988	9.74530021052917
8.69119882300989	0.354418169360089	7.99550660242422	9.38689104359556
8.83591763056867	0.399172053402623	8.05169729794903	9.62013796318832
9.14893135863664	0.371747051562222	8.41899017099247	9.87887254628081
9.35205277413708	0.367315401039096	8.63070634543873	10.0733992028354
8.97415640736314	0.382463184001409	8.22252081751273	9.72579199721354
8.71793152721926	0.345316093556701	8.03993623469943	9.3959268197391
8.55842330919961	0.361847639831536	7.84730767277215	9.26953894562708
9.85861201320571	0.405060296807524	9.06292169041155	10.6543023359999
8.55310113546356	0.3542184790282	7.85765551280322	9.24854675812391
9.00192369943466	0.351277243529479	8.31232555634957	9.69152184251974
8.39267747678339	0.356339495216617	7.69289314810513	9.09246180546164
8.70998266068271	0.369876982686449	7.98347947132816	9.43648585003726
8.67535617603036	0.419241701208572	7.851911560353	9.49880079170772
8.24263269132514	0.365420954947205	7.52464696704932	8.96061841560097
8.64860963405651	0.466993143694906	7.73019263167079	9.56702663644223
8.34946948882551	0.359957078910982	7.64239693087684	9.05654204677418
9.23025704502457	0.39027005070104	8.46377659861546	9.99673749143368
8.95371730022383	0.477031750082096	8.0152774851954	9.89215711525227
8.75307532185506	0.404289403560304	7.95869665557569	9.54745398813443
8.9768916157651	0.394072739256957	8.20323195111795	9.75055128041225
9.89327954367293	0.968493418676316	7.98563177828929	11.8009273090566
8.55302359146809	0.394343495295694	7.77826244736472	9.32778473557147
8.78928840928383	0.368914904857219	8.06474624073296	9.51383057783471
8.58431835869104	0.33145120169953	7.93358019640054	9.23505652098155
8.79738747018734	0.411160586352973	7.98933185903872	9.60544308133596
8.80717286433966	0.355034145228677	8.11000723191241	9.50433849676692
9.13325547027675	0.589237454798886	7.97381708186994	10.2926938586836
9.30489238884279	0.436803956697191	8.44659868953561	10.16318608815
8.72035518450085	0.39929647416599	7.9355901816779	9.50512018732381
9.06017211762308	0.378990818959034	8.31518295857633	9.80516127666982
8.48376120246456	0.390706356991909	7.71580394492574	9.25171846000338
9.03923242159445	0.418789933691125	8.21624279343992	9.86222204974898
9.47771506992346	0.39386766259576	8.70372678804413	10.2517033518028
8.31157016204238	0.403074502873411	7.51969512529568	9.10344519878909
9.22083172993188	0.378466033526058	8.47756983116301	9.96409362870075
9.28503291735161	0.465377054072578	8.36981419243034	10.2002516422729
8.75976026404302	0.365185707637643	8.04312945588768	9.47639107219836
8.71777608713834	0.384190726604961	7.96293570990408	9.47261646437261
8.88274831744591	0.396932902155684	8.10275516201143	9.66274147288039
8.62824602592671	0.32864904187179	7.98320509098755	9.27328696086588
8.37871485983338	0.379150693546831	7.63454973948929	9.12287998017747
8.75941984789615	0.43578002312308	7.9023900645234	9.61644963126889
8.49295906537389	0.406494824060974	7.69430560848118	9.29161252226659
9.03822487535067	0.465979209459461	8.12195071998978	9.95449903071156
8.66968926019722	0.457926120282538	7.7692489735403	9.57012954685414
8.69315232574548	0.446107781660526	7.81597379008375	9.57033086140722
9.01636682273403	0.322436573774887	8.38341994048527	9.64931370498279
8.68809849222234	0.353919059156344	7.99304879292587	9.38314819151881
8.74685666377566	0.388678258685827	7.98354875966551	9.51016456788581
8.59653501458749	0.332460266166969	7.94367347299286	9.24939655618212
9.09352780756771	0.587682435415628	7.93736530895655	10.2496903061789
8.96193355385649	0.368146177908809	8.23894052863939	9.68492657907359
8.66722800925831	0.35854705172971	7.9632120064789	9.37124401203772
9.090877405011	0.383587498166298	8.33728114480032	9.84447366522167
8.7581211236359	0.407396683771689	7.95786330755202	9.55837893971978
9.13428920348209	0.349422636029133	8.44852871860825	9.82004968835594
8.48186053129926	0.305496449539355	7.88240013032442	9.08132093227411
8.43564679642097	0.342346973996592	7.76310927983132	9.10818431301063
8.6015966514278	0.336193175653291	7.9412256970298	9.2619676058258
8.58392197832839	0.426051684382555	7.74650569018151	9.42133826647528
8.94912925798063	0.575783469923434	7.81627802071135	10.0819804952499
8.20809135686484	0.351166292081389	7.51855932088934	8.89762339284034
9.08631640017476	0.341414580757632	8.41593953220977	9.75669326813976
8.5158230322078	0.369136181759061	7.79085401648887	9.24079204792673
9.10961160828239	0.397439276024332	8.32834060166125	9.89088261490352
8.80019999164852	0.372398365352438	8.06895025448576	9.53144972881128
8.1084462533394	0.407038361009009	7.30906240651414	8.90783010016465
8.36020217912704	0.38873321391527	7.59645762153903	9.12394673671505
8.02060946554439	0.326165652028936	7.38018941965388	8.6610295114349
9.31771188466045	0.490082464444431	8.35469602838416	10.2807277409367
8.8913931793129	0.421966082861557	8.06177895784934	9.72100740077646
9.05317009397551	0.489555764682974	8.09007129203201	10.016268895919
9.52341645649025	0.464628740839405	8.61038583093981	10.4364470820407
8.45740541443255	0.361509329254439	7.74773417298712	9.16707665587798
8.96944052050835	0.38475836041941	8.21358278335928	9.72529825765741
8.87903345411136	0.462473352783288	7.96967258779065	9.78839432043207
9.07539527787928	0.391630567205645	8.3058243934409	9.84496616231765
8.59763959564391	0.360903442637477	7.8889042950425	9.30637489624532
9.73418881955587	0.432697561591102	8.88388078199172	10.58449685712
9.04835401873062	0.389147572564834	8.2839247496942	9.81278328776703
8.72982132062514	0.340236960019278	8.06176112865499	9.39788151259529
8.69647792346177	0.394177579894118	7.92245810879506	9.47049773812849
8.60788684627214	0.341913622521367	7.93633767109049	9.27943602145379
8.74344657363032	0.436716370249477	7.88557414737261	9.60131899988803
8.61912940724039	0.343424607432913	7.94478870394364	9.29347011053713
9.62715728240719	0.380832235326974	8.87932499691051	10.3749895679039
8.38965251835728	0.371156951409844	7.66015691999932	9.11914811671524
8.68919396243609	0.373453170744253	7.95606520465116	9.42232272022102
9.09616358428366	0.404942865188304	8.30017622064184	9.89215094792547
8.56090707455463	0.410131853800288	7.75517070351391	9.36664344559535
8.58907105699545	0.390196990942235	7.82205045262803	9.35609166136287
9.17587160468657	0.613006441744179	7.96935793743561	10.3823852719375
8.8757729627542	0.329281347816098	8.22950244830579	9.5220434772026
8.92328507659471	0.392494470483266	8.15203117433081	9.69453897885861
8.7887681350079	0.410793190703777	7.98133576742959	9.59620050258621
9.17671015498935	0.510849491286524	8.17208688279945	10.1813334271792
8.69786975791117	0.369429343975967	7.97205772531829	9.42368179050406
9.04621476066156	0.416207716690031	8.22803633010294	9.86439319122019
9.1774116622786	0.377886944703678	8.4356191276048	9.9192041969524
8.64396470497827	0.31424915738386	8.02690743746647	9.26102197249007
9.12351811775758	0.675418550630878	7.79353185045836	10.4535043850568
9.1130780981174	0.347943241391256	8.43011570790723	9.79604048832756
9.3159746981402	0.425322524108114	8.48052584580811	10.1514235504723
8.15714349932591	0.320657218072071	7.52743738093536	8.78684961771646
9.10645169769208	0.420518051286565	8.28067932820491	9.93222406717926
8.64787649493614	0.359220798885122	7.9426013116865	9.35315167818577
9.07642336386441	0.566667930450111	7.96133850563172	10.1915082220971
8.83329337120844	0.399650723958043	8.04815484438518	9.6184318980317
8.52618513783453	0.357063965762042	7.82466410929549	9.22770616637358
8.819389663822	0.390114639193094	8.05276834723594	9.58601098040806
8.6938710430953	0.393168222435204	7.92097716118659	9.46676492500401
8.09388889331192	0.353507566657664	7.39964609393586	8.78813169268798
8.52751027033644	0.398215052190983	7.74514863777976	9.30987190289312
8.45745557813441	0.327689209586651	7.81394410412595	9.10096705214286
8.71542181505242	0.414687288975966	7.90028695330072	9.53055667680412
8.51996224970896	0.378368224824779	7.77709944873793	9.26282505067998
8.91454155286137	0.357644295460588	8.2123413054101	9.61674180031265
8.81254204307628	0.472156846035345	7.88427386292106	9.74081022323151
8.75143086762925	0.32791900537279	8.10788637021305	9.39497536504546
8.81017288327841	0.339427394649629	8.14365896690151	9.47668679965531
8.73409811649583	0.311896706546982	8.12173733926017	9.34645889373148
8.46670179633686	0.324356306386604	7.83015465341516	9.10324893925856
8.60777965343113	0.410342923618305	7.80138330637258	9.41417600048968
9.27862473456815	1.19009152505959	6.9341042464005	11.6231452227358
8.97426811174302	0.399858673943223	8.18841831017279	9.76011791331326
8.86102422248664	0.371255660943168	8.13219983646927	9.589848608504
8.61692892779983	0.439142735387975	7.753743791597	9.48011406400267
9.3093262344174	0.36996153529985	8.58290169002602	10.0357507788088
8.85819334431382	0.361925255029879	8.14734879685446	9.56903789177317
9.11713298557541	0.531309823910746	8.07205747197972	10.1622084991711
9.34567467625218	0.501526477896385	8.35943432350192	10.3319150290024
8.96675626710561	0.403463116531375	8.17371746449265	9.75979506971857
9.22205164665832	0.387058889116422	8.46165747575378	9.98244581756285
8.93447260393182	0.37105015129486	8.20573624723796	9.66320896062568
8.49091027489906	0.353469896643367	7.7969803188829	9.18484023091521
9.22684941700686	0.438458040923099	8.36496208059664	10.0887367534171
8.21736908669725	0.400242620818453	7.43125590746244	9.00348226593207
8.90147017036986	0.408464594980398	8.09869151268069	9.70424882805902
8.6980280122156	0.395925886746564	7.9209113307251	9.4751446937061
8.90985699480507	0.434101604414088	8.05670599522279	9.76300799438735
8.93065450026143	0.440692369006314	8.06469664365228	9.79661235687057
8.53796192435687	0.332400955957391	7.8853637029966	9.19056014571714
8.94364687410489	0.374253915685046	8.2085581701032	9.67873557810658
8.66133234682531	0.4095307728665	7.85631348318953	9.46635121046109
8.70492490258929	0.38634639214417	7.94604807486614	9.46380173031243
8.26496203402389	0.371902225424523	7.53447669528841	8.99544737275937
8.50907389837645	0.465752662803627	7.59360972405506	9.42453807269784
8.86926308946884	0.319040676534844	8.24279049711005	9.49573568182763
8.62990611852235	0.33113809925682	7.97943393171567	9.28037830532904
8.99680052499614	0.400466830051506	8.21012255540159	9.78347849459068
8.61381662802998	0.376700180465053	7.87437809332022	9.35325516273973
9.12833946067484	0.391855097408289	8.35856656821558	9.8981123531341
9.27511553689226	0.706151151308672	7.88471408155738	10.6655169922271
8.82257749118423	0.360011952632723	8.11552310850258	9.52963187386588
8.65330658504481	0.439836393432684	7.78807240710687	9.51854076298276
8.8027106832046	0.313908707319956	8.18641416265816	9.41900720375103
8.8606227779243	0.399260032634863	8.07644789563211	9.64479766021649
8.86189069387201	0.371382612855025	8.13236685745553	9.5914145302885
8.60113796924859	0.348829917767889	7.91632830256062	9.28594763593655
7.93503336509965	0.353483833723505	7.24085402985502	8.62921270034428
8.83478833711253	0.402241485924024	8.04486334832874	9.62471332589631
8.73208333363682	0.364375770680377	8.01649028120275	9.4476763860709
8.54164993659642	0.404574237219686	7.74646465207954	9.3368352211133
8.52876932845472	0.362020461966674	7.81721949385485	9.24031916305459
8.81167049110157	0.418387155927234	7.98949877339255	9.63384220881058
8.36051816246057	0.312255209114576	7.74765614147253	8.9733801834486
9.12183704004817	0.498392784371444	8.14174463891449	10.1019294411818
8.74121208978151	0.471489704419909	7.81368593035332	9.66873824920971
8.83783532429086	0.393269900618016	8.06477351992951	9.61089712865222
8.73151155775927	0.358346620815006	8.02809548939614	9.43492762612239
8.86653191081233	0.372965132956931	8.13390250378865	9.59916131783601
9.3135520237141	0.33929490691223	8.64735400505391	9.97975004237429
8.53595827886309	0.323259690860064	7.90107417317985	9.17084238454632
9.11263887682693	0.345534481504658	8.43434356538477	9.7909341882691
8.75660256628339	0.358969732546705	8.05161507499601	9.46159005757078
8.08902524124864	0.356693660512824	7.38840638782867	8.7896440946686
8.78401001498542	0.41563625435498	7.9669361309174	9.60108389905343
8.39465385968663	0.314981361529356	7.77615938391629	9.01314833545698
9.05991967078459	0.43187917330406	8.21076840961877	9.9090709319504
8.65718973174972	0.344864217485666	7.98006272732968	9.33431673616975
9.12043439442423	0.351987683430376	8.42928704354331	9.81158174530514
9.40806954250666	0.388962048970885	8.64435773424223	10.1717813507711
8.51277606931276	0.333213493429337	7.85853289220203	9.16701924642349
8.50056302775116	0.308258365588566	7.895558697821	9.10556735768132
8.78386669557574	0.352856047142952	8.09074574699329	9.47698764415819
8.81746750668097	0.371907227080522	8.08711767587618	9.54781733748575
9.00457405429778	0.363865991974694	8.28994183859927	9.71920626999629
8.93915428952561	0.434505581851967	8.08458520560326	9.79372337344797
8.78245762402621	0.321982810404869	8.15028175432189	9.41463349373052
9.02622793039383	0.389624657220558	8.26063722679075	9.7918186339969
8.16710660809535	0.42238176944158	7.33704548971286	8.99716772647785
9.15306483846673	0.418000284931666	8.33136294491272	9.97476673202074
9.03009463175087	0.33381461782528	8.37455871365853	9.6856305498432
8.81460828949221	0.484449684676588	7.86153608032835	9.76768049865606
8.85573796397587	0.351563915241398	8.1655811005167	9.54589482743503
9.16371120480211	0.438930079210483	8.30134863777478	10.0260737718294
9.85573922118886	0.400383948924687	9.06954537391132	10.6419330684664
9.01891197461585	0.352487605211546	8.32684191178936	9.71098203744234
9.25756352674411	0.43856409524836	8.39574048201992	10.1193865714683
8.91077975798535	0.374528991632536	8.17497227339054	9.64658724258015
8.87273104782506	0.531177173556921	7.82786111920227	9.91760097644784
9.40850817359084	0.394484756765223	8.6332610231464	10.1837553240353
8.88561430232432	0.361632959290653	8.17522989600893	9.59599870863972
8.31160382850793	0.356455614493893	7.61152751040113	9.01168014661473
8.5378815474616	0.301434500967425	7.94628588433887	9.12947721058433
8.89786028446291	0.395720616664099	8.12104942471775	9.67467114420807
9.53962740487368	0.495079981603088	8.56602558161512	10.5132292281322
8.90777838580944	0.393728587656207	8.1345692119668	9.68098755965208
8.54355221847128	0.324421512520636	7.90648128221356	9.180623154729
8.52539759889311	0.355925575676536	7.82641705231352	9.2243781454727
9.32474764791764	0.417175650377935	8.50513174053324	10.144363555302
8.52380331550652	0.345685512002136	7.84541099507538	9.20219563593765
8.92456353148556	0.40416662817104	8.12996281556449	9.71916424740663
9.18223724681624	0.372921032453877	8.45008927342271	9.91438522020977
9.75979448671265	0.684990614348174	8.411763719156	11.1078252542693
8.866658755404	0.463916110937502	7.95442356195489	9.77889394885311
8.51804225145958	0.367591877288398	7.79598953435193	9.24009496856724
8.88011342327493	0.388959785852262	8.11605236433067	9.64417448221919
9.04866471551991	0.33695482508653	8.38711234683699	9.71021708420283
8.56731496452366	0.35138492688371	7.87733077729073	9.25729915175658
9.15627141548836	0.513843206001497	8.14532003317935	10.1672227977974
8.76214971967928	0.322731503022335	8.12855230282223	9.39574713653632
8.85867790035728	0.369784579484264	8.13190351435489	9.58545228635966
8.52012152166365	0.338464845409203	7.85565999749004	9.18458304583726
9.11214576296632	0.386781594260079	8.35244199028612	9.87184953564652
8.59639564238716	0.350132282325097	7.90873861366093	9.2840526711134
8.14067240430237	0.327355805952948	7.49825630062732	8.78308850797742
8.88759758723824	0.620935384748638	7.66573349701367	10.1094616774628
8.78611323485541	0.284226858839058	8.22797849536061	9.34424797435021
8.50824907684131	0.385318597348544	7.75167564329206	9.26482251039056
9.3332116300319	0.379254670346394	8.58830867354699	10.0781145865168
9.11194162342607	0.379945643513041	8.36594321540211	9.85794003145002
8.73188324780097	0.357422465198777	8.02960571236444	9.4341607832375
9.22524775943227	0.394056138983462	8.45129499000484	9.9992005288597
9.25040909714698	0.514216289887604	8.23909005471344	10.2617281395805
8.40031415483819	0.338541336721402	7.7352486466894	9.06537966298698
9.13545160245212	0.363673693710064	8.42141395082963	9.84948925407461
9.41445390409941	0.362354211253029	8.70263462171759	10.1262731864812
8.91612755941089	0.338419170413044	8.25149045311904	9.58076466570274
9.07827955571262	0.350410716384595	8.39012850973996	9.76643060168528
8.15652883200767	0.337003921540275	7.49473408239525	8.81832358162009
8.77610936872149	0.378921432263623	8.03205295156506	9.52016578587792
9.06250273822161	0.450649762521376	8.17724018914338	9.94776528729985
8.38458211637758	0.493349392550414	7.41407364109729	9.35509059165788
8.77357822195458	0.367949497961574	8.05090788078159	9.49624856312757
8.65463406272599	0.466262258204522	7.73715183195894	9.57211629349304
8.45576523719623	0.348037903041333	7.77189045233842	9.13964002205404
8.91987371795295	0.35883776864135	8.21517757442626	9.62456986147964
8.40832715183722	0.326226431300028	7.76791279445026	9.04874150922418
8.53160056991222	0.382238675693957	7.78083429570684	9.28236684411761
8.854394187036	0.400276086165305	8.06818964661198	9.64059872746001
8.27631324643789	0.287109726903463	7.71284781861036	8.83977867426541
9.0302988465307	0.403263326054576	8.23794753634079	9.82265015672061
8.26200179729442	0.297337666279372	7.67838899704737	8.84561459754147
8.92239766151007	0.372822064212717	8.19001335451504	9.6547819685051
8.78767664099052	0.381828317686513	8.03763711931819	9.53771616266286
9.32029467826489	0.695517373247722	7.95134066313312	10.6892486933967
9.10729867657274	0.415149245879571	8.29141935631593	9.92317799682956
8.76774123782857	0.443146013827157	7.89649588507976	9.63898659057737
8.2819531703553	0.393140671526462	7.50895485166419	9.05495148904641
8.25313967596904	0.324938178702116	7.61508202838551	8.89119732355256
8.61061468122571	0.388840076339581	7.84681213461096	9.37441722784047
8.90737190720165	0.378220647030125	8.16478136499467	9.64996244940862
8.70141118638735	0.379927132517919	7.95499735190341	9.44782502087129
8.70517858926466	0.384636510171185	7.94954334675006	9.46081383177927
8.65569285806953	0.333330356241328	8.00118487590873	9.31020084023033
9.13224260335249	0.458863732333989	8.23032721985379	10.0341579868512
8.8660343389368	0.371953940892246	8.13570937933022	9.59635929854339
8.61099119081484	0.36722765657723	7.8897199374805	9.33226244414918
8.95581982525422	0.352730945633262	8.2632131257925	9.64842652471595
9.45983681043382	0.428787768675487	8.61730359133056	10.3023700295371
9.16356985049686	0.434289454782215	8.31010328935701	10.0170364116367
8.79270407192955	0.341038336230227	8.12307850150751	9.4623296423516
8.86469028031656	0.373419451862389	8.13143647941604	9.59794408121707
8.68296819719406	0.32873272347467	8.03757410896504	9.32836228542309
9.3183270065307	0.396135055756538	8.54011273985132	10.0965412732101
9.01700812988686	0.360515470338658	8.30903714432939	9.72497911544433
8.39695204730855	0.333733475001129	7.74182657015402	9.05207752446308
9.04533995246974	0.519275364997791	8.02406336001516	10.0666165449243
9.48259597861287	0.377480560881256	8.74150365983435	10.2236882973914
9.04469415945567	0.43201102439198	8.19584541610633	9.89354290280501
9.02391423798555	0.399597001989309	8.23888056075644	9.80894791521466
9.22248294099134	0.515256561995424	8.20886285990646	10.2361030220762
8.98068770628256	0.477535979470845	8.04180490084563	9.9195705117195
9.08075888642887	0.568412365257354	7.96312321690487	10.1983945559529
8.820292107401	0.433623420247019	7.96839865902493	9.67218555577708
9.00419935284595	0.361712765249461	8.29376078536452	9.71463792032739
8.78685007587385	0.389876323723129	8.02114633814569	9.552553813602
8.75436680111612	0.499296019988539	7.77203128841585	9.73670231381639
8.89487183037356	0.368118408594734	8.17215866557782	9.61758499516931
8.59839850555708	0.33033322420924	7.94989786327417	9.24689914783998
8.61507827917915	0.37122736286874	7.88577183808612	9.34438472027218
8.97371597905004	0.388356188634464	8.21091688602985	9.73651507207022
8.80402011204749	0.448480010373196	7.92287313251382	9.68516709158115
9.3308118422838	0.383695096365798	8.5770466372886	10.084577047279
8.24060997269701	0.351710625305148	7.54953247207978	8.93168747331425
8.21660387196592	0.367869839150042	7.49386853074374	8.9393392131881
8.7126027991197	0.350830182905974	8.02354170758868	9.40166389065073
8.37497742491549	0.374288225098328	7.63994448570286	9.11001036412811
8.94440070290456	0.720710739735304	7.52510656365618	10.3636948421529
8.82775352307	0.423102336003053	7.99593509963315	9.65957194650685
8.67398414995387	0.340124411469183	8.00625962005638	9.34170867985137
9.01772460474983	0.403731051326635	8.22420356931813	9.81124564018153
9.55751222730279	0.381758922814462	8.80781859471533	10.3072058598902
8.99106340834299	0.419599182552561	8.1661910794081	9.81593573727789
9.2566234304556	0.366688292762262	8.53686957513843	9.97637728577276
8.62399086112532	0.358487020115202	7.92021441539679	9.32776730685385
9.02422913842927	0.430897413569004	8.1771209495629	9.87133732729564
8.60648034408475	0.343366775867145	7.93241600618773	9.28054468198178
8.84779044271788	0.428403315594595	8.00584132583215	9.68973955960361
8.57988860702071	0.404842911740817	7.78409566993619	9.37568154410524
8.70224180573951	0.34474481094231	8.02521973595793	9.37926387552109
8.41712804652968	0.38471771579708	7.66127467294795	9.17298142011141
8.15090486347338	0.353161110802888	7.45744139476707	8.84436833217969
8.64260674752554	0.433600832375499	7.79027619705107	9.49493729800002
8.74111355283215	0.355561856790226	8.04289749849635	9.43932960716795
8.62404252724471	0.380341165487966	7.87695893338046	9.37112612110896
8.95283249214966	0.481360474525633	8.00607627292405	9.89958871137528
9.33801147706921	0.383304574213276	8.58542882591985	10.0905941282186
8.94592150986552	0.371353928303941	8.21625868867951	9.67558433105152
8.67371791512397	0.420813564755095	7.84680566341026	9.50063016683768
9.00072087097493	0.415330636989994	8.1846217006083	9.81682004134157
8.38313004217523	0.338934571254146	7.71780182394234	9.04845826040812
8.96119695627836	0.392456908621893	8.19041770599625	9.73197620656047
8.10661661710713	0.387434861044266	7.34543021179148	8.86780302242278
9.14532003361503	0.644346300006762	7.87737548299437	10.4132645842357
9.33598346838791	0.483899027311713	8.38454380032903	10.2874231364468
9.03870509112217	0.34918966018921	8.35291556603921	9.72449461620514
9.12213426705129	0.357700586384708	8.41926508376112	9.82500345034145
9.1535012437574	0.380646006393878	8.40592846703712	9.90107402047768
8.99546582839963	0.556712994475315	7.90012064208936	10.0908110147099
8.8870969891597	0.474095707739054	7.95462003150924	9.81957394681017
8.99549975092506	0.382997679662024	8.24321893011843	9.7477805717317
9.14703237206265	0.46209272243148	8.23861999693082	10.0554447471945
8.82504297837783	0.366768185405666	8.10449980817011	9.54558614858555
9.31817704539519	0.415038558999866	8.50258712715625	10.1337669636341
8.59182400304259	0.368369196655246	7.86835823269183	9.31528977339336
8.96876384632995	0.383645443603546	8.2154483896441	9.72207930301581
8.82406006027987	0.38372224994893	8.07032269221906	9.57779742834067
7.99813965103586	0.337666707144541	7.33522757671964	8.66105172535208
9.07221703697413	0.517374460620052	8.05498908497588	10.0894449889724
8.80668136656666	0.348781322723804	8.12174079927675	9.49162193385658
9.10272166892636	0.398701409599592	8.31947869339458	9.88596464445815
8.95705234851476	0.569311277618463	7.83689328700214	10.0772114100274
9.14943920536484	0.319729564304295	8.52167963502692	9.77719877570275
9.12299293277444	0.350419083789384	8.43511072359255	9.81087514195633
9.01260859142169	0.415896207368336	8.19536449408868	9.82985268875471
8.89699044125923	0.433206736981051	8.04596232568284	9.74801855683563
8.51143366507174	0.355378091014505	7.81316064832581	9.20970668181767
8.6942210904069	0.355709416074411	7.99526847073164	9.39317371008216
9.00148357197855	0.401265667568604	8.21329776680342	9.78966937715368
8.85997882511539	0.382044649179167	8.10948747372262	9.61047017650817
8.48009379632395	0.40532977123581	7.68312092568279	9.27706666696512
8.81669318771806	0.307511042601898	8.21344999047301	9.4199363849631
8.89549196975459	0.386510471551856	8.13597215505248	9.65501178445671
9.15094943337414	0.386843806847508	8.39098327336882	9.91091559337947
8.68693996301893	0.352294547476837	7.99488005632806	9.3789998697098
9.1564760592503	0.512141566344111	8.1489052067245	10.1640469117761
9.17594867576227	0.376623338174288	8.43644886063692	9.91544849088763
8.71662654553624	0.398404339851106	7.9339921041291	9.49926098694338
8.40741130535878	0.337578379250277	7.74407037071366	9.07075224000389
8.51236047018221	0.358834715179953	7.80754583040922	9.21717510995521
8.9512870038714	0.461486002372939	8.04405880530453	9.85851520243826
8.7266999255469	0.31861711628627	8.10082775599971	9.35257209509408
8.64850258286934	0.41432053573125	7.83411454669397	9.4628906190447
8.62816647539698	0.374243112892746	7.89357904244101	9.36275390835294
8.29183453869785	0.347712966472634	7.60906669438953	8.97460238300616
8.69570102101438	0.426972689276806	7.85638239421168	9.53501964781709
8.37574383467915	0.36238274689843	7.66359934618693	9.08788832317137
9.03018773779954	0.433103852031717	8.17909502906502	9.88128044653407
8.78971328833519	0.422642169020681	7.95916066893332	9.62026590773706
8.91763460722674	0.408762060891347	8.11469163658241	9.72057757787108
8.50662120121836	0.382628392733038	7.75479449558398	9.25844790685274
9.19969718007999	0.531219454511917	8.15477894343729	10.2446154167227
8.8279376579407	0.387413467541341	8.0668696289944	9.589005686887
8.81981943556441	0.33240748928383	8.16742174509847	9.47221712603035
9.08298942352593	0.363968854050605	8.36787690582314	9.79810194122871
8.17139337916573	0.346405729695302	7.49111747476601	8.85166928356545
8.56922860299699	0.350735246478972	7.88034796164146	9.25810924435252
8.53999340827358	0.323856411497382	7.90405204909985	9.17593476744731
8.22642535646172	0.370741165805907	7.49856491892732	8.95428579399612
9.16409171539505	0.39542117382989	8.38731433035424	9.94086910043586
8.8062201589966	0.355191134272984	8.10873406344441	9.50370625454878
8.84985494511488	0.351761122637139	8.15901945749209	9.54069043273768
9.12167239869002	0.432782465256664	8.27066507220026	9.97267972517978
8.76293918684825	0.334139772867533	8.10694395052828	9.41893442316822
8.83959372481294	0.360304193766834	8.13184692914055	9.54734052048533
9.41587401885365	0.40695699957174	8.61583777523704	10.2159102624703
8.93147203880549	0.449849198812901	8.04708264709173	9.81586143051926
8.7886295080726	0.412506833819941	7.9784012713604	9.59885774478479
8.51120968702099	0.405379391271125	7.71422636435679	9.30819300968518
8.41481543545597	0.340727709592105	7.74589193534886	9.08373893556309
8.98475672859935	0.333443686728582	8.33043689177392	9.63907656542477
8.8312026998119	0.302805245041294	8.23691287789994	9.42549252172387
8.67718208024616	0.35714729635605	7.9759912004618	9.37837296003053
9.026853724083	0.409575042008655	8.22269030521721	9.83101714294879
8.74108632852267	0.37019310377941	8.01422398233566	9.46794867470969
8.88857426849393	0.35898478009071	8.18375219251544	9.59339634447243
8.58164261083458	0.350903546469529	7.89232183500386	9.2709633866653
8.35802306441469	0.326384720299337	7.71740972274104	8.99863640608834
8.96409833688499	0.355323403811548	8.26610402844909	9.66209264532088
8.60637914137116	0.417746493062525	7.78541174989768	9.42734653284464
9.00189689374296	0.368597573268674	8.27789031903413	9.72590346845178
8.90408459641739	0.429669200028661	8.05933815912643	9.74883103370836
8.85831093164738	0.395453241414397	8.08134749202975	9.63527437126502
9.11311347056969	0.488785564906113	8.15256242107584	10.0736645200635
8.91516381420428	0.393590122086039	8.14178806866642	9.68853955974214
8.9247741001677	0.452730796436009	8.03474283847646	9.81480536185894
9.32498992217063	0.454899459681821	8.43134157289	10.2186382714513
8.94382280029531	0.399866850764249	8.15807559567176	9.72957000491886
9.38662417288157	0.458238860015604	8.48593201461324	10.2873163311499
9.01539422548806	0.394885709782558	8.23958190248322	9.79120654849289
8.65821279459232	0.309463444638841	8.0503106722445	9.26611491694015
8.11838297189346	0.382156747390471	7.36758896791102	8.8691769758759
8.63733219950947	0.387306750093964	7.87653653923452	9.39812785978441
8.85847750649062	0.400455077628189	8.07183642686854	9.6451185861127
8.57216248925389	0.372362315177412	7.84062608046225	9.30369889804554
8.77252106944723	0.338428376635457	8.10806140216846	9.436980736726
8.93211833881437	0.476194635350152	7.99539130611243	9.8688453715163
9.03453135648305	0.385946037002126	8.27686010985469	9.7922026031114
8.43330676815806	0.373412437249464	7.69978169059071	9.16683184572541
9.14795756442443	0.529252441415367	8.10675854299276	10.1891565858561
8.55169582410148	0.481909673712303	7.60418285996488	9.49920878823808
8.83453832009548	0.357914297281865	8.13147696086441	9.53759967932656
8.60055129520277	0.333178350371287	7.94635257425439	9.25475001615116
8.73153637252711	0.475248913206039	7.79665397171673	9.66641877333749
8.55142800929001	0.374454406029849	7.81573266486483	9.2871233537152
8.64182092297948	0.366244167607204	7.92236584238789	9.36127600357107
8.50728554541025	0.381501597792614	7.75746846600637	9.25710262481414
8.62640967987825	0.371912488004468	7.89565652147562	9.35716283828087
8.70190644866056	0.312306788295275	8.08879983450906	9.31501306281206
8.95056000484654	0.402249634949935	8.16039602015821	9.74072398953486
8.81857358282288	0.482257759030646	7.87029949494963	9.76684767069613
8.43456308352297	0.396513412699053	7.65531497886516	9.21381118818077
8.94855933994604	0.474062124795561	8.01686265390933	9.88025602598275
9.13303705386244	0.417600781389065	8.31246745219076	9.95360665553412
8.77731599696085	0.349570250135915	8.09076503201406	9.46386696190765
9.27356989464889	0.390781408993249	8.50608863020174	10.041051159096
7.99707406823129	0.336657890619806	7.3360403764678	8.65810775999478
8.72518496613251	0.367269576277379	8.00336563006142	9.4470043022036
8.61523895024188	0.361596183571171	7.90477700261333	9.32570089787043
8.95750248888575	0.328109230410444	8.31337847773183	9.60162650003967
8.59271472455728	0.367821109398356	7.87021067741978	9.31521877169477
8.70031121227642	0.478895439419914	7.75937609030666	9.64124633424618
8.5562920371654	0.312260072889342	7.94291142653206	9.16967264779874
8.62752395229535	0.353026632281029	7.93419124254524	9.32085666204546
8.37129164150565	0.347017134293558	7.68976685014689	9.05281643286442
8.82520324730091	0.391837168188726	8.0557087061916	9.59469778841021
8.9503169178375	0.408744378637588	8.14719868373974	9.75343515193527
9.0050604274197	0.419676079777734	8.18084664402189	9.8292742108175
8.61910094658096	0.398571457707902	7.83577248817271	9.40242940498922
8.81292072548353	0.36921617984866	8.08787274703238	9.53796870393468
8.51636368318304	0.370039140783027	7.78949421094862	9.24323315541746
9.16407155500436	0.347752246708691	8.48122558909212	9.8469175209166
8.80280022888781	0.375254506650507	8.06598472614936	9.53961573162626
8.77263495460374	0.448304563909319	7.89171575273054	9.65355415647695
8.86647788107158	0.414498163482236	8.05168157725684	9.68127418488632
9.60875323951255	0.46868628353002	8.68797537203796	10.5295311069871
9.07383353427608	0.375751663065231	8.33588756516816	9.811779503384
8.56134373933465	0.406699215662634	7.76195855128344	9.36072892738587
9.43667567337044	0.370660160665573	8.70920407919949	10.1641472675414
8.8104001778873	0.346695402600945	8.12995895485792	9.49084140091667
8.84391165732315	0.345952184134953	8.16449663758679	9.52332667705951
9.29016564232481	0.371683430739278	8.56014637671166	10.020184907938
9.40689563994028	0.388505995130871	8.64368128140193	10.1701099984786
8.62792067032202	0.411304984472609	7.81962592244592	9.43621541819812
8.8075421277008	0.358507586250126	8.10373089751857	9.51135335788302
8.63285590796302	0.432258253869202	7.78385839272169	9.48185342320434
8.81019441664803	0.358627616534319	8.10605464803813	9.51433418525792
9.11210462095317	0.42168209786441	8.28384872494904	9.94036051695731
8.7623662932731	0.397013970649763	7.98228957842139	9.54244300812482
9.1432281690613	0.495005658574504	8.16964627196632	10.1168100661563
8.97101073562259	0.503308925282557	7.98104337021473	9.96097810103045
9.12631752747006	0.37463045608289	8.39117460183534	9.86146045310479
9.07099296956131	0.385780340830176	8.31299184170516	9.82899409741746
9.17748307988048	0.400244714370416	8.39180193867416	9.96316422108681
8.69085545611422	0.380586233691179	7.9430800148642	9.43863089736425
8.72106928963454	0.361718887939031	8.01039936189063	9.43173921737845
9.45844163150443	0.512370680928684	8.45116140851183	10.465721854497
8.80641570468941	0.355072235529049	8.10905787025472	9.5037735391241
8.17329567569009	0.356861780960905	7.47226999574763	8.87432135563255
8.98099138819888	0.426505063907882	8.14270096740614	9.81928180899161
8.42886157263107	0.452835061725077	7.53879937562218	9.31892376963996
8.35034642190542	0.305804413146144	7.74987874963268	8.95081409417816
8.9897712288248	0.373385057441211	8.25627218969797	9.72327026795162
9.17545023963669	0.368316522541773	8.45192501072175	9.89897546855163
8.50934568853906	0.381701620031105	7.75917523687544	9.25951614020267
8.75878460748378	0.355883680978217	8.06016844410161	9.45740077086594
8.42811380293035	0.356779959643972	7.7275530625215	9.1286745433392
9.28993839466411	0.41346205552752	8.47718917535421	10.102687613974
8.68331640850517	0.379412641168544	7.93818346600684	9.4284493510035
8.51141180221295	0.305955579089495	7.91069898565367	9.11212461877222
8.72138048502742	0.392265641214997	7.95100903772198	9.49175193233287
8.88798553585555	0.353072694550832	8.19489289306201	9.5810781786491
9.05610252433834	0.359212818258707	8.35048833213085	9.76171671654582
9.3553245625154	0.386597476842586	8.5961436805088	10.114505444522
8.89298546122035	0.382298006498653	8.1420184513747	9.643952471066
8.86066551865966	0.531279178336151	7.81506239382594	9.90626864349338
9.00851499536519	0.359281558276142	8.30290034892083	9.71412964180954
8.39999726070678	0.339793971392332	7.73315374907849	9.06684077233506
9.03248490542815	0.453710270842791	8.14049428014322	9.92447553071308
9.36284163961491	0.497609244531158	8.38384552139208	10.3418377578377
8.93001953872143	0.362601402363836	8.21748918400012	9.64254989344274
8.44233619342955	0.345740903967103	7.76339058488147	9.12128180197763
8.43289531334241	0.354274239678029	7.73703020086111	9.1287604258237
8.45780157081509	0.466397017298652	7.54076707826952	9.37483606336066
9.01341476593111	0.423697965649268	8.18076445318206	9.84606507868016
8.5462426980854	0.378906490804184	7.80176142552007	9.29072397065072
8.87188711741459	0.439807271842549	8.00718222676789	9.73659200806128
8.57163420086433	0.371593247042788	7.84187524598801	9.30139315574064
9.43994587960031	0.369862075709909	8.71392009366568	10.1659716655349
8.96428344439957	0.44840587339727	8.08223546073842	9.84633142806071
8.62689486722335	0.395965761531957	7.84916282831063	9.40462690613606
8.74949535817857	0.373233173545724	8.01626648308035	9.4827242332768
8.75309218514366	0.429125528854534	7.90917467973055	9.59700969055677
8.6383420207754	0.357704164573337	7.93613322441609	9.34055081713471
8.46203158870811	0.346313365727466	7.7820292700979	9.14203390731832
9.21610507801663	0.443530427571325	8.34374455147716	10.0884656045561
8.5216953560504	0.377622213849297	7.77956094154075	9.26382977056005
8.62648941823322	0.417045513592004	7.80687289896204	9.4461059375044
8.74703491575344	0.468561807854667	7.82567263242166	9.66839719908523
8.634239347083	0.413801403709749	7.82141428392849	9.44706441023751
8.93871872728603	0.523207174770875	7.90942832184766	9.9680091327244
9.31346076080433	0.411474304050856	8.5054845873617	10.121436934247
8.29305842144649	0.383422771319708	7.53970235045333	9.04641449243964
8.91810361015679	0.370357546893848	8.19056471903632	9.64564250127725
9.00771150540555	0.354117611944752	8.31234283762911	9.70308017318199
9.65334640686141	0.525801743368592	8.6193255702701	10.6873672434527
9.0456109115158	0.418074579338042	8.22417385182071	9.8670479712109
8.51156004167291	0.309831807255063	7.90336289585883	9.11975718748698
9.40621837462479	0.416269493644997	8.58796267397182	10.2244740752778
8.36986230270097	0.333886955670066	7.71437966546563	9.02534493993631
8.69833143926307	0.377272573694271	7.95713568227263	9.4395271962535
9.06552889334179	0.669753686226372	7.74728432789212	10.3837734587915
8.83812482231629	0.36598047416502	8.1195867178707	9.55666292676188
8.68752199384913	0.396750374767352	7.90779283672578	9.46725115097248
7.75640136045542	0.288248272387638	7.19046276113293	8.32233995977791
8.66099074301652	0.471018143410564	7.73515560614028	9.58682587989275
8.94349539722632	0.43894460529587	8.08084486462979	9.80614592982285
8.87114103697302	0.421171260358634	8.04356020792977	9.69872186601627
9.03527947451389	0.356183681809254	8.33564200076671	9.73491694826107
8.84927602222425	0.378029485591033	8.10667073482039	9.59188130962812
8.82596803436338	0.462697608595397	7.91604489225287	9.7358911764739
8.83859353450956	0.444619491674861	7.96487625082532	9.7123108181938
9.03780101777626	0.381064451220053	8.28919987885079	9.78640215670174
8.55000305630668	0.381618570272783	7.80049615304992	9.29950995956343
9.05618492230701	0.424063315182207	8.22292113137833	9.88944871323569
9.16018003753233	0.42997089014185	8.31481300118164	10.005547073883
8.48895935160087	0.289347226148565	7.92090724240582	9.05701146079591
8.76792249785819	0.410437921459532	7.96130831046185	9.57453668525452
8.23147581100968	0.321973468314077	7.59894956965417	8.86400205236518
9.08213479731468	0.479549502890382	8.13885896128554	10.0254106333438
8.89822680443183	0.364473160786663	8.18244666040817	9.61400694845548
8.64241156050734	0.338734326819335	7.97739647889177	9.30742664212291
8.79574252358911	0.44843711169259	7.91461372630916	9.67687132086905
9.58648256854407	0.468521298126771	8.66569610011107	10.5072690369771
8.86877487606986	0.42032558121618	8.04273604126585	9.69481371087386
8.79603831830135	0.350641967352597	8.10748872189462	9.48458791470807
8.91857383143006	0.41115781386248	8.11091434699153	9.72623331586858
9.48777580872689	0.609247048768191	8.28894791285513	10.6866037045987
8.7240982539723	0.311862282478855	8.11193506834955	9.33626143959505
8.90714684623707	0.329718359482848	8.25962476712944	9.55466892534469
8.95119111840393	0.32332090567382	8.31644467147179	9.58593756533607
8.69951827989884	0.361418599718912	7.98958551596098	9.40945104383671
8.91829381170755	0.363735400939163	8.20404998106886	9.63253764234625
9.72043363008767	0.4576335465068	8.82093508839373	10.6199321717816
8.73196953489088	0.350891748943557	8.04273006995156	9.42120899983021
8.34918565729084	0.375150661434939	7.61236256196229	9.08600875261938
8.69316568510015	0.365874514360764	7.97446572492818	9.41186564527213
8.90702709705299	0.397906168672884	8.12558319050843	9.68847100359754
9.02361115933414	0.40400285231775	8.22925974670412	9.81796257196417
8.5210492966028	0.374413769870388	7.7856542965262	9.2564442966794
8.88842473711322	0.39017342875269	8.12186734572364	9.6549821285028
8.76650179080995	0.398360229428583	7.98403754816663	9.54896603345328
8.61736041328285	0.309716346818137	8.0094087411154	9.22531208545031
9.04868785446961	0.381640766061799	8.29918864661657	9.79818706232264
8.48600348616596	0.36680038549693	7.76541978688267	9.20658718544924
8.8384770925562	0.334511147856736	8.18169136118193	9.49526282393046
8.34395172379172	0.390520373222907	7.57679040405695	9.11111304352649
8.77843926486445	0.413753278912547	7.96514942447919	9.5917291052497
8.80357281868086	0.380036927133924	8.05719249844167	9.54995313892005
8.82057620188512	0.358190646333443	8.11765075033798	9.52350165343227
8.73426831724862	0.334140243165506	8.07826230301311	9.39027433148412
8.75056017038471	0.408745667040377	7.94732451704176	9.55379582372767
8.71884363718039	0.492406310255268	7.75010395223461	9.68758332212617
8.66654580695012	0.42685247029313	7.82753737964399	9.50555423425624
9.07840438669574	0.383891023416244	8.32450054656824	9.83230822682325
8.6281890176598	0.457087644989524	7.7295124991536	9.52686553616601
8.57677747131755	0.395052170537864	7.80011568258349	9.35343926005162
8.42411659225286	0.353557553958118	7.72984229750468	9.11839088700104
9.01180703323937	0.348222164005507	8.32790921717751	9.69570484930123
9.14013070084764	0.380667760690014	8.39255496680306	9.88770643489222
9.25242883092342	0.416959518000731	8.43300219545368	10.0718554663932
9.02020556450281	0.404269854965155	8.22542249885766	9.81498863014796
8.58385525397858	0.370418070493252	7.85651855442232	9.31119195353484
9.17874279331926	0.390629232774905	8.41192948925961	9.9455560973789
8.57811567324928	0.338964921399267	7.91224019503168	9.24399115146688
9.32746922019156	0.496041692952452	8.35197271922423	10.3029657211589
9.2436390410423	0.424290325484641	8.40996749816639	10.0773105839182
8.49935901355619	0.381340381299915	7.75036110355688	9.24835692355549
8.11166723092671	0.353672100199948	7.41680311525724	8.80653134659618
8.80168639471735	0.394739145463607	8.02654290423503	9.57682988519967
8.17511244518572	0.391316966174895	7.4061309231725	8.94409396719894
8.65756189177925	0.48422556066844	7.7053542617417	9.6097695218168
8.87550071254044	0.35368262251377	8.18095489979629	9.57004652528459
8.91094977319194	0.485693544574861	7.95624630987512	9.86565323650877
9.10862191708439	0.357525922846519	8.40669128851612	9.81055254565266
8.88773053201621	0.352855582603447	8.19494719684135	9.58051386719107
8.98778441617105	0.414969260370266	8.17226962251391	9.80329920982818
8.30786711873498	0.413302921210188	7.49580600079023	9.11992823667973
9.44719898049842	0.452464539918597	8.5581493599285	10.3362486010683
9.16959930099025	0.396500049035977	8.39095848348172	9.94824011849877
8.92928598812962	0.426464678755522	8.09141926416278	9.76715271209646
8.61916259391298	0.363105438719034	7.90569088514998	9.33263430267597
8.99669179010189	0.675928565598514	7.66609789474847	10.3272856854553
8.60259230300942	0.343114238367871	7.92865075859715	9.27653384742169
8.80322757769541	0.32147661599282	8.17186968360182	9.43458547178899
8.41630271277883	0.41301352856604	7.60424116758791	9.22836425796975
8.49745244437072	0.338923355645196	7.83192273815489	9.16298215058654
8.54422512906352	0.324217666559947	7.90786894025241	9.18058131787463
9.05886297867102	0.640599570496864	7.79833462024394	10.3193913370981
9.33469783916691	0.376153598881222	8.59614599404198	10.0732496842918
9.1272024421592	0.468885188172821	8.20528751458214	10.0491173697363
8.83220358062288	0.321141144258622	8.20178096757788	9.46262619366788
8.22935102388694	0.338366617926055	7.5648206617918	8.89388138598208
8.64097459169379	0.360965072877006	7.93190173851494	9.35004744487264
8.57875211659197	0.413013158741625	7.76705630649073	9.39044792669322
8.51740720372716	0.380330150378472	7.7701536035947	9.26466080385961
8.95437746475349	0.447945401202278	8.0736079085338	9.83514702097317
8.99024341371444	0.499237088366398	8.00849838082645	9.97198844660243
9.20735532809065	0.39496616003872	8.43131319514062	9.98339746104068
8.2794514790018	0.362555026084947	7.56720396386507	8.99169899413853
9.66938313691944	0.394540769869988	8.89496291537919	10.4438033584597
8.80142289355341	0.406026537886414	8.00322570997434	9.59962007713247
8.66695128712721	0.371389728862755	7.93728053721717	9.39662203703725
9.15260914273991	0.324673248827187	8.51523679466012	9.78998149081969
8.72780616979771	0.365042050924687	8.01069066829501	9.44492167130042
9.09734632709787	0.41058276610331	8.29063607862676	9.90405657556898
8.28822224958735	0.341588181887703	7.61728963852273	8.95915486065197
9.00760105960365	0.443974148307422	8.1348196226781	9.8803824965292
8.50094404071104	0.344270183617401	7.82471392238137	9.17717415904072
8.4711637915494	0.337078018763996	7.80911469254375	9.13321289055505
8.52396217578532	0.346372144453132	7.84348631674378	9.20443803482686
9.48097415350467	0.419373515164864	8.65657808272413	10.3053702242852
9.31511290222325	0.409219267332559	8.51126099769523	10.1189648067513
8.54878429355772	0.45091916315793	7.6624182734271	9.43515031368834
8.76173824416474	0.418283981886395	7.93929542895143	9.58418105937805
8.77121726606972	0.435834798397645	7.91448625097357	9.62794828116587
8.65176088979723	0.378383438735324	7.90896096445926	9.3945608151352
8.8414411303059	0.352562821952536	8.14889627119744	9.53398598941435
9.23835442092253	0.537451873296611	8.18114744938547	10.2955613924596
9.15746930612984	0.406128666090377	8.35971916131139	9.95521945094829
8.87106142699496	0.42966983890909	8.02648239481057	9.71564045917935
8.73574801782353	0.387497426875232	7.9747824181882	9.49671361745886
8.7001510033174	0.407654970829317	7.89896697906518	9.50133502756961
9.27796245003038	0.387234936444472	8.51736063537253	10.0385642646882
8.55812850896815	0.436004945723902	7.70105303388787	9.41520398404844
8.09641540553543	0.360030013826576	7.38910122403118	8.80372958703968
8.95258623111524	0.42547121789801	8.11664588797454	9.78852657425593
9.09950098538659	0.382174052102745	8.3490193535223	9.84998261725088
8.85942529527621	0.375619339802344	8.12148078958468	9.59736980096775
8.88116929741039	0.36015212093292	8.17378790254359	9.58855069227719
9.05178156783471	0.482841956985492	8.10272914234462	10.0008339933248
8.67689997018577	0.376574461060155	7.93745844233262	9.41634149803893
8.48878834896731	0.372733006684067	7.75662228423081	9.2209544137038
8.50851370117323	0.376116460821207	7.76942521035773	9.24760219198874
8.85270918981973	0.36983675161589	8.1265058372903	9.57891254234916
9.51534242549181	0.444131381497104	8.64232452353521	10.3883603274484
8.77195237181782	0.379477221414622	8.02691608698906	9.51698865664658
8.64066102788054	0.552938139425407	7.55302274623309	9.72829930952798
9.15204028717752	0.393727698251069	8.37839574796216	9.92568482639288
9.06233899947256	0.438472626771853	8.20011588980584	9.92456210913927
9.06214177299248	0.39625974016393	8.28365279747992	9.84063074850505
8.94245534882424	0.382683116571691	8.19061463558691	9.69429606206157
8.65034190226932	0.366573611377593	7.93028465415005	9.37039915038859
8.87638718755054	0.370743260936493	8.14827200210516	9.60450237299593
8.95245727561492	0.387283621260828	8.19210445882332	9.71281009240651
8.73637047022251	0.324608946274823	8.09937545773362	9.37336548271139
9.28228843019397	0.40777071217934	8.48160979553452	10.0829670648534
8.70589132753183	0.335094064611448	8.04805586060387	9.3637267944598
8.45069206729543	0.315768782644194	7.83045413616679	9.07092999842406
8.86486122495768	0.334070605120942	8.20878588417023	9.52093656574514
8.89155175459663	0.377366263917565	8.15006205118649	9.63304145800677
8.80696534495958	0.378983501810898	8.06281076162672	9.55111992829245
8.90086043814323	0.4303857407371	8.05505006157203	9.74667081471443
8.5645322716375	0.355774484890413	7.86583251611633	9.26323202715866
8.97337649185961	0.456598370143037	8.0759141124934	9.87083887122582
8.32587728492952	0.434830215835856	7.47107743178565	9.18067713807339
8.94733658262426	0.313430740842139	8.33227493881899	9.56239822642953
9.16939701682971	0.452789986590244	8.2793661691959	10.0594278644635
9.05575874406198	0.339037064404099	8.38998017604819	9.72153731207577
8.38826782284791	0.367394861558324	7.66622100036625	9.11031464532956
8.95445960511091	0.469416672839392	8.03164571436749	9.87727349585434
8.72796640336621	0.320532750567142	8.09886053983	9.35707226690242
8.82936298614696	0.373539228926755	8.09531435895967	9.56341161333425
8.34973917171418	0.394440586020838	7.57494773323517	9.12453061019319
8.26986339029938	0.410605959744275	7.46320645059868	9.07652033000008
8.61043089602416	0.308447133001841	8.00469001172736	9.21617178032096
8.4018039261904	0.365343459802967	7.6840993883793	9.1195084640015
8.52476904527683	0.391531650074965	7.7556740904552	9.29386400009846
8.41828080808701	0.337094332780277	7.75621645416713	9.08034516200689
9.14484354911696	0.413259257262508	8.33249307724118	9.95719402099275
8.97236424446997	0.369939161065439	8.24612003469428	9.69860845424567
9.10451680313769	0.453215360468388	8.21351577500332	9.99551783127206
8.94896033490387	0.390337235296579	8.18225029025743	9.71567037955032
8.65107026140449	0.355079018225147	7.95367077601465	9.34846974679433
8.91834866292328	0.367801356975851	8.19589367990808	9.64080364593849
9.01002006312712	0.376400628633825	8.27055416604413	9.7494859602101
8.19949462838668	0.39096516457425	7.43122769471763	8.96776156205573
8.4650414952017	0.381579477299389	7.71577160335608	9.21431138704732
7.73558315608224	0.360722032425578	7.02672867178078	8.4444376403837
8.37760236257182	0.36694988909826	7.65686012477039	9.09834460037326
8.26162855761692	0.3229283647457	7.62735930258061	8.89589781265324
8.93896096611906	0.582310281099326	7.79274372169746	10.0851782105407
8.55129366746177	0.37188625197813	7.82091497920603	9.28167235571751
8.57203583100797	0.369945344535316	7.84528342731128	9.29878823470467
8.94632675336669	0.384315473767858	8.19097779307469	9.70167571365869
8.47417833800229	0.337982751847071	7.81020214610758	9.13815452989699
8.63606456327462	0.673852988324385	7.3095325776116	9.96259654893764
9.39908576936467	0.381141736136685	8.65083079079097	10.1473407479384
8.39051828315668	0.333695267827146	7.73485065594582	9.04618591036755
8.9773512963321	0.463450649472299	8.06639787378219	9.888304718882
8.72584227182306	0.37795377132302	7.98339080552412	9.468293738122
8.48427321601275	0.35222667321477	7.79270251461861	9.17584391740688
8.99051736282636	0.389620088394251	8.22513340197523	9.75590132367749
8.91079321317827	0.37250254794196	8.17877789624066	9.64280853011588
8.55867144153961	0.378789312881788	7.81494231038521	9.302400572694
8.76445546610652	0.459131465780397	7.86183386790053	9.66707706431251
8.71053591375494	0.395546066785441	7.93326016166341	9.48781166584647
8.64778923600596	0.40870836434468	7.84499893969978	9.45057953231214
8.95378311367031	0.406521551080704	8.15476365127199	9.75280257606863
8.94912496613565	0.394303351052706	8.17467207270476	9.72357785956653
8.9025786458089	0.412050991089509	8.09326134642342	9.71189594519439
8.56855610543488	0.362199806284116	7.85707931440315	9.28003289646661
8.3702002089786	0.438873262414777	7.50717261670095	9.23322780125625
8.66509056120604	0.348662672897935	7.98009791619786	9.35008320621422
8.42850016572311	0.313702594775071	7.81257669060515	9.04442364084106
8.70137624315992	0.392042364309768	7.93137803867537	9.47137444764447
8.86615025940231	0.393570989664735	8.09281971172049	9.63948080708413
8.77046385347609	0.418873854747413	7.94701950066083	9.59390820629135
8.96910059251881	0.470457831596594	8.04433586315538	9.89386532188224
8.7974608937576	0.383466444641552	8.04461166708146	9.55031012043375
9.31984073493423	0.386163050140175	8.56137458815411	10.0783068817144
8.96577743774068	0.373748424372021	8.23192546195836	9.69962941352299
8.87847473079236	0.354543301061788	8.18268044448505	9.57426901709966
8.81968676745612	0.37792595219613	8.07715171123816	9.56222182367408
7.79697414503014	0.354113895181517	7.1015084557783	8.49243983428198
8.37155684021811	0.353715652879455	7.67700346568857	9.06611021474765
8.65301248684802	0.380545324786206	7.90538491755758	9.40064005613846
8.86787626363435	0.402137099414054	8.0780162624633	9.65773626480541
8.74028553837625	0.370532465709208	8.01283518141187	9.46773589534063
8.6974567909357	0.357639203694053	7.99537297302369	9.39954060884771
9.13465677854931	0.33728433857583	8.47224853342332	9.7970650236753
8.89555927570659	0.578442724704209	7.75763425026686	10.0334843011463
8.25688525904813	0.365229806914282	7.53877203317918	8.97499848491709
9.1413031827244	0.448815938300556	8.25911875111445	10.0234876143344
8.84497379695249	0.464442232237203	7.93167752217941	9.75827007172556
8.49239769561792	0.349110130866878	7.80702865494093	9.17776673629491
9.0901821376233	0.339594297903999	8.42356297267876	9.75680130256784
8.70662144871978	0.424714431620339	7.87199588469501	9.54124701274455
8.7451750320611	0.378266729540433	8.00243727350975	9.48791279061245
8.36558411269264	0.334030065421194	7.70958970012033	9.02157852526495
8.49783621302427	0.334472502314492	7.84089206660943	9.15478035943911
9.20402895951583	0.393841236145851	8.43016464355721	9.97789327547445
8.43011000485298	0.402704027917169	7.63913228869197	9.221087721014
8.80955980947773	0.372276525626927	8.07836099584213	9.54075862311334
9.11255579845573	0.331237372059831	8.46191439006563	9.76319720684584
9.28100589008732	0.392710731896227	8.50947545919346	10.0525363209812
9.03225198188098	0.339884176335255	8.36475303315042	9.69975093061154
9.12396089952722	0.35337311005667	8.42993638894033	9.8179854101141
9.98449061762546	1.11135722566334	7.79520967162801	12.1737715636229
8.70552382778498	0.352860820231533	8.01300661224794	9.39804104332203
8.8475789759707	0.37874612861185	8.10372435617607	9.59143359576533
8.74830248262914	0.352956004142883	8.05539645432866	9.44120851092962
8.22219030320109	0.374683652363393	7.48653341437191	8.95784719203027
9.04008514216468	0.460883255283509	8.13410971480149	9.94606056952787
8.65352816759327	0.402781550762507	7.86248191352972	9.44457442165682
9.08402922415027	0.485977406188609	8.1285096037714	10.0395488445291
8.69714388897595	0.43643400246099	7.83902219451563	9.55526558343627
8.43068643307198	0.319186110647735	7.80409867627367	9.0572741898703
8.21433044316316	0.361915319743113	7.50350451795525	8.92515636837107
8.91345737927412	0.439580488068627	8.04900402985406	9.77791072869418
8.57779924630526	0.322797673969901	7.94405878840321	9.21153970420732
8.74721702862789	0.428321902267075	7.90537518640938	9.58905887084641
8.21979516103439	0.344637215734464	7.54297195832743	8.89661836374135
8.33300696617996	0.333966273497014	7.67748675852411	8.98852717383581
8.79200015602755	0.400793315387537	8.00411746824328	9.57988284381181
9.14488429401588	0.398661701750822	8.36190827433682	9.92786031369495
9.32136795464395	0.398446585213744	8.53862707080074	10.1041088384872
8.12283184116348	0.357278645284056	7.42104175978185	8.82462192254511
8.93782795906552	0.513977549665346	7.92707539692756	9.94858052120347
8.39083000724301	0.322734587655753	7.75719389903546	9.02446611545057
8.66610775903333	0.374817494016637	7.92973584766901	9.40247967039765
8.83111233951447	0.302287708781883	8.23753223919746	9.42469243983149
9.50487043954635	0.397251513522459	8.72463360878266	10.28510727031
8.89738676986753	0.424945577793497	8.06202749609494	9.73274604364012
8.17603238524528	0.374275055979066	7.44087482979258	8.91118994069799
8.25854334594298	0.362476792681273	7.54635888142422	8.97072781046174
9.06061381348812	0.439728699088532	8.19674859742888	9.92447902954736
9.05604448279594	0.377463743856666	8.31478212872793	9.79730683686396
8.85790686241952	0.475393312504661	7.9227654273848	9.79304829745423
9.0756729010281	0.3682768157498	8.35228829998773	9.79905750206848
9.0816966602975	0.341433802005683	8.41134934784324	9.75204397275175
8.71191145986776	0.330802381548347	8.06246495828034	9.36135796145519
8.82849362451357	0.378700657364243	8.08465747251665	9.57232977651048
8.77194429358585	0.480238613253256	7.82741650605869	9.71647208111301
9.14040290676796	0.441797035598112	8.2721915350916	10.0086142784443
8.83571024802409	0.411631894048961	8.02698040030816	9.64444009574001
9.25433573817831	0.431844946615739	8.40558890098106	10.1030825753756
9.27553142898376	0.438210972045575	8.4142521641953	10.1368106937722
8.81655547526508	0.369503980987913	8.09077079937965	9.5423401511505
8.86154112201277	0.366186894087093	8.14255374786308	9.58052849616246
9.08018561817081	0.427672438284699	8.23936960941599	9.92100162692564
8.5372065174805	0.375970371409279	7.79845271622436	9.27596031873664
8.8871764402578	0.449941951161323	8.00249518279467	9.77185769772093
9.03727312461266	0.441604707381724	8.16983703759653	9.90470921162878
8.93464352217371	0.468784240621186	8.013048422105	9.85623862224242
8.96746596067876	0.450741973446793	8.08126092115188	9.85367100020565
8.40601473545457	0.319974716356478	7.7777817147509	9.03424775615825
8.74629842725139	0.356395367801624	8.04597964063919	9.44661721386359
9.00454390469253	0.311808991214564	8.39259563044953	9.61649217893554
8.7547389661417	0.403193530107084	7.96236284859585	9.54711508368755
8.22446233577631	0.334303873843153	7.56801122572603	8.88091344582658
9.32990402215377	0.423032907669125	8.4985720993822	10.1612359449253
8.7679358188739	0.350645182103537	8.07923715861581	9.456634479132
8.52507125742715	0.461215120217131	7.61820675151416	9.43193576334014
8.92175991284804	0.375063043675798	8.18480515671842	9.65871466897765
8.83812255121939	0.35574017634562	8.13979133590093	9.53645376653785
9.33681996831136	0.529339503892464	8.29607734179599	10.3775625948267
9.16002955048906	0.385424180349743	8.40285064805831	9.91720845291981
8.43990950036651	0.424637599702846	7.6052351817666	9.27458381896643
9.14693748886601	0.869550326659755	7.43427820461889	10.8595967731131
9.44664614462906	0.462685011675224	8.53687555214906	10.356416737109
8.94234585377906	0.416951535686526	8.12294713954505	9.76174456801307
9.0774762431848	0.344863651842779	8.40013493066049	9.75481755570911
9.24763791856178	0.461911316782442	8.33916139884863	10.1561144382749
8.79889433624922	0.378381528849398	8.05605726316446	9.54173140933398
8.80572876899203	0.337527884800121	8.14282692084842	9.46863061713565
8.95609518064896	0.439408419872505	8.09249447127696	9.81969589002096
8.75715388730381	0.365672466788082	8.03869012770538	9.47561764690223
9.21738208150191	0.411599780147668	8.4085731088846	10.0261910541192
8.91158553359204	0.430587682247245	8.06555207710779	9.75761899007628
9.13150041524796	0.730204973930446	7.69449951376493	10.568501316731
8.91543239240355	0.438387511586319	8.05371095711107	9.77715382769602
8.40745978952834	0.422179121252978	7.57736872909844	9.23755084995824
8.83895504912901	0.36595163296268	8.12026206005865	9.55764803819936
8.46048939669613	0.353782681270948	7.76565151144808	9.15532728194418
8.80910339220198	0.398225001055412	8.02656290776414	9.59164387663981
8.82919233692703	0.381798316306164	8.07891785500594	9.57946681884812
9.06502036088937	0.327771477071848	8.42159503211035	9.7084456896684
8.9963477969616	0.341877947406039	8.32520903711938	9.66748655680382
8.73111249117875	0.375350563406715	7.99360978690487	9.46861519545262
8.35859032323813	0.306874257954405	7.75625467469353	8.96092597178273
8.64523836090081	0.343108572046024	7.97194838008668	9.31852834171494
8.97786585841976	0.394284753417962	8.20361218434467	9.75211953249486
9.05741723359224	0.519060557491144	8.03617307517998	10.0786613920045
8.41229889399396	0.448395841423065	7.53102672347878	9.29357106450915
8.65640003252194	0.397586575963706	7.87578328092265	9.43701678412122
9.23092830427989	0.430980644767487	8.3841775772798	10.07767903128
8.56484924775985	0.354978606759738	7.8681806860962	9.26151780942349
8.90287894859022	0.476871555802797	7.96523963989702	9.84051825728341
8.96985295716489	0.334241863557263	8.31338467108463	9.62632124324516
9.0882092038704	0.410922918444188	8.28081155130983	9.89560685643096
9.19046987772434	0.407978012257757	8.38888689003721	9.99205286541148
9.30779045569668	0.460849059102034	8.40158663458339	10.21399427681
8.73158004380315	0.352688122243546	8.03838460941462	9.42477547819169
8.54554425083774	0.358120745881066	7.8421450651747	9.24894343650079
8.52128878987067	0.34482292974633	7.84437102728807	9.19820655245326
8.14341967497715	0.308085422100488	7.53854565833248	8.74829369162183
8.43225659572866	0.349998572922424	7.74498260161365	9.11953058984367
9.34898906304259	0.458128139705604	8.44845718280856	10.2495209432766
8.81522216271487	0.415726146630408	7.99780405136109	9.63264027406864
9.47614266759361	0.407544263136538	8.67572416629025	10.276561168897
9.50870105700189	0.432377191622128	8.65940588147604	10.3579962325277
8.90300537941432	0.541967160734735	7.83668190407152	9.96932885475712
9.05077843160853	0.557356715875697	7.95447369978226	10.1470831634348
8.3386205480181	0.324303241787943	7.70176441221956	8.97547668381664
8.37857586619484	0.315594466050275	7.75865281471402	8.99849891767567
9.32629935540152	0.36365888736682	8.61245653542164	10.0401421753814
8.82982018408499	0.360508169099219	8.12155783403895	9.53808253413103
8.95711567859748	0.401078572364255	8.16917160227418	9.74505975492078
9.03517724773014	0.43611926280423	8.17838683632111	9.89196765913917
8.62347311909645	0.3805329186659	7.87572893961276	9.37121729858014
9.08497486377447	0.402955271860878	8.29326602155432	9.87668370599461
8.94330682910537	0.342014384259044	8.27189624373958	9.61471741447117
9.11976089070632	0.512284429679013	8.11244892477681	10.1270728566358
8.4862964933971	0.383823688214746	7.732019653492	9.2405733333022
8.80562236690102	0.427197505726696	7.9658803138979	9.64536441990414
8.87719804142494	0.416999458555473	8.05699357165851	9.69740251119137
8.75083571331725	0.405293421271255	7.95428057268497	9.54739085394952
8.68503236447825	0.510457421134915	7.68074411427649	9.68932061468001
8.70287519819588	0.326364994050759	8.06225773151915	9.34349266487261
8.74317974268408	0.397676654813179	7.96215917199934	9.52420031336881
8.86813779097189	0.470112567579326	7.94357835284335	9.79269722910042
8.8405530459226	0.367147945661415	8.11969144963405	9.56141464221114
8.64013514621276	0.30964474234005	8.03229791064383	9.2479723817817
8.87639107254587	0.412373785418475	8.06585542637532	9.68692671871641
8.9281552700362	0.454658944403536	8.03419381358247	9.82211672648992
8.54620137256609	0.361486248103969	7.83633364381867	9.25606910131351
8.66645373691915	0.37090185948456	7.93764616623516	9.39526130760315
8.94127999433335	0.424757323557586	8.10629615403134	9.77626383463536
9.07105771423626	0.432884948081996	8.22077816925318	9.92133725921934
9.17913370526101	0.405406700213318	8.3826560945863	9.97561131593572
8.8737469870306	0.560017771132257	7.77180255669225	9.97569141736895
9.00062496401624	0.363301841867784	8.28736242621341	9.71388750181907
8.86275561394161	0.435253178944776	8.00746314152706	9.71804808635617
8.35154435142587	0.352619736546014	7.65889664423357	9.04419205861817
