estFinal_ps2	sdFinal_ps2	X1	X2
8.79802772199512	0.27647677048199	8.25559614404678	9.34045929994345
9.60947573664635	0.340001210788579	8.94217566788612	10.2767758054066
8.655117622966	0.275572295291795	8.11427897630753	9.19595626962447
8.94775776613974	0.317365807551513	8.32491118635563	9.57060434592385
9.1993692179525	0.341930456944386	8.52822378627867	9.87051464962633
8.87473451911118	0.319546576361149	8.24746667742805	9.50200236079431
9.11236209289107	0.331100499687818	8.46233336002061	9.76239082576154
9.16459573624565	0.333029718451196	8.51088095395661	9.81831051853468
8.73577387724167	0.324146246757992	8.09957559267276	9.37197216181058
9.0862751065283	0.25941528957863	8.57733168011403	9.59521853294258
8.8021834234264	0.359553663899244	8.09640192213496	9.50796492471784
9.26366153068929	0.328007318409297	8.61983414516252	9.90748891621606
9.13076799628613	0.314664599339625	8.51317196614603	9.74836402642624
8.64303534679651	0.324101438610324	8.00679295320158	9.27927774039144
8.61450936453213	0.305396110373937	8.01506530860587	9.21395342045838
8.9143767950587	0.303007826538579	8.31955339102291	9.50920019909449
9.30309502218813	0.308794542140201	8.69720637610344	9.90898366827281
8.9501340777046	0.385158031363329	8.19375943151502	9.70650872389418
9.24817135574475	0.357986597202046	8.54529982169674	9.95104288979275
9.29239279239967	0.312104760346433	8.68007202265037	9.90471356214898
8.81489421731502	0.286045526684739	8.25378821317531	9.37600022145473
8.80336337006321	0.329879494288229	8.1558357784653	9.45089096166112
9.19135754295226	0.357312129839512	8.49010775349581	9.8926073324087
8.99741812104922	0.310832524995499	8.3875144070553	9.60732183504315
9.10470390373748	0.315192304351337	8.4860032323269	9.72340457514805
8.70103486183913	0.302380800400779	8.10765361276441	9.29441611091385
9.24414914004512	0.367373527644183	8.52289265867608	9.96540562141416
8.8467393535961	0.269454128575727	8.31802258336675	9.37545612382545
8.90146705896876	0.291695720693493	8.32885853617018	9.47407558176735
8.81647789366744	0.285209907686988	8.2568140534789	9.37614173385599
8.91953145779547	0.336572065371794	8.25894008455794	9.580122831033
9.10619132495407	0.348645155191436	8.42177548991211	9.79060715999603
8.99561454973161	0.33880342717564	8.33065446205871	9.66057463740452
9.34323320245625	0.316222173076807	8.72277639834608	9.96369000656641
8.85107672516004	0.315084593011449	8.23280549883219	9.46934795148788
9.13192162298048	0.319367537423321	8.50485407147326	9.75898917448771
8.7284275777471	0.282712905910479	8.17369006947237	9.28316508602184
9.14821412569248	0.331801669057889	8.49690392926697	9.79952432211799
8.60627761129987	0.266489236430715	8.08336541582777	9.12918980677197
8.87607910433811	0.303645708904766	8.28024023979884	9.47191796887738
9.52397956607213	0.398036261040812	8.74248375067521	10.3054753814691
8.86836175838299	0.303457146297772	8.27278888962001	9.46393462714598
8.62786560494795	0.296742429033553	8.04553218158782	9.21019902830809
8.62655386434911	0.286892277404823	8.06350624243431	9.18960148626391
8.75503992515625	0.292637970255302	8.18065095896379	9.3294288913487
9.25121863604198	0.322212320199149	8.6187817045356	9.88365556754837
8.73045193227358	0.335194881602442	8.07244727600803	9.38845658853914
9.01695077459009	0.297610598526104	8.43300559233461	9.60089595684558
8.86245277676339	0.290521244285771	8.29223355479463	9.43267199873215
8.8577240651503	0.33998945392716	8.18999299126209	9.5254551390385
9.05612351216523	0.300563335513682	8.46620076876958	9.64604625556088
9.11644568115675	0.327052843867384	8.47422987640754	9.75866148590596
8.83737490284425	0.343423057365542	8.1633946750946	9.5113551305939
9.41863053353891	0.295118473822029	8.83966216719538	9.99759889988243
9.29059683996832	0.323188644295228	8.65635757002528	9.92483610991136
8.93271155031831	0.313127775534182	8.31816677494585	9.54725632569077
9.03105699557449	0.298871780919101	8.44457546272842	9.61753852842056
9.151928098327	0.29108333223196	8.58070963639906	9.72314656025494
8.86796946267149	0.315221585694299	8.24913877503051	9.48680015031247
8.53040784119679	0.282323099365896	7.97636427722716	9.08445140516641
8.70467697870179	0.28310906097008	8.14883700673492	9.26051695066866
8.73843688618378	0.279744760315886	8.1892742911827	9.28759948118487
8.51817525964477	0.299084690110227	7.93090369017769	9.10544682911185
9.13838987308432	0.319232553940765	8.51188503036824	9.76489471580039
8.13354385348007	0.260070975955496	7.62317129463968	8.64391641232045
9.21616060388386	0.322801844251385	8.5825230471796	9.84979816058811
8.94143302041719	0.349936610266783	8.25436023012002	9.62850581071436
9.04074015875053	0.271943574866476	8.50720287738367	9.5742774401174
8.89532396420628	0.336675038035508	8.23411863773221	9.55652929068036
9.10289458619901	0.317749840813769	8.47914176743149	9.72664740496653
9.1285721364365	0.306319775991063	8.52738077300616	9.72976349986684
8.67644937078367	0.306319016579367	8.07503174111094	9.2778670004564
9.42653963798896	0.319039542691608	8.80023968213404	10.0528395938439
8.8877987997703	0.318484726442356	8.26278751172305	9.51281008781755
8.84323466278749	0.304341530862275	8.24560708684864	9.44086223872633
9.09458158185204	0.351792958878766	8.4039526435523	9.78521052015178
8.92024150441623	0.310339064992503	8.31114410694262	9.52933890188984
9.11010080917841	0.348797949343022	8.42543722629132	9.79476439206549
9.55060828583224	0.389592196839565	8.78575820798993	10.3154583636746
9.05509740942425	0.275327525621774	8.5147579621695	9.59543685667901
8.93839523150421	0.31116371744257	8.32758026229768	9.54921020071074
8.76328787026275	0.325524148369253	8.12445653519871	9.40211920532678
8.85380545293975	0.301788082724854	8.26175081655989	9.44586008931961
8.598323977715	0.316289683064487	7.97750160103306	9.21914635439694
9.41432737870511	0.318431044581719	8.78933680553704	10.0393179518732
8.99875937878178	0.315309211949743	8.37969539796699	9.61782335959657
9.04281002653857	0.301284891438471	8.45145219867571	9.63416785440142
8.87071127406611	0.336143939564963	8.21057530467071	9.53084724346152
9.13471767806773	0.352077391881682	8.4436608818281	9.82577447430736
8.63727122181558	0.267470986626369	8.11243984057691	9.16210260305425
9.19368520619745	0.309340109758439	8.58683121785418	9.80053919454071
8.8402188371173	0.308120603697389	8.2355309720396	9.444906702195
9.10279331401972	0.337760802658332	8.44004632605797	9.76554030198147
8.96863855172763	0.376018431749039	8.23053729542326	9.70673980803201
9.18496597657788	0.311042455228905	8.57452483381324	9.79540711934252
8.93113931691459	0.322491457044363	8.29814704945218	9.56413158437701
9.15661955405329	0.32109216746076	8.52653893196247	9.78670017614411
8.91614686238598	0.26241552416595	8.40128764412401	9.43100608064795
9.19565660929122	0.301105873636464	8.60482238534425	9.78649083323819
8.89053533660019	0.282799315535467	8.33541713844473	9.44565353475564
9.71093102229519	0.327753149082609	9.067662476331	10.3541995682594
8.78282130998779	0.3183950339751	8.15756264647974	9.40807997349584
9.19577041785504	0.311083228548101	8.5853214265978	9.80621940911228
8.81440332023166	0.302939248767539	8.21991483687233	9.408891803591
8.86157009929686	0.301073212963052	8.27068655451778	9.45245364407595
8.90089473705235	0.346029804793086	8.2217636486532	9.58002582545151
8.62466935379873	0.296983630634607	8.04164264512801	9.20769606246944
8.56600118850009	0.282676323171154	8.01116846257593	9.12083391442424
8.68781752511949	0.295660086193838	8.10749666251824	9.26813838772074
9.39740582566719	0.35396650221805	8.70249694166644	10.0923147096679
8.96911935936432	0.313603392051117	8.35347592228371	9.58476279644493
8.98315434566146	0.332005803393291	8.33128645811562	9.63502223320731
9.39735025647658	0.350812611536091	8.70905099266564	10.0856495202875
9.77082604474644	0.347822543502159	9.08825196361737	10.4534001258755
8.85632445699534	0.348516721584188	8.17213840908195	9.54051050490873
8.59955410437668	0.316313987495145	7.97868349059876	9.22042471815459
9.05763262839363	0.396890060660339	8.27796119257743	9.83730406420983
9.20057006783941	0.320282170847392	8.57200924958145	9.82913088609738
9.01872830832881	0.326218750504927	8.37831675388443	9.6591398627732
9.07745576088239	0.311829133930952	8.46547525094774	9.68943627081703
9.36372895791275	0.501955533478864	8.37726108409391	10.3501968317316
8.65205491713392	0.290678231161545	8.08174204964849	9.22236778461934
9.00365231526094	0.263645948394175	8.4862447640483	9.52105986647358
8.56847909764662	0.293665989608558	7.99213036976366	9.14482782552958
9.12052335508106	0.318156995633155	8.49606713145806	9.74497957870406
9.03962610762573	0.283842382885795	8.48260732428508	9.59664489096637
8.65078441643461	0.344115932250512	7.97530891529358	9.32625991757563
8.95431532581757	0.303023502730316	8.35964094385393	9.54898970778121
9.01109455901027	0.30109827133003	8.42028279985396	9.60190631816659
8.76624459772344	0.329722949310726	8.11920300128944	9.41328619415745
9.10209420349152	0.301646117499092	8.51011659835186	9.69407180863118
8.73386585648877	0.301278803940044	8.14242581484467	9.32530589813286
9.18366620459598	0.308977201924201	8.57722025797573	9.79011215121624
9.15339483229321	0.347528577566077	8.47146429610547	9.83532536848095
9.10451262629587	0.290045280576466	8.53543151770741	9.67359373488432
8.61226244452589	0.301233289790118	8.02091852364349	9.20360636540828
8.96266845501621	0.317773463151689	8.33898982964646	9.58634708038595
8.63864316109939	0.301768886520196	8.04623300164642	9.23105332055236
8.9822477282559	0.325960387782976	8.34238235717262	9.62211309933919
9.27214984984325	0.319474363602201	8.64507563283019	9.89922406685631
8.91059425210824	0.295186831462582	8.33128720270545	9.48990130151102
8.90567475429782	0.321969845173119	8.27381405448492	9.53753545411072
8.70650218854919	0.27362311323685	8.16965342988358	9.2433509472148
9.04778467874467	0.341659283310107	8.37724860967317	9.71832074781617
8.99542416138853	0.311366492013639	8.38439438301656	9.60645393976051
8.85516016830669	0.3098969687462	8.2470000077241	9.46332032888929
8.86781344869785	0.294375474539569	8.29024435597022	9.44538254142549
9.01580136037579	0.34418628937088	8.3403414509884	9.69126126976318
9.17905960211221	0.321684219722968	8.54785348432046	9.81026571990395
8.72170360966012	0.340017261321652	8.05433512548524	9.38907209383501
8.78589156446729	0.289066787858	8.21852626854598	9.3532568603886
8.99325364695503	0.315313389046494	8.37427519489979	9.61223209901028
8.95671870408406	0.360963076153445	8.24806909010754	9.66536831806059
8.89695969461202	0.312948444612633	8.28242816251282	9.51149122671123
8.62622042978641	0.349276618998283	7.94035986129958	9.31208099827323
9.34350384268713	0.260252068640285	8.83302323926709	9.85398444610717
8.97097300987886	0.322380011786582	8.33843298499665	9.60351303476108
9.08220548002735	0.286254631427925	8.5204645759224	9.6439463841323
9.07709871212238	0.314855965357429	8.45923618513985	9.69496123910491
8.38506215350515	0.327891975234541	7.74143642077209	9.02868788623822
8.56904268483748	0.296417867280246	7.98719165981082	9.15089370986415
8.41911854098218	0.264938448169575	7.89931352111847	8.93892356084588
9.39145835051487	0.349221652352487	8.70629196553613	10.0766247354936
8.8687874160654	0.28939554968434	8.30082576404301	9.43674906808779
8.98585611251577	0.325628720368992	8.34651517254274	9.62519705248879
9.45131370848167	0.322372831899579	8.81883125785193	10.0837961591114
8.78607613920039	0.321752410252909	8.15459296027824	9.41755931812254
9.26290518318887	0.342458979957348	8.59058395001901	9.93522641635872
9.01781133075225	0.305555685657708	8.41812180603367	9.61750085547084
8.80277219000419	0.292529194643864	8.22869323132669	9.3768511486817
8.76476418707432	0.316532121111647	8.1435246012618	9.38600377288685
9.820891180239	0.319334641597971	9.19432051445108	10.4474618460269
9.11988124016825	0.416173944543552	8.30216433983751	9.937598140499
8.7941817473892	0.354122937477495	8.09904465040528	9.48931884437313
8.56230817368837	0.327308527285361	7.9200111796744	9.20460516770235
8.94709757700206	0.309901765008632	8.33895507289236	9.55524008111176
8.87397573892382	0.311722818063347	8.26219865729328	9.48575282055436
8.86863589140187	0.2822994909093	8.31474957516457	9.42252220763916
9.63583382034716	0.318328095556132	9.01128442942245	10.2603832112719
9.06789950665664	0.274669323730172	8.52898914834855	9.60680986496473
9.17016023298975	0.38092186913166	8.42243926178257	9.91788120419694
9.11552937399225	0.331252602129419	8.46515683380222	9.76590191418228
8.65327376114131	0.318082283927158	8.02914401311758	9.27740350916504
8.41858149745025	0.288262379799789	7.85267657101868	8.98448642388182
9.31940711341394	0.322812233492602	8.68581547812934	9.95299874869853
9.12787190914957	0.359447601177255	8.42216951714228	9.83357430115687
9.06964956190834	0.304626074586649	8.47180593945643	9.66749318436025
8.75412737430736	0.269783115526813	8.22483156974043	9.2834231788743
9.37531216985728	0.340668667050662	8.70657253622852	10.044051803486
9.03490868910644	0.296631955097531	8.45275831241069	9.61705906580219
8.93701680099691	0.313243930447137	8.32213756849193	9.55189603350189
9.10405774196952	0.324089575312567	8.46816895811655	9.73994652582248
8.96185704269653	0.315222830327168	8.34298193765609	9.58073214773697
9.1446804560607	0.317670754996083	8.52109625580739	9.76826465631401
9.80401038488086	0.371795262988329	9.0740537210803	10.5339670486814
9.28082942218789	0.318582441651791	8.65575314391642	9.90590570045936
8.64702872792865	0.279945910060616	8.09775656573652	9.19630089012077
9.08601232305982	0.335860858926555	8.42678238431956	9.74524226180008
8.89141748103864	0.314836566518274	8.27372338843149	9.5091115736458
8.89099080856584	0.285868522548827	8.33011166064976	9.45186995648192
9.22673893857102	0.496827696558698	8.2505298120034	10.2029480651386
9.07011264872229	0.310757057300469	8.46001089648052	9.68021440096406
8.73050432030398	0.289991280327727	8.16125885404125	9.29974978656672
8.71021550207969	0.264152339705021	8.19191475267121	9.22851625148818
8.51426505546971	0.284619226693074	7.95580802930912	9.07272208163029
8.85534252992815	0.3663297415516	8.13620167908285	9.57448338077345
8.40280620509144	0.293040488200262	7.82757096701403	8.97804144316884
9.00232519887183	0.311213518675713	8.39152932696786	9.6131210707758
8.77233852942885	0.313001144785041	8.15832377565535	9.38635328320235
8.96620765436298	0.343867286400538	8.29124972660634	9.64116558211963
8.7079863699076	0.345165858763855	8.03032956282189	9.38564317699331
8.65180655093669	0.285797025053317	8.09105741148391	9.21255569038948
9.08858026465606	0.304226027231143	8.49155730494602	9.6856032243661
8.97770725473284	0.333927779847993	8.32183032943363	9.63358418003206
8.60359508429934	0.287169972608364	8.04012333910702	9.16706682949165
8.81139065146243	0.320584562579645	8.1820395362513	9.44074176667356
8.95155890672481	0.373940647985062	8.21744112583295	9.68567668761667
9.20065640198477	0.327944376217932	8.55703110448495	9.8442816994846
9.15348450588872	0.325385235376178	8.51494892024759	9.79202009152984
8.98390240386731	0.309837007577918	8.37580501449819	9.59199979323643
9.23155590143671	0.335914718771005	8.57234277074279	9.89076903213062
9.15677434250333	0.300612432500132	8.56683443732727	9.74671424767939
8.9812302497332	0.299666419601888	8.39330909061748	9.56915140884892
9.31603757150068	0.322643948726337	8.68283910763757	9.94923603536379
8.98348411094641	0.273285745966702	8.44720290610654	9.51976531578629
9.20681224234117	0.310906866238621	8.59652471581176	9.81709976887057
8.94133761528794	0.297255076912542	8.35809684695564	9.52457838362024
8.76426320978162	0.285797068461064	8.20357663849951	9.32494978106373
9.2343692912039	0.358609331823922	8.53028319156185	9.93845539084596
9.11250442705541	0.309343573881272	8.50543332781552	9.71957552629529
8.87804557682271	0.319722677792619	8.25049661500372	9.5055945386417
9.24524423335293	0.447703577858334	8.36617619919784	10.124312267508
8.84607818893719	0.306776762271069	8.24384940905019	9.44830696882418
8.63143804912256	0.292785069256271	8.05693997351226	9.20593612473285
9.07218012713946	0.29033533799147	8.50262005013754	9.64174020414139
9.36759812734309	0.308301990232752	8.76266064530263	9.97253560938355
8.74162605674204	0.288023192787387	8.17632686115711	9.30692525232698
8.88310363411424	0.302221560127264	8.28988970408497	9.4763175641435
8.55935550989321	0.282743038939016	8.00456660420476	9.11414441558167
8.96304067312916	0.330722087028775	8.31403922981302	9.6120421164453
9.04686270510209	0.29816320553856	8.46180406434147	9.63192134586271
8.81841671006754	0.292328572195803	8.24478506756963	9.39204835256545
9.2885950790351	0.308550848777259	8.68332102696666	9.89386913110354
8.99482535573107	0.325223794420741	8.35669741853104	9.6329532929311
9.25410450495156	0.343534035101978	8.57974467616627	9.92846433373686
9.03689872019481	0.321925962101657	8.40493381670654	9.66886362368308
8.83210113611868	0.312444837399905	8.21872007611764	9.44548219611973
8.62218109319135	0.279101097857795	8.07433916999961	9.17002301638309
9.02935749681425	0.300650274098973	8.43932856401728	9.61938642961121
9.18955262493138	0.343731320883327	8.51494639522734	9.86415885463542
8.94260873920719	0.293485614346799	8.36666342269886	9.51855405571553
8.91581945272653	0.339989442146682	8.2483953279802	9.58324357747286
8.81482082019941	0.290054339443851	8.24574035830832	9.38390128209049
8.9645730026334	0.3146925175641	8.34710318686294	9.58204281840387
8.95493139781799	0.299682083403321	8.36681622402506	9.54304657161092
8.69450652797501	0.305439261080665	8.09489565639914	9.29411739955088
9.2221556265796	0.29354941562249	8.64610307578397	9.79820817737524
9.1298269107087	0.317493844078243	8.50677826887219	9.7528755525452
8.56819147233104	0.298176327483211	7.98292062931253	9.15346231534955
9.19741947847348	0.344989156962592	8.52023256433473	9.87460639261224
9.0409334155969	0.304914075999581	8.44253914059188	9.63932769060191
8.90176697189453	0.272093836357015	8.36784125746776	9.4356926863213
8.83215163585796	0.311096797235095	8.22162690704577	9.44267636467015
9.29924257741201	0.310226387510328	8.69050583862966	9.90797931619436
9.06148653023228	0.27696523652667	8.51807219516942	9.60490086529513
8.82899300992111	0.278141972278516	8.28316284372237	9.37482317611986
9.01722667083704	0.322806344385429	8.38363817887453	9.65081516279955
8.92931705358679	0.332862340922665	8.2760506265711	9.58258348060248
8.40614484509427	0.274894309814223	7.86675214142163	8.94553754876692
8.84721975318892	0.35305450227759	8.1537733952392	9.54066611113864
8.4957410468013	0.314772732378013	7.87776420359985	9.11371789000275
9.3020504810638	0.320085742090151	8.67387160483107	9.93022935729654
8.79756246175582	0.295416382010984	8.21798165305821	9.37714327045343
9.25088185454634	0.366477368669213	8.53128758360655	9.97047612548614
9.58318009288941	0.434281102773571	8.72981402680355	10.4365461589753
9.21375620518512	0.270076916678186	8.68396139035624	9.743551020014
8.68531471585344	0.266240320772261	8.1629836805055	9.20764575120138
8.72115032507419	0.280195420294358	8.17129024895144	9.27101040119694
9.09114975672989	0.310205513130028	8.48233194575231	9.69996756770747
9.140450178437	0.305703431409488	8.54046831757925	9.74043203929475
9.01629201374277	0.293143287518108	8.44094041172369	9.59164361576185
8.9727448329648	0.282825283153784	8.41777746028443	9.52771220564518
9.01690777502859	0.326326703667694	8.37634635161773	9.65746919843944
8.50548037245952	0.328488162430158	7.86070756263806	9.15025318228098
9.07892637424379	0.306587974909937	8.47714420919123	9.68070853929635
9.25894638595255	0.294407230482638	8.6810957333707	9.8367970385344
9.27090071696618	0.305479619535528	8.6712914617384	9.87050997219396
9.07084479680697	0.327186958799241	8.42862734295112	9.71306225066283
9.43093736449271	0.376715327562779	8.69156456494784	10.1703101640376
9.54098062666319	0.354506533687596	8.84534306753537	10.236618185791
9.28132679572034	0.298114166310445	8.69632848501884	9.86632510642183
8.88728280633845	0.296330164592502	8.3058716768862	9.46869393579069
9.16410969603234	0.303949811149697	8.56750015131521	9.76071924074947
9.15926084531917	0.301982141131466	8.56678874681773	9.75173294382061
9.23435870410529	0.324488301923948	8.597263041692	9.87145436651858
9.07635154988644	0.377453733065971	8.33494420098843	9.81775889878444
8.82628836514143	0.327393604095444	8.18375518398668	9.46882154629617
8.97184464210565	0.306532131796961	8.37019577372964	9.57349351048165
9.27660280534399	0.321934868564342	8.64500094029241	9.90820467039557
9.25571166392072	0.34284266564257	8.582678132413	9.92874519542844
9.1650216333525	0.331562759446902	8.51448627284969	9.8155569938553
8.76760642154926	0.310046067798714	8.15902891992834	9.37618392317017
8.96797873756912	0.278384039049138	8.42190918996345	9.5140482851748
9.44939559753066	0.372134896264773	8.7188143374563	10.179976857605
8.8842985142254	0.298058964233262	8.29962470060556	9.46897232784524
8.9758845975087	0.28846359418704	8.40977511661899	9.5419940783984
9.29238503681732	0.312276352622797	8.67955840008743	9.90521167354721
9.03086257470102	0.30456288772476	8.43310565180792	9.62861949759413
8.76566951867216	0.321808496522629	8.13399945949468	9.39733957784963
8.45781634168662	0.312037876196085	7.84538982694671	9.07024285642654
9.25055199955333	0.278892895864077	8.70351660385627	9.79758739525038
9.11999775915287	0.281823866543857	8.56711834076984	9.6728771775359
8.81749698764892	0.269312969641582	8.28914685565859	9.34584711963926
9.32232368685323	0.317868360704005	8.69843999979213	9.94620737391434
9.08695921602104	0.271005959088055	8.55526202321835	9.61865640882373
8.74315863495457	0.267047289353438	8.21907655034426	9.26724071956488
8.92213861914222	0.311684911370504	8.3104274894379	9.53384974884655
8.79678038696571	0.295460050693524	8.21701256035592	9.3765482135755
8.90988153452482	0.279536579043532	8.36132371362284	9.45843935542681
8.5567316956145	0.310852095179675	7.94680049448689	9.16666289674212
8.98848655854552	0.327865408716304	8.34504036393381	9.63193275315723
8.54727124947259	0.237943295358496	8.08029820843449	9.01424429051068
8.71810009029845	0.316829918016439	8.09640180153387	9.33979837906303
9.14481669723878	0.305293436610405	8.5456225450231	9.74401084945446
9.0495930455404	0.285432241044621	8.48968273057619	9.6095033605046
8.69402058709933	0.283909778845331	8.13689235915623	9.25114881504242
9.09834416963048	0.324938302628933	8.4606383170504	9.73605002221055
9.26461688093077	0.333486162412072	8.60999340086777	9.91924036099376
8.68220985730137	0.283572121183668	8.12562812422796	9.23879159037478
9.10516668819172	0.319018970281899	8.47915298291966	9.73118039346378
9.55586434466624	0.29357023544753	8.97988701287693	10.1318416764556
9.04864396753532	0.28561175252747	8.48812052496839	9.60916741010224
9.21504459584431	0.289288028173193	8.64737624983662	9.78271294185201
8.48728754161996	0.270646011729981	7.95615257773817	9.01842250550175
8.71111511917772	0.320192229173356	8.08272522449879	9.33950501385664
9.24555753101693	0.342327947824055	8.57379394308337	9.91732111895049
8.75044049057791	0.367200060924625	8.02925469750609	9.47162628364973
9.08060162112279	0.325678074144579	8.44136699858334	9.71983624366225
8.76915498519392	0.30705990848764	8.16625562702477	9.37205434336308
8.71937695355527	0.3436917117562	8.04445231874135	9.3943015883692
9.16508806640463	0.320167090860994	8.53675973895332	9.79341639385595
8.7062722633101	0.248686365184848	8.21837005077403	9.19417447584618
8.93272928211276	0.319228373286507	8.30629430947107	9.55916425475445
9.12350948581788	0.331941190383238	8.47204545758181	9.77497351405395
8.61115474890761	0.306082335373084	8.01026948502993	9.21204001278529
9.42715326444075	0.384239643623084	8.67246550520115	10.1818410236804
8.50128610570716	0.28705408692453	7.93783323126058	9.06473898015374
9.18260276003713	0.324019288528286	8.54675569903308	9.81844982104118
8.87023580293315	0.313422914843353	8.25501974813038	9.48545185773592
9.30144382651738	0.323404335218538	8.66699391607122	9.93589373696354
9.1135483592415	0.308786125775567	8.50772718246431	9.71936953601869
8.9046308911416	0.332077542232368	8.25275870930045	9.55650307298274
8.64556512702264	0.249296324828963	8.15639759919384	9.13473265485143
8.70940779382365	0.274598817867925	8.17061556548191	9.2482000221654
8.83658306026135	0.339494480132753	8.16994523660876	9.50322088391394
9.02192182060021	0.313523850005333	8.40673647841399	9.63710716278642
9.28372615890046	0.345715291421639	8.60504143607089	9.96241088173002
8.71650330327769	0.307386339935217	8.11312227458168	9.31988433197369
9.09275811164947	0.283896581073056	8.53575126482322	9.64976495847572
9.17598117022702	0.34348454627478	8.50191996999595	9.85004237045809
8.73436008033887	0.295615625461793	8.154219856427	9.31450030425074
8.87215322078725	0.303622937581764	8.27627741328164	9.46802902829286
9.30007177873713	0.298033780178561	8.71525845046242	9.88488510701185
9.50388283291346	0.325291028814519	8.86556069532757	10.1422049704993
9.09011124589212	0.298522153908722	8.50432164794042	9.67590084384382
9.02977383876773	0.304080076461533	8.43307522769876	9.62647244983671
9.01508811133311	0.313196433322914	8.40055173942915	9.62962448323707
8.85643800447684	0.274476400853621	8.3177159153568	9.39516009359689
9.40996582755675	0.287439119944822	8.84606945816681	9.97386219694669
8.94545027761314	0.28719548619786	8.38196848016292	9.50893207506337
8.80333135044938	0.306020223539744	8.20276903898094	9.40389366191783
9.15266271632803	0.351465364378517	8.46269336443088	9.84263206822519
9.29848078754199	0.346005763897472	8.61906158505366	9.97789999003032
8.84301119723373	0.332266344855941	8.19070383689173	9.49531855757572
9.01175881678291	0.324470409258248	8.37492260047116	9.64859503309467
9.35791550608726	0.354066981402706	8.66260513967923	10.0532258724953
8.65835667328858	0.282919150455192	8.10327574745163	9.21343759912552
8.95032753085113	0.331818753848081	8.29923019528762	9.60142486641464
8.96243506490044	0.35540056392413	8.26476724864372	9.66010288115716
9.17662771567687	0.338334238343644	8.51243538887538	9.84082004247837
8.99630337580714	0.36882826475383	8.27243995462354	9.72016679699074
8.76445044825053	0.34683162791999	8.08323886391736	9.44566203258371
8.8152868707574	0.502140485250089	7.82860387974168	9.80196986177312
8.89149491003045	0.303108444001167	8.29647369242388	9.48651612763702
8.84933352712243	0.31449978782023	8.2320702684251	9.46659678581976
9.26784760055655	0.367932929801972	8.54563537096952	9.99005983014357
8.9645233806143	0.360269499869297	8.25721207641122	9.67183468481739
9.25081275514559	0.294591734471727	8.67283909055022	9.82878641974096
8.73897425305239	0.304900448808376	8.14054810199279	9.33740040411199
8.54774067814173	0.315119860820386	7.92919808384242	9.16628327244104
9.19303469371158	0.332430365688353	8.54053545892862	9.84553392849454
8.94138504388269	0.31715277701245	8.31912192014232	9.56364816762306
9.22992038200761	0.357473905487558	8.52784467310613	9.9319960909091
8.48002566266873	0.265884068992509	7.95821957914871	9.00183174618875
9.0045984410932	0.300428022948368	8.41490423703115	9.59429264515525
8.77927701710855	0.29838343036496	8.1936144362468	9.3649395979703
9.72726516990198	0.298029483081627	9.14234518854889	10.3121851512551
9.28046640857041	0.343256966639704	8.60663303673213	9.95429978040869
9.15371889475651	0.312239088162099	8.54077995139091	9.7666578381221
8.88477364269409	0.325368599381852	8.24626672048579	9.5232805649024
8.78987537429825	0.292383324535279	8.21608869273568	9.36366205586083
9.05072237005138	0.32016216908273	8.422244833792	9.67919990631076
9.08593171646636	0.298972936455756	8.49942979560037	9.67243363733234
9.150430997196	0.352417199043828	8.45859592931168	9.84226606508031
8.90864940716976	0.305298760738263	8.30934379344454	9.50795502089498
9.03079065860993	0.318806540768335	8.40503922266752	9.65654209455234
8.67233001744338	0.305852935279335	8.07202498977298	9.27263504511378
9.19509971517532	0.324569281823237	8.55804711745879	9.83215231289186
8.83908262188866	0.288961914945058	8.27200900187941	9.4061562418979
9.08848815609833	0.321164216452111	8.45813150460204	9.71884480759463
8.94006487757123	0.284997468290637	8.38092813188117	9.49920162326128
9.18847535471025	0.32392287254474	8.55292547389685	9.82402523552365
8.90705444605178	0.296357325365727	8.32537892183219	9.48872997027137
8.93834323938515	0.390505106492252	8.17148439764967	9.70520208112064
9.08577406739926	0.306574611705418	8.48411319488055	9.68743493991797
9.02091654873905	0.365460637712525	8.30313673315757	9.73869636432052
8.72331952280517	0.320606330835961	8.0940075287031	9.35263151690724
8.57741430867665	0.307596857473066	7.97378413723283	9.18104448012047
8.96934175069341	0.322648903218475	8.33607710663571	9.6026063947511
9.67580676635743	0.365237708712343	8.95890096728877	10.3927125654261
9.05600094190967	0.285871003726842	8.49511521985184	9.61688666396751
9.10910373111056	0.308477736619477	8.50350717891287	9.71470028330826
9.09278767451109	0.284756845284911	8.53409548734173	9.65147986168045
9.11195988851828	0.322331375385143	8.47919523688275	9.74472454015382
9.24263363535618	0.333042463142429	8.58891754725342	9.89634972345894
9.0330500917638	0.336242060297759	8.37291620834423	9.69318397518338
8.86528767102868	0.328323873008218	8.2208464745185	9.50972886753885
9.39694448510931	0.309083186321647	8.79024134681722	10.0036476234014
9.53641707054976	0.342133215858363	8.86481842316653	10.208015717933
8.98268917085482	0.330653678775112	8.33375780533976	9.63162053636988
9.04941563445371	0.291277061507821	8.47782179689282	9.62100947201459
9.04186345886619	0.359611012033319	8.33581842092007	9.7479084968123
8.55832968809649	0.305987545111963	7.95783306208992	9.15882631410306
9.26173909435341	0.355568331902851	8.56401180720301	9.9594663815038
9.23954199892479	0.312718357516529	8.62575683408684	9.85332716376275
9.46297483672141	0.324481915644986	8.82617651970141	10.0997731537414
9.06437218449116	0.346632747568995	8.38406629880913	9.74467807017318
9.29752896078428	0.276280962014524	8.7554723269149	9.83958559465365
9.15590596231521	0.3203129199263	8.5275609575924	9.78425096703802
8.96949781199161	0.311502998564074	8.35801432311716	9.58098130086606
9.06823092989778	0.319888225096286	8.44030691815134	9.69615494164422
8.74303299144135	0.286297103934639	8.18114698665492	9.30491899622777
8.59863675992227	0.278035368158071	8.05297488285488	9.14429863698966
9.45992627869825	0.334536179315111	8.80348218451642	10.1163703728801
9.15226443811011	0.314568879278752	8.5348305613195	9.76969831490071
8.7084445113954	0.280805711633472	8.15738886722686	9.25950015556393
8.98679540602199	0.304482510984007	8.38933084757585	9.58425996446814
8.68786161797586	0.287998855679375	8.12266748920186	9.25305574674987
9.11887147227838	0.326585768496978	8.47778536466208	9.75995757989468
8.95877798692323	0.295626785575647	8.37838541790269	9.53917055594377
8.81506913049028	0.30767890225261	8.21118534548965	9.41895291549092
9.09106475472716	0.314334122046176	8.47429719044567	9.70783231900866
9.26693031551581	0.345108142024388	8.58955372756434	9.94430690346728
8.73642373613445	0.276973381077968	8.19288648163292	9.27996099063599
8.66135643094032	0.284722709264305	8.10253316123227	9.22017970064838
9.12351692454978	0.315606249913934	8.50434987130359	9.74268397779596
8.61812314674533	0.294040930043614	8.04077160041762	9.19547469307305
8.9904665487879	0.312089121988566	8.37785092828905	9.60308216928675
8.65529378957859	0.318804317575987	8.02964206781148	9.2809455113457
8.88041472907558	0.29818950308242	8.29517415736978	9.46565530078139
9.0714922477958	0.314238457123949	8.45484428740132	9.68814020819029
8.76595087134125	0.290231612530131	8.19639839742241	9.33550334526009
9.41372624311487	0.391747757347328	8.64451859052772	10.182933895702
8.70004387858891	0.278725350655544	8.15315837205396	9.24692938512385
8.90274580486732	0.321689870753841	8.27135252614385	9.53413908359079
8.95755821712536	0.300095678509239	8.36870004905296	9.54641638519775
9.31824599401853	0.311985477066527	8.70578277550648	9.93070921253058
9.21294681326178	0.33455464434827	8.55637412539496	9.8695195011286
8.99424771204685	0.304684251877395	8.39646306234426	9.59203236174943
9.12327691433932	0.297901125892749	8.53866457586212	9.70788925281651
8.8834993855092	0.271680568973425	8.3504265628387	9.4165722081797
8.97128919634842	0.30393868449438	8.37489514116044	9.5676832515364
8.46216261435129	0.28972467392561	7.89359437150847	9.03073085719412
8.5058003102438	0.300831688156879	7.91552139418516	9.09607922630244
9.17498678319943	0.345390109323041	8.49689359881937	9.85307996757949
9.13760579179183	0.321393849119051	8.50677728424766	9.76843429933599
8.97783144093378	0.295078012065322	8.39881474646268	9.55684813540488
8.79593168764861	0.28936681594288	8.22793592594599	9.36392744935124
8.86715926667099	0.29166147138053	8.29484719451655	9.43947133882544
8.7956557222976	0.317286230213675	8.17277076704165	9.41854067755356
9.31502454990217	0.313711255203178	8.69928111343479	9.93076798636955
9.1075104708779	0.319544646684443	8.48026869998827	9.73475224176752
9.17252752944206	0.386423871811381	8.41392484757238	9.93113021131173
8.61763821984911	0.269946167739053	8.08776188517916	9.14751455451907
9.07224679026506	0.325097748562203	8.43427072640117	9.71022285412895
8.99258682202784	0.284515254593312	8.43447976250792	9.55069388154775
8.89692256481933	0.301499827586408	8.30524756866606	9.48859756097261
8.96747698205963	0.286076301530258	8.40614620021872	9.52880776390055
9.17369704403634	0.34928284641533	8.48826693076164	9.85912715731104
9.31726599803389	0.369391977677603	8.59205672344509	10.0424752726227
9.09966418987096	0.301079514015928	8.50881012009831	9.69051825964361
8.99662073624885	0.307673362865115	8.39264787201929	9.60059360047842
8.60153390606035	0.286709924512275	8.03887076766681	9.16419704445389
8.93132921265492	0.295522022581905	8.3512835831455	9.51137484216434
8.69539971693701	0.319492552872148	8.06836778336667	9.32243165050736
9.27701860902018	0.293336169177112	8.70154179319157	9.85249542484879
8.79278458924527	0.30420849579353	8.19575483677122	9.38981434171931
8.86588642369246	0.291566403474981	8.29378363703085	9.43798921035407
9.11639091454879	0.372115552858815	8.38622857974134	9.84655324935623
9.19606965905833	0.310020957715759	8.58769357248362	9.80444574563304
9.376173342824	0.350409789569618	8.68830823061297	10.064038455035
9.28392956072046	0.416067407844214	8.46681165022794	10.101047471213
8.6312614081548	0.295643318823728	8.05105453968238	9.21146827662723
9.52522418325239	0.351540800444024	8.83512140132635	10.2153269651784
8.94050018849443	0.29504198935161	8.3616714235777	9.51932895341115
8.63515384171284	0.246830075871766	8.15080377996984	9.11950390345585
8.37222845640423	0.338594669112233	7.70741864041469	9.03703827239377
9.0098757516278	0.348679168778185	8.32538836189073	9.69436314136487
9.06873432232275	0.347253780170786	8.38711268556634	9.75035595907915
8.79239061616744	0.2875390872518	8.22808105085348	9.3567001814814
8.76017695195742	0.273339981660244	8.22370817527645	9.29664572863838
8.87418853147311	0.297864372607239	8.28960306860765	9.45877399433857
9.28037151743169	0.320220286803587	8.65221612214743	9.90852691271595
8.48664517624798	0.308386906026543	7.88138857691915	9.0919017755768
8.83671426165244	0.332294611524213	8.1843752325251	9.48905329077977
8.65673412947379	0.302051900351778	8.06389311964885	9.24957513929873
9.06991273013717	0.287049554644412	8.50664261117057	9.63318284910377
8.95675819209446	0.293219632762939	8.38130222206548	9.53221416212344
8.76547061000995	0.303750428416065	8.16924840421688	9.36169281580302
8.77391841543035	0.304159904827262	8.17701660822897	9.37082022263173
8.41569808283605	0.296386277928663	7.83378149789109	8.997614667781
8.88088380458357	0.288210781928167	8.31527593432496	9.44649167484218
8.81381808746427	0.288930691748823	8.24698041689506	9.38065575803348
9.08992492535092	0.282523855084352	8.53542100991004	9.6444288407918
9.04284416239215	0.326739885576741	8.40163500692687	9.68405331785743
8.72777933767739	0.33261309301311	8.07494694909916	9.38061172625562
8.59113901790206	0.301343921664101	7.99936030706787	9.18291772873625
9.16585314439029	0.329070224202507	8.52015345817294	9.81155283060764
8.98125597922306	0.31636478750532	8.36026774898353	9.60224420946258
8.75547027473181	0.26918890221886	8.2270938042003	9.28384674526332
9.49240449492477	0.338668437994755	8.82774264917024	10.1570663406793
8.58508936587553	0.289612297703737	8.01671030906958	9.15346842268147
9.05295371179808	0.274075379858615	8.51515561745358	9.59075180614258
9.04647518526749	0.280471029478984	8.49604753565173	9.59690283488326
9.18489607054459	0.288398157128367	8.61905231072973	9.75073983035946
8.7441895124186	0.295469661022803	8.16430716050643	9.32407186433077
8.89671368516405	0.347578029278128	8.2148052205475	9.57862214978061
8.77580542257576	0.282105350560309	8.22209693325155	9.32951391189996
9.4455098255393	0.327705051040932	8.80224632379143	10.0887733272872
8.73847076421139	0.264445561441927	8.21962360821185	9.25731792021092
8.9128215151178	0.317052647335672	8.29068199555154	9.53496103468407
9.21350090062736	0.282889900862564	8.65844304346447	9.76855875779026
9.2751194868336	0.404382840875896	8.48088122313607	10.0693577505311
8.69748051292692	0.307117186209445	8.09457038319896	9.30039064265488
9.04350895965783	0.329870704241843	8.39599988612398	9.69101803319168
8.45700763629949	0.281052801299477	7.90531399830811	9.00870127429087
8.92062669923905	0.271025144647281	8.38874455764219	9.45250884083592
9.08984557356713	0.305053449522823	8.4913217087937	9.68836943834056
9.16461123778902	0.340653051370783	8.49603463215842	9.83318784341962
8.95150435551773	0.308044605626832	8.34678200714371	9.55622670389176
9.01089511759149	0.32523810730417	8.37265529674058	9.6491349384424
9.43399800694955	0.328387221656528	8.78944215912917	10.0785538547699
9.01498151019537	0.315859316274224	8.39501030339718	9.63495271699357
9.55195910457823	0.359343806732394	8.84655316232016	10.2573650468363
8.99460904868178	0.3358213931084	8.33568951543032	9.65352858193323
9.19035318954374	0.336086392066023	8.53037098643435	9.85033539265314
9.42687879149682	0.310724751911139	8.81708917105706	10.0366684119366
9.32556268542343	0.309589445331557	8.71813411082415	9.9329912600227
8.78641033890299	0.298569350612565	8.20050389586901	9.37231678193696
8.85460864919877	0.321649503966413	8.22339403620413	9.48582326219341
9.36021705158963	0.369750225855361	8.63448074972708	10.0859533534522
9.15578459922978	0.308941900330447	8.5494184151952	9.76215078326437
9.16464128897009	0.34270262129322	8.49207906058905	9.83720351735113
8.70721903522479	0.284477724138136	8.14894152478228	9.26549654566731
9.29491731334905	0.332002073780767	8.64333388316869	9.94650074352942
9.29236935698553	0.329859778046873	8.64492117341366	9.9398175405574
9.45282356910581	0.352545848678766	8.76085065997341	10.1447964782382
8.8999428984601	0.314542721796415	8.28272251839141	9.51716327852879
9.23455354671377	0.376036248413274	8.49606451749614	9.9730425759314
8.8571340540589	0.31161515257364	8.24538133583984	9.46888677227796
8.67886337110098	0.263996366650423	8.16074481278307	9.19698192941889
9.28936035936237	0.361965975408416	8.57904303103806	9.99967768768667
9.10775012889722	0.298724928350288	8.52161312892878	9.69388712886566
8.44934929939242	0.286473339814748	7.88710719210861	9.01159140667622
8.89629078213026	0.287849785208903	8.33152366702965	9.46105789723087
8.88051355814079	0.302777584255479	8.28640587267503	9.47462124360654
8.8119770230731	0.28608278874385	8.25059535465207	9.37335869149413
8.75242843576777	0.285450761268591	8.19217295449142	9.31268391704412
9.23929329577077	0.321042400812872	8.60918162276805	9.86940496877349
8.73125705792352	0.279257238166208	8.183206706758	9.27930740908905
8.92477189733453	0.358593491977222	8.22077932961913	9.62876446504992
8.95519316914044	0.313828916050691	8.33942342673543	9.57096291154545
9.37039200965111	0.30329977733927	8.77511651528196	9.96566750402026
8.90776416477536	0.310120736604352	8.29908460587172	9.516443723679
8.44636281218696	0.275330972290167	7.9059542099683	8.98677141440562
9.21538165904259	0.35019687481065	8.52798352962076	9.90277978846442
9.24785265670941	0.325667593800233	8.60884201442277	9.88686329899605
9.38333960300829	0.315978739036149	8.76305954881351	10.0036196572031
9.78945685094329	0.334002154360503	9.13405939239609	10.4448543094905
9.15649176277894	0.291151312448628	8.58534249780853	9.72764102774935
8.84447092500784	0.306561235428232	8.24272781867417	9.44621403134152
8.81505867647246	0.293999494498442	8.238234418157	9.39188293478791
8.94390270348153	0.320061241880267	8.31579667653926	9.57200873042379
9.114189100743	0.305192623847114	8.51513141051045	9.71324679097555
9.23530888859019	0.327740709866697	8.59177259239699	9.87884518478339
8.99327602664731	0.297280140848458	8.4098057923453	9.57674626094932
8.57932332898324	0.286494174620084	8.01707127867738	9.14157537928909
8.90069691549802	0.28611629356431	8.33916616295326	9.46222766804278
8.93298995216276	0.304103002866592	8.3364185607962	9.52956134352932
9.22631913816027	0.3117049547706	8.6147843213795	9.83785395494103
9.13753451802598	0.326033399201693	8.49781022439891	9.77725881165306
9.17855846501474	0.308775631556474	8.57257856380994	9.78453836621954
8.98285242172508	0.324950195777488	8.34508322982677	9.62062161362338
9.4869627080343	0.341302312391651	8.81717447135448	10.1567509447141
8.96702257832364	0.293797605335412	8.39033978654886	9.54370537009842
8.7765013451569	0.293103461786884	8.20140273140737	9.35159995890644
9.17585274707318	0.3163981507186	8.5549236967534	9.79678179739296
8.85293432282131	0.296357946369065	8.27137722334496	9.43449142229767
8.84840955978788	0.318837915620676	8.22274494458447	9.47407417499129
9.01248577544893	0.325689045380982	8.37309580469235	9.6518757462055
9.07560331022542	0.285543557906161	8.51516878387755	9.6360378365733
9.09257071285751	0.324879081428026	8.45482381772615	9.73031760798888
8.84368514527625	0.327116993543055	8.20151192721192	9.48585836334058
8.84305798017687	0.311172663138965	8.23230772203286	9.45380823832087
8.86804267742249	0.352768754179816	8.17561846398278	9.56046689086219
8.81534712994468	0.281385652469572	8.2631476072621	9.36754665262727
9.23338629984971	0.377933277113464	8.49118862921143	9.975583970488
8.81284154382514	0.322583544626939	8.17978684740272	9.44589624024757
8.9594555682602	0.293215883226647	8.38402247488783	9.53488866163257
9.22166330010802	0.293849534994349	8.64503382294077	9.79829277727526
9.47281387468225	0.363819108268347	8.75838678769271	10.1872409616718
9.10823027308646	0.347556970253056	8.42606252223753	9.79039802393539
8.76387901326667	0.304247752393054	8.16668153806834	9.361076488465
9.62894982851427	0.322365917514875	8.99620830393339	10.2616913530952
8.84560209812411	0.32813557913238	8.20146183442896	9.48974236181926
8.88968291229005	0.305171601009365	8.29067146672136	9.48869435785875
8.99415947735069	0.327462193344245	8.3513376644001	9.63698129030128
9.04727107485674	0.360802893019555	8.33861086621239	9.75593128350109
8.65074803476247	0.299143487450224	8.06364086589739	9.23785520362756
8.37815550601327	0.257648572701656	7.87262473136282	8.88368628066372
8.89815863027648	0.45593246437612	8.00279513604434	9.79352212450861
9.27337610521256	0.344577968865182	8.59687021861903	9.9498819918061
8.90928618624197	0.303534720469982	8.31375025281782	9.50482211966613
8.80848442779702	0.315122811903828	8.18990283847604	9.42706601711799
8.67889798727568	0.348559716037616	7.99453940215029	9.36325657240107
9.06917016283378	0.333893052290422	8.41376687039864	9.72457345526892
8.91876369973531	0.362294603807496	8.20748491249794	9.63004248697268
9.33683207426675	0.355228188145116	8.63948165612435	10.0341824924091
8.63230065408083	0.297257520200496	8.04880815802048	9.21579315014118
9.11579880562018	0.310108560192943	8.50701068898491	9.72458692225545
9.08432697937526	0.285956529061928	8.52319967836859	9.64545428038193
8.61390419537888	0.26513838721751	8.09349580450888	9.13431258624888
9.00465861879661	0.2893994624596	8.43679175758499	9.57252548000823
8.83331570596528	0.285391704504033	8.27304445836235	9.3935869535682
9.11571795763148	0.318934671545416	8.48957093186446	9.74186498339849
9.36163375665535	0.360721491658541	8.65346376130867	10.069803752002
8.88954257335186	0.314701795423747	8.27184184080129	9.50724330590242
9.00245445364181	0.381939558648519	8.25277684513489	9.75213206214872
9.40306065883569	0.390262674768899	8.63674698728603	10.1693743303854
8.9450186779484	0.316180209426644	8.32456109468078	9.56547626121602
8.93549860990264	0.32315211500212	8.30105505386011	9.56994216594517
8.98814574265664	0.338082179530963	8.32452527838589	9.6517662069274
9.66049542619195	0.356315749209635	8.96111739386346	10.3598734585204
8.94585484984432	0.285168410294645	8.38640338107241	9.50530631861623
9.08143012223478	0.287669259118546	8.51685447570311	9.64600576876645
9.07661706840783	0.276087711320977	8.53499104745705	9.61824308935862
8.88114832670381	0.297547217202005	8.2973053153025	9.46499133810511
9.41837185554077	0.347305627933451	8.73663149738642	10.1001122136951
9.45858197358118	0.34190894556386	8.78749450377613	10.1296694433862
9.04685561384992	0.316837304793017	8.42486395782272	9.66884726987713
8.62682068218232	0.281440203002148	8.07461180123389	9.17902956313075
8.88635997842101	0.286662205058712	8.32382229645569	9.44889766038633
9.24487131865657	0.36168032251002	8.53509394712297	9.95464869019018
9.08469396124039	0.28318190818604	8.52896714184755	9.64042078063323
8.6740117223095	0.311389108113616	8.06281083933971	9.28521260527929
9.12160755454548	0.336247340249087	8.46145615584289	9.78175895324808
8.89761213695071	0.314646812412007	8.28014018110167	9.51508409279975
8.96304206841202	0.312534214394603	8.34973771671057	9.57634642011348
9.22293796688127	0.320520717298262	8.59389018841551	9.85198574534702
8.61402666203622	0.322235470865493	7.98158630213601	9.24646702193644
9.17432669891291	0.328543133304612	8.52953308011819	9.81912031770764
8.87347567387978	0.312757576553601	8.25981999604626	9.48713135171329
8.95301106884707	0.290573303047734	8.38263213752105	9.52339000017309
9.24488562786202	0.321536418785401	8.61381821572872	9.87595303999532
8.89337597683901	0.414112253704362	8.08079344111846	9.70595851255957
8.72609033551861	0.307984119796914	8.12150042413068	9.33068024690655
8.78878289321215	0.317294109531232	8.16597249915661	9.41159328726768
8.85740565015418	0.325647612818871	8.21795299308631	9.49685830722205
9.06117150601257	0.324939828654359	8.42347157274343	9.69887143928171
9.1987911111534	0.328244579823944	8.55462117455328	9.84296104775352
9.15237193174557	0.338239961408972	8.4883849026689	9.81635896082223
8.37362616240919	0.279160486956404	7.82568553764996	8.92156678716842
8.8231385314408	0.306236073059005	8.222326278407	9.4239507844746
8.9475057638927	0.295518463737318	8.36762056376226	9.52739096402314
9.17301314172165	0.326246048997427	8.5329701244909	9.81305615895241
9.20585501354054	0.329924398378962	8.55832219252429	9.85338783455678
9.06792673613007	0.296544483427242	8.48596145688521	9.64989201537493
8.75157806280395	0.290710665698663	8.18123032039332	9.32192580521459
9.28286525152595	0.376259765774036	8.54451536805319	10.0212151349987
8.85092838996458	0.28316341499445	8.29504330705196	9.40681347287719
8.78538579297144	0.365521143336529	8.06781833125553	9.50295325468736
9.2161910533338	0.342908930214832	8.54289558502738	9.88948652164023
9.25092067596632	0.409398199777057	8.44661788496522	10.0552234669674
8.56106664066435	0.315101934088438	7.94237279329489	9.17976048803382
9.18843348758061	0.346482782016869	8.50852259097877	9.86834438418244
8.68370183625011	0.283502365260224	8.12738660315519	9.24001706934503
8.91921740035938	0.323119786382641	8.28507647894351	9.55335832177526
8.95041862260121	0.308794793388765	8.3445592237823	9.55627802142012
9.0271188112082	0.316049459032081	8.40711010984086	9.64712751257554
9.29293279233881	0.305926596760331	8.69269377426674	9.89317181041088
9.11674691292528	0.312248266523117	8.50403025120833	9.72946357464223
9.04647536180375	0.328456362815058	8.40175671498792	9.69119400861958
8.67953053403308	0.285358017999071	8.11949514127372	9.23956592679243
9.22220320957855	0.327928464212361	8.57862194219851	9.86578447695858
9.27809196567162	0.314804815498396	8.66041787384876	9.89576605749448
8.88094922900465	0.292109818887416	8.30799764751997	9.45390081048934
8.74422313046921	0.292406760540057	8.17038680615683	9.31805945478159
9.00317904893584	0.329434861501511	8.35649547283869	9.64986262503299
8.88536578810595	0.310903562491396	8.27521350365046	9.49551807256144
9.3100266338144	0.278627507517207	8.76323009858812	9.85682316904068
8.63884950540953	0.301419883139474	8.04717305137313	9.23052595944592
8.56633360866434	0.271931856568384	8.03267796504236	9.09998925228631
8.72306345801229	0.335164013607604	8.06517987337937	9.38094704264521
8.92679889024478	0.322310182746004	8.29429773761654	9.55930004287302
9.39185776807302	0.323270333316339	8.75741307504163	10.0263024611044
9.26560517615087	0.316963652055115	8.64365060021201	9.88755975208974
9.04137068796787	0.293433348013937	8.46555272565385	9.61718865028188
8.63467290779782	0.294256853711353	8.05718770085568	9.21215811473996
8.91377582188256	0.321700163604206	8.28214129293916	9.54541035082596
8.66257714171402	0.302602411522486	8.0687339569299	9.25642032649813
9.12236666584543	0.353007327494061	8.4291495185202	9.81558381317066
9.34973855673983	0.319501085498168	8.72274846999988	9.97672864347978
9.00555657702984	0.340299432990121	8.33738529339483	9.67372786066485
9.47558636054622	0.292114374743742	8.90247609413167	10.0486966269608
8.78313759408608	0.31799514851582	8.15902894582029	9.40724624235188
9.74502044857019	0.370417947835174	9.01815328250981	10.4718876146306
8.80513045895468	0.341337769153802	8.13473859088078	9.47552232702858
8.86727461254168	0.284042050563946	8.30986440012393	9.42468482495944
9.29602624983977	0.301494325085749	8.70432322771165	9.88772927196789
9.49312293364732	0.304989397551602	8.89462830049624	10.0916175667984
9.17464626216176	0.363356815677024	8.46118065027656	9.88811187404696
8.67362351486502	0.291557617358805	8.10142249419665	9.24582453553339
9.32086845797112	0.346673312471541	8.64044772528945	10.0012891906528
8.67620188994771	0.296118487081615	8.09502743367516	9.25737634622026
8.88965185128618	0.282225032154338	8.33576148904898	9.44354221352338
9.24380105235679	0.29750741576272	8.65968825908153	9.82791384563205
9.03870098746954	0.299686062902164	8.45053794366255	9.62686403127653
9.17269760311706	0.322961287280789	8.53888335048394	9.80651185575018
8.83733072912568	0.306600692018546	8.23577299501194	9.43888846323942
8.82184180948	0.272721769910317	8.28658845260089	9.35709516635912
9.00236393514929	0.337575117686907	8.3397709298516	9.66495694044698
9.10328401821141	0.343495126633249	8.4291349135856	9.77743312283723
8.86334201997656	0.299159146577331	8.27619642666394	9.45048761328919
9.44828482730731	0.332927040103513	8.79474859502877	10.1018210595858
9.06236197025008	0.304526938306939	8.46482631969603	9.65989762080412
9.35208319954135	0.304701353494211	8.75421339686844	9.94995300221426
9.31981788851743	0.344161271493563	8.64448504325719	9.99515073377766
8.90666487488664	0.30428117486803	8.30948798724216	9.50384176253112
9.29926330880411	0.305098343803663	8.70053592914909	9.89799068845913
9.61821070057793	0.34336622759234	8.94395670659824	10.2924646945576
8.17776932603624	0.299393317245846	7.5901413686363	8.76539728343618
9.16193472853835	0.299932913657185	8.57359999731005	9.75026945976665
9.61082964149723	0.341402190838916	8.94088402128139	10.2807752617131
8.96155876279844	0.304297174832144	8.36432215340812	9.55879537218876
8.91600637115565	0.331043922603875	8.26626569388783	9.56574704842346
8.79470445632007	0.314873082451528	8.17654804456223	9.4128608680779
8.98937052828578	0.303887616191124	8.39321244972978	9.58552860684178
8.76186196884787	0.287525457454129	8.19755433806255	9.32616959963319
8.4326558698053	0.282711773546284	7.87774622775794	8.98756551185267
8.94583668831756	0.297847118165938	8.36153182068284	9.53014155595229
9.87194642970387	0.35641032714867	9.17239099715229	10.5715018622555
9.0039976904574	0.325487561573977	8.36508896237759	9.64290641853721
8.70016959645453	0.331290987800188	8.04986175434753	9.35047743856152
9.22573957899811	0.328928759068114	8.58017660295331	9.8713025550429
8.98072943085186	0.323745964375739	8.34515870836679	9.61630015333694
8.99841116483102	0.305007719616349	8.39989444579238	9.59692788386966
8.87109605245471	0.313550773634275	8.25563896731709	9.48655313759232
8.78519288458027	0.292741899254562	8.21073311962298	9.35965264953756
8.79295881896043	0.342681526423611	8.12016107695762	9.46575656096324
9.54071858398101	0.356955568141572	8.84026141105254	10.2411757569095
8.99472609637439	0.285026242930978	8.43558656778128	9.55386562496751
9.1264725591596	0.356048673375351	8.42781168423812	9.82513343408108
8.79829982973216	0.285246500271414	8.23858579281104	9.35801386665328
8.87136140139187	0.271002881811573	8.33956390422394	9.4031588985598
8.90753212687201	0.279712660048223	8.35871530977218	9.45634894397185
8.96670965856152	0.310373202974135	8.35758017645973	9.57583914066332
9.07719041933893	0.352401021939385	8.38581641633628	9.76856442234157
9.11840687051947	0.308933066200778	8.51221777486793	9.72459596617101
8.97549159281977	0.312479815909837	8.36224849682392	9.58873468881561
8.84526548035761	0.340117471845873	8.17778659557739	9.51274436513783
8.71411362951003	0.304000946031643	8.11745074380644	9.31077651521362
9.10919710755062	0.285208359765279	8.54967646522105	9.66871774988019
9.44422181278492	0.355810510889751	8.74579643378912	10.1426471917807
8.99673454813258	0.287630262105106	8.43221047308376	9.5612586231814
8.45010085432959	0.269016605020163	7.92217456402747	8.97802714463172
9.12144693761855	0.310703827971239	8.51169714170119	9.73119673353592
8.77979803900224	0.304750614175922	8.18164303320776	9.37795304479671
8.90731243324822	0.305593942574284	8.30747489577312	9.50714997072333
8.7795226335047	0.314441864732274	8.16215259682293	9.39689267018648
9.11265617956866	0.437720674850047	8.25258852716479	9.97272383197252
8.81065434944099	0.283803228945191	8.25358276524433	9.36772593363764
8.75484812103716	0.294924431620353	8.17603800883994	9.33365823323438
8.94780736168054	0.301987430547275	8.35518551647675	9.54042920688433
8.41959260795992	0.272275888832849	7.88512300839139	8.95406220752845
9.17371347282145	0.303189931779279	8.5787557822426	9.7686711634003
9.10170761946591	0.353366477209219	8.40825951703352	9.7951557218983
9.33486175979743	0.337188122837033	8.67304186158106	9.99668165801379
9.22974045710908	0.330909910998169	8.58036811577502	9.87911279844314
8.90520169686109	0.261953732178133	8.39124802149307	9.41915537222912
9.0402659194858	0.30804427300822	8.43577358194835	9.64475825702325
9.31098528179543	0.323594621149635	8.67597955535581	9.94599100823504
8.7146368140152	0.31094526835633	8.10436382639497	9.32490980163542
8.72152008940571	0.330525292969383	8.07288088421767	9.37015929459375
8.22151462319162	0.236761963910128	7.75708697328625	8.68594227309699
8.76285731089121	0.291367143722955	8.19114917537368	9.33456544640874
8.57121845967614	0.26708076483221	8.04721217125116	9.09522474810113
8.86849858549492	0.307969502239076	8.26392879198906	9.47306837900078
8.6106168346959	0.304138984697535	8.01378875583406	9.20744491355774
8.55858428468157	0.274652859559425	8.01977153031269	9.09739703905045
9.04704959575077	0.279708507135628	8.49799000555318	9.59610918594835
8.75567743719188	0.287980710745632	8.19043490265499	9.32091997172878
8.91347661534378	0.340527846998895	8.24502287617191	9.58193035451564
9.10366522213645	0.333047608955031	8.45009019989075	9.75724024438216
8.58552069634752	0.264320128880566	8.06684557911849	9.10419581357655
9.32452796626175	0.359306520440322	8.61916477181082	10.0298911607127
9.02927527904778	0.337106031253679	8.36749938997884	9.69105116811671
8.85660615451054	0.273192024836428	8.32074537323286	9.39246693578822
9.18852945839205	0.313917362252558	8.57233580311281	9.80472311367128
9.06026539001126	0.332472723120252	8.40736189945146	9.71316888057106
9.01587404876216	0.273822647390789	8.47878963297127	9.55295846455305
8.82190318817845	0.303397402545763	8.22639780843053	9.41740856792637
8.83882676080294	0.320647439679584	8.20943407412701	9.46821944747887
9.16002244001827	0.346992041433324	8.47908690691407	9.84095797312247
8.9062950917503	0.316807627059782	8.28437648749219	9.52821369600841
8.51251711713025	0.260445267904008	8.00149690761595	9.02353732664455
9.1773333495439	0.341241977324908	8.50764144071421	9.84702525837359
8.98449363488789	0.306371105482689	8.38325263671041	9.58573463306537
8.4040350219406	0.277994884610416	7.85845787758099	8.94961216630022
8.89436115991014	0.279957346115809	8.3449396806389	9.44378263918138
8.6767790290077	0.296091238659595	8.09568673766688	9.25787132034851
8.64478327107107	0.320785691390965	8.01510151188213	9.27446503026002
9.11067419414536	0.338856535408215	8.44541147824306	9.77593691004765
8.91269379439979	0.297718788680504	8.32844859238287	9.49693899641671
8.83657440523956	0.329184919469043	8.19063704311742	9.48251176736169
8.97288634904108	0.305975008373288	8.372472845087	9.57329985299517
9.3146242931602	0.338011536409172	8.65122896817696	9.97801961814343
9.1119819092281	0.330236481797124	8.46387975756528	9.76008406089092
9.14224172648747	0.328534609134293	8.49756798453339	9.78691546844155
8.75348661719349	0.321668906263573	8.12226781861555	9.38470541577142
8.39164676824482	0.283413917058373	7.83544560147319	8.94784793501645
8.90442223064094	0.30975771394361	8.29669745670924	9.51214700457264
8.71928857757741	0.290709026580904	8.14885195558945	9.28972519956538
8.91669494632617	0.313905489438743	8.30059793074988	9.53279196190247
8.94258449387374	0.329203988357449	8.29671513949271	9.58845384825476
9.04833023070255	0.315232250105219	8.42973250516474	9.66692795624035
9.31879421644567	0.286643724951619	8.7563222187124	9.88126621417894
9.04251279189474	0.335947996936675	8.38332191505077	9.70170366873872
8.84644184120799	0.252082796372127	8.35172148923225	9.34116219318373
9.35388710262643	0.300127102885578	8.76500618695547	9.94276801829739
9.14925055473087	0.293143268725088	8.57402985135135	9.72447125811039
8.84030774229315	0.324007567562146	8.20428184518252	9.47633363940377
9.50287934823274	0.325229476108492	8.86462666109227	10.1411320353732
8.8719318471657	0.298182739311257	8.28695040415631	9.45691329017509
9.20147059729101	0.333478024469601	8.54705862004216	9.85588257453986
8.71787945407468	0.280446165328166	8.16742615963228	9.26833274851708
8.58917056890178	0.280777302049131	8.03810644965162	9.14023468815194
9.25219485101178	0.300482271683012	8.66259791135788	9.84179179066568
8.86122375055009	0.315176029158942	8.24271608769932	9.47973141340086
8.73537375453521	0.290812681998824	8.16461938236454	9.30612812670589
9.17623234858991	0.271871793973394	8.64278699065685	9.70967770652296
9.26150269794326	0.302506424558635	8.66803420552367	9.85497119036286
9.12602450716737	0.303588675098333	8.53001503609584	9.7220339782389
8.89206098854547	0.317103125718046	8.26958665009183	9.51453532699912
9.4182721830129	0.414101178580429	8.60519436937527	10.2313499966505
9.00555847911551	0.321350743706898	8.37490360248271	9.6362133557483
8.64493126867918	0.299071795192294	8.0579840907729	9.23187844658546
9.00219097376145	0.314076968446143	8.38580470685599	9.61857724066692
8.98802719399069	0.329564166232234	8.34139986353966	9.63465452444172
9.40326323325631	0.339188527697467	8.73749469379396	10.0690317727187
8.85959058046816	0.302478978402013	8.26620580066766	9.45297536026866
8.7748748912688	0.311609325541776	8.16331923464318	9.38643054789442
8.99956931293501	0.320505000851618	8.37046735123632	9.6286712746337
8.82087311384788	0.277145869816554	8.2770131198027	9.36473310789307
8.64079670234047	0.321888026580666	8.0090414583251	9.27255194635584
8.99632072008892	0.309320339034094	8.38906709154177	9.60357434863607
8.90935666782814	0.265660425221574	8.38820057194716	9.43051276370912
8.8679822827225	0.312006660071513	8.25567127483228	9.48029329061271
8.78117566711708	0.29173445234712	8.20861384440643	9.35373748982773
9.01089883028685	0.339026060542675	8.3453928844804	9.6764047760933
9.06914122354878	0.294338511815988	8.49157641887728	9.64670602822028
9.20977566123935	0.328229724774518	8.56542393017424	9.85412739230446
9.34026525635671	0.300277654301386	8.75110851131696	9.92942200139646
8.78462313979716	0.282439339412044	8.23033709363619	9.33890918595813
9.12109696976645	0.353638009432502	8.42699170350776	9.81520223602513
8.61610592555747	0.271249327427234	8.08389923626654	9.1483126148484
9.01043889460237	0.294299018740922	8.43271207704886	9.58816571215588
8.85490648604369	0.27333534245765	8.31849509395826	9.39131787812913
9.67358815504068	0.358248397739196	8.97045313427572	10.3767231758056
8.77605657437095	0.282318450060418	8.22206474797709	9.33004840076481
8.73804614360612	0.308481135770727	8.13258215773184	9.3435101294804
8.82273786635336	0.302210218155959	8.22956899006392	9.4159067426428
9.41251156869781	0.316540048937657	8.79141498427367	10.0336081531219
9.33161784094804	0.318807184097488	8.7060070752944	9.95722860660169
8.95474888068717	0.268484854747039	8.42787002501128	9.48162773636307
9.02202396011482	0.275717180812408	8.48101855000368	9.56302937022597
9.38259452849843	0.312970656649789	8.76842447270168	9.99676458429519
9.0505116803812	0.311966610703413	8.43829669520456	9.66272666555783
8.78472784703762	0.307113057745054	8.18202546924399	9.38743022483124
9.08139449646018	0.272467834684722	8.54672442748543	9.61606456543494
9.35013487280876	0.334800263607422	8.69340981921474	10.0068599264028
9.23891179408282	0.343632679215876	8.56445381583515	9.91336977233048
8.85253811103332	0.322974977524748	8.21873834542712	9.48633787663952
9.53726819592413	0.316978623935851	8.91526160561426	10.159274786234
8.85610529867328	0.312569082888905	8.24266067905848	9.46954991828808
9.11838110942264	0.29339627893684	8.54271811996495	9.69404409888033
9.07346283302852	0.303916048103056	8.47685382615511	9.67007183990193
8.52415583176522	0.252531990690002	8.02880298244973	9.0195086810807
8.91104962957494	0.318396085393821	8.28618036424986	9.53591889490002
9.33018420582403	0.373174606396401	8.59777611378659	10.0625922978615
9.19246418597796	0.354253784541808	8.4970460612412	9.88788231071473
9.24073927711821	0.315050636945695	8.62240690457831	9.85907164965812
8.65921279673649	0.286242477436697	8.09747969602087	9.22094589745211
8.98342992707197	0.304866536888555	8.38508214076578	9.58177771337815
9.38994385376665	0.308708699408667	8.78425833752962	9.99562937000369
8.64988846800461	0.279381229443305	8.10162527362342	9.1981516623858
8.63368372207939	0.278940058719549	8.08635436731501	9.18101307684377
9.42778369312474	0.333887676699757	8.77233341900681	10.0832339672427
8.88571141262443	0.303566342464357	8.28986388764149	9.48155893760737
8.88722127638737	0.357029232265716	8.18606252756301	9.58838002521173
9.10755673635319	0.292881229263765	8.53283186312387	9.6822816095825
9.28707800071964	0.334851773486636	8.62984626303174	9.94430973840754
9.46780461982899	0.349945633905787	8.78114781432595	10.154461425332
8.80902887524541	0.26192900327033	8.29505882371099	9.32299892677983
8.95369981221943	0.317016093641005	8.33161225024121	9.57578737419765
8.96109390233305	0.324079765301013	8.32481330204804	9.59737450261807
9.38922542488605	0.299914129316544	8.8007525335737	9.97769831619841
9.07478705615648	0.381904431394508	8.32505639048814	9.82451772182483
9.26206412972763	0.278154796944908	8.71634460018885	9.80778365926642
9.13758268375545	0.295270429250112	8.55804298043489	9.71712238707601
9.17360149027303	0.359171606061984	8.46873875611996	9.87846422442609
8.80325129023617	0.318068288320181	8.17893696994424	9.42756561052809
8.99534554835693	0.309362133898207	8.38834815553349	9.60234294118037
9.03189692589678	0.274472962982733	8.49350776071088	9.57028609108268
9.15802853150038	0.317675082016444	8.53465660562618	9.78140045737459
9.02706070267199	0.363444330623045	8.3137753223122	9.74034608303179
9.19502740602656	0.401553091036866	8.40691078287511	9.98314402917801
8.97691723178155	0.316402173610276	8.35602219342303	9.59781227014007
8.93523565915571	0.28539278063452	8.37527979076832	9.49519152754311
9.06872499675675	0.324822274025468	8.43112263595487	9.70632735755864
8.87679920046239	0.28062379062661	8.32621786572787	9.4273805351969
8.75410717440082	0.298864449934581	8.16756142984497	9.34065291895667
9.16718493307944	0.315682006216298	8.54734841563543	9.78702145052344
9.01620948399205	0.305609221766908	8.4163465764545	9.6160723915296
9.19810836209637	0.302779151015571	8.60417719617977	9.79203952801297
8.94218678727809	0.310930621805756	8.33192534381671	9.55244823073948
8.92878581430905	0.321789316102929	8.29703308762321	9.56053854099489
8.66815338315405	0.305925612436417	8.06787094964845	9.26843581665965
9.29836314790933	0.351333509964861	8.60863907681619	9.98808721900247
9.13564364644236	0.311508583057685	8.52421211727179	9.74707517561293
8.76338563579257	0.328015518364031	8.11958214321746	9.40718912836768
8.93411920047471	0.321310765424345	8.30362307448722	9.56461532646221
9.33379533600447	0.29844045636487	8.74824185431143	9.91934881769751
9.07102498493744	0.322018346779609	8.43900654271813	9.70304342715675
9.17662759519973	0.31335745209468	8.5618546080977	9.79140058230176
8.97631894124438	0.31266416824559	8.36245243315417	9.59018544933458
9.14005266254816	0.291447613822461	8.56838806529699	9.71171725979932
9.26790810012028	0.315872709214887	8.64790056120489	9.88791563903568
9.42788606317113	0.332614293401815	8.77501861866137	10.0807535076809
8.98607191706492	0.273882196392276	8.44859296060832	9.52355087352151
9.02878293919816	0.32897613120471	8.38290880527049	9.67465707312584
8.96044860091417	0.311982909825633	8.34827688199028	9.57262031983807
8.77094570449546	0.289606406750431	8.20245491631596	9.33943649267496
9.20229686573658	0.336578038676851	8.54151023427528	9.86308349719788
9.53148498364882	0.33044348286943	8.88296072589975	10.1800092413979
8.8313632429641	0.286554707337606	8.26901397320088	9.39371251272733
9.98161684838807	0.427723998161666	9.14167402297903	10.8215596737971
9.39992874526172	0.358786247401389	8.69585346771342	10.10400402281
8.8054688303962	0.348141914352587	8.12192291126446	9.48901474952795
9.48143356053652	0.34916856071857	8.79618432834885	10.1666827927242
8.78043122607975	0.324545384608677	8.14318710318637	9.41767534897312
8.60992998690282	0.266580975313387	8.08664971056142	9.13321026324422
9.30686840543777	0.313037113967546	8.69257682216132	9.92115998871422
8.84490246220524	0.308419175496908	8.23958103701483	9.45022388739564
9.32601912594204	0.305543097344272	8.72653445006166	9.92550380182241
8.86974111357675	0.320322148474187	8.24112814732806	9.49835407982545
8.81836684889972	0.282847964048844	8.2633957110566	9.37333798674285
9.10787430676476	0.31207577390061	8.49546600097214	9.72028261255738
8.97082993541976	0.315667341855796	8.35113422701714	9.59052564382238
9.22268956201885	0.33174098156138	8.5716426245413	9.87373649949639
8.62869147727955	0.277567370839761	8.08404722987593	9.17333572468317
8.90270129004784	0.314374414502031	8.28573866755263	9.51966391254306
8.3659911201286	0.311485247475832	7.75420496370253	8.97777727655467
9.1034330085188	0.313563699938233	8.48803876581287	9.71882725122474
8.92157280112897	0.314100476979263	8.30504026021138	9.53810534204656
8.96268420728258	0.334833748327022	8.30545872811228	9.61990968645287
9.07159198497893	0.292183616142301	8.49826441399428	9.64491955596357
9.00503824377981	0.33376860005921	8.34989558485061	9.66018090270902
9.10121799918318	0.31476432389289	8.48362818016977	9.71880781819658
8.75094356620224	0.286705620375381	8.18831167088069	9.31357546152379
8.88221861954999	0.32006221557975	8.25377770698887	9.51065953211111
8.96100993726955	0.320100416138535	8.33275520433999	9.58926467019912
8.94610194120993	0.33098109425639	8.2966382089832	9.59556567343667
9.05710902560945	0.304908777301322	8.45871191364668	9.65550613757222
8.93820673213113	0.286595445586843	8.37570742611501	9.50070603814726
9.34633348563354	0.36244565758751	8.63506312079533	10.0576038504717
9.44942637043572	0.355010780384799	8.75239425731197	10.1464584835595
9.07112412413745	0.33185395105792	8.41987114392801	9.72237710434688
9.17887841188131	0.333415592501579	8.52442728195029	9.83332954181233
8.92957532813084	0.320802450897862	8.29984080739452	9.55930984886716
9.04101769940211	0.347024292194399	8.35969285428465	9.72234254451957
