estFinal_ps2	sdFinal_ps2	X1	X2
8.91372019825508	0.228500517447405	8.46561280058762	9.36182759592255
9.43058013853078	0.247494476294769	8.94539405328822	9.91576622377334
8.9309979777479	0.223791679207338	8.49226381003795	9.36973214545785
9.13413236073859	0.231856734621518	8.6796139547943	9.58865076668289
9.17099384554109	0.234250648689842	8.71176172930154	9.63022596178063
8.68273651818973	0.239377023895236	8.2134776569234	9.15199537945606
8.97896846859457	0.222381075071729	8.54303604940184	9.4149008877873
8.9844699909525	0.233465399005889	8.52681699070697	9.44212299119802
8.64290363181294	0.219001152505393	8.21358104842758	9.0722262151983
9.00918478203034	0.246711916540345	8.52523976480474	9.49312979925593
8.8640337135476	0.250781909551303	8.37233672014681	9.35573070694839
9.28868329818748	0.23985328585997	8.81848680440055	9.75887979197441
8.75154083329607	0.214291046198261	8.33146352119457	9.17161814539758
8.86791077076296	0.25033016792689	8.37715838241178	9.35866315911414
9.22921385629973	0.258413806333389	8.72261593057782	9.73581178202164
9.12145476138852	0.223342876766844	8.68362151940561	9.55928800337142
9.27665563936547	0.253380890679494	8.7799336804989	9.77337759823205
9.00008774974235	0.254519064583852	8.50112524001089	9.4990502594738
9.12889907040084	0.264547797512646	8.61009847538299	9.6476996654187
9.02791853001692	0.245768280129722	8.54604109843436	9.50979596159949
8.9574254230631	0.238268093853891	8.49032070122187	9.42453014490432
8.79576270795099	0.234959635355868	8.33511094217434	9.25641447372764
9.2286962791675	0.256450979855969	8.72599382659775	9.73139873173726
8.70075664844214	0.223891808049658	8.26185829654775	9.13965500033654
8.84210849491935	0.219149891242658	8.41246920732925	9.27174778250944
8.88674488356792	0.239703112215752	8.41679338301056	9.35669638412528
8.97763746649659	0.237168472909558	8.51271386313138	9.44256106986181
8.96193957062001	0.231499276156745	8.50805599278566	9.41582314845435
8.91794734580545	0.219618529545312	8.48740723882496	9.34848745278595
8.82233002700121	0.223031850610939	8.38513983790815	9.25952021609428
8.95401840328962	0.227855815669821	8.50735641670999	9.40068038986925
8.88171331998251	0.25390404802388	8.38384399324754	9.37958264671749
8.89537537606478	0.240996007140116	8.42278402926087	9.36796672286868
9.15996250170882	0.227819499054176	8.71336148265534	9.60656352076231
9.11325775232848	0.240853131512132	8.64107323798234	9.58544226667463
8.85859677717947	0.227965657939178	8.41164328636039	9.30555026799855
8.83632134927108	0.240517161194063	8.36459847877991	9.30804421976225
8.980326981279	0.232572691021928	8.52428408136856	9.43636988118945
8.63437292614005	0.214556848858225	8.21374383035483	9.05500202192526
9.25080458842864	0.254890886694237	8.75115328071691	9.75045589614038
9.11137974296455	0.239064790948296	8.64270608889668	9.58005339703241
8.91789710428472	0.224256268461982	8.47825871155883	9.35753549701061
8.64675841543558	0.221820829510412	8.21188906931252	9.08162776155864
8.72102549946033	0.216529222426949	8.2965520498008	9.14549894911987
8.84326537968005	0.236905965662878	8.37867913173628	9.30785162762382
9.2160861911711	0.228631707046031	8.76789453454202	9.66427784780017
8.78100747042991	0.224446994271727	8.34098433378556	9.22103060707425
9.23383482021101	0.258182660306003	8.72767399268407	9.73999564773795
8.51496560740469	0.20822113212507	8.1067242507042	8.92320696410518
8.94497020785242	0.219331383234186	8.51497536674214	9.37496504896269
8.89947499373242	0.23830478711324	8.43223680940146	9.36671317806337
9.23033343394631	0.231280936500366	8.77682513979818	9.68384172809443
9.00600168266332	0.243441131045301	8.52875567518352	9.48324769014311
9.28684950100736	0.230199406328994	8.83562115671966	9.73807784529506
8.99510313599903	0.245887706967717	8.51307948773611	9.47712678426196
9.10884941528329	0.243810269030581	8.63085550431618	9.5868433262504
9.08109214561155	0.227668409312319	8.63476871694371	9.52741557427939
9.16539254918987	0.231753893229058	8.71108547798283	9.61969962039691
9.00107962967451	0.237030047435676	8.53628818653605	9.46587107281298
8.47570550646041	0.227914412595008	8.02885520528233	8.92255580763849
9.06037372201003	0.22916787282824	8.61107941864534	9.50966802537473
8.53011656049102	0.218285310390738	8.10217790354539	8.95805521743664
8.80603630232695	0.241884415488863	8.33175383636022	9.28031876829368
8.7665602211103	0.244375918630797	8.28740004776754	9.24572039445306
8.46577178490665	0.227396393592093	8.01992359948438	8.91161997032891
9.12226459312248	0.215113629928049	8.70060093560862	9.54392825063635
9.25090868366058	0.231618853444138	8.79682723984268	9.70499012747847
8.97281175324842	0.245373002447234	8.49172189202299	9.45390161447386
8.77417888237106	0.23140137136668	8.32047396250524	9.22788380223688
9.36042924458298	0.227578183553625	8.91430955266974	9.80654893649622
9.20734121127701	0.229698761116307	8.75699536766519	9.65768705488883
9.08080982909284	0.225421085987842	8.63884425533309	9.52277540285259
8.96472234553873	0.230161430639033	8.5134234578465	9.41602123323096
9.0691993101261	0.229514185794439	8.61930070384611	9.5190979164061
8.73982443250752	0.203782306047534	8.34025698315201	9.13939188186303
8.9826313324735	0.239127981811356	8.51384440056485	9.45141826438215
9.17480366529023	0.252377140093815	8.68008074886094	9.66952658171953
9.06467747339628	0.243310855534967	8.58770122397365	9.54165372281891
9.37935217904704	0.253702323956606	8.88204590105407	9.87665845704
8.82329377670126	0.211841237892547	8.40791493276527	9.23867262063725
8.84758844527915	0.220959517278423	8.41438568453352	9.28079120602479
8.92146246978732	0.246195463051642	8.43876334886275	9.40416159071188
8.98560064328675	0.233759673715295	8.5273455745523	9.4438557120212
8.58563626781706	0.238495201611196	8.11807109704834	9.05320143858577
8.99364828653391	0.232488923404074	8.53784635030322	9.44945022276459
8.70129868043784	0.21764314963184	8.27462380555502	9.12797355532066
9.19778089353399	0.224142095543199	8.75839510234728	9.6371666847207
9.18823904169413	0.253291812307546	8.69159064702397	9.68488743636428
9.19816052260438	0.239553215918597	8.72858483901561	9.66773620619316
8.47071331736302	0.211245043535335	8.05647841255862	8.88494822216742
8.97367837370485	0.237772727644161	8.5075020809064	9.43985466650331
8.96702389859769	0.223334731020395	8.52921691929825	9.40483087789713
8.86150462704536	0.23873957566959	8.39351599255015	9.32949326154056
8.93568308797454	0.269934597122229	8.40632910592167	9.46503707002741
9.01264828576081	0.235432726383616	8.55112147992334	9.47417509159828
9.21320145271963	0.238541237859815	8.74555615191438	9.68084675352487
9.37314037899538	0.245055006184401	8.8927369941784	9.85354376381235
9.05171969392847	0.232494527039861	8.59586077097015	9.50757861688678
9.02100277092156	0.234509267898639	8.56130578716627	9.48069975467685
8.90520740095815	0.228018487632901	8.4581534585694	9.35226134334691
9.57885497938257	0.255963990569833	9.07701956034306	10.0806903984221
8.79711134007189	0.216867749694232	8.3719517068775	9.22227097326628
9.32342454906888	0.240565063533852	8.85187790864837	9.7949711894894
8.54893780927379	0.231289040893385	8.09544102692651	9.00243459162107
8.78001545881476	0.226545433480522	8.33587388318595	9.22415703444357
8.78446173635722	0.246333322271241	8.301547304604	9.26737616811044
8.81568222907139	0.228516789191132	8.36767047222303	9.26369398591975
8.72422250095613	0.215689429306633	8.30138387374936	9.1470611281629
8.66880825081059	0.224736269195928	8.22817834584443	9.10943815577676
9.03708495244103	0.231248423167006	8.58378617858387	9.49038372629819
8.84313640261228	0.214180175044293	8.42324522695943	9.26302757826512
9.00706083750031	0.24513425375591	8.52645679424117	9.48766488075944
9.16624678360365	0.269144327126799	8.63861151805785	9.69388204914945
9.47721136856356	0.239702699954784	9.00728931975389	9.94713341737324
8.70854891786724	0.231928543196537	8.25383366335057	9.1632641723839
8.7659110387197	0.228938907113741	8.31711740434047	9.21470467309893
9.20565259399396	0.248959183922703	8.71758913581568	9.69371605217223
9.07733423869326	0.240715688110061	8.60540183437022	9.5492666430163
9.04063112155768	0.258583946063892	8.53338537862266	9.54787686449271
9.04738484685589	0.242246880184278	8.57247712037658	9.52229257333521
8.89583094260465	0.236891455008048	8.43145507129386	9.36020681391544
8.66245646787229	0.236279149969687	8.19924557206904	9.12566736367555
9.18748764967768	0.217429754520003	8.76120553346468	9.61376976589067
8.92437068031173	0.220064934515026	8.4929744944761	9.35576686614735
9.01800197461657	0.239876177426006	8.54771199688342	9.48829195234972
9.27411894866687	0.231988398170281	8.8193075296838	9.72893036764994
8.66941279401493	0.244478205267813	8.19008384063309	9.14874174739677
9.07396005617296	0.240756928140765	8.60199952894189	9.54592058340404
9.30397996696493	0.233870932616315	8.84547710959861	9.76248282433125
8.97655158467667	0.257765862912766	8.47127008420094	9.48183308515239
9.16538426872274	0.238054692305101	8.69868012706965	9.63208841037583
9.18529704434648	0.234168132927419	8.72620786589404	9.64438622279892
8.945653708451	0.260391440565155	8.43496872278516	9.45633869411684
9.08317261070711	0.259348816669595	8.57478852890947	9.59155669250475
8.72896647483823	0.248941037524077	8.24067976199808	9.21725318767838
8.93291217994155	0.255423516762871	8.43206686007675	9.43375749980636
8.68656295766809	0.235042468168402	8.22570001213133	9.14742590320486
8.70119204696071	0.220082770458253	8.26974855247082	9.1326355414506
9.02930089589813	0.242831639649873	8.55323985185487	9.50536193994139
8.94057888935133	0.216548614239258	8.51605924353815	9.36509853516451
8.95069212673888	0.242334582630506	8.47547628811131	9.42590796536644
8.75320964953302	0.246991830501068	8.26893874151513	9.23748055755091
8.71860564706775	0.210241292245903	8.30649524107263	9.13071605306288
9.03823974651564	0.266948828432166	8.5147221032926	9.56175738973869
9.18938181764647	0.248732556797178	8.70177060469922	9.67699303059373
9.13525875565706	0.232411620380791	8.67963678098541	9.5908807303287
9.12757052548531	0.236821304040845	8.66329015309367	9.59185089787694
8.9847245615084	0.248187665759595	8.49820399307289	9.4712451299439
9.25962518915182	0.238647782570329	8.7918162955803	9.72743408272334
8.7016773856535	0.24194009398361	8.22737564311717	9.17597912818982
8.96139305093658	0.228809101347913	8.51273472470098	9.41005137717217
8.74671840296969	0.226435431961422	8.30273055230864	9.19070625363074
8.92853404892643	0.246317164565133	8.44564993097454	9.41141816687831
8.94672833793925	0.235328772521381	8.48539254205053	9.40806413382797
8.48295879469549	0.246562046858735	7.99943672265601	8.96648086673497
9.14979100289924	0.233348542796883	8.69230001514059	9.60728199065789
9.0829748932453	0.236276825666318	8.61977581018544	9.54617397630517
9.18832194610599	0.223834370395872	8.74949217562254	9.62715171658945
9.06408480181723	0.243295077630762	8.58711590500821	9.54105369862625
8.79372316238631	0.245851461079419	8.31180906434427	9.27563726042835
8.92750923398052	0.226926617038058	8.48262358268526	9.37239488527579
8.48603901869881	0.212439635721198	8.06954015049238	8.90253788690524
9.42225524196033	0.263604042836441	8.9055054126674	9.93900507125325
8.93047232974789	0.231495371044716	8.47663778183923	9.38430687765656
9.16082222054841	0.22799567774268	8.71383500432412	9.60780943677269
9.35598455893444	0.263861220358374	8.83861487855037	9.87335423931851
8.93919785666954	0.242570665646952	8.46367658599095	9.41471912734813
9.17120420522005	0.242070819472384	8.69660227432833	9.64580613611178
9.18590594378633	0.23943212171884	8.71653199246859	9.65527989510407
9.00301958686843	0.225942019630934	8.56011907144203	9.44592010229483
8.94176807359701	0.237260255689284	8.47651392209679	9.40702222509722
9.73493447672386	0.246532520549811	9.25165598017715	10.2182129732706
9.06458736066377	0.233646408321722	8.60654687644018	9.52262784488735
8.97934331823372	0.2348145046757	8.51905170920358	9.43963492726386
8.61846397854893	0.235803449820033	8.15618651875099	9.08074143834686
8.81003950824439	0.216913810610303	8.38480573247	9.23527328401878
9.00812996135927	0.251369923126017	8.51533783215377	9.50092209056477
8.93944430207339	0.218797780124018	8.51048126993885	9.36840733420792
9.55288530492853	0.247981681244269	9.06673602978476	10.0390345800723
8.87756294692272	0.215699971125044	8.4546740565874	9.30045183725803
8.96238974953582	0.240672396983878	8.49060066854931	9.43417883052233
9.2482329842104	0.239139550977258	8.77939755976747	9.71706840865334
8.6692422167708	0.226762165817579	8.22471534421754	9.11376908932407
8.54414823691525	0.220508964995944	8.1118114526121	8.9764850212184
8.85182384578418	0.234858527765697	8.39138138967124	9.31226630189712
9.01094436259336	0.222941019287816	8.57391139795314	9.44797732723358
9.00207388800304	0.219428823204885	8.5718857985734	9.43226197743269
8.95901565139986	0.228439072027198	8.51119121183119	9.40684009096853
9.08310244065786	0.257245172544748	8.57861170774069	9.58759317357503
9.02524515599278	0.228966254133183	8.57635947794849	9.47413083403707
9.07600180130366	0.228128723766823	8.62866767807957	9.52333592452776
9.13706116077597	0.243612253617504	8.65951159522269	9.61461072632926
8.75816867338388	0.206074806995706	8.3541624479779	9.16217489878987
9.01567029079609	0.220694417758251	8.58299880399134	9.44834177760083
9.29025268933787	0.238065599547272	8.82358535987981	9.75692001879593
9.4196715604948	0.248907049282866	8.93172231122938	9.90762080976022
8.45217291143923	0.215903248233103	8.0288590999138	8.87548672296467
8.87679290986478	0.242336661002237	8.40174032927878	9.35184549045079
8.82689670189964	0.238186301807607	8.35990613700284	9.29388726679644
9.13646529116535	0.240970961766564	8.66403488126384	9.60889570106686
8.9616777233496	0.235607691447064	8.49977305670551	9.4235823899937
8.93377237568022	0.226098868808409	8.49049248396228	9.37705226739815
8.5775518038971	0.217567186185302	8.15101972487621	9.00408388291798
8.90972529261523	0.240989933503563	8.43735784909217	9.3820927361383
8.64541459970352	0.244323302300423	8.16640418855051	9.12442501085654
8.91843412634708	0.247006116015662	8.43411359898541	9.40275465370874
8.71511926182425	0.215082576668995	8.29349754478055	9.13674097886795
9.24791882165425	0.24639262443405	8.764882431693	9.73095521161551
8.96422329981081	0.256264489292444	8.46184858777265	9.46659801184898
8.81081696151096	0.24605272828722	8.3283310759496	9.29330284707232
8.8069860257802	0.247286749663457	8.32214518370261	9.29182686785779
8.99085813054588	0.229675855311425	8.54057747340599	9.44113878768577
9.0488370648767	0.234898566445752	8.58833255930717	9.50934157044623
9.38383462268651	0.237707205037507	8.91780105120911	9.8498681941639
8.75194303648303	0.229193504573584	8.30261416961363	9.20127190335242
9.0743124605981	0.228728751584356	8.6258651502444	9.5227597709518
9.09124042009923	0.267247705040365	8.56728822742786	9.61519261277059
9.05979417526151	0.235164565416889	8.59876345206449	9.52082489845853
9.28471344957242	0.247375289950496	8.79975740105145	9.76966949809338
9.00901355480791	0.239999540024347	8.53851063502215	9.47951647459368
9.04742997133222	0.240519737244382	8.57593864220749	9.51892130045696
9.31727948704588	0.243752619047648	8.83934585539426	9.79521311869749
8.98924458099064	0.240801875217741	8.51720829463351	9.46128086734777
9.14626975800594	0.242199263368917	8.67148459498003	9.62105492103185
9.06509569537105	0.222799045867905	8.62829044113012	9.50190094961198
9.13935447990215	0.239365966545016	8.67009568776742	9.60861327203687
9.02149628305036	0.241423020096857	8.54818064681655	9.49481191928417
9.00307000144538	0.233562687458519	8.54523116473367	9.46090883815709
9.07877175234959	0.228145041563284	8.63154712797416	9.52599637672501
8.79835327152835	0.25187493090637	8.30452708474757	9.29217945830912
8.79637085436785	0.234635281122293	8.33636177128194	9.25637993745375
8.94447150982017	0.250693321776149	8.45304590011759	9.43589711952274
9.02126613002044	0.231689209840514	8.56707690705531	9.47545535298558
9.04398161328222	0.247613291199055	8.55856052721849	9.52940269934596
9.17014283748023	0.236190889838865	8.70715775017848	9.63312792478199
9.21034449330064	0.241132307665711	8.73757805444771	9.68311093215357
8.83925773364953	0.222072294574039	8.40390274544835	9.27461272185072
8.81378380235238	0.230646320703085	8.36158776061759	9.26597984408717
8.75696520145766	0.225825765574102	8.31429328356447	9.19963711935086
8.8226991375153	0.239147384337469	8.35386286292039	9.29153541211021
9.05964972227881	0.229056147777827	8.61060563904827	9.50869380550935
8.89115322913107	0.213196552992221	8.47322780145221	9.30907865680993
9.19313178415761	0.249718003162896	8.70353270058797	9.68273086772724
8.86873783347561	0.250651401991276	8.37728528091021	9.36019038604101
9.11059292826726	0.245372033312729	8.62960763913714	9.59157821739739
8.73802000378931	0.235535034075738	8.27627689823909	9.19976310933953
9.1361996272707	0.2410659119494	8.66353297012517	9.60886628441622
9.04745019123036	0.22491438668086	8.60653477948949	9.48836560297122
8.91914240286028	0.210429722085267	8.50660583559381	9.33167897012676
9.02502068952461	0.246968263460971	8.54090164219776	9.50913973685147
8.9248304507652	0.218061549322173	8.49733702807579	9.35232387345462
8.80814354817086	0.228179428799657	8.36083535219555	9.25545174414616
8.88735095215857	0.244538025668049	8.40780546098112	9.36689644333601
8.97607169977034	0.260211124334404	8.4658555554775	9.48628784406317
8.92286193035308	0.226055714661952	8.47974152662743	9.36598233407873
8.55617787129269	0.239630290934452	8.08625708201086	9.02609866057453
9.01919205125219	0.223075922817206	8.58184672548027	9.45653737702412
8.86261227971109	0.241936187137662	8.38824346357572	9.33698109584646
8.70050152069924	0.221311406244235	8.26663525139291	9.13436779000557
9.04802240259275	0.247063738387753	8.56365633304408	9.53238847214142
9.2937926607089	0.23053434162636	8.84180505952051	9.7457802618973
8.96369606477994	0.224072700448698	8.5244114284442	9.40298070111568
8.75662446833332	0.238544986719956	8.28900220787039	9.22424672879625
9.01182274507667	0.230928368115808	8.55902490876494	9.4646205813884
9.02318696595685	0.225288945652775	8.58145724397719	9.46491668793652
8.9132315883751	0.213356598334842	8.49492214810567	9.33154102864452
9.33909608082633	0.239402600361985	8.86980979889529	9.80838236275737
8.84457788115272	0.229253099865556	8.39511273542925	9.29404302687619
8.67912371811578	0.233373707601913	8.22156170589179	9.13668573033976
8.92729693210262	0.237171366066591	8.46229455275216	9.39229931145309
8.66889732962605	0.215725518299038	8.24595536120039	9.09183929805172
9.06331794334323	0.232967475793282	8.60661573879511	9.52002014789134
8.84215550463874	0.227793563311689	8.39557698124657	9.28873402803091
9.13415606425555	0.231618669314044	8.6800806695225	9.58823145898859
9.42164798193929	0.243794578269239	8.94376060143395	9.89953536244463
9.17226133209631	0.238234574847779	8.70519035130523	9.63933231288739
8.78563832732014	0.219566772366593	8.3551982511814	9.21607840345888
8.7449353781364	0.220459224525502	8.31268292313038	9.17718783314243
9.45468240833547	0.241598254466529	8.98103557838914	9.92832923828179
9.20051747998829	0.2475347731492	8.71501073918296	9.68602422079363
9.02976477057722	0.224837153186487	8.58896362816639	9.47056591298805
9.18734905580861	0.225424024506691	8.74540160189166	9.62929650972557
9.17489311540175	0.229539118700877	8.72485067809981	9.62493555270368
8.58732294221594	0.241977749128425	8.11289634578079	9.06174953865109
9.13353392028345	0.225102668672075	8.69223252670345	9.57483531386344
8.88178281149737	0.214365396156166	8.46153374851206	9.30203187448268
9.25596914961021	0.226434335414603	8.81207129533568	9.69986700388474
9.03660317954034	0.230465243473847	8.58481214648086	9.48839421259983
9.26133262388542	0.278148084157168	8.71592697802369	9.80673826974716
9.2100163261993	0.250372291887891	8.71923496556942	9.70079768682918
9.24954169216084	0.240957243321623	8.77711302736895	9.72197035695273
8.94197708774923	0.235983501244318	8.47936160225009	9.40459257324837
9.47199727822975	0.240048619197533	9.00138527733273	9.94260927912677
9.00694301646946	0.239679202009921	8.53711157381951	9.47677445911941
9.1572204332856	0.213668953169752	8.73830336496124	9.57613750160995
9.20427909537551	0.234836747669853	8.74390983528989	9.66464835546113
8.95269839684137	0.234974741168637	8.49208584577815	9.4133109479046
8.91512449537122	0.233775368441069	8.45684222613636	9.37340676460608
9.23034348746712	0.252562243301856	8.73526672996241	9.72542024497182
9.0445386730874	0.23596868112273	8.58190916618474	9.50716817999006
9.09910745894724	0.237848226724048	8.63284385671646	9.56537106117803
8.8911496201782	0.231322093053495	8.43755128070976	9.34474795964664
9.07419737679029	0.236397469122788	8.61072940048597	9.53766535309462
9.23985838820252	0.225211589528386	8.79836607569568	9.68135070070936
8.91623770715604	0.247387967808507	8.43125543055358	9.4012199837585
9.05773389966045	0.225998945724634	8.61463567900508	9.50083212031582
8.9436764940982	0.230025960285696	8.49272019406454	9.39463279413185
9.06049177726306	0.219865197016262	8.62947423326684	9.49150932125927
8.73622420486462	0.255455838152564	8.23523561185758	9.23721279787165
8.95387341338822	0.225683331917908	8.5114617764616	9.39628505031483
9.08306638933433	0.231051212795855	8.63011879121762	9.53601398745104
9.0679526530583	0.214790989783415	8.64690185709322	9.48900344902337
8.94929554120484	0.240715579234583	8.47736889659312	9.42122218581656
8.95370477930805	0.239066155589995	8.48495221169934	9.42245734691675
9.21497551325113	0.230778253944262	8.76247662562372	9.66747440087854
8.7765932723253	0.211648802693078	8.36167879502371	9.1915077496269
8.8659476966279	0.250803914259882	8.37419489565992	9.35770049759588
8.87262839547074	0.22149132089249	8.43844635721193	9.30681043372956
8.76866274177404	0.210969834815668	8.35502882170876	9.18229666183931
8.75607638747715	0.239412392852661	8.28674402076248	9.22540875419183
9.08620363266406	0.241017511190234	8.61369910547009	9.55870815985802
8.79310131999383	0.189963504672191	8.42069041482307	9.16551222516459
8.87676351410679	0.247348557226527	8.39189527596863	9.36163175224495
9.07214923032451	0.223767462978001	8.63348887995929	9.51080958068973
8.93801614366654	0.245246677794791	8.4571816222327	9.41885066510038
9.04991800009072	0.224064244137998	8.61065676318023	9.48917923700122
9.18898620848447	0.237611775655108	8.72319700952326	9.65477540744567
9.13349714622124	0.232710999970484	8.67729870324603	9.58969558919646
8.6579272450719	0.219864888640367	8.22691204845629	9.08894244168752
9.30671283082847	0.249760011870122	8.81704201802312	9.79638364363382
9.34572189122435	0.240617680572641	8.87395451528456	9.81748926716414
9.15484941794831	0.226957782677428	8.70994290383519	9.59975593206143
8.88715361382933	0.231932060639626	8.43240754726816	9.3418996803905
8.63608879055587	0.222071168493034	8.20070740548353	9.0714701756282
8.43661157259626	0.231721687017949	7.98235671689777	8.89086642829476
8.98543686388889	0.260114815767763	8.47554161828291	9.49533210949486
8.87283121863216	0.248982566387566	8.3845228016062	9.36113963565812
9.04176791487367	0.240720346078766	8.5698147767826	9.51372105296474
8.64794199877102	0.219481508750025	8.21752898247571	9.07835501506634
8.61245422290223	0.218127152559332	8.18479771832472	9.04011072747974
8.90146112693669	0.2215723761016	8.46711939973286	9.33580285414052
8.69752961982397	0.228216240008427	8.25009824128629	9.14496099836165
8.98057473747483	0.246178386209926	8.49796139601651	9.46318807893316
9.03007536765398	0.248907578351015	8.54203858070904	9.51811215459892
8.57505828448651	0.210397191460183	8.16258914795525	8.98752742101778
9.33378835454625	0.247490541535358	8.84857408987299	9.81900261921951
8.90588514751251	0.235270118183508	8.44461521027217	9.36715508475286
9.00285191254348	0.230612974778571	8.5507588780101	9.45494494707685
9.01831937168316	0.238615947545366	8.55051514510717	9.48612359825915
9.53795539970617	0.255287158822281	9.03749273419422	10.0384180652181
8.7651016136282	0.22808413255899	8.31800423518275	9.21219899207366
8.82562495552128	0.220804600312248	8.39280947422101	9.25844043682156
8.8623367974259	0.230291201538131	8.41083894257726	9.31383465227453
8.92894674380327	0.234162490819827	8.46982697942777	9.38806650817878
8.99833581362054	0.227323535071836	8.55271906628298	9.4439525609581
9.11034847804865	0.239327458619441	8.64118795370634	9.57950900239096
9.19630697796934	0.237753925657909	8.73023276715367	9.66238118878501
8.60824163413309	0.219509077795036	8.1778906711311	9.03859259713508
9.26573446554839	0.238985169282969	8.79721918815339	9.7342497429434
8.96665224647277	0.232702429668528	8.51049456335051	9.42280992959503
8.76133860522615	0.2278874309977	8.31457453086661	9.2081026795857
8.70126554555281	0.217854882650465	8.2741448571468	9.12838623395882
9.28076502141832	0.248481686518649	8.79365077268517	9.76787927015148
9.25258934577727	0.260286289302474	8.74234090641447	9.76283778514007
9.27211037290483	0.236242412709566	8.80898438877494	9.73523635703472
8.84403443282918	0.225436792520499	8.40205761467945	9.28601125097892
8.73536141451038	0.232204680913304	8.28016939853827	9.19055343048249
8.95575549314248	0.218089634711835	8.52819395190149	9.38331703438347
9.45654707023304	0.237841006485153	8.99022893568085	9.92286520478523
8.9940303643299	0.228325069897753	8.54636415014794	9.44169657851186
8.713392684676	0.235624712806209	8.25146169369066	9.17532367566135
9.17853315001918	0.252481381638733	8.68351518645628	9.67355111358209
9.37090825364329	0.251998771404897	8.87693341101948	9.8648830962671
9.22340404891771	0.246757635816923	8.7397241271694	9.70708397066601
9.10088237802545	0.248777766317344	8.61314109321841	9.58862366283249
9.09658544703057	0.227244801950417	8.65108801892615	9.54208287513498
8.9678799968448	0.232564733566774	8.511973240645	9.4237867530446
8.80947599829065	0.230349753443163	8.35795331360523	9.26099868297608
9.03917469107774	0.244774072387036	8.55933710411672	9.51901227803876
9.19455988077926	0.240680334833147	8.72264816627361	9.66647159528492
8.97991110184902	0.247460247870183	8.49484194631149	9.46498025738654
8.83717945024573	0.233678495025151	8.37903665821115	9.29532224228031
9.18418535077658	0.253311485501545	8.68757691284873	9.68079378870442
9.17119173440554	0.236790391838025	8.706955554995	9.63542791381607
8.91189677638848	0.238475436431417	8.44435295502006	9.3794405977569
8.87843179033252	0.241661711264537	8.40462890355231	9.35223467711272
9.02811517511991	0.24852851469043	8.54093046145026	9.51529988878956
9.01444931943301	0.218831414728236	8.58543989079841	9.4434587480676
8.56438898719533	0.221268116733623	8.13056885136377	8.9982091230269
8.78521642201627	0.226897356323668	8.34040413350623	9.2300287105263
8.78083134269858	0.221669174056776	8.34628916523649	9.21537352016068
8.98851610272788	0.235139810370183	8.52756942958717	9.4494627758686
9.05951184396106	0.25824755501303	8.55297927356324	9.56604441435888
8.66938663392735	0.216364960728183	8.24520351871681	9.09356974913789
9.04253436000343	0.239432049889998	8.57314464786728	9.51192407213959
9.00641383563952	0.228643134587812	8.55816899207616	9.45465867920289
9.52249615797207	0.251028894802675	9.03038994934927	10.0146023665949
8.97095263625591	0.222388608990636	8.53500841027349	9.40689686223834
9.02478632592672	0.23197406446788	8.57002576327362	9.47954688857983
9.1210051912464	0.233998301151622	8.66230907751987	9.57970130497293
8.9212111520316	0.232040877949333	8.46627531244652	9.37614699161667
9.0739141837175	0.236478894479036	8.6103163323463	9.5375120350887
9.18664934765324	0.252331790815205	8.69200654870071	9.68129214660576
8.90329959589754	0.243808602885037	8.42530864758423	9.38129054421086
8.77735262073654	0.226508059483932	8.33332833450032	9.22137690697276
8.78016104760176	0.221475516628541	8.34600751215872	9.21431458304479
8.77369817395572	0.2308596239262	8.3210563033536	9.22634004455785
9.19745988385988	0.231085260319126	8.74446570525971	9.65045406246005
8.64018593281664	0.227082786295871	8.19497896582252	9.08539289981075
9.20729507289164	0.243419124371172	8.73008005912565	9.68451008665763
8.94119287475695	0.239856076995382	8.47089384988626	9.41149189962763
9.22764181574463	0.243814263867052	8.74968174923507	9.70560188225419
9.11419304681515	0.224390297777096	8.67430271503265	9.55408337859766
8.96019462221507	0.246085742696073	8.47776014867754	9.44262909575259
9.22705319176075	0.239502999476226	8.75754648288987	9.69655990063164
9.09056680686669	0.231078118430085	8.6375447027209	9.54358891101248
8.85650658192705	0.240228058479413	8.385582020893	9.3274311429611
8.87528954595133	0.241994250441331	8.40090655973738	9.34967253216527
8.91510540159485	0.238637235497465	8.44731601408691	9.38289478910279
9.36824132463395	0.251517253833426	8.87522756025975	9.86125508900814
8.97991387367382	0.231342605943903	8.52624935801602	9.43357838933162
9.05994581978217	0.223535780915872	8.62169369217506	9.49819794738928
9.21333466335492	0.235180315310142	8.75229113620621	9.67437819050363
9.00477999428644	0.230987511925954	8.55195287393384	9.45760711463905
8.97219307605152	0.241855433597399	8.49801452715066	9.44637162495237
9.12554452242283	0.253375066008623	8.62861958056468	9.62246946428097
9.04931168193897	0.237938361513657	8.5828281795369	9.51579518434103
9.12874787456608	0.229028564408259	8.6797640726037	9.57773167652846
9.37775718837384	0.228161528732986	8.93046620458067	9.82504817216702
9.10478123681332	0.24475582678815	8.62491656930922	9.58464590431742
9.09166926539238	0.235210602608321	8.63056028305957	9.55277824772518
8.95759726232397	0.240132906503804	8.48680348085321	9.42839104379472
8.42302412901435	0.210918014898558	8.00955731063426	8.83649094739445
9.18762773980109	0.265918948480812	8.66632075926051	9.70893472034166
8.9587929010974	0.23342850255461	8.50110361015667	9.41648219203813
9.1828322068726	0.245136638484113	8.7022735020509	9.6633909116943
8.90557659336701	0.2481265808118	8.41918472414495	9.39196846258908
9.2718823470253	0.236916362841002	8.80736631801124	9.73639837603936
9.11072022325668	0.248013240125575	8.62453568851295	9.5969047580004
8.92112281149625	0.242813584743283	8.44509160708484	9.39715401590766
9.45339426617019	0.233437652109088	8.99581140978562	9.91097712255475
8.71049952530178	0.213637977420459	8.29167924702647	9.1293198035771
8.75066124497557	0.230664930651242	8.2984032890469	9.20291920090425
9.53996510029088	0.244468535155559	9.06073740556866	10.0191927950131
8.76171477060764	0.224258175528399	8.32206524337805	9.20136429783722
8.74701189951806	0.214433211534914	8.3265802572691	9.16744354176703
9.14145817295235	0.236632578863954	8.67757270286021	9.60534364304449
8.6280017671647	0.220544586696996	8.19564144367517	9.06036209065424
9.11008479267321	0.234961163749415	8.64948302126782	9.57068656407859
8.80970729751565	0.219490837475858	8.37932720397037	9.24008739106094
8.76103109173372	0.21849756122939	8.33272165589673	9.18934052757071
9.25325077574705	0.234919454987302	8.79274037377298	9.71376117772112
9.19638744239081	0.248790750357228	8.70868668358842	9.6840882011932
8.62405909046285	0.214663507918046	8.20314361985219	9.04497456107351
8.84459704313312	0.230419712969663	8.39287609275008	9.29631799351616
9.17592847221444	0.242669640974123	8.70022306070712	9.65163388372176
8.73917510455802	0.219353343166023	8.30904216282556	9.16930804629047
8.86628658988214	0.2216316794639	8.43174467891194	9.30082850085235
8.64891351868831	0.264863356337762	8.12953763083044	9.16828940654617
8.76838065743557	0.234981915677799	8.30761979310186	9.22914152176928
9.06466355146882	0.238489511717996	8.59707919306959	9.53224790986806
8.45284244680044	0.222272760508559	8.01699257830624	8.88869231529463
9.07900838567034	0.24979715626998	8.58928255370293	9.56873421763776
9.19678303623496	0.254590617646299	8.69762544137656	9.69594063109335
9.05141519810026	0.244551986398799	8.57201173364346	9.53081866255706
8.9605327770752	0.238058533181314	8.49381772399808	9.42724783015232
9.41454104722582	0.234692129480459	8.9544598203687	9.87462227408294
8.92529665502236	0.245867365256906	8.44321896220475	9.40737434783998
9.42219146338258	0.25996991844757	8.91255562205924	9.93182730470592
9.22167193841402	0.228651814553554	8.77335729404992	9.66998658277812
8.81016969220532	0.223391566302006	8.3721501987397	9.24818918567094
8.89876069867801	0.218476905557699	8.47049403877872	9.32702735857731
8.84799741714206	0.220257144797958	8.41622435319458	9.27977048108955
8.75432647991151	0.231761227894166	8.30002462917457	9.20862833064845
9.04963862552282	0.238305242417308	8.58245717616358	9.51682007488206
9.07263078440788	0.232000372977725	8.61780298483086	9.52745858398489
8.99857733664047	0.229921484904647	8.54782037142679	9.44933430185414
9.0699881436797	0.230232022705574	8.61854866654147	9.52142762081794
8.97762722813814	0.22261115703815	8.54124030403379	9.41401415224249
8.89293334550396	0.232441851982295	8.4372581487628	9.34860854224512
9.19913706515125	0.220179214686248	8.76741947683945	9.63085465346306
9.30875629178469	0.247628955459188	8.82325423365442	9.79425834991496
9.20874829835902	0.253285756980007	8.71225266935754	9.7052439273605
8.59997988933604	0.224312758781181	8.1601487171439	9.03981106152817
9.05030560881488	0.233503863951235	8.59256437555603	9.50804684207373
9.00621606299791	0.22492014731835	8.56529394229755	9.44713818369827
8.94666996255289	0.229532443723429	8.49667112613016	9.39666879897563
8.99647451335015	0.225357148373208	8.55468580960238	9.43826321709792
9.27242005121462	0.25170501216841	8.7790044480083	9.76583565442094
9.21832287638969	0.269755041990736	8.68948573371247	9.74716001906691
9.07905346949348	0.232666326000766	8.62296216839058	9.53514477059637
8.96185085456094	0.229660953190822	8.51160478772557	9.41209692139631
8.77711536593703	0.231087083204054	8.32409357020893	9.23013716166513
8.85408526719569	0.210926826048325	8.44060324212535	9.26756729226602
8.86904601847221	0.24425003049255	8.3901816228923	9.34791041405212
9.04372170305193	0.231616615412161	8.5896644554109	9.49777895069297
8.93601416008149	0.230191793531729	8.48468812149051	9.38734019867247
8.75303731339865	0.220712441745002	8.320327435977	9.18574719082031
9.2948233938667	0.256203376098983	8.79257817850093	9.79706860923247
8.98880701340869	0.24635833467324	8.50581841001958	9.47179561679779
8.98864124081459	0.228119105738088	8.54141020734367	9.4358722742855
9.22811647642462	0.24477031398093	8.74831134378375	9.70792160906549
8.74254663516947	0.228759238143313	8.29403349881301	9.19105977152592
9.12000587106935	0.24776498322638	8.63425990715014	9.60575183498856
9.11887080095962	0.243863622650822	8.64079076864924	9.59695083326999
8.78821076010256	0.217068279920757	8.36264703468734	9.21377448551778
8.6050552035143	0.239264570991085	8.13596031772548	9.07415008930313
8.85440871682005	0.225311659953486	8.41268173305485	9.29613570058524
9.09659328441299	0.237080605976533	8.63182704950509	9.5613595193209
8.736065722548	0.218034941498939	8.30861618705798	9.16351525803803
8.84222567382758	0.218556655287185	8.41378101702918	9.27067033062599
8.85554381370975	0.226129359554491	8.41220631470748	9.29888131271201
9.30170615620282	0.243279431220802	8.82481087739776	9.77860143500787
8.73079280652582	0.232523995515902	8.27495438162373	9.18663123142792
9.07056817872513	0.236130654120594	8.60761681469845	9.53351954275181
8.94703982653966	0.241790266440802	8.47300594495896	9.42107370812036
9.00602729849132	0.226892713090476	8.56124032963848	9.45081426734417
8.9830356566738	0.239093972410164	8.51423446984833	9.45183684349928
8.91438227014224	0.240396942719071	8.44299799646929	9.3857665438152
8.93946435742937	0.232244166412079	8.48408502392161	9.39484369093712
8.63709205318742	0.228869929291771	8.1884086878086	9.08577541856624
8.75592946485303	0.227736444827269	8.30929713742354	9.20256179228251
9.14603344443784	0.230538575374221	8.69406099648416	9.59800589239151
9.20905158076874	0.222741562435055	8.77237390117898	9.6457292603585
8.81143996490226	0.240207375086691	8.34052284461412	9.2823570851904
8.9272313590867	0.23955886085235	8.45758100680371	9.3968817113697
8.75489499730889	0.257791359112471	8.24914666346409	9.26064333115369
9.41200487704142	0.249391922879199	8.92310574347062	9.90090401061221
9.0077299650421	0.231324414677242	8.55425695943263	9.46120297065156
8.65267340621831	0.210409522658422	8.24010300450032	9.0652438079363
9.14578223335642	0.245018648770358	8.66544905363529	9.62611541307756
8.6622915153593	0.208598566174715	8.25334089383961	9.07124213687899
8.94633018540806	0.219914604670267	8.51508998150343	9.37757038931269
8.8660497546873	0.242433913215782	8.39055568199822	9.34154382737639
8.70927433199944	0.216700460857613	8.28441811632301	9.13413054767587
8.7021071440181	0.214689870112256	8.28123655055614	9.12297773748006
9.12593965149788	0.265489103070363	8.60547451553493	9.64640478746082
8.77353560404436	0.214536581743548	8.3528844088524	9.19418679923632
9.23261932660886	0.231143607466979	8.77948349803655	9.68575515518117
8.79061435075684	0.220580087044994	8.35821091146262	9.22301779005106
8.99140290626395	0.230603677027804	8.53934214639999	9.44346366612791
9.26306323662867	0.230715555132962	8.81075583094407	9.71537064231328
9.30491626215127	0.242231274523071	8.83009490611936	9.77973761818317
8.98211735727322	0.21307937306034	8.56436883957363	9.39986587497282
8.90734346522625	0.241631620976986	8.43360480749659	9.38108212295591
8.68516552702239	0.228195759364587	8.23779255718588	9.1325384968589
8.67108696052903	0.227680278268769	8.22469299508025	9.1174809259778
8.90845473450001	0.23195162609598	8.45373732663888	9.36317214236114
8.89984642850171	0.247517163739344	8.41458816066095	9.38510469634247
8.91464259494324	0.230118259917709	8.46350393311559	9.36578125677089
9.09155189592613	0.253529524895787	8.59455288325667	9.58855090859559
9.16344966302838	0.262448002685229	8.64864658001752	9.67825274603924
8.76176685594507	0.214892270428009	8.34044691128823	9.1830868006019
9.38978926850366	0.245091903097844	8.90936158551939	9.87021695148792
8.93553568965237	0.248947558382256	8.44745147559825	9.42361990370648
9.31605072147029	0.237028057587002	8.85133782557855	9.78076361736204
9.28472812924583	0.253612539976883	8.78751008540692	9.78194617308474
9.0872195798103	0.23279845445196	8.63082590201972	9.54361325760087
8.9569527079948	0.25039070868204	8.46602106136905	9.44788435462056
8.89133829060226	0.238889490673326	8.42305871359384	9.35961786761068
9.26120545073068	0.243384712825388	8.78411389132617	9.73829701013519
9.31827495267746	0.240515937942586	8.84667549928507	9.78987440606984
9.19121259263811	0.244003523239473	8.71287931171211	9.66954587356411
8.58504039388152	0.219887468685359	8.15389496108362	9.01618582667942
9.09358604119762	0.231053155784953	8.64056936342764	9.54660271896761
9.15288480431881	0.241342831631872	8.67979297188875	9.62597663674887
9.36244708003601	0.263923609392185	8.84509573666529	9.87979842340673
9.01620355412492	0.230019359356734	8.56518855617146	9.46721855207837
9.37037523692855	0.25698408168066	8.86661361882018	9.87413685503691
9.05745325740717	0.236621294316894	8.59355328373287	9.52135323108148
8.96068491396874	0.222333449917849	8.52476367022838	9.39660615770909
9.20221244501627	0.245107228227601	8.72176294892756	9.68266194110497
9.02023323464828	0.234700037877893	8.56014175324306	9.4803247160535
8.91358757027096	0.249142584918462	8.42501385904462	9.40216128149731
8.61618019353631	0.237903327640848	8.14967445463435	9.08268593243826
9.07432082054058	0.24570162632631	8.59263689957617	9.55600474150498
8.93818786561126	0.217067285392941	8.51262931278427	9.36374641843824
9.09892183687873	0.234324769028736	8.63950333044372	9.55834034331373
9.09919356876197	0.243420938856308	8.62199088696035	9.5763962505636
8.65161874219505	0.220352369848453	8.21953028350118	9.08370720088892
8.82083674048375	0.240621177143632	8.34913485921334	9.29253862175416
8.72114643059062	0.234702778053552	8.26106597224885	9.18122688893239
9.00318846575322	0.236444915526958	8.53964890452882	9.46672802697762
9.04064279766397	0.235392390884299	8.57919880654674	9.5020867887812
8.84818920586937	0.224045374101607	8.40887826031706	9.28750015142167
9.15589499830248	0.243128384813925	8.67928605438551	9.63250394221944
9.38607871288929	0.26941853350778	8.85784949262132	9.91430793315727
9.14419895975385	0.231233530992711	8.69084669724697	9.59755122226074
9.4160618528002	0.233425495910656	8.95849141532144	9.87363229027897
8.88944794033057	0.233369703180491	8.43197955141112	9.34691632925001
8.78217565122709	0.231655302117679	8.32799918216066	9.23635212029351
9.22541705347291	0.242595793207707	8.74976458642398	9.70106952052183
8.93313396259229	0.253115588919247	8.43685122809529	9.4294166970893
9.19890863173002	0.23516533180802	8.73789246110764	9.65992480235239
9.19409563915979	0.23926643088702	8.7250272832739	9.66316399504569
8.82543740925326	0.22680741023595	8.38079336019162	9.2700814583149
8.78007193434987	0.228056988326472	8.33298050088321	9.22716336781652
8.74296261374171	0.21030895802001	8.33064855414857	9.15527667333484
8.89357520542098	0.255581129679954	8.39252661174961	9.39462379909235
9.21072450406764	0.24626148906158	8.72789231915826	9.69355668897701
9.31760266278169	0.238380074293282	8.85028980284106	9.78491552272232
9.15384972280053	0.244402496176101	8.67476815500714	9.63293129059392
8.88358297355802	0.241045318059292	8.41101964888628	9.35614629822975
9.35292210663275	0.256370509361521	8.85037449303453	9.85546972023098
9.10864322227344	0.223287242778347	8.67079752754477	9.54648891700212
9.03844106955032	0.253794826896215	8.54083648950504	9.53604564959559
9.23169406206327	0.230737939317592	8.77931374818884	9.6840743759377
8.95218556299977	0.226038310340621	8.50898999849879	9.39538112750076
8.9124368688327	0.246271941654727	8.42958058615995	9.39529315150546
8.97088290819694	0.229327153885594	8.52133156770704	9.42043424868684
9.19563916802826	0.236077654424101	8.73280007861988	9.65847825743664
8.83512241728821	0.220305702233119	8.40319156999507	9.26705326458135
8.81647725435731	0.241625579696438	8.34272434063047	9.29023016808415
8.94891424781341	0.226556338046495	8.50469939804535	9.39312909758147
8.91425541008908	0.243118332818455	8.4376452672861	9.39086555289207
8.73727090369752	0.217638474579778	8.31058796239249	9.16395384500255
9.34113444855971	0.253294170749887	8.8446300131996	9.83763888391982
8.84402113207987	0.244833494674976	8.36408182665829	9.32396043750145
9.16111988712324	0.236846295335874	8.69680765947316	9.62543211477331
9.23612240347438	0.237641270529319	8.77020469088787	9.70204011606088
9.38519048233863	0.23826999525568	8.91806454082376	9.8523164238535
8.9450881227164	0.240037527768642	8.47454936780878	9.41562687762402
8.78412389941006	0.236734559407087	8.31995563613956	9.24829216268055
9.28206184408393	0.218150726574211	8.85440955212794	9.70971413603992
8.54664762260274	0.235257879180692	8.08543677625457	9.00785846895092
8.8469447556161	0.227807570429906	8.40021663775451	9.29367287347769
9.11476467917119	0.243712210733565	8.63699888038869	9.59253047795368
8.98012434470968	0.232073513799729	8.52515000498835	9.435098684431
8.83687462559362	0.205838572785433	8.43338554936637	9.24036370182087
8.32052276276963	0.215071668539186	7.89876878414466	8.7422767413946
8.55520303011872	0.257459885682358	8.05030988238133	9.06009617785611
9.5091387891595	0.237463557836185	9.04361000038653	9.97466757793246
8.89568977560985	0.236918612942537	8.43123516382686	9.36014438739284
9.07263118117736	0.221879753054027	8.63767986014629	9.50758250220843
8.78181659025013	0.239152745648963	8.31292358574281	9.25070959475744
9.12475005208	0.23200069522374	8.66994779215092	9.57955231200907
8.83969813540824	0.234114012374802	8.38075503106686	9.29864123974963
9.39502364022121	0.250622103791286	8.90373032529485	9.88631695514757
8.86661167127014	0.238908638884967	8.39823597619481	9.33498736634548
9.13690298705979	0.233155747370386	8.6797974656596	9.59400850845998
9.12830700236482	0.227912837553409	8.68147856027617	9.57513544445348
8.58728199499736	0.209260708516708	8.17702541185642	8.9975385781383
8.91712892255415	0.233450328183007	8.45946730203884	9.37479054306946
8.71625361170192	0.222264188929871	8.28046988923815	9.15203733416569
9.17673682052072	0.241642396005405	8.70292724837895	9.65054639266249
8.93260914330915	0.233827378291321	8.47424345263969	9.39097483397861
8.9135159099186	0.221175335740185	8.47992504951672	9.34710677032048
8.83630090035619	0.242567066818022	8.3607747491426	9.31182705156979
9.39415964062393	0.265047763563003	8.87451143901793	9.91380784222992
8.81484554366772	0.243775630063728	8.33685562737393	9.29283545996151
8.68707038561411	0.220859061187694	8.2540792135847	9.12006155764351
9.17371632912629	0.238482165429959	8.70619809467721	9.64123456357537
9.14694769536607	0.254479688046632	8.64803887089885	9.6458565198333
9.09988258107655	0.229760724175551	8.64948690835731	9.5502782537958
9.00554698635088	0.215819052267356	8.58243541584131	9.42865855686044
8.81075319373962	0.213418293400808	8.39237081794157	9.22913556953768
8.75487480261449	0.22917542559498	8.30561813838276	9.20413146684622
9.21488922928576	0.223642587686401	8.77643472576338	9.65334373280815
9.35540642697898	0.254224570640343	8.85698195204955	9.85383090190841
9.29361088722646	0.230829775588933	8.84102061575088	9.74620115870204
9.1340959036453	0.24316640176031	8.65728638282822	9.61090542446238
8.93996377546369	0.259661430563657	8.43065001731929	9.44927753360809
8.96487638315854	0.257880406793057	8.45930992216153	9.47044284415554
9.09084918066725	0.213308291802067	8.67269768019563	9.50900068113887
8.91112208506189	0.219169287345154	8.48147097348384	9.34077319663995
8.87054918004744	0.245317970486692	8.38953315008008	9.35156521001479
8.92022041753786	0.260317846598332	8.4098863200493	9.43055451502642
8.96235485365354	0.22771251760568	8.51584652899314	9.40886317831393
9.13441774680033	0.240414371914619	8.6630832638128	9.60575222978786
8.66466891464061	0.249042164811067	8.17623725651939	9.15310057276183
9.11278786067739	0.229952763818031	8.66199096728996	9.56358475406483
8.9445335817044	0.239916504613884	8.47420478177293	9.41486238163588
9.03122440276151	0.216987046617787	8.60585414160104	9.45659466392199
9.10789700074763	0.232247800991013	8.65265233428383	9.56314166721143
9.15905985502738	0.253622745461257	8.66183108921241	9.65628862084235
8.66957237066251	0.221159097035047	8.23595414596224	9.10319059536279
8.78561603467226	0.222276536286428	8.3498812887055	9.22135078063902
8.49282518376496	0.221704948024759	8.05816624454481	8.92748412298511
8.80835857722325	0.222591363045659	8.37199920146382	9.24471795298267
8.97093712247771	0.241626422321581	8.49727137642565	9.44460286852977
9.00013718534401	0.241757330783189	8.52616434789659	9.47411002279143
8.63360892595086	0.22223779000184	8.19784690840794	9.06937094349378
8.69950576517009	0.234935320644904	8.23885748757615	9.16015404276403
9.11060658575741	0.225668776090651	8.66818517768852	9.55302799382629
8.99964858470375	0.236155576904379	8.53671690065436	9.46258026875314
9.06110777270283	0.228818239026177	8.61252157576673	9.50969396963892
9.25725334234362	0.228307754554105	8.8096934389565	9.70481324573075
8.84985473455412	0.23544157246668	8.38823921303102	9.31147025607721
9.21267140813919	0.268420827697021	8.68651494819106	9.73882786808731
8.91124801402043	0.217258660406254	8.48533703568961	9.33715899235124
9.07607292115898	0.25068280202082	8.58450577375399	9.56764006856397
9.20174097166253	0.244846626085562	8.72167160940761	9.68181033391745
9.55965342981953	0.250711094109261	9.06809365139117	10.0512132082479
8.95245271265844	0.228815698022666	8.50384456583901	9.40106085947786
9.21510923106086	0.248622558708436	8.7277293272384	9.70248913488331
8.71032077997128	0.232150431691753	8.25519728070487	9.16544427923768
8.79294917304803	0.231934769609379	8.33819360810614	9.24770473798993
8.92782779849199	0.241970325811153	8.45343738321109	9.4022182137729
9.17728826967873	0.250373758918164	8.68645698238131	9.66811955697615
9.10859040344568	0.229729837876426	8.65819448267218	9.55898632421919
9.01102693093812	0.233496923861155	8.55324835959062	9.46880550228562
8.88356239517037	0.22256881107738	8.44726406172995	9.3198607286108
8.92700647710856	0.239604727808024	8.45717827248487	9.39683468173226
9.36280108219019	0.254656377732264	8.86360458557501	9.86199757880537
9.23296988263831	0.238325374637694	8.76578302042558	9.70015674485103
9.14323016570632	0.244079318323567	8.66475711365451	9.62170321775814
8.68007790295967	0.234814927423754	8.21968730464695	9.14046850127238
8.98653484509991	0.230301420901907	8.5350484226674	9.43802126753243
8.91952583578266	0.218399106139405	8.4913981632412	9.34765350832411
8.92658984830298	0.225677446274338	8.48413749132555	9.36904220528042
8.99180833680013	0.223162849822201	8.55432944187342	9.42928723172684
8.84271241749831	0.215389879961478	8.42047507846271	9.26494975653391
8.83109175236532	0.240257832594778	8.36006766697591	9.30211583775473
8.78946544593162	0.240485380732703	8.31791670083727	9.26101419102596
9.42710559750154	0.251130066679379	8.93472238375747	9.91948881124561
9.09890579210521	0.233216430496985	8.64173153315446	9.55608005105597
9.09221101419307	0.226223594706725	8.64872970459233	9.53569232379381
8.78747604437157	0.231645404253713	8.33330495541952	9.24164713332362
8.98183099271408	0.220618778297623	8.54930352900392	9.41435845642423
8.88878130128789	0.236148429495515	8.42579113620554	9.35177146637024
8.96315314850567	0.221884870537716	8.52819360021543	9.3981126967959
9.33669218058648	0.24513055674609	8.85613970217706	9.8172446589959
8.8657481699617	0.236612969343803	8.4018791510409	9.3296171888825
9.29010747299753	0.23984533848181	8.81989772272528	9.76031722326979
8.63447979617112	0.234045108996092	8.17564984001328	9.09330975232896
9.51553641702991	0.257903197913275	9.00995924289463	10.0211135911652
8.8212225837899	0.217454899561691	8.39487493582132	9.24757023175848
8.79951449108467	0.221626623042352	8.36502678357034	9.234002198599
9.22020679097491	0.221984841012127	8.78496423641634	9.65544934553349
9.51108140130408	0.234417294063088	9.05151706087986	9.9706457417283
9.26856144287535	0.231104404870563	8.81554004486781	9.7215828408829
8.86276390582701	0.227931244303451	8.41583781127338	9.30969000038065
9.4140307597153	0.242721843724511	8.93821804334643	9.88984347608418
8.99419256302178	0.232228927645057	8.5389020839154	9.44948304212816
8.66894472788469	0.217845478406358	8.24178146391197	9.09610799185741
9.05295436046217	0.214598203289113	8.63219007616569	9.47371864475866
9.2582564151912	0.229567728214419	8.80818106558141	9.70833176480099
8.90841616560865	0.235814620848713	8.44611054890934	9.37072178230796
9.12298019202156	0.248966470893067	8.63481593513808	9.61114444890505
9.00535670268815	0.240925036293787	8.53304647790718	9.47766692746911
8.87540254021035	0.23286750209845	8.41890344221877	9.33190163820194
8.76494638440021	0.226726620935039	8.32052204239617	9.20937072640425
9.07586230126978	0.236189025306168	8.61286209806875	9.53886250447081
9.2034527663126	0.232679422564154	8.74727280299411	9.6596327296311
8.99879505016191	0.236231966232916	8.53570897421355	9.46188112611028
9.35988815135352	0.240238332929098	8.88895519348955	9.83082110921749
9.06882402978467	0.243290422173742	8.59192394256904	9.5457241170003
8.6722246927287	0.221787511811177	8.23740833189351	9.10704105356388
9.28425189304363	0.239379925638749	8.81498597384138	9.75351781224587
9.00084552678038	0.256445846054673	8.49788077526368	9.50381027829708
8.5184501342751	0.222624132796888	8.08198492857223	8.95491533997796
8.89117617511156	0.24293052807295	8.41493048255615	9.36742186766696
9.3454514388517	0.247168092578562	8.8609605411038	9.8299423365996
9.00333003892746	0.23180503101133	8.54882322803573	9.45783684981919
8.80476378566503	0.219584827759098	8.37427648579586	9.2352510855342
9.18884902665893	0.248232979554064	8.70222963413137	9.67546841918648
9.1620959026915	0.226143413294224	8.71879308044541	9.60539872493759
8.93004709616171	0.220413294609404	8.49792939037328	9.36216480195013
8.70677213788633	0.230106230864599	8.25560403668106	9.15794023909161
9.14065301121941	0.23689765841531	8.67625176559996	9.60505425683886
9.3294621319484	0.241448348518587	8.85615808859166	9.80276617530513
8.72530077500963	0.237812134555288	8.25906568119693	9.19153586882234
8.92859419253924	0.241899376787712	8.45438733516143	9.40280104991705
9.06362600648769	0.254930345462742	8.56386608951833	9.56338592345705
8.92773586760711	0.232351728466244	8.47215226366801	9.38331947154622
9.14822061813086	0.234603306045512	8.68831446041827	9.60812677584344
8.95953360985116	0.241554549636788	8.48597953382567	9.43308768587665
8.86653493646842	0.224635368216831	8.42620817927056	9.30686169366629
9.00263508694114	0.240864680412769	8.53044938994954	9.47482078393273
9.34087699393442	0.267582701018628	8.81628250897149	9.86547147889734
8.93162650276505	0.230267481270937	8.48022527125432	9.38302773427577
9.1880151436114	0.256572982509535	8.68509900063394	9.69093128658885
8.7714663767917	0.224579202350408	8.33117152894663	9.21176122463677
8.65609629155399	0.223473979913009	8.21784181242191	9.09435077068607
8.91638709974194	0.221933103783884	8.48130034576794	9.35147385371593
8.76416312330749	0.228218653718857	8.31679802305619	9.21152822355879
9.1884284641762	0.247614673099457	8.70298797607025	9.67386895228215
8.91408520175092	0.232339455104518	8.45859922372905	9.36957117977279
9.12107203222306	0.228392032944986	8.67331895292656	9.56882511151957
8.79875109584303	0.24283700062277	8.32264355710965	9.27485863457641
8.82010947092353	0.236624136135145	8.3561759880671	9.28404295377996
9.02441867641203	0.220693658194886	8.59178827456098	9.45704907826308
9.27762336216764	0.245480279849811	8.79635921694698	9.75888750738831
9.05110236501271	0.247633756322213	8.56548478045599	9.53671994956943
8.56882765712227	0.221576173891658	8.13444765787827	9.00320765636627
8.92656284026455	0.246171680827087	8.44388552500178	9.40924015552733
9.09136365572675	0.228302166332669	8.64379260085519	9.53893471059831
8.94189419108087	0.227033418466446	8.49677930624626	9.38700907591548
8.72983501040584	0.226128382685722	8.28653705252132	9.17313296829035
8.94364728182902	0.253134625278457	8.4474280198081	9.43986654384994
8.90604911258133	0.216907674494463	8.48074019227779	9.33135803288488
8.87959268293238	0.230915656939909	8.42691697282067	9.3322683930441
9.07966110718283	0.246919576301926	8.59554576481431	9.56377644955134
8.72068203583861	0.238571374866294	8.25276510873922	9.18859896293801
9.22026762105211	0.235682691746539	8.75819378455797	9.68234145754625
8.96099236461922	0.262207014007446	8.4468960382396	9.47508869099884
9.30840474305725	0.254281502224192	8.80978685607285	9.80702263004165
9.04756736166232	0.244787949609868	8.56761472334344	9.5275199999812
8.97713285205426	0.226983211483713	8.5321391872524	9.42212651685613
8.80526196217029	0.246441773558234	8.32207184937998	9.28845207496061
8.90322947721183	0.2360604036501	8.44046041326939	9.36599854115426
8.62705294852545	0.244833566864623	8.14700558276212	9.10710031428878
8.81551883852005	0.239563864213796	8.34587386763556	9.28516380940454
8.56156279095372	0.246661222684779	8.07777219303554	9.0453533888719
8.58989804541019	0.238211636924641	8.12288310243389	9.05691298838649
8.75208384992307	0.209808067613443	8.3407238757581	9.16344382408805
8.65131114833427	0.225238380789991	8.20972993695021	9.09289235971832
9.07140479524667	0.234953544761245	8.61081705498965	9.53199253550369
8.78317891330577	0.225617856579913	8.34088908382518	9.22546874278637
9.18257836352415	0.234152958098662	8.72349347120123	9.64166325584707
8.72170306332293	0.214907431406443	8.30036980666114	9.14303631998473
8.91893369219201	0.2430794201673	8.44236186521816	9.39550551916587
9.25326824011705	0.245705821114783	8.77157377093785	9.73496270929626
8.7042474101932	0.212427144105427	8.28782933606965	9.12066548431675
8.92396629336577	0.253315734141151	8.42721887767898	9.42071370905257
8.97717479557154	0.236430709013426	8.51362423598304	9.44072535516004
8.98051965384882	0.231604274819218	8.5265162385915	9.43452306910613
8.73958794174978	0.2286640030447	8.29132414506179	9.18785173843777
8.96550316672782	0.255225780579381	8.46481519509334	9.4661911383623
9.05766391650509	0.243564851939948	8.58017135565748	9.53515647735271
8.9350630563133	0.228921114282952	8.48630183757797	9.38382427504864
8.80389567132102	0.23113158662993	8.3506457749379	9.25714556770413
9.52174183703822	0.269652022656668	8.99315255312894	10.0503311209475
8.89309257151863	0.226908980804905	8.44820516526603	9.33797997777123
9.01233580873147	0.240286666417608	8.54129595202795	9.48337566543498
9.10657854757262	0.244178123835129	8.62792379270724	9.58523330243801
9.13250144079674	0.271429837405561	8.59990373756602	9.66509914402747
8.66135169179965	0.230402517202846	8.20963482900152	9.11306855459777
8.78855921491415	0.216478778529512	8.36413978572777	9.21297864410054
8.80065418526336	0.21515364839308	8.37889347690946	9.22241489361726
8.95189536908247	0.242310925222317	8.47689028105101	9.42690045711393
8.94658811998716	0.239023763928516	8.47795998015225	9.41521625982206
8.96702099531748	0.228907288604631	8.51829488965428	9.41574710098067
9.03840880290658	0.239670672430145	8.56858252176021	9.50823508405294
9.26986580105164	0.259342168147151	8.76146601455103	9.77826558755224
9.28328748091269	0.241982793297022	8.80889275519217	9.75768220663322
9.02743373961876	0.230217439724503	8.57612847166747	9.47873900757006
9.14015608917952	0.234938976705555	8.67961000614382	9.60070217221523
8.59650146396445	0.228866236201796	8.1478053073655	9.04519762056339
8.60537816167487	0.226752480932017	8.16086604280782	9.04989028054192
8.94421168152578	0.235194801883374	8.48312856104927	9.40529480200229
8.94914260096166	0.230098029839908	8.49801153156683	9.40027367035648
9.35410168877953	0.236014399366696	8.89144963044541	9.81675374711366
8.78276475659377	0.247964969597146	8.29669638901427	9.26883312417328
9.15325459124658	0.245028430062978	8.6729031648333	9.63360601765985
9.2632790363587	0.218646977100328	8.83466270189966	9.69189537081774
9.08251106934134	0.244972367092029	8.60226095453367	9.56276118414902
8.79751553698518	0.211911839698564	8.38202642805796	9.2130046459124
9.18599945280501	0.241117389542659	8.71329216749908	9.65870673811093
9.3097036947837	0.239604705221921	8.83998244773664	9.77942494183075
8.75285271066148	0.228275879246681	8.30534964496439	9.20035577635856
9.34785701070666	0.261137700899051	8.83587991079975	9.85983411061357
8.92710806371056	0.263743961843076	8.40993963275222	9.4442764946689
9.18401682579981	0.25349022463279	8.68700597175085	9.68102767984877
8.71068911876615	0.215925229630712	8.28739226888885	9.13398596864344
8.6842720685311	0.222965435824484	8.24711801085691	9.12142612620529
8.98641255765324	0.237368450792046	8.52095574415077	9.45186937115571
8.66764009576148	0.245704935258689	8.18594978920367	9.14933040231929
8.90168170990419	0.231474339565578	8.44791338960495	9.35545003020342
9.08262807547935	0.238294705681167	8.61523024842792	9.55002590253078
9.33250869488895	0.242218319822668	8.85765679909417	9.80736059068373
8.93173290067583	0.218881683704066	8.50266962783875	9.36079617351292
9.07810844876318	0.237416503290185	8.61262285417376	9.5435940433526
9.19225744075765	0.256615350418547	8.68920523986963	9.69530964164567
9.21088817689951	0.250509125420299	8.71981366174376	9.70196269205526
8.78856340554439	0.232275349296874	8.33312836021865	9.24399845087014
8.86946693852451	0.244070221549664	8.39095967058367	9.34797420646535
9.03641855313327	0.256786568997622	8.53302507940713	9.53981202685942
9.00961289043969	0.24139528124413	8.53633835158095	9.48288742929843
9.03158499090776	0.255194533220089	8.53118171199225	9.53198826982327
9.30347559850827	0.245659213641116	8.82191922055862	9.78503197645792
8.64991148928017	0.216864473885513	8.22479169510687	9.07503128345348
8.90160350838028	0.221915735377628	8.46647453820099	9.33673247855957
8.6107782986386	0.222707318552815	8.17418317329312	9.04737342398408
8.78757422957452	0.23968728538724	8.3174017169493	9.25774674219974
8.8673093055876	0.219055147853808	8.43787736890663	9.29674124226858
8.96415565249512	0.228343450665284	8.51653980907436	9.41177149591587
8.88235346873055	0.227946530235745	8.43541141646666	9.32929552099445
8.98040538231517	0.227937320054409	8.53357154812343	9.42723921650692
9.09434425813708	0.243566426130035	8.61672320391903	9.57196531235513
9.28208529325928	0.244435622509268	8.80292974982201	9.76124083669656
9.35394043805621	0.237789483714278	8.88778958735426	9.82009128875817
8.93945013179409	0.228641738674447	8.49121384091635	9.38768642267184
9.04478050333519	0.256028504114989	8.54280602352363	9.54675498314675
8.85914452570033	0.22007489875038	8.42768894920002	9.29060010220064
9.13808983737279	0.246496306786942	8.65484563921457	9.62133403553101
8.97584822226008	0.22197458427799	8.5406352006409	9.41106124387925
9.40778717192536	0.245371033421682	8.92677591956946	9.88879842428126
9.10173562720817	0.241340625000098	8.62857992080994	9.5748913336064
9.03777560261088	0.238610234969138	8.57002107367382	9.50553013154795
8.65141424225493	0.215741523925598	8.22841908998003	9.07440939452983
9.31759455987399	0.259301882112044	8.80925938988925	9.82592972985874
9.08482574911879	0.237145438684563	8.61996278948066	9.54968870875691
9.07773006859053	0.221793475474698	8.64289860271582	9.51256153446525
9.06205834952482	0.220588106631009	8.62961171607235	9.4945049829773
9.27979863207997	0.226552369364231	8.83570718163592	9.72389008252402
8.93781515162205	0.224992586028578	8.49678257367847	9.37884772956563
8.94426802624559	0.232085741677787	8.48932655630945	9.39920949618173
8.91346533400367	0.248782667072713	8.42563101755395	9.4012996504534
9.01882573780495	0.250391789047486	8.52795614098736	9.50969533462254
9.15796123663434	0.253713369833479	8.66060526280966	9.65531721045902
8.74214813389694	0.239645614017404	8.27233541379327	9.21196085400061
9.18866488366342	0.23647662151357	8.72502846866038	9.65230129866647
8.84372789247965	0.240764465142255	8.37161021362547	9.31584557133383
9.08923507463344	0.242307340923884	8.61413897333252	9.56433117593435
9.11706927100334	0.22607988486437	8.67385767840024	9.56028086360645
8.75321045571063	0.232397882055228	8.2975158948457	9.20890501657555
9.00419019533037	0.233753419249683	8.54591633502555	9.4624640556352
8.97734217681484	0.256482150731688	8.47451883969309	9.48016551393659
8.76968556329148	0.238948962959766	8.30129247385479	9.23807865272816
9.18768518308158	0.232330280425592	8.73220673148727	9.64316363467588
8.45676490800257	0.212239005032609	8.04070625983408	8.87282355617107
8.8846942632494	0.230682264709146	8.43242225795084	9.33696626854795
9.25241504675578	0.230554117763064	8.80046432762441	9.70436576588715
8.60453233660984	0.223100754871059	8.16715405419939	9.0419106190203
8.68060810327234	0.226592537846836	8.23638382926852	9.12483237727616
9.24894704199336	0.24390801922575	8.77074989278914	9.72714419119757
8.88999480552459	0.223594689284304	8.45163816496324	9.32835144608593
8.59383381368367	0.223103142636451	8.15642398985763	9.03124363750971
8.72710122023878	0.23236350143586	8.27146362482712	9.18273881565044
9.19713256403867	0.231680805559312	8.74296906189272	9.65129606618462
9.43628183464165	0.274206514077557	8.89867070595533	9.97389296332797
9.13747613564979	0.240263857232548	8.66638637659067	9.60856589470892
9.10105847821201	0.246882337075737	8.61707797296585	9.58503898345816
8.80665424910111	0.222662968076634	8.37017023463962	9.24313826356261
9.32099112206626	0.236854420756451	8.85664844304482	9.7853338010877
8.81085367994782	0.243946004227567	8.33264670480112	9.28906065509452
9.3983870676461	0.234523572040738	8.93864113412896	9.85813300116324
9.20652615480974	0.233256156594109	8.74920196206732	9.66385034755215
9.099189949946	0.252011316584335	8.60516710275745	9.59321279713455
8.74204825893549	0.21840600329579	8.31389089492145	9.17020562294954
9.16702283476628	0.247548317523985	8.68176370915701	9.65228196037556
9.04900104658086	0.233103371118477	8.59200526061155	9.50599683255017
9.37467157460011	0.236768514844437	8.91052790035828	9.83881524884194
8.95079317494872	0.261187916546931	8.43877821874371	9.46280813115374
9.29530201882651	0.255716048931896	8.79404413943425	9.79655989821877
9.17675098045531	0.246538817813087	8.69333152228564	9.66017043862498
8.90990289796964	0.233158945144951	8.45283534673341	9.36697044920586
9.18021399428856	0.231503906700302	8.72639196707066	9.63403602150645
9.07485130198685	0.254869872014452	8.57509662866419	9.57460597530951
9.008088489044	0.237076055701979	8.54335501823744	9.47282195985056
8.97869872304979	0.228351830657499	8.53098562470106	9.42641182139852
9.11187362449984	0.231596564944096	8.65781780091332	9.56592944808637
9.15265785765537	0.233954247504525	8.69402002816986	9.61129568714088
9.13933006885579	0.242887808926325	8.66317604943216	9.61548408827941
8.9790650179262	0.22976038998843	8.52863885310809	9.42949118274431
9.09476012795803	0.235795265187323	8.63255795052524	9.55696230539083
9.07422128286587	0.240562788188752	8.6026161250721	9.54582644065965
8.87394903558167	0.226210419466753	8.43048430711463	9.31741376404872
9.1137865610794	0.240802525230596	8.64169085772919	9.58588226442962
8.97354158252345	0.259941007638075	8.46400921590827	9.48307394913863
9.34859459915397	0.239958885646903	8.87818867808242	9.81900052022553
9.25972479411743	0.253946670124542	8.76186232473482	9.75758726350004
9.06998853436293	0.238014635772842	8.6033455575878	9.53663151113807
8.89093522709747	0.217631438732105	8.46428334724235	9.31758710695259
9.01749349887099	0.250070909750201	8.52721133651023	9.50777566123175
9.38882251527947	0.248130420062016	8.9023545400996	9.87529049045934
9.23150757498075	0.231789864633486	8.77715990198538	9.68585524797611
9.18545306283858	0.226064640102068	8.74218111464008	9.62872501103707
8.83039700367047	0.232967876011643	8.37362752139987	9.28716648594106
8.8452879488967	0.240088332139718	8.37454912417933	9.31602677361407
8.75335550126068	0.237347730036933	8.28794720061909	9.21876380190226
8.69432882323485	0.232792712589029	8.23793669187746	9.15072095459224
9.61989865735793	0.247773179212218	9.1340839170861	10.1057133976298
8.95312139386671	0.222090930775906	8.51769542985991	9.38854735787351
9.78053249355904	0.267058312706375	9.25702587054857	10.3040391165695
9.39065277590562	0.24936613343592	8.90184251885435	9.87946303295689
8.90398536553284	0.235777415812241	8.44173135485518	9.3662393762105
9.23925306534085	0.253063034761213	8.74315179431206	9.73535433636963
8.71335365527924	0.210443475968357	8.300827367303	9.12587994325547
8.69669177450394	0.204312131748131	8.29610763915488	9.09727590985299
9.13151404142351	0.237345745089955	8.66618653149282	9.5968415513542
8.84765325727981	0.226605354056159	8.40338371936461	9.29192279519502
9.20909721456512	0.244228701526596	8.73030808100347	9.68788634812677
8.8576474286918	0.24253176335534	8.38219560889133	9.33309924849227
8.8245096853103	0.228687138633888	8.37612455290884	9.27289481771176
9.04289041721527	0.238612059547895	8.57500071939364	9.51078011503689
9.01372352506441	0.221184052637022	8.58016376091473	9.44728328921409
9.36560381581789	0.240268218948031	8.89456472736522	9.83664290427055
8.90114546270358	0.226093659225722	8.45786161908787	9.3444293063193
8.88290599762125	0.230580091513623	8.43086231334053	9.33494968190197
8.8054217248219	0.22297293280287	8.36830572442226	9.24253772522153
8.97273958008676	0.235689913197989	8.51066533526592	9.4348138249076
8.90096785987881	0.223441943023999	8.46294928306987	9.33898643668776
9.05940076389225	0.220687632282564	8.62679710020958	9.49200442757492
9.26637355719502	0.248013052604082	8.78011198721339	9.75263512717665
8.78941353426403	0.247823769736968	8.30357814846625	9.27524892006182
9.01405386231452	0.249499503174734	8.52492787523251	9.50317984939654
8.82876691675367	0.222790342023579	8.39198744724839	9.26554638625895
8.9226827996189	0.230598574096708	8.47059723551707	9.37476836372074
8.73352296204444	0.227539518684026	8.28741098324883	9.17963494084005
8.86593352719775	0.245579201489671	8.38444315614579	9.3474238982497
9.15768297609834	0.221597412937092	8.72325299104642	9.59211296115025
9.09445591161673	0.233470879683092	8.63672991589029	9.55218190734318
9.5090930833953	0.263960843968772	8.99164124606895	10.0265449207216
9.3093761143066	0.235760575485192	8.84720653850173	9.77154569011147
8.98172019943949	0.240421127585837	8.51037091739728	9.45306948148169
9.21279127699112	0.235406638816743	8.75130622432767	9.67427632965456
9.37148725574812	0.239531650625326	8.9019376947318	9.84103681676445
8.89415530123761	0.232094453383975	8.43912830638988	9.34918229608533
